   0.000      0.992909
   0.004      0.992909
   0.007      0.992909
   0.011      0.992909
   0.014      0.992909
   0.018      0.992909
   0.021      0.992909
   0.025      0.992909
   0.028      0.992909
   0.032      0.992909
   0.035      0.992909
   0.039      0.992909
   0.042      0.992909
   0.046      0.992909
   0.049      0.992908
   0.053      0.992908
   0.056      0.992908
   0.060      0.992907
   0.063      0.992907
   0.067      0.992906
   0.070      0.992905
   0.074      0.992904
   0.077      0.992903
   0.081      0.992902
   0.084      0.992900
   0.088      0.992899
   0.091      0.992897
   0.095      0.992895
   0.098      0.992893
   0.102      0.992890
   0.105      0.992888
   0.109      0.992885
   0.112      0.992881
   0.116      0.992878
   0.119      0.992873
   0.123      0.992869
   0.126      0.992864
   0.130      0.992859
   0.133      0.992853
   0.137      0.992847
   0.140      0.992840
   0.144      0.992833
   0.147      0.992825
   0.151      0.992817
   0.154      0.992808
   0.158      0.992798
   0.161      0.992788
   0.165      0.992776
   0.168      0.992765
   0.172      0.992752
   0.175      0.992739
   0.179      0.992724
   0.182      0.992709
   0.186      0.992693
   0.189      0.992676
   0.193      0.992658
   0.196      0.992638
   0.200      0.992618
   0.203      0.992597
   0.207      0.992574
   0.210      0.992550
   0.214      0.992525
   0.217      0.992499
   0.221      0.992471
   0.224      0.992442
   0.228      0.992411
   0.231      0.992379
   0.235      0.992345
   0.238      0.992310
   0.242      0.992272
   0.245      0.992234
   0.249      0.992193
   0.252      0.992151
   0.256      0.992106
   0.259      0.992060
   0.263      0.992012
   0.266      0.991961
   0.270      0.991909
   0.273      0.991854
   0.277      0.991797
   0.280      0.991738
   0.284      0.991676
   0.287      0.991612
   0.291      0.991545
   0.294      0.991476
   0.298      0.991404
   0.301      0.991330
   0.305      0.991252
   0.309      0.991172
   0.312      0.991089
   0.316      0.991002
   0.319      0.990913
   0.323      0.990820
   0.326      0.990724
   0.330      0.990625
   0.333      0.990523
   0.337      0.990417
   0.340      0.990307
   0.344      0.990194
   0.347      0.990077
   0.351      0.989956
   0.354      0.989831
   0.358      0.989703
   0.361      0.989570
   0.365      0.989433
   0.368      0.989292
   0.372      0.989147
   0.375      0.988997
   0.379      0.988843
   0.382      0.988684
   0.386      0.988520
   0.389      0.988352
   0.393      0.988179
   0.396      0.988001
   0.400      0.987818
   0.403      0.987630
   0.407      0.987436
   0.410      0.987238
   0.414      0.987034
   0.417      0.986824
   0.421      0.986609
   0.424      0.986388
   0.428      0.986162
   0.431      0.985930
   0.435      0.985691
   0.438      0.985447
   0.442      0.985197
   0.445      0.984940
   0.449      0.984677
   0.452      0.984408
   0.456      0.984133
   0.459      0.983850
   0.463      0.983562
   0.466      0.983266
   0.470      0.982964
   0.473      0.982654
   0.477      0.982338
   0.480      0.982015
   0.484      0.981684
   0.487      0.981346
   0.491      0.981001
   0.494      0.980649
   0.498      0.980289
   0.501      0.979921
   0.505      0.979546
   0.508      0.979163
   0.512      0.978772
   0.515      0.978373
   0.519      0.977967
   0.522      0.977552
   0.526      0.977129
   0.529      0.976698
   0.533      0.976259
   0.536      0.975811
   0.540      0.975355
   0.543      0.974891
   0.547      0.974418
   0.550      0.973937
   0.554      0.973447
   0.557      0.972948
   0.561      0.972440
   0.564      0.971924
   0.568      0.971399
   0.571      0.970865
   0.575      0.970322
   0.578      0.969770
   0.582      0.969209
   0.585      0.968639
   0.589      0.968059
   0.592      0.967471
   0.596      0.966873
   0.599      0.966267
   0.603      0.965650
   0.607      0.965025
   0.610      0.964390
   0.614      0.963746
   0.617      0.963093
   0.621      0.962430
   0.624      0.961758
   0.628      0.961076
   0.631      0.960385
   0.635      0.959685
   0.638      0.958975
   0.642      0.958255
   0.645      0.957526
   0.649      0.956788
   0.652      0.956040
   0.656      0.955283
   0.659      0.954516
   0.663      0.953740
   0.666      0.952954
   0.670      0.952159
   0.673      0.951355
   0.677      0.950541
   0.680      0.949718
   0.684      0.948885
   0.687      0.948043
   0.691      0.947192
   0.694      0.946331
   0.698      0.945462
   0.701      0.944583
   0.705      0.943695
   0.708      0.942797
   0.712      0.941891
   0.715      0.940976
   0.719      0.940051
   0.722      0.939118
   0.726      0.938176
   0.729      0.937224
   0.733      0.936264
   0.736      0.935295
   0.740      0.934318
   0.743      0.933332
   0.747      0.932337
   0.750      0.931334
   0.754      0.930322
   0.757      0.929302
   0.761      0.928273
   0.764      0.927236
   0.768      0.926191
   0.771      0.925138
   0.775      0.924076
   0.778      0.923007
   0.782      0.921930
   0.785      0.920845
   0.789      0.919752
   0.792      0.918651
   0.796      0.917543
   0.799      0.916427
   0.803      0.915304
   0.806      0.914173
   0.810      0.913035
   0.813      0.911890
   0.817      0.910737
   0.820      0.909578
   0.824      0.908411
   0.827      0.907238
   0.831      0.906058
   0.834      0.904871
   0.838      0.903678
   0.841      0.902478
   0.845      0.901271
   0.848      0.900058
   0.852      0.898839
   0.855      0.897614
   0.859      0.896383
   0.862      0.895145
   0.866      0.893902
   0.869      0.892653
   0.873      0.891398
   0.876      0.890137
   0.880      0.888871
   0.883      0.887600
   0.887      0.886323
   0.890      0.885041
   0.894      0.883754
   0.897      0.882462
   0.901      0.881164
   0.904      0.879862
   0.908      0.878555
   0.912      0.877243
   0.915      0.875927
   0.919      0.874606
   0.922      0.873281
   0.926      0.871951
   0.929      0.870617
   0.933      0.869279
   0.936      0.867937
   0.940      0.866591
   0.943      0.865241
   0.947      0.863887
   0.950      0.862530
   0.954      0.861168
   0.957      0.859804
   0.961      0.858435
   0.964      0.857064
   0.968      0.855689
   0.971      0.854311
   0.975      0.852930
   0.978      0.851546
   0.982      0.850159
   0.985      0.848769
   0.989      0.847376
   0.992      0.845981
   0.996      0.844583
   0.999      0.843182
   1.003      0.841779
   1.006      0.840374
   1.010      0.838967
   1.013      0.837557
   1.017      0.836145
   1.020      0.834731
   1.024      0.833315
   1.027      0.831897
   1.031      0.830478
   1.034      0.829056
   1.038      0.827633
   1.041      0.826209
   1.045      0.824782
   1.048      0.823355
   1.052      0.821926
   1.055      0.820496
   1.059      0.819064
   1.062      0.817631
   1.066      0.816198
   1.069      0.814763
   1.073      0.813327
   1.076      0.811890
   1.080      0.810453
   1.083      0.809015
   1.087      0.807576
   1.090      0.806136
   1.094      0.804696
   1.097      0.803256
   1.101      0.801815
   1.104      0.800373
   1.108      0.798931
   1.111      0.797489
   1.115      0.796047
   1.118      0.794605
   1.122      0.793162
   1.125      0.791720
   1.129      0.790277
   1.132      0.788835
   1.136      0.787393
   1.139      0.785951
   1.143      0.784509
   1.146      0.783067
   1.150      0.781626
   1.153      0.780186
   1.157      0.778745
   1.160      0.777305
   1.164      0.775866
   1.167      0.774428
   1.171      0.772990
   1.174      0.771552
   1.178      0.770116
   1.181      0.768680
   1.185      0.767245
   1.188      0.765811
   1.192      0.764378
   1.195      0.762946
   1.199      0.761515
   1.202      0.760085
   1.206      0.758656
   1.210      0.757228
   1.213      0.755801
   1.217      0.754376
   1.220      0.752952
   1.224      0.751529
   1.227      0.750107
   1.231      0.748687
   1.234      0.747268
   1.238      0.745851
   1.241      0.744435
   1.245      0.743021
   1.248      0.741608
   1.252      0.740197
   1.255      0.738787
   1.259      0.737379
   1.262      0.735973
   1.266      0.734568
   1.269      0.733165
   1.273      0.731764
   1.276      0.730365
   1.280      0.728968
   1.283      0.727572
   1.287      0.726179
   1.290      0.724787
   1.294      0.723397
   1.297      0.722009
   1.301      0.720624
   1.304      0.719240
   1.308      0.717858
   1.311      0.716479
   1.315      0.715101
   1.318      0.713726
   1.322      0.712353
   1.325      0.710982
   1.329      0.709613
   1.332      0.708246
   1.336      0.706882
   1.339      0.705520
   1.343      0.704160
   1.346      0.702802
   1.350      0.701447
   1.353      0.700094
   1.357      0.698744
   1.360      0.697396
   1.364      0.696050
   1.367      0.694707
   1.371      0.693366
   1.374      0.692028
   1.378      0.690692
   1.381      0.689359
   1.385      0.688028
   1.388      0.686699
   1.392      0.685374
   1.395      0.684051
   1.399      0.682730
   1.402      0.681412
   1.406      0.680096
   1.409      0.678784
   1.413      0.677473
   1.416      0.676166
   1.420      0.674861
   1.423      0.673559
   1.427      0.672259
   1.430      0.670962
   1.434      0.669668
   1.437      0.668377
   1.441      0.667088
   1.444      0.665802
   1.448      0.664519
   1.451      0.663238
   1.455      0.661961
   1.458      0.660686
   1.462      0.659413
   1.465      0.658144
   1.469      0.656878
   1.472      0.655614
   1.476      0.654353
   1.479      0.653095
   1.483      0.651840
   1.486      0.650587
   1.490      0.649338
   1.493      0.648091
   1.497      0.646847
   1.500      0.645606
   1.504      0.644368
   1.507      0.643133
   1.511      0.641901
   1.515      0.640671
   1.518      0.639445
   1.522      0.638221
   1.525      0.637000
   1.529      0.635783
   1.532      0.634568
   1.536      0.633356
   1.539      0.632147
   1.543      0.630941
   1.546      0.629737
   1.550      0.628537
   1.553      0.627340
   1.557      0.626145
   1.560      0.624954
   1.564      0.623766
   1.567      0.622580
   1.571      0.621397
   1.574      0.620218
   1.578      0.619041
   1.581      0.617867
   1.585      0.616697
   1.588      0.615529
   1.592      0.614364
   1.595      0.613202
   1.599      0.612043
   1.602      0.610887
   1.606      0.609734
   1.609      0.608584
   1.613      0.607437
   1.616      0.606293
   1.620      0.605152
   1.623      0.604014
   1.627      0.602879
   1.630      0.601746
   1.634      0.600617
   1.637      0.599491
   1.641      0.598367
   1.644      0.597247
   1.648      0.596129
   1.651      0.595015
   1.655      0.593903
   1.658      0.592795
   1.662      0.591689
   1.665      0.590586
   1.669      0.589487
   1.672      0.588390
   1.676      0.587296
   1.679      0.586205
   1.683      0.585117
   1.686      0.584032
   1.690      0.582950
   1.693      0.581871
   1.697      0.580794
   1.700      0.579721
   1.704      0.578650
   1.707      0.577583
   1.711      0.576518
   1.714      0.575457
   1.718      0.574398
   1.721      0.573342
   1.725      0.572289
   1.728      0.571239
   1.732      0.570192
   1.735      0.569147
   1.739      0.568106
   1.742      0.567067
   1.746      0.566032
   1.749      0.564999
   1.753      0.563969
   1.756      0.562942
   1.760      0.561918
   1.763      0.560896
   1.767      0.559878
   1.770      0.558862
   1.774      0.557849
   1.777      0.556839
   1.781      0.555832
   1.784      0.554828
   1.788      0.553826
   1.791      0.552828
   1.795      0.551832
   1.798      0.550839
   1.802      0.549848
   1.805      0.548861
   1.809      0.547876
   1.812      0.546894
   1.816      0.545915
   1.820      0.544939
   1.823      0.543965
   1.827      0.542994
   1.830      0.542026
   1.834      0.541061
   1.837      0.540098
   1.841      0.539138
   1.844      0.538181
   1.848      0.537227
   1.851      0.536275
   1.855      0.535326
   1.858      0.534380
   1.862      0.533437
   1.865      0.532496
   1.869      0.531558
   1.872      0.530622
   1.876      0.529690
   1.879      0.528760
   1.883      0.527832
   1.886      0.526907
   1.890      0.525985
   1.893      0.525066
   1.897      0.524149
   1.900      0.523235
   1.904      0.522323
   1.907      0.521415
   1.911      0.520508
   1.914      0.519605
   1.918      0.518704
   1.921      0.517805
   1.925      0.516909
   1.928      0.516016
   1.932      0.515125
   1.935      0.514237
   1.939      0.513352
   1.942      0.512469
   1.946      0.511588
   1.949      0.510710
   1.953      0.509835
   1.956      0.508962
   1.960      0.508092
   1.963      0.507224
   1.967      0.506359
   1.970      0.505496
   1.974      0.504636
   1.977      0.503778
   1.981      0.502923
   1.984      0.502070
   1.988      0.501220
   1.991      0.500372
   1.995      0.499526
   1.998      0.498683
   2.002      0.497843
   2.005      0.497005
   2.009      0.496169
   2.012      0.495336
   2.016      0.494505
   2.019      0.493677
   2.023      0.492851
   2.026      0.492027
   2.030      0.491206
   2.033      0.490388
   2.037      0.489571
   2.040      0.488757
   2.044      0.487945
   2.047      0.487136
   2.051      0.486329
   2.054      0.485524
   2.058      0.484722
   2.061      0.483922
   2.065      0.483125
   2.068      0.482329
   2.072      0.481536
   2.075      0.480746
   2.079      0.479957
   2.082      0.479171
   2.086      0.478387
   2.089      0.477606
   2.093      0.476826
   2.096      0.476049
   2.100      0.475274
   2.103      0.474502
   2.107      0.473732
   2.110      0.472964
   2.114      0.472198
   2.118      0.471434
   2.121      0.470673
   2.125      0.469913
   2.128      0.469156
   2.132      0.468402
   2.135      0.467649
   2.139      0.466898
   2.142      0.466150
   2.146      0.465404
   2.149      0.464660
   2.153      0.463918
   2.156      0.463179
   2.160      0.462441
   2.163      0.461706
   2.167      0.460972
   2.170      0.460241
   2.174      0.459512
   2.177      0.458785
   2.181      0.458060
   2.184      0.457338
   2.188      0.456617
   2.191      0.455898
   2.195      0.455182
   2.198      0.454467
   2.202      0.453755
   2.205      0.453045
   2.209      0.452336
   2.212      0.451630
   2.216      0.450926
   2.219      0.450223
   2.223      0.449523
   2.226      0.448825
   2.230      0.448129
   2.233      0.447435
   2.237      0.446742
   2.240      0.446052
   2.244      0.445364
   2.247      0.444678
   2.251      0.443993
   2.254      0.443311
   2.258      0.442631
   2.261      0.441952
   2.265      0.441276
   2.268      0.440601
   2.272      0.439928
   2.275      0.439258
   2.279      0.438589
   2.282      0.437922
   2.286      0.437257
   2.289      0.436594
   2.293      0.435932
   2.296      0.435273
   2.300      0.434615
   2.303      0.433960
   2.307      0.433306
   2.310      0.432654
   2.314      0.432004
   2.317      0.431356
   2.321      0.430709
   2.324      0.430065
   2.328      0.429422
   2.331      0.428781
   2.335      0.428142
   2.338      0.427505
   2.342      0.426869
   2.345      0.426235
   2.349      0.425603
   2.352      0.424973
   2.356      0.424345
   2.359      0.423718
   2.363      0.423093
   2.366      0.422470
   2.370      0.421849
   2.373      0.421229
   2.377      0.420612
   2.380      0.419995
   2.384      0.419381
   2.387      0.418768
   2.391      0.418157
   2.394      0.417548
   2.398      0.416940
   2.401      0.416335
   2.405      0.415730
   2.408      0.415128
   2.412      0.414527
   2.415      0.413928
   2.419      0.413330
   2.423      0.412735
   2.426      0.412140
   2.430      0.411548
   2.433      0.410957
   2.437      0.410368
   2.440      0.409780
   2.444      0.409194
   2.447      0.408610
   2.451      0.408027
   2.454      0.407446
   2.458      0.406867
   2.461      0.406289
   2.465      0.405712
   2.468      0.405138
   2.472      0.404564
   2.475      0.403993
   2.479      0.403423
   2.482      0.402854
   2.486      0.402287
   2.489      0.401722
   2.493      0.401158
   2.496      0.400596
   2.500      0.400035
   2.503      0.399476
   2.507      0.398918
   2.510      0.398362
   2.514      0.397808
   2.517      0.397254
   2.521      0.396703
   2.524      0.396153
   2.528      0.395604
   2.531      0.395057
   2.535      0.394511
   2.538      0.393967
   2.542      0.393424
   2.545      0.392883
   2.549      0.392343
   2.552      0.391805
   2.556      0.391268
   2.559      0.390733
   2.563      0.390199
   2.566      0.389666
   2.570      0.389135
   2.573      0.388605
   2.577      0.388077
   2.580      0.387550
   2.584      0.387025
   2.587      0.386501
   2.591      0.385978
   2.594      0.385457
   2.598      0.384937
   2.601      0.384419
   2.605      0.383901
   2.608      0.383386
   2.612      0.382871
   2.615      0.382358
   2.619      0.381847
   2.622      0.381337
   2.626      0.380828
   2.629      0.380320
   2.633      0.379814
   2.636      0.379309
   2.640      0.378805
   2.643      0.378303
   2.647      0.377802
   2.650      0.377303
   2.654      0.376804
   2.657      0.376307
   2.661      0.375812
   2.664      0.375317
   2.668      0.374824
   2.671      0.374332
   2.675      0.373842
   2.678      0.373353
   2.682      0.372865
   2.685      0.372378
   2.689      0.371892
   2.692      0.371408
   2.696      0.370925
   2.699      0.370444
   2.703      0.369963
   2.706      0.369484
   2.710      0.369006
   2.713      0.368529
   2.717      0.368054
   2.720      0.367580
   2.724      0.367106
   2.728      0.366635
   2.731      0.366164
   2.735      0.365695
   2.738      0.365226
   2.742      0.364759
   2.745      0.364293
   2.749      0.363829
   2.752      0.363365
   2.756      0.362903
   2.759      0.362442
   2.763      0.361982
   2.766      0.361523
   2.770      0.361066
   2.773      0.360609
   2.777      0.360154
   2.780      0.359700
   2.784      0.359247
   2.787      0.358795
   2.791      0.358344
   2.794      0.357894
   2.798      0.357446
   2.801      0.356998
   2.805      0.356552
