   0.000      0.000613
   0.004      0.007055
   0.007      0.013496
   0.011      0.020158
   0.014      0.026851
   0.018      0.033553
   0.021      0.040260
   0.025      0.046971
   0.028      0.053684
   0.032      0.060400
   0.035      0.067119
   0.039      0.073840
   0.042      0.080565
   0.046      0.087294
   0.049      0.094026
   0.053      0.100761
   0.057      0.107502
   0.060      0.114246
   0.064      0.120996
   0.067      0.127750
   0.071      0.134510
   0.074      0.141275
   0.078      0.148047
   0.081      0.154824
   0.085      0.161608
   0.088      0.168399
   0.092      0.175197
   0.095      0.182002
   0.099      0.188815
   0.102      0.195636
   0.106      0.202465
   0.110      0.209302
   0.113      0.216149
   0.117      0.223004
   0.120      0.229868
   0.124      0.236743
   0.127      0.243627
   0.131      0.250521
   0.134      0.257426
   0.138      0.264341
   0.141      0.271267
   0.145      0.278204
   0.148      0.285153
   0.152      0.292114
   0.155      0.299086
   0.159      0.306071
   0.163      0.313068
   0.166      0.320078
   0.170      0.327101
   0.173      0.334137
   0.177      0.341186
   0.180      0.348249
   0.184      0.355326
   0.187      0.362417
   0.191      0.369522
   0.194      0.376641
   0.198      0.383775
   0.201      0.390924
   0.205      0.398088
   0.208      0.405267
   0.212      0.412461
   0.216      0.419671
   0.219      0.426897
   0.223      0.434138
   0.226      0.441396
   0.230      0.448669
   0.233      0.455959
   0.237      0.463265
   0.240      0.470588
   0.244      0.477927
   0.247      0.485283
   0.251      0.492656
   0.254      0.500046
   0.258      0.507453
   0.261      0.514878
   0.265      0.522319
   0.269      0.529778
   0.272      0.537254
   0.276      0.544747
   0.279      0.552258
   0.283      0.559787
   0.286      0.567333
   0.290      0.574897
   0.293      0.582478
   0.297      0.590077
   0.300      0.597694
   0.304      0.605328
   0.307      0.612980
   0.311      0.620649
   0.314      0.628337
   0.318      0.636041
   0.322      0.643764
   0.325      0.651503
   0.329      0.659261
   0.332      0.667035
   0.336      0.674827
   0.339      0.682636
   0.343      0.690463
   0.346      0.698306
   0.350      0.706167
   0.353      0.714044
   0.357      0.721938
   0.360      0.729848
   0.364      0.737775
   0.367      0.745719
   0.371      0.753678
   0.375      0.761654
   0.378      0.769645
   0.382      0.777653
   0.385      0.785675
   0.389      0.793713
   0.392      0.801766
   0.396      0.809834
   0.399      0.817917
   0.403      0.826014
   0.406      0.834125
   0.410      0.842251
   0.413      0.850390
   0.417      0.858543
   0.420      0.866708
   0.424      0.874887
   0.428      0.883079
   0.431      0.891283
   0.435      0.899499
   0.438      0.907726
   0.442      0.915966
   0.445      0.924216
   0.449      0.932477
   0.452      0.940749
   0.456      0.949030
   0.459      0.957322
   0.463      0.965623
   0.466      0.973933
   0.470      0.982251
   0.473      0.990578
   0.477      0.998913
   0.481      1.007255
   0.484      1.015604
   0.488      1.023959
   0.491      1.032321
   0.495      1.040688
   0.498      1.049061
   0.502      1.057438
   0.505      1.065820
   0.509      1.074206
   0.512      1.082594
   0.516      1.090986
   0.519      1.099380
   0.523      1.107776
   0.526      1.116173
   0.530      1.124570
   0.534      1.132968
   0.537      1.141366
   0.541      1.149762
   0.544      1.158157
   0.548      1.166550
   0.551      1.174940
   0.555      1.183327
   0.558      1.191710
   0.562      1.200088
   0.565      1.208461
   0.569      1.216829
   0.572      1.225190
   0.576      1.233543
   0.579      1.241890
   0.583      1.250227
   0.587      1.258556
   0.590      1.266874
   0.594      1.275182
   0.597      1.283479
   0.601      1.291764
   0.604      1.300037
   0.608      1.308295
   0.611      1.316540
   0.615      1.324770
   0.618      1.332984
   0.622      1.341182
   0.625      1.349363
   0.629      1.357525
   0.632      1.365669
   0.636      1.373793
   0.640      1.381897
   0.643      1.389980
   0.647      1.398041
   0.650      1.406079
   0.654      1.414093
   0.657      1.422083
   0.661      1.430047
   0.664      1.437985
   0.668      1.445896
   0.671      1.453779
   0.675      1.461634
   0.678      1.469458
   0.682      1.477253
   0.685      1.485015
   0.689      1.492746
   0.693      1.500443
   0.696      1.508105
   0.700      1.515733
   0.703      1.523325
   0.707      1.530880
   0.710      1.538397
   0.714      1.545875
   0.717      1.553314
   0.721      1.560712
   0.724      1.568068
   0.728      1.575382
   0.731      1.582652
   0.735      1.589878
   0.738      1.597058
   0.742      1.604193
   0.746      1.611279
   0.749      1.618318
   0.753      1.625307
   0.756      1.632247
   0.760      1.639135
   0.763      1.645971
   0.767      1.652754
   0.770      1.659483
   0.774      1.666157
   0.777      1.672775
   0.781      1.679336
   0.784      1.685839
   0.788      1.692283
   0.791      1.698668
   0.795      1.704991
   0.799      1.711253
   0.802      1.717453
   0.806      1.723588
   0.809      1.729660
   0.813      1.735665
   0.816      1.741604
   0.820      1.747476
   0.823      1.753280
   0.827      1.759014
   0.830      1.764678
   0.834      1.770271
   0.837      1.775792
   0.841      1.781240
   0.844      1.786614
   0.848      1.791913
   0.852      1.797137
   0.855      1.802284
   0.859      1.807354
   0.862      1.812346
   0.866      1.817258
   0.869      1.822091
   0.873      1.826843
   0.876      1.831513
   0.880      1.836101
   0.883      1.840605
   0.887      1.845026
   0.890      1.849361
   0.894      1.853611
   0.897      1.857774
   0.901      1.861851
   0.905      1.865839
   0.908      1.869738
   0.912      1.873548
   0.915      1.877268
   0.919      1.880897
   0.922      1.884435
   0.926      1.887880
   0.929      1.891233
   0.933      1.894491
   0.936      1.897656
   0.940      1.900726
   0.943      1.903700
   0.947      1.906578
   0.950      1.909360
   0.954      1.912044
   0.958      1.914631
   0.961      1.917119
   0.965      1.919509
   0.968      1.921799
   0.972      1.923989
   0.975      1.926079
   0.979      1.928069
   0.982      1.929957
   0.986      1.931743
   0.989      1.933428
   0.993      1.935010
   0.996      1.936489
   1.000      1.937865
   1.003      1.939137
   1.007      1.940306
   1.011      1.941370
   1.014      1.942330
   1.018      1.943185
   1.021      1.943936
   1.025      1.944581
   1.028      1.945121
   1.032      1.945555
   1.035      1.945883
   1.039      1.946106
   1.042      1.946222
   1.046      1.946232
   1.049      1.946136
   1.053      1.945934
   1.056      1.945625
   1.060      1.945210
   1.064      1.944689
   1.067      1.944060
   1.071      1.943326
   1.074      1.942485
   1.078      1.941538
   1.081      1.940485
   1.085      1.939325
   1.088      1.938060
   1.092      1.936689
   1.095      1.935212
   1.099      1.933630
   1.102      1.931943
   1.106      1.930151
   1.109      1.928254
   1.113      1.926254
   1.117      1.924149
   1.120      1.921941
   1.124      1.919630
   1.127      1.917216
   1.131      1.914700
   1.134      1.912082
   1.138      1.909362
   1.141      1.906542
   1.145      1.903622
   1.148      1.900602
   1.152      1.897483
   1.155      1.894265
   1.159      1.890950
   1.162      1.887537
   1.166      1.884027
   1.170      1.880422
   1.173      1.876721
   1.177      1.872925
   1.180      1.869035
   1.184      1.865052
   1.187      1.860976
   1.191      1.856808
   1.194      1.852549
   1.198      1.848200
   1.201      1.843760
   1.205      1.839232
   1.208      1.834615
   1.212      1.829911
   1.215      1.825119
   1.219      1.820242
   1.223      1.815280
   1.226      1.810233
   1.230      1.805102
   1.233      1.799888
   1.237      1.794591
   1.240      1.789214
   1.244      1.783755
   1.247      1.778217
   1.251      1.772599
   1.254      1.766904
   1.258      1.761130
   1.261      1.755280
   1.265      1.749353
   1.268      1.743352
   1.272      1.737276
   1.276      1.731126
   1.279      1.724903
   1.283      1.718609
   1.286      1.712243
   1.290      1.705807
   1.293      1.699301
   1.297      1.692727
   1.300      1.686084
   1.304      1.679375
   1.307      1.672599
   1.311      1.665758
   1.314      1.658853
   1.318      1.651884
   1.321      1.644852
   1.325      1.637757
   1.329      1.630602
   1.332      1.623387
   1.336      1.616112
   1.339      1.608779
   1.343      1.601388
   1.346      1.593941
   1.350      1.586438
   1.353      1.578879
   1.357      1.571267
   1.360      1.563601
   1.364      1.555883
   1.367      1.548114
   1.371      1.540294
   1.374      1.532425
   1.378      1.524506
   1.382      1.516540
   1.385      1.508527
   1.389      1.500468
   1.392      1.492364
   1.396      1.484215
   1.399      1.476023
   1.403      1.467789
   1.406      1.459513
   1.410      1.451196
   1.413      1.442839
   1.417      1.434444
   1.420      1.426010
   1.424      1.417539
   1.427      1.409032
   1.431      1.400489
   1.435      1.391912
   1.438      1.383301
   1.442      1.374658
   1.445      1.365982
   1.449      1.357276
   1.452      1.348539
   1.456      1.339773
   1.459      1.330978
   1.463      1.322156
   1.466      1.313307
   1.470      1.304432
   1.473      1.295532
   1.477      1.286607
   1.480      1.277660
   1.484      1.268689
   1.488      1.259697
   1.491      1.250684
   1.495      1.241651
   1.498      1.232598
   1.502      1.223527
   1.505      1.214438
   1.509      1.205333
   1.512      1.196211
   1.516      1.187074
   1.519      1.177922
   1.523      1.168756
   1.526      1.159578
   1.530      1.150387
   1.533      1.141185
   1.537      1.131972
   1.541      1.122750
   1.544      1.113518
   1.548      1.104277
   1.551      1.095029
   1.555      1.085774
   1.558      1.076512
   1.562      1.067245
   1.565      1.057973
   1.569      1.048697
   1.572      1.039417
   1.576      1.030135
   1.579      1.020851
   1.583      1.011565
   1.586      1.002278
   1.590      0.992992
   1.594      0.983706
   1.597      0.974421
   1.601      0.965138
   1.604      0.955858
   1.608      0.946581
   1.611      0.937308
   1.615      0.928040
   1.618      0.918776
   1.622      0.909518
   1.625      0.900267
   1.629      0.891022
   1.632      0.881785
   1.636      0.872556
   1.639      0.863336
   1.643      0.854125
   1.647      0.844923
   1.650      0.835733
   1.654      0.826553
   1.657      0.817384
   1.661      0.808228
   1.664      0.799084
   1.668      0.789954
   1.671      0.780837
   1.675      0.771734
   1.678      0.762646
   1.682      0.753573
   1.685      0.744516
   1.689      0.735475
   1.692      0.726451
   1.696      0.717444
   1.700      0.708454
   1.703      0.699483
   1.707      0.690530
   1.710      0.681596
   1.714      0.672682
   1.717      0.663788
   1.721      0.654914
   1.724      0.646061
   1.728      0.637229
   1.731      0.628419
   1.735      0.619632
   1.738      0.610866
   1.742      0.602124
   1.745      0.593405
   1.749      0.584709
   1.753      0.576038
   1.756      0.567391
   1.760      0.558769
   1.763      0.550172
   1.767      0.541601
   1.770      0.533056
   1.774      0.524538
   1.777      0.516046
   1.781      0.507581
   1.784      0.499143
   1.788      0.490733
   1.791      0.482352
   1.795      0.473998
   1.798      0.465673
   1.802      0.457378
   1.806      0.449111
   1.809      0.440874
   1.813      0.432667
   1.816      0.424490
   1.820      0.416344
   1.823      0.408229
   1.827      0.400144
   1.830      0.392091
   1.834      0.384069
   1.837      0.376080
   1.841      0.368122
   1.844      0.360197
   1.848      0.352304
   1.851      0.344444
   1.855      0.336617
   1.859      0.328824
   1.862      0.321064
   1.866      0.313338
   1.869      0.305645
   1.873      0.297987
   1.876      0.290364
   1.880      0.282774
   1.883      0.275220
   1.887      0.267701
   1.890      0.260217
   1.894      0.252768
   1.897      0.245354
   1.901      0.237977
   1.904      0.230635
   1.908      0.223330
   1.912      0.216060
   1.915      0.208827
   1.919      0.201630
   1.922      0.194470
   1.926      0.187347
   1.929      0.180261
   1.933      0.173212
   1.936      0.166200
   1.940      0.159226
   1.943      0.152289
   1.947      0.145389
   1.950      0.138528
   1.954      0.131704
   1.957      0.124918
   1.961      0.118170
   1.965      0.111460
   1.968      0.104788
   1.972      0.098155
   1.975      0.091560
   1.979      0.085004
   1.982      0.078486
   1.986      0.072007
   1.989      0.065566
   1.993      0.059165
   1.996      0.052802
   2.000      0.046478
   2.003      0.040193
   2.007      0.033947
   2.010      0.027740
   2.014      0.021572
   2.018      0.015444
   2.021      0.009354
   2.025      0.003304
   2.028     -0.002707
   2.032     -0.008678
   2.035     -0.014610
   2.039     -0.020503
   2.042     -0.026357
   2.046     -0.032171
   2.049     -0.037945
   2.053     -0.043681
   2.056     -0.049376
   2.060     -0.055033
   2.063     -0.060650
   2.067     -0.066227
   2.071     -0.071765
   2.074     -0.077264
   2.078     -0.082723
   2.081     -0.088143
   2.085     -0.093523
   2.088     -0.098864
   2.092     -0.104166
   2.095     -0.109428
   2.099     -0.114651
   2.102     -0.119835
   2.106     -0.124980
   2.109     -0.130085
   2.113     -0.135151
   2.116     -0.140178
   2.120     -0.145166
   2.124     -0.150115
   2.127     -0.155025
   2.131     -0.159896
   2.134     -0.164728
   2.138     -0.169521
   2.141     -0.174276
   2.145     -0.178992
   2.148     -0.183669
   2.152     -0.188307
   2.155     -0.192908
   2.159     -0.197469
   2.162     -0.201992
   2.166     -0.206477
   2.169     -0.210924
   2.173     -0.215332
   2.177     -0.219703
   2.180     -0.224035
   2.184     -0.228330
   2.187     -0.232586
   2.191     -0.236805
   2.194     -0.240987
   2.198     -0.245130
   2.201     -0.249237
   2.205     -0.253306
   2.208     -0.257337
   2.212     -0.261332
   2.215     -0.265289
   2.219     -0.269209
   2.222     -0.273093
   2.226     -0.276940
   2.230     -0.280750
   2.233     -0.284523
   2.237     -0.288260
   2.240     -0.291961
   2.244     -0.295626
   2.247     -0.299254
   2.251     -0.302847
   2.254     -0.306403
   2.258     -0.309924
   2.261     -0.313409
   2.265     -0.316859
   2.268     -0.320273
   2.272     -0.323652
   2.275     -0.326996
   2.279     -0.330305
   2.283     -0.333579
   2.286     -0.336819
   2.290     -0.340023
   2.293     -0.343193
   2.297     -0.346329
   2.300     -0.349431
   2.304     -0.352498
   2.307     -0.355532
   2.311     -0.358532
   2.314     -0.361498
   2.318     -0.364430
   2.321     -0.367330
   2.325     -0.370196
   2.328     -0.373028
   2.332     -0.375828
   2.336     -0.378595
   2.339     -0.381330
   2.343     -0.384031
   2.346     -0.386701
   2.350     -0.389338
   2.353     -0.391943
   2.357     -0.394516
   2.360     -0.397058
   2.364     -0.399567
   2.367     -0.402045
   2.371     -0.404492
   2.374     -0.406908
   2.378     -0.409293
   2.381     -0.411646
   2.385     -0.413969
   2.389     -0.416262
   2.392     -0.418524
   2.396     -0.420756
   2.399     -0.422957
   2.403     -0.425129
   2.406     -0.427271
   2.410     -0.429383
   2.413     -0.431466
   2.417     -0.433520
   2.420     -0.435544
   2.424     -0.437539
   2.427     -0.439506
   2.431     -0.441443
   2.434     -0.443353
   2.438     -0.445234
   2.442     -0.447086
   2.445     -0.448911
   2.449     -0.450708
   2.452     -0.452477
   2.456     -0.454218
   2.459     -0.455932
   2.463     -0.457619
   2.466     -0.459279
   2.470     -0.460912
   2.473     -0.462518
   2.477     -0.464097
   2.480     -0.465651
   2.484     -0.467177
   2.487     -0.468678
   2.491     -0.470153
   2.495     -0.471602
   2.498     -0.473025
   2.502     -0.474423
   2.505     -0.475796
   2.509     -0.477143
   2.512     -0.478466
   2.516     -0.479764
   2.519     -0.481037
   2.523     -0.482285
   2.526     -0.483510
   2.530     -0.484710
   2.533     -0.485886
   2.537     -0.487038
   2.540     -0.488167
   2.544     -0.489272
   2.548     -0.490354
   2.551     -0.491412
   2.555     -0.492448
   2.558     -0.493461
   2.562     -0.494451
   2.565     -0.495418
   2.569     -0.496363
   2.572     -0.497286
   2.576     -0.498187
   2.579     -0.499065
   2.583     -0.499922
   2.586     -0.500758
   2.590     -0.501572
   2.593     -0.502365
   2.597     -0.503136
   2.601     -0.503887
   2.604     -0.504617
   2.608     -0.505326
   2.611     -0.506015
   2.615     -0.506683
   2.618     -0.507331
   2.622     -0.507960
   2.625     -0.508568
   2.629     -0.509156
   2.632     -0.509725
   2.636     -0.510275
   2.639     -0.510805
   2.643     -0.511316
   2.646     -0.511809
   2.650     -0.512282
   2.654     -0.512737
   2.657     -0.513173
   2.661     -0.513591
   2.664     -0.513990
   2.668     -0.514372
   2.671     -0.514736
   2.675     -0.515081
   2.678     -0.515410
   2.682     -0.515720
   2.685     -0.516014
   2.689     -0.516290
   2.692     -0.516549
   2.696     -0.516792
   2.699     -0.517017
   2.703     -0.517226
   2.707     -0.517418
   2.710     -0.517595
   2.714     -0.517755
   2.717     -0.517898
   2.721     -0.518026
   2.724     -0.518139
   2.728     -0.518235
   2.731     -0.518316
   2.735     -0.518382
   2.738     -0.518432
   2.742     -0.518468
   2.745     -0.518488
   2.749     -0.518494
   2.752     -0.518485
   2.756     -0.518461
   2.760     -0.518423
   2.763     -0.518371
   2.767     -0.518305
   2.770     -0.518224
   2.774     -0.518130
   2.777     -0.518022
   2.781     -0.517900
   2.784     -0.517765
   2.788     -0.517617
   2.791     -0.517455
   2.795     -0.517280
   2.798     -0.517092
   2.802     -0.516891
   2.805     -0.516678
   2.809     -0.516452
   2.813     -0.516213
   2.816     -0.515962
   2.820     -0.515699
   2.823     -0.515423
   2.827     -0.515136
   2.830     -0.514837
   2.834     -0.514526
   2.837     -0.514203
   2.841     -0.513869
   2.844     -0.513524
   2.848     -0.513167
   2.851     -0.512799
   2.855     -0.512420
   2.858     -0.512030
   2.862     -0.511629
   2.866     -0.511217
   2.869     -0.510795
   2.873     -0.510362
   2.876     -0.509919
   2.880     -0.509466
   2.883     -0.509002
   2.887     -0.508529
   2.890     -0.508045
   2.894     -0.507552
   2.897     -0.507049
   2.901     -0.506536
   2.904     -0.506014
   2.908     -0.505482
   2.911     -0.504942
   2.915     -0.504391
   2.919     -0.503832
   2.922     -0.503264
   2.926     -0.502687
   2.929     -0.502101
   2.933     -0.501507
   2.936     -0.500904
   2.940     -0.500292
   2.943     -0.499672
   2.947     -0.499044
   2.950     -0.498408
   2.954     -0.497763
   2.957     -0.497111
   2.961     -0.496450
   2.964     -0.495782
   2.968     -0.495106
   2.972     -0.494423
   2.975     -0.493732
   2.979     -0.493034
   2.982     -0.492328
   2.986     -0.491615
   2.989     -0.490895
   2.993     -0.490168
   2.996     -0.489434
   3.000     -0.488693
   3.003     -0.487946
   3.007     -0.487191
   3.010     -0.486430
   3.014     -0.485663
   3.017     -0.484889
   3.021     -0.484109
   3.025     -0.483323
   3.028     -0.482530
   3.032     -0.481731
   3.035     -0.480927
   3.039     -0.480116
   3.042     -0.479300
   3.046     -0.478478
   3.049     -0.477650
   3.053     -0.476817
   3.056     -0.475978
   3.060     -0.475134
   3.063     -0.474284
   3.067     -0.473430
   3.070     -0.472570
   3.074     -0.471705
   3.078     -0.470835
   3.081     -0.469960
   3.085     -0.469080
   3.088     -0.468195
   3.092     -0.467306
   3.095     -0.466412
   3.099     -0.465513
   3.102     -0.464610
   3.106     -0.463703
   3.109     -0.462791
   3.113     -0.461875
   3.116     -0.460955
   3.120     -0.460031
   3.123     -0.459103
   3.127     -0.458171
   3.131     -0.457234
   3.134     -0.456294
   3.138     -0.455351
   3.141     -0.454403
   3.145     -0.453452
   3.148     -0.452498
   3.152     -0.451539
   3.155     -0.450578
   3.159     -0.449613
   3.162     -0.448645
   3.166     -0.447673
   3.169     -0.446699
   3.173     -0.445721
   3.176     -0.444741
   3.180     -0.443757
   3.184     -0.442770
   3.187     -0.441781
   3.191     -0.440789
   3.194     -0.439794
   3.198     -0.438796
   3.201     -0.437796
   3.205     -0.436793
   3.208     -0.435788
   3.212     -0.434780
   3.215     -0.433770
   3.219     -0.432758
   3.222     -0.431743
   3.226     -0.430727
   3.229     -0.429708
   3.233     -0.428687
   3.237     -0.427664
   3.240     -0.426639
   3.244     -0.425612
   3.247     -0.424583
   3.251     -0.423552
   3.254     -0.422520
   3.258     -0.421486
   3.261     -0.420450
   3.265     -0.419412
   3.268     -0.418373
   3.272     -0.417333
   3.275     -0.416291
   3.279     -0.415248
   3.282     -0.414203
   3.286     -0.413157
   3.290     -0.412109
   3.293     -0.411061
   3.297     -0.410011
   3.300     -0.408960
   3.304     -0.407908
   3.307     -0.406855
   3.311     -0.405801
   3.314     -0.404746
   3.318     -0.403690
   3.321     -0.402633
   3.325     -0.401576
   3.328     -0.400517
   3.332     -0.399458
   3.335     -0.398398
   3.339     -0.397338
   3.343     -0.396277
   3.346     -0.395215
   3.350     -0.394153
   3.353     -0.393090
   3.357     -0.392026
   3.360     -0.390963
   3.364     -0.389899
   3.367     -0.388834
   3.371     -0.387770
   3.374     -0.386705
   3.378     -0.385639
   3.381     -0.384574
   3.385     -0.383508
   3.388     -0.382442
   3.392     -0.381376
   3.396     -0.380310
   3.399     -0.379244
   3.403     -0.378178
   3.406     -0.377112
   3.410     -0.376046
   3.413     -0.374980
   3.417     -0.373915
   3.420     -0.372849
   3.424     -0.371784
   3.427     -0.370719
   3.431     -0.369654
   3.434     -0.368589
   3.438     -0.367524
   3.441     -0.366460
   3.445     -0.365397
   3.449     -0.364333
   3.452     -0.363270
   3.456     -0.362208
   3.459     -0.361146
   3.463     -0.360084
   3.466     -0.359023
   3.470     -0.357963
   3.473     -0.356903
   3.477     -0.355844
   3.480     -0.354785
   3.484     -0.353727
   3.487     -0.352670
   3.491     -0.351613
   3.494     -0.350557
   3.498     -0.349502
   3.502     -0.348447
   3.505     -0.347394
   3.509     -0.346341
   3.512     -0.345289
   3.516     -0.344237
   3.519     -0.343187
   3.523     -0.342138
   3.526     -0.341089
   3.530     -0.340041
   3.533     -0.338995
   3.537     -0.337949
   3.540     -0.336904
   3.544     -0.335861
   3.547     -0.334818
   3.551     -0.333776
   3.555     -0.332736
   3.558     -0.331696
   3.562     -0.330658
   3.565     -0.329621
   3.569     -0.328584
   3.572     -0.327549
   3.576     -0.326516
   3.579     -0.325483
   3.583     -0.324452
   3.586     -0.323421
   3.590     -0.322392
   3.593     -0.321364
   3.597     -0.320338
   3.600     -0.319313
   3.604     -0.318289
   3.608     -0.317266
   3.611     -0.316245
   3.615     -0.315225
   3.618     -0.314206
   3.622     -0.313189
   3.625     -0.312173
   3.629     -0.311158
   3.632     -0.310145
   3.636     -0.309133
   3.639     -0.308123
   3.643     -0.307114
   3.646     -0.306106
   3.650     -0.305100
   3.653     -0.304096
   3.657     -0.303093
   3.661     -0.302091
   3.664     -0.301091
   3.668     -0.300092
   3.671     -0.299095
   3.675     -0.298100
   3.678     -0.297106
   3.682     -0.296113
   3.685     -0.295122
   3.689     -0.294133
   3.692     -0.293145
   3.696     -0.292159
   3.699     -0.291174
   3.703     -0.290191
   3.706     -0.289209
   3.710     -0.288229
   3.714     -0.287251
   3.717     -0.286274
   3.721     -0.285299
   3.724     -0.284326
   3.728     -0.283354
   3.731     -0.282384
   3.735     -0.281416
   3.738     -0.280449
   3.742     -0.279484
   3.745     -0.278520
   3.749     -0.277559
   3.752     -0.276598
   3.756     -0.275640
   3.759     -0.274683
   3.763     -0.273728
   3.767     -0.272775
   3.770     -0.271824
   3.774     -0.270874
   3.777     -0.269926
   3.781     -0.268979
   3.784     -0.268034
   3.788     -0.267092
   3.791     -0.266150
   3.795     -0.265211
   3.798     -0.264273
   3.802     -0.263337
   3.805     -0.262403
   3.809     -0.261471
   3.812     -0.260540
   3.816     -0.259611
   3.820     -0.258684
   3.823     -0.257758
   3.827     -0.256835
   3.830     -0.255913
   3.834     -0.254993
   3.837     -0.254075
   3.841     -0.253158
   3.844     -0.252244
   3.848     -0.251331
   3.851     -0.250420
   3.855     -0.249510
   3.858     -0.248603
   3.862     -0.247697
   3.865     -0.246793
   3.869     -0.245891
   3.873     -0.244991
   3.876     -0.244093
   3.880     -0.243196
   3.883     -0.242301
   3.887     -0.241408
   3.890     -0.240517
   3.894     -0.239627
   3.897     -0.238740
   3.901     -0.237854
   3.904     -0.236970
   3.908     -0.236088
   3.911     -0.235208
   3.915     -0.234329
   3.918     -0.233452
   3.922     -0.232578
   3.926     -0.231705
   3.929     -0.230833
   3.933     -0.229964
   3.936     -0.229096
   3.940     -0.228231
   3.943     -0.227367
   3.947     -0.226504
   3.950     -0.225644
   3.954     -0.224786
   3.957     -0.223929
   3.961     -0.223074
   3.964     -0.222221
   3.968     -0.221370
   3.971     -0.220520
   3.975     -0.219673
   3.979     -0.218827
   3.982     -0.217983
   3.986     -0.217141
   3.989     -0.216301
   3.993     -0.215462
   3.996     -0.214625
   4.000     -0.213790
   4.003     -0.212957
   4.007     -0.212126
   4.010     -0.211296
   4.014     -0.210469
   4.017     -0.209643
   4.021     -0.208819
   4.024     -0.207996
   4.028     -0.207176
   4.032     -0.206357
   4.035     -0.205540
   4.039     -0.204725
   4.042     -0.203912
   4.046     -0.203100
   4.049     -0.202290
   4.053     -0.201482
   4.056     -0.200676
   4.060     -0.199871
   4.063     -0.199069
   4.067     -0.198268
   4.070     -0.197469
   4.074     -0.196671
   4.077     -0.195875
   4.081     -0.195082
   4.085     -0.194289
   4.088     -0.193499
   4.092     -0.192710
   4.095     -0.191923
   4.099     -0.191138
   4.102     -0.190355
   4.106     -0.189573
   4.109     -0.188793
   4.113     -0.188015
   4.116     -0.187239
   4.120     -0.186464
   4.123     -0.185691
   4.127     -0.184919
   4.130     -0.184150
   4.134     -0.183382
   4.138     -0.182616
   4.141     -0.181851
   4.145     -0.181089
   4.148     -0.180327
   4.152     -0.179568
   4.155     -0.178810
   4.159     -0.178054
   4.162     -0.177300
   4.166     -0.176548
   4.169     -0.175797
   4.173     -0.175047
   4.176     -0.174300
   4.180     -0.173554
   4.183     -0.172810
   4.187     -0.172067
   4.191     -0.171326
   4.194     -0.170587
   4.198     -0.169849
   4.201     -0.169113
   4.205     -0.168379
   4.208     -0.167646
   4.212     -0.166915
   4.215     -0.166186
   4.219     -0.165458
   4.222     -0.164732
   4.226     -0.164007
   4.229     -0.163284
   4.233     -0.162563
   4.236     -0.161843
   4.240     -0.161125
   4.244     -0.160409
   4.247     -0.159694
   4.251     -0.158981
   4.254     -0.158269
   4.258     -0.157559
   4.261     -0.156850
   4.265     -0.156143
   4.268     -0.155438
   4.272     -0.154734
   4.275     -0.154032
   4.279     -0.153331
   4.282     -0.152632
   4.286     -0.151934
   4.289     -0.151238
   4.293     -0.150544
   4.297     -0.149851
   4.300     -0.149159
   4.304     -0.148469
   4.307     -0.147781
   4.311     -0.147094
   4.314     -0.146409
   4.318     -0.145725
   4.321     -0.145043
   4.325     -0.144362
   4.328     -0.143683
   4.332     -0.143005
   4.335     -0.142329
   4.339     -0.141654
   4.342     -0.140981
   4.346     -0.140309
   4.350     -0.139638
   4.353     -0.138969
   4.357     -0.138302
   4.360     -0.137636
   4.364     -0.136972
   4.367     -0.136309
   4.371     -0.135647
   4.374     -0.134987
   4.378     -0.134328
   4.381     -0.133671
   4.385     -0.133015
   4.388     -0.132361
   4.392     -0.131708
   4.395     -0.131056
   4.399     -0.130406
   4.403     -0.129758
   4.406     -0.129110
   4.410     -0.128464
   4.413     -0.127820
   4.417     -0.127177
   4.420     -0.126535
   4.424     -0.125895
   4.427     -0.125256
   4.431     -0.124618
   4.434     -0.123982
   4.438     -0.123347
   4.441     -0.122714
   4.445     -0.122082
   4.448     -0.121451
   4.452     -0.120822
   4.456     -0.120194
   4.459     -0.119567
   4.463     -0.118942
   4.466     -0.118318
   4.470     -0.117695
   4.473     -0.117074
   4.477     -0.116454
   4.480     -0.115835
   4.484     -0.115218
   4.487     -0.114602
   4.491     -0.113987
   4.494     -0.113374
   4.498     -0.112762
   4.501     -0.112151
   4.505     -0.111541
   4.509     -0.110933
   4.512     -0.110326
   4.516     -0.109720
   4.519     -0.109116
   4.523     -0.108512
   4.526     -0.107911
   4.530     -0.107310
   4.533     -0.106711
   4.537     -0.106112
   4.540     -0.105515
   4.544     -0.104920
   4.547     -0.104325
   4.551     -0.103732
   4.554     -0.103140
   4.558     -0.102550
   4.562     -0.101960
   4.565     -0.101372
   4.569     -0.100785
   4.572     -0.100199
   4.576     -0.099614
   4.579     -0.099031
   4.583     -0.098448
   4.586     -0.097867
   4.590     -0.097287
   4.593     -0.096709
   4.597     -0.096131
   4.600     -0.095555
   4.604     -0.094980
   4.607     -0.094406
   4.611     -0.093833
   4.615     -0.093261
   4.618     -0.092691
   4.622     -0.092121
   4.625     -0.091553
   4.629     -0.090986
   4.632     -0.090420
   4.636     -0.089855
   4.639     -0.089292
   4.643     -0.088729
   4.646     -0.088168
   4.650     -0.087608
   4.653     -0.087048
   4.657     -0.086490
   4.660     -0.085933
   4.664     -0.085378
   4.668     -0.084823
   4.671     -0.084269
   4.675     -0.083717
   4.678     -0.083165
   4.682     -0.082615
   4.685     -0.082065
   4.689     -0.081517
   4.692     -0.080970
   4.696     -0.080424
   4.699     -0.079879
   4.703     -0.079335
   4.706     -0.078792
   4.710     -0.078250
   4.713     -0.077710
   4.717     -0.077170
   4.721     -0.076631
   4.724     -0.076094
   4.728     -0.075557
   4.731     -0.075021
   4.735     -0.074487
   4.738     -0.073953
   4.742     -0.073421
   4.745     -0.072889
   4.749     -0.072359
   4.752     -0.071829
   4.756     -0.071301
   4.759     -0.070773
   4.763     -0.070247
   4.766     -0.069721
   4.770     -0.069197
   4.774     -0.068674
   4.777     -0.068151
   4.781     -0.067630
   4.784     -0.067109
   4.788     -0.066589
   4.791     -0.066071
   4.795     -0.065553
   4.798     -0.065037
   4.802     -0.064521
   4.805     -0.064006
   4.809     -0.063492
   4.812     -0.062980
   4.816     -0.062468
   4.819     -0.061957
   4.823     -0.061447
   4.827     -0.060938
   4.830     -0.060430
   4.834     -0.059922
   4.837     -0.059416
   4.841     -0.058911
   4.844     -0.058406
   4.848     -0.057903
   4.851     -0.057400
   4.855     -0.056898
   4.858     -0.056398
   4.862     -0.055898
   4.865     -0.055399
   4.869     -0.054901
   4.872     -0.054404
   4.876     -0.053907
   4.880     -0.053412
   4.883     -0.052918
   4.887     -0.052424
   4.890     -0.051931
   4.894     -0.051440
   4.897     -0.050949
   4.901     -0.050459
   4.904     -0.049970
   4.908     -0.049481
   4.911     -0.048994
   4.915     -0.048507
   4.918     -0.048022
   4.922     -0.047537
   4.925     -0.047053
   4.929     -0.046570
   4.933     -0.046087
   4.936     -0.045606
   4.940     -0.045125
   4.943     -0.044645
   4.947     -0.044166
   4.950     -0.043688
   4.954     -0.043211
   4.957     -0.042735
   4.961     -0.042259
   4.964     -0.041784
   4.968     -0.041310
   4.971     -0.040837
   4.975     -0.040365
   4.978     -0.039893
   4.982     -0.039422
   4.986     -0.038953
   4.989     -0.038483
   4.993     -0.038015
   4.996     -0.037548
   5.000     -0.037081
   5.003     -0.036615
   5.007     -0.036150
   5.010     -0.035685
   5.014     -0.035222
   5.017     -0.034759
   5.021     -0.034297
   5.024     -0.033835
   5.028     -0.033375
   5.031     -0.032915
   5.035     -0.032456
   5.039     -0.031998
   5.042     -0.031541
   5.046     -0.031084
   5.049     -0.030628
   5.053     -0.030173
   5.056     -0.029718
   5.060     -0.029265
   5.063     -0.028812
   5.067     -0.028359
   5.070     -0.027908
   5.074     -0.027457
   5.077     -0.027007
   5.081     -0.026558
   5.084     -0.026109
   5.088     -0.025661
   5.092     -0.025214
   5.095     -0.024768
   5.099     -0.024322
   5.102     -0.023877
   5.106     -0.023433
   5.109     -0.022989
   5.113     -0.022547
   5.116     -0.022104
   5.120     -0.021663
   5.123     -0.021222
   5.127     -0.020782
   5.130     -0.020343
   5.134     -0.019904
   5.137     -0.019466
   5.141     -0.019029
   5.145     -0.018592
   5.148     -0.018156
   5.152     -0.017721
   5.155     -0.017286
   5.159     -0.016852
   5.162     -0.016419
   5.166     -0.015986
   5.169     -0.015554
   5.173     -0.015122
   5.176     -0.014692
   5.180     -0.014262
   5.183     -0.013832
   5.187     -0.013403
   5.190     -0.012975
   5.194     -0.012548
   5.198     -0.012121
   5.201     -0.011694
   5.205     -0.011269
   5.208     -0.010844
   5.212     -0.010419
   5.215     -0.009996
   5.219     -0.009572
   5.222     -0.009150
   5.226     -0.008728
   5.229     -0.008306
   5.233     -0.007886
   5.236     -0.007465
   5.240     -0.007046
   5.243     -0.006627
   5.247     -0.006208
   5.251     -0.005791
   5.254     -0.005373
   5.258     -0.004957
   5.261     -0.004541
   5.265     -0.004125
   5.268     -0.003710
   5.272     -0.003296
   5.275     -0.002882
   5.279     -0.002468
   5.282     -0.002056
   5.286     -0.001643
   5.289     -0.001232
   5.293     -0.000821
   5.296     -0.000410
   5.300      0.000000
