   0.000      0.701712
   0.004      0.701781
   0.007      0.701850
   0.011      0.701965
   0.014      0.702125
   0.018      0.702329
   0.021      0.702577
   0.025      0.702869
   0.028      0.703204
   0.032      0.703583
   0.035      0.704005
   0.039      0.704471
   0.042      0.704981
   0.046      0.705535
   0.049      0.706133
   0.053      0.706775
   0.057      0.707462
   0.060      0.708194
   0.064      0.708971
   0.067      0.709792
   0.071      0.710659
   0.074      0.711571
   0.078      0.712528
   0.081      0.713531
   0.085      0.714580
   0.088      0.715675
   0.092      0.716816
   0.095      0.718003
   0.099      0.719236
   0.102      0.720516
   0.106      0.721842
   0.110      0.723215
   0.113      0.724635
   0.117      0.726102
   0.120      0.727616
   0.124      0.729178
   0.127      0.730787
   0.131      0.732443
   0.134      0.734147
   0.138      0.735899
   0.141      0.737698
   0.145      0.739546
   0.148      0.741441
   0.152      0.743385
   0.155      0.745377
   0.159      0.747418
   0.163      0.749506
   0.166      0.751644
   0.170      0.753830
   0.173      0.756065
   0.177      0.758348
   0.180      0.760681
   0.184      0.763062
   0.187      0.765493
   0.191      0.767972
   0.194      0.770501
   0.198      0.773079
   0.201      0.775706
   0.205      0.778382
   0.208      0.781108
   0.212      0.783884
   0.216      0.786708
   0.219      0.789583
   0.223      0.792507
   0.226      0.795480
   0.230      0.798503
   0.233      0.801576
   0.237      0.804698
   0.240      0.807870
   0.244      0.811092
   0.247      0.814363
   0.251      0.817685
   0.254      0.821056
   0.258      0.824476
   0.261      0.827947
   0.265      0.831467
   0.269      0.835036
   0.272      0.838656
   0.276      0.842325
   0.279      0.846044
   0.283      0.849812
   0.286      0.853630
   0.290      0.857498
   0.293      0.861415
   0.297      0.865382
   0.300      0.869398
   0.304      0.873463
   0.307      0.877578
   0.311      0.881742
   0.314      0.885955
   0.318      0.890218
   0.322      0.894529
   0.325      0.898889
   0.329      0.903298
   0.332      0.907756
   0.336      0.912262
   0.339      0.916817
   0.343      0.921420
   0.346      0.926071
   0.350      0.930770
   0.353      0.935518
   0.357      0.940313
   0.360      0.945156
   0.364      0.950046
   0.367      0.954983
   0.371      0.959968
   0.375      0.964999
   0.378      0.970077
   0.382      0.975201
   0.385      0.980372
   0.389      0.985589
   0.392      0.990852
   0.396      0.996160
   0.399      1.001513
   0.403      1.006912
   0.406      1.012355
   0.410      1.017843
   0.413      1.023375
   0.417      1.028951
   0.420      1.034571
   0.424      1.040234
   0.428      1.045939
   0.431      1.051688
   0.435      1.057479
   0.438      1.063311
   0.442      1.069186
   0.445      1.075101
   0.449      1.081057
   0.452      1.087054
   0.456      1.093090
   0.459      1.099166
   0.463      1.105281
   0.466      1.111435
   0.470      1.117626
   0.473      1.123856
   0.477      1.130122
   0.481      1.136425
   0.484      1.142765
   0.488      1.149140
   0.491      1.155550
   0.495      1.161994
   0.498      1.168472
   0.502      1.174984
   0.505      1.181528
   0.509      1.188104
   0.512      1.194712
   0.516      1.201351
   0.519      1.208019
   0.523      1.214717
   0.526      1.221444
   0.530      1.228198
   0.534      1.234980
   0.537      1.241789
   0.541      1.248623
   0.544      1.255482
   0.548      1.262365
   0.551      1.269271
   0.555      1.276200
   0.558      1.283151
   0.562      1.290122
   0.565      1.297113
   0.569      1.304123
   0.572      1.311151
   0.576      1.318196
   0.579      1.325257
   0.583      1.332334
   0.587      1.339424
   0.590      1.346528
   0.594      1.353644
   0.597      1.360771
   0.601      1.367907
   0.604      1.375053
   0.608      1.382207
   0.611      1.389367
   0.615      1.396533
   0.618      1.403704
   0.622      1.410877
   0.625      1.418053
   0.629      1.425230
   0.632      1.432406
   0.636      1.439581
   0.640      1.446752
   0.643      1.453920
   0.647      1.461083
   0.650      1.468238
   0.654      1.475386
   0.657      1.482525
   0.661      1.489652
   0.664      1.496768
   0.668      1.503871
   0.671      1.510958
   0.675      1.518030
   0.678      1.525084
   0.682      1.532119
   0.685      1.539133
   0.689      1.546125
   0.693      1.553095
   0.696      1.560039
   0.700      1.566957
   0.703      1.573847
   0.707      1.580707
   0.710      1.587537
   0.714      1.594335
   0.717      1.601098
   0.721      1.607826
   0.724      1.614517
   0.728      1.621169
   0.731      1.627781
   0.735      1.634351
   0.738      1.640878
   0.742      1.647360
   0.746      1.653795
   0.749      1.660182
   0.753      1.666520
   0.756      1.672806
   0.760      1.679039
   0.763      1.685217
   0.767      1.691340
   0.770      1.697404
   0.774      1.703409
   0.777      1.709353
   0.781      1.715234
   0.784      1.721051
   0.788      1.726803
   0.791      1.732486
   0.795      1.738101
   0.799      1.743645
   0.802      1.749116
   0.806      1.754514
   0.809      1.759837
   0.813      1.765082
   0.816      1.770249
   0.820      1.775336
   0.823      1.780341
   0.827      1.785263
   0.830      1.790100
   0.834      1.794851
   0.837      1.799514
   0.841      1.804089
   0.844      1.808572
   0.848      1.812963
   0.852      1.817261
   0.855      1.821464
   0.859      1.825571
   0.862      1.829579
   0.866      1.833489
   0.869      1.837298
   0.873      1.841006
   0.876      1.844610
   0.880      1.848110
   0.883      1.851504
   0.887      1.854791
   0.890      1.857971
   0.894      1.861041
   0.897      1.864000
   0.901      1.866848
   0.905      1.869583
   0.908      1.872204
   0.912      1.874710
   0.915      1.877100
   0.919      1.879374
   0.922      1.881529
   0.926      1.883565
   0.929      1.885482
   0.933      1.887277
   0.936      1.888951
   0.940      1.890503
   0.943      1.891931
   0.947      1.893235
   0.950      1.894415
   0.954      1.895469
   0.958      1.896396
   0.961      1.897197
   0.965      1.897871
   0.968      1.898416
   0.972      1.898833
   0.975      1.899120
   0.979      1.899278
   0.982      1.899306
   0.986      1.899204
   0.989      1.898970
   0.993      1.898606
   0.996      1.898110
   1.000      1.897482
   1.003      1.896722
   1.007      1.895830
   1.011      1.894806
   1.014      1.893649
   1.018      1.892360
   1.021      1.890938
   1.025      1.889383
   1.028      1.887695
   1.032      1.885875
   1.035      1.883922
   1.039      1.881837
   1.042      1.879620
   1.046      1.877270
   1.049      1.874788
   1.053      1.872175
   1.056      1.869431
   1.060      1.866555
   1.064      1.863549
   1.067      1.860413
   1.071      1.857147
   1.074      1.853751
   1.078      1.850227
   1.081      1.846574
   1.085      1.842794
   1.088      1.838886
   1.092      1.834853
   1.095      1.830693
   1.099      1.826409
   1.102      1.822000
   1.106      1.817468
   1.109      1.812813
   1.113      1.808037
   1.117      1.803140
   1.120      1.798124
   1.124      1.792988
   1.127      1.787735
   1.131      1.782366
   1.134      1.776881
   1.138      1.771281
   1.141      1.765569
   1.145      1.759744
   1.148      1.753809
   1.152      1.747764
   1.155      1.741611
   1.159      1.735351
   1.162      1.728985
   1.166      1.722515
   1.170      1.715942
   1.173      1.709267
   1.177      1.702492
   1.180      1.695618
   1.184      1.688646
   1.187      1.681578
   1.191      1.674415
   1.194      1.667159
   1.198      1.659810
   1.201      1.652371
   1.205      1.644842
   1.208      1.637226
   1.212      1.629522
   1.215      1.621734
   1.219      1.613862
   1.223      1.605907
   1.226      1.597871
   1.230      1.589755
   1.233      1.581561
   1.237      1.573290
   1.240      1.564943
   1.244      1.556522
   1.247      1.548027
   1.251      1.539461
   1.254      1.530824
   1.258      1.522118
   1.261      1.513345
   1.265      1.504504
   1.268      1.495598
   1.272      1.486629
   1.276      1.477596
   1.279      1.468502
   1.283      1.459348
   1.286      1.450135
   1.290      1.440864
   1.293      1.431537
   1.297      1.422154
   1.300      1.412717
   1.304      1.403228
   1.307      1.393687
   1.311      1.384096
   1.314      1.374456
   1.318      1.364768
   1.321      1.355034
   1.325      1.345254
   1.329      1.335430
   1.332      1.325563
   1.336      1.315654
   1.339      1.305704
   1.343      1.295716
   1.346      1.285688
   1.350      1.275624
   1.353      1.265524
   1.357      1.255390
   1.360      1.245221
   1.364      1.235021
   1.367      1.224789
   1.371      1.214527
   1.374      1.204235
   1.378      1.193916
   1.382      1.183571
   1.385      1.173199
   1.389      1.162803
   1.392      1.152384
   1.396      1.141942
   1.399      1.131479
   1.403      1.120995
   1.406      1.110493
   1.410      1.099972
   1.413      1.089434
   1.417      1.078880
   1.420      1.068311
   1.424      1.057728
   1.427      1.047132
   1.431      1.036524
   1.435      1.025905
   1.438      1.015276
   1.442      1.004638
   1.445      0.993992
   1.449      0.983339
   1.452      0.972679
   1.456      0.962015
   1.459      0.951346
   1.463      0.940673
   1.466      0.929999
   1.470      0.919322
   1.473      0.908645
   1.477      0.897969
   1.480      0.887293
   1.484      0.876619
   1.488      0.865948
   1.491      0.855281
   1.495      0.844618
   1.498      0.833961
   1.502      0.823310
   1.505      0.812665
   1.509      0.802029
   1.512      0.791401
   1.516      0.780783
   1.519      0.770175
   1.523      0.759577
   1.526      0.748991
   1.530      0.738418
   1.533      0.727858
   1.537      0.717312
   1.541      0.706780
   1.544      0.696264
   1.548      0.685764
   1.551      0.675281
   1.555      0.664815
   1.558      0.654367
   1.562      0.643938
   1.565      0.633528
   1.569      0.623139
   1.572      0.612770
   1.576      0.602423
   1.579      0.592097
   1.583      0.581795
   1.586      0.571515
   1.590      0.561260
   1.594      0.551028
   1.597      0.540822
   1.601      0.530642
   1.604      0.520488
   1.608      0.510360
   1.611      0.500260
   1.615      0.490188
   1.618      0.480144
   1.622      0.470129
   1.625      0.460143
   1.629      0.450187
   1.632      0.440262
   1.636      0.430368
   1.639      0.420505
   1.643      0.410674
   1.647      0.400875
   1.650      0.391110
   1.654      0.381378
   1.657      0.371679
   1.661      0.362015
   1.664      0.352385
   1.668      0.342790
   1.671      0.333231
   1.675      0.323708
   1.678      0.314221
   1.682      0.304771
   1.685      0.295358
   1.689      0.285983
   1.692      0.276645
   1.696      0.267346
   1.700      0.258085
   1.703      0.248863
   1.707      0.239681
   1.710      0.230538
   1.714      0.221435
   1.717      0.212373
   1.721      0.203351
   1.724      0.194370
   1.728      0.185431
   1.731      0.176533
   1.735      0.167676
   1.738      0.158862
   1.742      0.150091
   1.745      0.141362
   1.749      0.132676
   1.753      0.124033
   1.756      0.115434
   1.760      0.106879
   1.763      0.098368
   1.767      0.089900
   1.770      0.081478
   1.774      0.073100
   1.777      0.064766
   1.781      0.056478
   1.784      0.048236
   1.788      0.040039
   1.791      0.031887
   1.795      0.023782
   1.798      0.015722
   1.802      0.007709
   1.806     -0.000258
   1.809     -0.008178
   1.813     -0.016051
   1.816     -0.023877
   1.820     -0.031657
   1.823     -0.039389
   1.827     -0.047074
   1.830     -0.054711
   1.834     -0.062300
   1.837     -0.069842
   1.841     -0.077336
   1.844     -0.084782
   1.848     -0.092180
   1.851     -0.099530
   1.855     -0.106831
   1.859     -0.114085
   1.862     -0.121289
   1.866     -0.128445
   1.869     -0.135553
   1.873     -0.142611
   1.876     -0.149621
   1.880     -0.156582
   1.883     -0.163495
   1.887     -0.170358
   1.890     -0.177172
   1.894     -0.183937
   1.897     -0.190654
   1.901     -0.197321
   1.904     -0.203939
   1.908     -0.210507
   1.912     -0.217027
   1.915     -0.223497
   1.919     -0.229918
   1.922     -0.236290
   1.926     -0.242612
   1.929     -0.248886
   1.933     -0.255110
   1.936     -0.261284
   1.940     -0.267410
   1.943     -0.273486
   1.947     -0.279513
   1.950     -0.285491
   1.954     -0.291420
   1.957     -0.297300
   1.961     -0.303130
   1.965     -0.308911
   1.968     -0.314644
   1.972     -0.320327
   1.975     -0.325961
   1.979     -0.331547
   1.982     -0.337084
   1.986     -0.342572
   1.989     -0.348011
   1.993     -0.353401
   1.996     -0.358743
   2.000     -0.364036
   2.003     -0.369281
   2.007     -0.374478
   2.010     -0.379626
   2.014     -0.384726
   2.018     -0.389778
   2.021     -0.394782
   2.025     -0.399738
   2.028     -0.404646
   2.032     -0.409506
   2.035     -0.414318
   2.039     -0.419083
   2.042     -0.423801
   2.046     -0.428471
   2.049     -0.433094
   2.053     -0.437669
   2.056     -0.442198
   2.060     -0.446680
   2.063     -0.451115
   2.067     -0.455503
   2.071     -0.459845
   2.074     -0.464141
   2.078     -0.468390
   2.081     -0.472593
   2.085     -0.476750
   2.088     -0.480861
   2.092     -0.484926
   2.095     -0.488946
   2.099     -0.492920
   2.102     -0.496849
   2.106     -0.500733
   2.109     -0.504571
   2.113     -0.508365
   2.116     -0.512114
   2.120     -0.515819
   2.124     -0.519479
   2.127     -0.523095
   2.131     -0.526667
   2.134     -0.530195
   2.138     -0.533679
   2.141     -0.537120
   2.145     -0.540517
   2.148     -0.543870
   2.152     -0.547181
   2.155     -0.550449
   2.159     -0.553674
   2.162     -0.556856
   2.166     -0.559996
   2.169     -0.563094
   2.173     -0.566150
   2.177     -0.569164
   2.180     -0.572136
   2.184     -0.575067
   2.187     -0.577956
   2.191     -0.580804
   2.194     -0.583612
   2.198     -0.586378
   2.201     -0.589104
   2.205     -0.591790
   2.208     -0.594435
   2.212     -0.597040
   2.215     -0.599606
   2.219     -0.602132
   2.222     -0.604618
   2.226     -0.607066
   2.230     -0.609474
   2.233     -0.611843
   2.237     -0.614174
   2.240     -0.616466
   2.244     -0.618720
   2.247     -0.620936
   2.251     -0.623114
   2.254     -0.625255
   2.258     -0.627358
   2.261     -0.629424
   2.265     -0.631453
   2.268     -0.633445
   2.272     -0.635400
   2.275     -0.637319
   2.279     -0.639202
   2.283     -0.641049
   2.286     -0.642860
   2.290     -0.644635
   2.293     -0.646376
   2.297     -0.648080
   2.300     -0.649750
   2.304     -0.651386
   2.307     -0.652986
   2.311     -0.654553
   2.314     -0.656085
   2.318     -0.657583
   2.321     -0.659048
   2.325     -0.660479
   2.328     -0.661877
   2.332     -0.663242
   2.336     -0.664574
   2.339     -0.665873
   2.343     -0.667140
   2.346     -0.668375
   2.350     -0.669578
   2.353     -0.670749
   2.357     -0.671888
   2.360     -0.672996
   2.364     -0.674073
   2.367     -0.675119
   2.371     -0.676134
   2.374     -0.677119
   2.378     -0.678073
   2.381     -0.678998
   2.385     -0.679892
   2.389     -0.680757
   2.392     -0.681593
   2.396     -0.682399
   2.399     -0.683176
   2.403     -0.683924
   2.406     -0.684644
   2.410     -0.685335
   2.413     -0.685999
   2.417     -0.686634
   2.420     -0.687241
   2.424     -0.687821
   2.427     -0.688374
   2.431     -0.688899
   2.434     -0.689398
   2.438     -0.689870
   2.442     -0.690315
   2.445     -0.690735
   2.449     -0.691128
   2.452     -0.691495
   2.456     -0.691836
   2.459     -0.692152
   2.463     -0.692443
   2.466     -0.692709
   2.470     -0.692950
   2.473     -0.693166
   2.477     -0.693358
   2.480     -0.693526
   2.484     -0.693670
   2.487     -0.693789
   2.491     -0.693886
   2.495     -0.693958
   2.498     -0.694008
   2.502     -0.694035
   2.505     -0.694039
   2.509     -0.694020
   2.512     -0.693979
   2.516     -0.693915
   2.519     -0.693830
   2.523     -0.693722
   2.526     -0.693594
   2.530     -0.693443
   2.533     -0.693272
   2.537     -0.693079
   2.540     -0.692866
   2.544     -0.692632
   2.548     -0.692378
   2.551     -0.692103
   2.555     -0.691808
   2.558     -0.691493
   2.562     -0.691159
   2.565     -0.690805
   2.569     -0.690432
   2.572     -0.690040
   2.576     -0.689629
   2.579     -0.689199
   2.583     -0.688750
   2.586     -0.688283
   2.590     -0.687798
   2.593     -0.687295
   2.597     -0.686774
   2.601     -0.686235
   2.604     -0.685679
   2.608     -0.685106
   2.611     -0.684515
   2.615     -0.683908
   2.618     -0.683284
   2.622     -0.682643
   2.625     -0.681986
   2.629     -0.681312
   2.632     -0.680623
   2.636     -0.679918
   2.639     -0.679197
   2.643     -0.678460
   2.646     -0.677708
   2.650     -0.676941
   2.654     -0.676158
   2.657     -0.675361
   2.661     -0.674550
   2.664     -0.673723
   2.668     -0.672882
   2.671     -0.672028
   2.675     -0.671159
   2.678     -0.670276
   2.682     -0.669379
   2.685     -0.668469
   2.689     -0.667545
   2.692     -0.666608
   2.696     -0.665659
   2.699     -0.664696
   2.703     -0.663720
   2.707     -0.662732
   2.710     -0.661731
   2.714     -0.660718
   2.717     -0.659693
   2.721     -0.658655
   2.724     -0.657606
   2.728     -0.656545
   2.731     -0.655473
   2.735     -0.654389
   2.738     -0.653294
   2.742     -0.652188
   2.745     -0.651070
   2.749     -0.649942
   2.752     -0.648804
   2.756     -0.647654
   2.760     -0.646494
   2.763     -0.645324
   2.767     -0.644144
   2.770     -0.642954
   2.774     -0.641754
   2.777     -0.640544
   2.781     -0.639324
   2.784     -0.638095
   2.788     -0.636857
   2.791     -0.635610
   2.795     -0.634353
   2.798     -0.633088
   2.802     -0.631813
   2.805     -0.630530
   2.809     -0.629239
   2.813     -0.627939
   2.816     -0.626630
   2.820     -0.625314
   2.823     -0.623989
   2.827     -0.622657
   2.830     -0.621317
   2.834     -0.619969
   2.837     -0.618613
   2.841     -0.617250
   2.844     -0.615880
   2.848     -0.614502
   2.851     -0.613117
   2.855     -0.611726
   2.858     -0.610327
   2.862     -0.608922
   2.866     -0.607510
   2.869     -0.606092
   2.873     -0.604667
   2.876     -0.603235
   2.880     -0.601798
   2.883     -0.600355
   2.887     -0.598905
   2.890     -0.597450
   2.894     -0.595989
   2.897     -0.594522
   2.901     -0.593050
   2.904     -0.591572
   2.908     -0.590089
   2.911     -0.588600
   2.915     -0.587107
   2.919     -0.585608
   2.922     -0.584105
   2.926     -0.582596
   2.929     -0.581083
   2.933     -0.579565
   2.936     -0.578043
   2.940     -0.576516
   2.943     -0.574985
   2.947     -0.573450
   2.950     -0.571910
   2.954     -0.570367
   2.957     -0.568819
   2.961     -0.567267
   2.964     -0.565712
   2.968     -0.564153
   2.972     -0.562591
   2.975     -0.561024
   2.979     -0.559455
   2.982     -0.557882
   2.986     -0.556306
   2.989     -0.554726
   2.993     -0.553144
   2.996     -0.551558
   3.000     -0.549970
   3.003     -0.548379
   3.007     -0.546785
   3.010     -0.545188
   3.014     -0.543589
   3.017     -0.541987
   3.021     -0.540383
   3.025     -0.538776
   3.028     -0.537168
   3.032     -0.535557
   3.035     -0.533944
   3.039     -0.532328
   3.042     -0.530711
   3.046     -0.529092
   3.049     -0.527472
   3.053     -0.525849
   3.056     -0.524225
   3.060     -0.522599
   3.063     -0.520972
   3.067     -0.519343
   3.070     -0.517713
   3.074     -0.516082
   3.078     -0.514450
   3.081     -0.512816
   3.085     -0.511181
   3.088     -0.509545
   3.092     -0.507909
   3.095     -0.506271
   3.099     -0.504633
   3.102     -0.502994
   3.106     -0.501354
   3.109     -0.499713
   3.113     -0.498072
   3.116     -0.496431
   3.120     -0.494789
   3.123     -0.493147
   3.127     -0.491505
   3.131     -0.489862
   3.134     -0.488219
   3.138     -0.486576
   3.141     -0.484933
   3.145     -0.483290
   3.148     -0.481647
   3.152     -0.480005
   3.155     -0.478362
   3.159     -0.476720
   3.162     -0.475078
   3.166     -0.473436
   3.169     -0.471795
   3.173     -0.470154
   3.176     -0.468514
   3.180     -0.466875
   3.184     -0.465236
   3.187     -0.463597
   3.191     -0.461960
   3.194     -0.460323
   3.198     -0.458687
   3.201     -0.457053
   3.205     -0.455419
   3.208     -0.453786
   3.212     -0.452154
   3.215     -0.450523
   3.219     -0.448893
   3.222     -0.447265
   3.226     -0.445637
   3.229     -0.444011
   3.233     -0.442387
   3.237     -0.440764
   3.240     -0.439142
   3.244     -0.437522
   3.247     -0.435903
   3.251     -0.434285
   3.254     -0.432670
   3.258     -0.431056
   3.261     -0.429444
   3.265     -0.427833
   3.268     -0.426224
   3.272     -0.424617
   3.275     -0.423012
   3.279     -0.421409
   3.282     -0.419807
   3.286     -0.418208
   3.290     -0.416610
   3.293     -0.415015
   3.297     -0.413422
   3.300     -0.411831
   3.304     -0.410242
   3.307     -0.408655
   3.311     -0.407070
   3.314     -0.405488
   3.318     -0.403908
   3.321     -0.402330
   3.325     -0.400754
   3.328     -0.399181
   3.332     -0.397611
   3.335     -0.396042
   3.339     -0.394477
   3.343     -0.392913
   3.346     -0.391353
   3.350     -0.389795
   3.353     -0.388239
   3.357     -0.386686
   3.360     -0.385136
   3.364     -0.383588
   3.367     -0.382043
   3.371     -0.380501
   3.374     -0.378962
   3.378     -0.377425
   3.381     -0.375891
   3.385     -0.374360
   3.388     -0.372832
   3.392     -0.371307
   3.396     -0.369785
   3.399     -0.368265
   3.403     -0.366749
   3.406     -0.365235
   3.410     -0.363725
   3.413     -0.362217
   3.417     -0.360713
   3.420     -0.359211
   3.424     -0.357713
   3.427     -0.356218
   3.431     -0.354726
   3.434     -0.353237
   3.438     -0.351751
   3.441     -0.350268
   3.445     -0.348789
   3.449     -0.347312
   3.452     -0.345839
   3.456     -0.344369
   3.459     -0.342903
   3.463     -0.341439
   3.466     -0.339979
   3.470     -0.338523
   3.473     -0.337069
   3.477     -0.335619
   3.480     -0.334173
   3.484     -0.332729
   3.487     -0.331289
   3.491     -0.329853
   3.494     -0.328419
   3.498     -0.326990
   3.502     -0.325563
   3.505     -0.324140
   3.509     -0.322721
   3.512     -0.321305
   3.516     -0.319892
   3.519     -0.318483
   3.523     -0.317077
   3.526     -0.315675
   3.530     -0.314277
   3.533     -0.312882
   3.537     -0.311490
   3.540     -0.310102
   3.544     -0.308718
   3.547     -0.307337
   3.551     -0.305959
   3.555     -0.304585
   3.558     -0.303215
   3.562     -0.301849
   3.565     -0.300486
   3.569     -0.299126
   3.572     -0.297770
   3.576     -0.296418
   3.579     -0.295069
   3.583     -0.293724
   3.586     -0.292383
   3.590     -0.291045
   3.593     -0.289711
   3.597     -0.288381
   3.600     -0.287054
   3.604     -0.285731
   3.608     -0.284411
   3.611     -0.283095
   3.615     -0.281783
   3.618     -0.280474
   3.622     -0.279169
   3.625     -0.277868
   3.629     -0.276570
   3.632     -0.275277
   3.636     -0.273986
   3.639     -0.272700
   3.643     -0.271417
   3.646     -0.270137
   3.650     -0.268862
   3.653     -0.267590
   3.657     -0.266322
   3.661     -0.265057
   3.664     -0.263796
   3.668     -0.262539
   3.671     -0.261285
   3.675     -0.260036
   3.678     -0.258789
   3.682     -0.257547
   3.685     -0.256308
   3.689     -0.255073
   3.692     -0.253841
   3.696     -0.252613
   3.699     -0.251389
   3.703     -0.250169
   3.706     -0.248952
   3.710     -0.247738
   3.714     -0.246529
   3.717     -0.245323
   3.721     -0.244120
   3.724     -0.242922
   3.728     -0.241727
   3.731     -0.240535
   3.735     -0.239348
   3.738     -0.238163
   3.742     -0.236983
   3.745     -0.235806
   3.749     -0.234633
   3.752     -0.233463
   3.756     -0.232297
   3.759     -0.231134
   3.763     -0.229976
   3.767     -0.228820
   3.770     -0.227669
   3.774     -0.226520
   3.777     -0.225376
   3.781     -0.224235
   3.784     -0.223097
   3.788     -0.221964
   3.791     -0.220833
   3.795     -0.219707
   3.798     -0.218583
   3.802     -0.217464
   3.805     -0.216348
   3.809     -0.215235
   3.812     -0.214126
   3.816     -0.213020
   3.820     -0.211918
   3.823     -0.210820
   3.827     -0.209724
   3.830     -0.208633
   3.834     -0.207545
   3.837     -0.206460
   3.841     -0.205379
   3.844     -0.204301
   3.848     -0.203227
   3.851     -0.202156
   3.855     -0.201089
   3.858     -0.200025
   3.862     -0.198964
   3.865     -0.197907
   3.869     -0.196853
   3.873     -0.195803
   3.876     -0.194756
   3.880     -0.193713
   3.883     -0.192672
   3.887     -0.191636
   3.890     -0.190602
   3.894     -0.189572
   3.897     -0.188545
   3.901     -0.187522
   3.904     -0.186502
   3.908     -0.185485
   3.911     -0.184472
   3.915     -0.183462
   3.918     -0.182455
   3.922     -0.181451
   3.926     -0.180451
   3.929     -0.179454
   3.933     -0.178460
   3.936     -0.177470
   3.940     -0.176483
   3.943     -0.175499
   3.947     -0.174518
   3.950     -0.173540
   3.954     -0.172566
   3.957     -0.171595
   3.961     -0.170627
   3.964     -0.169662
   3.968     -0.168700
   3.971     -0.167742
   3.975     -0.166786
   3.979     -0.165834
   3.982     -0.164885
   3.986     -0.163939
   3.989     -0.162996
   3.993     -0.162057
   3.996     -0.161120
   4.000     -0.160186
   4.003     -0.159256
   4.007     -0.158328
   4.010     -0.157404
   4.014     -0.156483
   4.017     -0.155564
   4.021     -0.154649
   4.024     -0.153737
   4.028     -0.152827
   4.032     -0.151921
   4.035     -0.151018
   4.039     -0.150117
   4.042     -0.149220
   4.046     -0.148325
   4.049     -0.147434
   4.053     -0.146545
   4.056     -0.145659
   4.060     -0.144776
   4.063     -0.143897
   4.067     -0.143020
   4.070     -0.142145
   4.074     -0.141274
   4.077     -0.140406
   4.081     -0.139540
   4.085     -0.138677
   4.088     -0.137817
   4.092     -0.136960
   4.095     -0.136106
   4.099     -0.135254
   4.102     -0.134405
   4.106     -0.133559
   4.109     -0.132716
   4.113     -0.131875
   4.116     -0.131037
   4.120     -0.130202
   4.123     -0.129370
   4.127     -0.128540
   4.130     -0.127713
   4.134     -0.126889
   4.138     -0.126067
   4.141     -0.125248
   4.145     -0.124431
   4.148     -0.123618
   4.152     -0.122807
   4.155     -0.121998
   4.159     -0.121192
   4.162     -0.120389
   4.166     -0.119588
   4.169     -0.118790
   4.173     -0.117994
   4.176     -0.117201
   4.180     -0.116410
   4.183     -0.115622
   4.187     -0.114837
   4.191     -0.114054
   4.194     -0.113273
   4.198     -0.112495
   4.201     -0.111719
   4.205     -0.110946
   4.208     -0.110175
   4.212     -0.109407
   4.215     -0.108641
   4.219     -0.107878
   4.222     -0.107117
   4.226     -0.106358
   4.229     -0.105602
   4.233     -0.104848
   4.236     -0.104096
   4.240     -0.103347
   4.244     -0.102600
   4.247     -0.101856
   4.251     -0.101113
   4.254     -0.100373
   4.258     -0.099636
   4.261     -0.098900
   4.265     -0.098167
   4.268     -0.097436
   4.272     -0.096708
   4.275     -0.095981
   4.279     -0.095257
   4.282     -0.094535
   4.286     -0.093816
   4.289     -0.093098
   4.293     -0.092383
   4.297     -0.091669
   4.300     -0.090958
   4.304     -0.090250
   4.307     -0.089543
   4.311     -0.088838
   4.314     -0.088136
   4.318     -0.087435
   4.321     -0.086737
   4.325     -0.086041
   4.328     -0.085347
   4.332     -0.084655
   4.335     -0.083965
   4.339     -0.083277
   4.342     -0.082591
   4.346     -0.081907
   4.350     -0.081225
   4.353     -0.080545
   4.357     -0.079867
   4.360     -0.079191
   4.364     -0.078517
   4.367     -0.077845
   4.371     -0.077175
   4.374     -0.076507
   4.378     -0.075841
   4.381     -0.075176
   4.385     -0.074514
   4.388     -0.073853
   4.392     -0.073195
   4.395     -0.072538
   4.399     -0.071883
   4.403     -0.071230
   4.406     -0.070579
   4.410     -0.069930
   4.413     -0.069282
   4.417     -0.068636
   4.420     -0.067992
   4.424     -0.067350
   4.427     -0.066710
   4.431     -0.066071
   4.434     -0.065435
   4.438     -0.064799
   4.441     -0.064166
   4.445     -0.063535
   4.448     -0.062905
   4.452     -0.062277
   4.456     -0.061650
   4.459     -0.061025
   4.463     -0.060402
   4.466     -0.059781
   4.470     -0.059161
   4.473     -0.058543
   4.477     -0.057926
   4.480     -0.057312
   4.484     -0.056698
   4.487     -0.056087
   4.491     -0.055477
   4.494     -0.054868
   4.498     -0.054262
   4.501     -0.053656
   4.505     -0.053053
   4.509     -0.052451
   4.512     -0.051850
   4.516     -0.051251
   4.519     -0.050653
   4.523     -0.050057
   4.526     -0.049463
   4.530     -0.048870
   4.533     -0.048278
   4.537     -0.047688
   4.540     -0.047100
   4.544     -0.046513
   4.547     -0.045927
   4.551     -0.045343
   4.554     -0.044760
   4.558     -0.044178
   4.562     -0.043598
   4.565     -0.043020
   4.569     -0.042443
   4.572     -0.041867
   4.576     -0.041292
   4.579     -0.040719
   4.583     -0.040148
   4.586     -0.039577
   4.590     -0.039008
   4.593     -0.038440
   4.597     -0.037874
   4.600     -0.037309
   4.604     -0.036745
   4.607     -0.036183
   4.611     -0.035622
   4.615     -0.035062
   4.618     -0.034503
   4.622     -0.033946
   4.625     -0.033389
   4.629     -0.032834
   4.632     -0.032281
   4.636     -0.031728
   4.639     -0.031177
   4.643     -0.030627
   4.646     -0.030078
   4.650     -0.029530
   4.653     -0.028984
   4.657     -0.028439
   4.660     -0.027894
   4.664     -0.027351
   4.668     -0.026810
   4.671     -0.026269
   4.675     -0.025729
   4.678     -0.025191
   4.682     -0.024653
   4.685     -0.024117
   4.689     -0.023582
   4.692     -0.023048
   4.696     -0.022515
   4.699     -0.021983
   4.703     -0.021452
   4.706     -0.020922
   4.710     -0.020393
   4.713     -0.019865
   4.717     -0.019338
   4.721     -0.018813
   4.724     -0.018288
   4.728     -0.017764
   4.731     -0.017241
   4.735     -0.016720
   4.738     -0.016199
   4.742     -0.015679
   4.745     -0.015160
   4.749     -0.014642
   4.752     -0.014125
   4.756     -0.013609
   4.759     -0.013094
   4.763     -0.012580
   4.766     -0.012066
   4.770     -0.011554
   4.774     -0.011042
   4.777     -0.010532
   4.781     -0.010022
   4.784     -0.009513
   4.788     -0.009005
   4.791     -0.008498
   4.795     -0.007992
   4.798     -0.007486
   4.802     -0.006982
   4.805     -0.006478
   4.809     -0.005975
   4.812     -0.005473
   4.816     -0.004971
   4.819     -0.004471
   4.823     -0.003971
   4.827     -0.003472
   4.830     -0.002974
   4.834     -0.002476
   4.837     -0.001980
   4.841     -0.001484
   4.844     -0.000988
   4.848     -0.000494
   4.851      0.000000
