   0.000      1.192245
   0.004      1.192245
   0.007      1.192245
   0.011      1.192245
   0.014      1.192245
   0.018      1.192245
   0.021      1.192245
   0.025      1.192245
   0.028      1.192245
   0.032      1.192244
   0.035      1.192244
   0.039      1.192244
   0.042      1.192243
   0.046      1.192242
   0.049      1.192241
   0.053      1.192240
   0.056      1.192239
   0.060      1.192237
   0.063      1.192235
   0.067      1.192232
   0.070      1.192229
   0.074      1.192226
   0.077      1.192222
   0.081      1.192218
   0.084      1.192212
   0.088      1.192207
   0.091      1.192200
   0.095      1.192193
   0.098      1.192184
   0.102      1.192175
   0.105      1.192165
   0.109      1.192153
   0.112      1.192141
   0.116      1.192127
   0.119      1.192112
   0.123      1.192095
   0.126      1.192077
   0.130      1.192057
   0.133      1.192036
   0.137      1.192012
   0.140      1.191987
   0.144      1.191960
   0.147      1.191930
   0.151      1.191898
   0.154      1.191864
   0.158      1.191828
   0.161      1.191788
   0.165      1.191746
   0.168      1.191701
   0.172      1.191653
   0.175      1.191602
   0.179      1.191548
   0.182      1.191490
   0.186      1.191428
   0.189      1.191363
   0.193      1.191294
   0.196      1.191220
   0.200      1.191143
   0.203      1.191060
   0.207      1.190974
   0.210      1.190882
   0.214      1.190785
   0.217      1.190683
   0.221      1.190576
   0.224      1.190463
   0.228      1.190345
   0.231      1.190220
   0.235      1.190089
   0.238      1.189952
   0.242      1.189808
   0.245      1.189658
   0.249      1.189500
   0.252      1.189334
   0.256      1.189162
   0.259      1.188981
   0.263      1.188792
   0.266      1.188596
   0.270      1.188390
   0.273      1.188176
   0.277      1.187952
   0.280      1.187720
   0.284      1.187477
   0.287      1.187225
   0.291      1.186963
   0.294      1.186690
   0.298      1.186406
   0.301      1.186112
   0.305      1.185806
   0.309      1.185489
   0.312      1.185159
   0.316      1.184818
   0.319      1.184464
   0.323      1.184098
   0.326      1.183718
   0.330      1.183325
   0.333      1.182918
   0.337      1.182498
   0.340      1.182063
   0.344      1.181613
   0.347      1.181149
   0.351      1.180669
   0.354      1.180174
   0.358      1.179663
   0.361      1.179136
   0.365      1.178592
   0.368      1.178032
   0.372      1.177454
   0.375      1.176859
   0.379      1.176247
   0.382      1.175616
   0.386      1.174967
   0.389      1.174300
   0.393      1.173613
   0.396      1.172908
   0.400      1.172182
   0.403      1.171438
   0.407      1.170673
   0.410      1.169887
   0.414      1.169081
   0.417      1.168255
   0.421      1.167407
   0.424      1.166537
   0.428      1.165646
   0.431      1.164733
   0.435      1.163798
   0.438      1.162841
   0.442      1.161860
   0.445      1.160857
   0.449      1.159831
   0.452      1.158782
   0.456      1.157709
   0.459      1.156613
   0.463      1.155493
   0.466      1.154349
   0.470      1.153180
   0.473      1.151988
   0.477      1.150771
   0.480      1.149530
   0.484      1.148263
   0.487      1.146973
   0.491      1.145657
   0.494      1.144316
   0.498      1.142951
   0.501      1.141560
   0.505      1.140145
   0.508      1.138704
   0.512      1.137238
   0.515      1.135747
   0.519      1.134231
   0.522      1.132690
   0.526      1.131124
   0.529      1.129532
   0.533      1.127916
   0.536      1.126275
   0.540      1.124610
   0.543      1.122919
   0.547      1.121204
   0.550      1.119465
   0.554      1.117702
   0.557      1.115914
   0.561      1.114103
   0.564      1.112268
   0.568      1.110409
   0.571      1.108527
   0.575      1.106622
   0.578      1.104694
   0.582      1.102744
   0.585      1.100771
   0.589      1.098776
   0.592      1.096760
   0.596      1.094722
   0.599      1.092663
   0.603      1.090583
   0.607      1.088483
   0.610      1.086362
   0.614      1.084222
   0.617      1.082063
   0.621      1.079885
   0.624      1.077688
   0.628      1.075472
   0.631      1.073240
   0.635      1.070989
   0.638      1.068722
   0.642      1.066438
   0.645      1.064138
   0.649      1.061823
   0.652      1.059492
   0.656      1.057147
   0.659      1.054787
   0.663      1.052414
   0.666      1.050027
   0.670      1.047627
   0.673      1.045215
   0.677      1.042791
   0.680      1.040356
   0.684      1.037909
   0.687      1.035452
   0.691      1.032986
   0.694      1.030509
   0.698      1.028024
   0.701      1.025531
   0.705      1.023029
   0.708      1.020520
   0.712      1.018004
   0.715      1.015481
   0.719      1.012952
   0.722      1.010418
   0.726      1.007879
   0.729      1.005335
   0.733      1.002787
   0.736      1.000235
   0.740      0.997681
   0.743      0.995123
   0.747      0.992564
   0.750      0.990003
   0.754      0.987440
   0.757      0.984877
   0.761      0.982313
   0.764      0.979749
   0.768      0.977186
   0.771      0.974624
   0.775      0.972063
   0.778      0.969504
   0.782      0.966947
   0.785      0.964393
   0.789      0.961842
   0.792      0.959294
   0.796      0.956750
   0.799      0.954210
   0.803      0.951675
   0.806      0.949145
   0.810      0.946619
   0.813      0.944100
   0.817      0.941586
   0.820      0.939079
   0.824      0.936578
   0.827      0.934084
   0.831      0.931598
   0.834      0.929119
   0.838      0.926648
   0.841      0.924184
   0.845      0.921730
   0.848      0.919284
   0.852      0.916846
   0.855      0.914418
   0.859      0.912000
   0.862      0.909590
   0.866      0.907191
   0.869      0.904802
   0.873      0.902423
   0.876      0.900055
   0.880      0.897697
   0.883      0.895350
   0.887      0.893014
   0.890      0.890689
   0.894      0.888375
   0.897      0.886073
   0.901      0.883783
   0.904      0.881504
   0.908      0.879237
   0.912      0.876982
   0.915      0.874740
   0.919      0.872509
   0.922      0.870291
   0.926      0.868085
   0.929      0.865892
   0.933      0.863711
   0.936      0.861543
   0.940      0.859387
   0.943      0.857244
   0.947      0.855114
   0.950      0.852997
   0.954      0.850892
   0.957      0.848800
   0.961      0.846722
   0.964      0.844656
   0.968      0.842603
   0.971      0.840563
   0.975      0.838536
   0.978      0.836521
   0.982      0.834520
   0.985      0.832531
   0.989      0.830555
   0.992      0.828593
   0.996      0.826642
   0.999      0.824705
   1.003      0.822780
   1.006      0.820868
   1.010      0.818969
   1.013      0.817082
   1.017      0.815207
   1.020      0.813345
   1.024      0.811495
   1.027      0.809658
   1.031      0.807833
   1.034      0.806019
   1.038      0.804218
   1.041      0.802429
   1.045      0.800652
   1.048      0.798886
   1.052      0.797133
   1.055      0.795390
   1.059      0.793660
   1.062      0.791940
   1.066      0.790232
   1.069      0.788535
   1.073      0.786850
   1.076      0.785175
   1.080      0.783511
   1.083      0.781858
   1.087      0.780215
   1.090      0.778584
   1.094      0.776962
   1.097      0.775351
   1.101      0.773750
   1.104      0.772159
   1.108      0.770578
   1.111      0.769007
   1.115      0.767445
   1.118      0.765893
   1.122      0.764351
   1.125      0.762818
   1.129      0.761294
   1.132      0.759780
   1.136      0.758274
   1.139      0.756777
   1.143      0.755289
   1.146      0.753809
   1.150      0.752338
   1.153      0.750876
   1.157      0.749422
   1.160      0.747975
   1.164      0.746537
   1.167      0.745107
   1.171      0.743684
   1.174      0.742269
   1.178      0.740862
   1.181      0.739462
   1.185      0.738069
   1.188      0.736684
   1.192      0.735305
   1.195      0.733934
   1.199      0.732569
   1.202      0.731211
   1.206      0.729860
   1.210      0.728515
   1.213      0.727177
   1.217      0.725845
   1.220      0.724519
   1.224      0.723199
   1.227      0.721885
   1.231      0.720577
   1.234      0.719274
   1.238      0.717977
   1.241      0.716686
   1.245      0.715401
   1.248      0.714120
   1.252      0.712845
   1.255      0.711575
   1.259      0.710310
   1.262      0.709050
   1.266      0.707795
   1.269      0.706545
   1.273      0.705299
   1.276      0.704058
   1.280      0.702822
   1.283      0.701590
   1.287      0.700363
   1.290      0.699139
   1.294      0.697920
   1.297      0.696705
   1.301      0.695494
   1.304      0.694287
   1.308      0.693084
   1.311      0.691885
   1.315      0.690689
   1.318      0.689497
   1.322      0.688309
   1.325      0.687124
   1.329      0.685943
   1.332      0.684766
   1.336      0.683591
   1.339      0.682420
   1.343      0.681252
   1.346      0.680087
   1.350      0.678926
   1.353      0.677767
   1.357      0.676612
   1.360      0.675459
   1.364      0.674309
   1.367      0.673162
   1.371      0.672018
   1.374      0.670877
   1.378      0.669739
   1.381      0.668603
   1.385      0.667469
   1.388      0.666339
   1.392      0.665210
   1.395      0.664085
   1.399      0.662961
   1.402      0.661840
   1.406      0.660722
   1.409      0.659606
   1.413      0.658492
   1.416      0.657380
   1.420      0.656271
   1.423      0.655164
   1.427      0.654059
   1.430      0.652956
   1.434      0.651855
   1.437      0.650757
   1.441      0.649660
   1.444      0.648566
   1.448      0.647473
   1.451      0.646382
   1.455      0.645294
   1.458      0.644207
   1.462      0.643122
   1.465      0.642040
   1.469      0.640959
   1.472      0.639879
   1.476      0.638802
   1.479      0.637727
   1.483      0.636653
   1.486      0.635581
   1.490      0.634511
   1.493      0.633443
   1.497      0.632376
   1.500      0.631311
   1.504      0.630248
   1.507      0.629187
   1.511      0.628127
   1.515      0.627069
   1.518      0.626013
   1.522      0.624958
   1.525      0.623905
   1.529      0.622854
   1.532      0.621804
   1.536      0.620756
   1.539      0.619709
   1.543      0.618664
   1.546      0.617621
   1.550      0.616580
   1.553      0.615540
   1.557      0.614501
   1.560      0.613464
   1.564      0.612429
   1.567      0.611396
   1.571      0.610364
   1.574      0.609333
   1.578      0.608304
   1.581      0.607277
   1.585      0.606251
   1.588      0.605227
   1.592      0.604205
   1.595      0.603184
   1.599      0.602165
   1.602      0.601147
   1.606      0.600131
   1.609      0.599116
   1.613      0.598103
   1.616      0.597092
   1.620      0.596082
   1.623      0.595074
   1.627      0.594067
   1.630      0.593062
   1.634      0.592059
   1.637      0.591057
   1.641      0.590057
   1.644      0.589058
   1.648      0.588061
   1.651      0.587066
   1.655      0.586072
   1.658      0.585080
   1.662      0.584090
   1.665      0.583101
   1.669      0.582114
   1.672      0.581128
   1.676      0.580145
   1.679      0.579162
   1.683      0.578182
   1.686      0.577203
   1.690      0.576226
   1.693      0.575250
   1.697      0.574276
   1.700      0.573304
   1.704      0.572334
   1.707      0.571365
   1.711      0.570398
   1.714      0.569432
   1.718      0.568468
   1.721      0.567506
   1.725      0.566546
   1.728      0.565588
   1.732      0.564631
   1.735      0.563676
   1.739      0.562722
   1.742      0.561771
   1.746      0.560821
   1.749      0.559873
   1.753      0.558926
   1.756      0.557982
   1.760      0.557039
   1.763      0.556098
   1.767      0.555159
   1.770      0.554221
   1.774      0.553285
   1.777      0.552351
   1.781      0.551419
   1.784      0.550489
   1.788      0.549560
   1.791      0.548634
   1.795      0.547709
   1.798      0.546786
   1.802      0.545865
   1.805      0.544945
   1.809      0.544028
   1.812      0.543112
   1.816      0.542198
   1.820      0.541286
   1.823      0.540376
   1.827      0.539467
   1.830      0.538561
   1.834      0.537656
   1.837      0.536754
   1.841      0.535853
   1.844      0.534954
   1.848      0.534057
   1.851      0.533161
   1.855      0.532268
   1.858      0.531377
   1.862      0.530487
   1.865      0.529599
   1.869      0.528714
   1.872      0.527830
   1.876      0.526948
   1.879      0.526068
   1.883      0.525190
   1.886      0.524313
   1.890      0.523439
   1.893      0.522567
   1.897      0.521696
   1.900      0.520828
   1.904      0.519961
   1.907      0.519096
   1.911      0.518234
   1.914      0.517373
   1.918      0.516514
   1.921      0.515657
   1.925      0.514802
   1.928      0.513949
   1.932      0.513098
   1.935      0.512248
   1.939      0.511401
   1.942      0.510556
   1.946      0.509713
   1.949      0.508871
   1.953      0.508032
   1.956      0.507194
   1.960      0.506359
   1.963      0.505525
   1.967      0.504693
   1.970      0.503864
   1.974      0.503036
   1.977      0.502210
   1.981      0.501386
   1.984      0.500564
   1.988      0.499744
   1.991      0.498926
   1.995      0.498110
   1.998      0.497296
   2.002      0.496484
   2.005      0.495674
   2.009      0.494866
   2.012      0.494060
   2.016      0.493255
   2.019      0.492453
   2.023      0.491653
   2.026      0.490854
   2.030      0.490058
   2.033      0.489263
   2.037      0.488471
   2.040      0.487680
   2.044      0.486891
   2.047      0.486105
   2.051      0.485320
   2.054      0.484537
   2.058      0.483756
   2.061      0.482977
   2.065      0.482200
   2.068      0.481425
   2.072      0.480652
   2.075      0.479881
   2.079      0.479112
   2.082      0.478345
   2.086      0.477579
   2.089      0.476816
   2.093      0.476054
   2.096      0.475295
   2.100      0.474537
   2.103      0.473781
   2.107      0.473028
   2.110      0.472276
   2.114      0.471526
   2.118      0.470778
   2.121      0.470032
   2.125      0.469287
   2.128      0.468545
   2.132      0.467805
   2.135      0.467066
   2.139      0.466330
   2.142      0.465595
   2.146      0.464862
   2.149      0.464131
   2.153      0.463402
   2.156      0.462675
   2.160      0.461950
   2.163      0.461226
   2.167      0.460505
   2.170      0.459785
   2.174      0.459068
   2.177      0.458352
   2.181      0.457638
   2.184      0.456926
   2.188      0.456216
   2.191      0.455507
   2.195      0.454801
   2.198      0.454096
   2.202      0.453393
   2.205      0.452692
   2.209      0.451993
   2.212      0.451296
   2.216      0.450600
   2.219      0.449907
   2.223      0.449215
   2.226      0.448525
   2.230      0.447837
   2.233      0.447150
   2.237      0.446466
   2.240      0.445783
   2.244      0.445102
   2.247      0.444423
   2.251      0.443746
   2.254      0.443071
   2.258      0.442397
   2.261      0.441725
   2.265      0.441055
   2.268      0.440387
   2.272      0.439720
   2.275      0.439055
   2.279      0.438392
   2.282      0.437731
   2.286      0.437072
   2.289      0.436414
   2.293      0.435758
   2.296      0.435104
   2.300      0.434451
   2.303      0.433801
   2.307      0.433152
   2.310      0.432505
   2.314      0.431859
   2.317      0.431215
   2.321      0.430573
   2.324      0.429933
   2.328      0.429294
   2.331      0.428658
   2.335      0.428022
   2.338      0.427389
   2.342      0.426757
   2.345      0.426127
   2.349      0.425499
   2.352      0.424872
   2.356      0.424247
   2.359      0.423624
   2.363      0.423002
   2.366      0.422382
   2.370      0.421764
   2.373      0.421147
   2.377      0.420532
   2.380      0.419919
   2.384      0.419307
   2.387      0.418697
   2.391      0.418088
   2.394      0.417482
   2.398      0.416877
   2.401      0.416273
   2.405      0.415671
   2.408      0.415071
   2.412      0.414472
   2.415      0.413875
   2.419      0.413280
   2.423      0.412686
   2.426      0.412093
   2.430      0.411503
   2.433      0.410914
   2.437      0.410326
   2.440      0.409740
   2.444      0.409156
   2.447      0.408573
   2.451      0.407992
   2.454      0.407412
   2.458      0.406834
   2.461      0.406257
   2.465      0.405682
   2.468      0.405109
   2.472      0.404537
   2.475      0.403967
   2.479      0.403398
   2.482      0.402830
   2.486      0.402265
   2.489      0.401700
   2.493      0.401137
   2.496      0.400576
   2.500      0.400016
   2.503      0.399458
   2.507      0.398901
   2.510      0.398346
   2.514      0.397792
   2.517      0.397240
   2.521      0.396689
   2.524      0.396139
   2.528      0.395592
   2.531      0.395045
   2.535      0.394500
   2.538      0.393956
   2.542      0.393414
   2.545      0.392874
   2.549      0.392334
   2.552      0.391797
   2.556      0.391260
   2.559      0.390725
   2.563      0.390192
   2.566      0.389659
   2.570      0.389129
   2.573      0.388599
   2.577      0.388072
   2.580      0.387545
   2.584      0.387020
   2.587      0.386496
   2.591      0.385974
   2.594      0.385453
   2.598      0.384933
   2.601      0.384415
   2.605      0.383898
   2.608      0.383383
   2.612      0.382869
   2.615      0.382356
   2.619      0.381844
   2.622      0.381334
   2.626      0.380826
   2.629      0.380318
   2.633      0.379812
   2.636      0.379307
   2.640      0.378804
   2.643      0.378302
   2.647      0.377801
   2.650      0.377301
   2.654      0.376803
   2.657      0.376306
   2.661      0.375811
   2.664      0.375316
   2.668      0.374823
   2.671      0.374332
   2.675      0.373841
   2.678      0.373352
   2.682      0.372864
   2.685      0.372377
   2.689      0.371892
   2.692      0.371408
   2.696      0.370925
   2.699      0.370443
   2.703      0.369963
   2.706      0.369484
   2.710      0.369006
   2.713      0.368529
   2.717      0.368054
   2.720      0.367579
   2.724      0.367106
   2.728      0.366634
   2.731      0.366164
   2.735      0.365694
   2.738      0.365226
   2.742      0.364759
   2.745      0.364293
   2.749      0.363829
   2.752      0.363365
   2.756      0.362903
   2.759      0.362442
   2.763      0.361982
   2.766      0.361523
   2.770      0.361065
   2.773      0.360609
   2.777      0.360154
   2.780      0.359700
   2.784      0.359247
   2.787      0.358795
   2.791      0.358344
   2.794      0.357894
   2.798      0.357446
   2.801      0.356998
   2.805      0.356552
