   0.000     -0.000037
   0.004      0.000019
   0.007      0.000074
   0.011      0.000167
   0.014      0.000297
   0.018      0.000464
   0.021      0.000668
   0.025      0.000910
   0.028      0.001188
   0.032      0.001504
   0.035      0.001856
   0.039      0.002246
   0.042      0.002672
   0.046      0.003136
   0.049      0.003637
   0.053      0.004174
   0.057      0.004749
   0.060      0.005360
   0.064      0.006009
   0.067      0.006694
   0.071      0.007416
   0.074      0.008174
   0.078      0.008970
   0.081      0.009802
   0.085      0.010671
   0.088      0.011577
   0.092      0.012519
   0.095      0.013497
   0.099      0.014513
   0.102      0.015564
   0.106      0.016652
   0.110      0.017777
   0.113      0.018937
   0.117      0.020134
   0.120      0.021367
   0.124      0.022636
   0.127      0.023941
   0.131      0.025283
   0.134      0.026660
   0.138      0.028073
   0.141      0.029522
   0.145      0.031006
   0.148      0.032526
   0.152      0.034082
   0.155      0.035673
   0.159      0.037300
   0.163      0.038962
   0.166      0.040660
   0.170      0.042392
   0.173      0.044160
   0.177      0.045963
   0.180      0.047800
   0.184      0.049673
   0.187      0.051580
   0.191      0.053522
   0.194      0.055498
   0.198      0.057509
   0.201      0.059555
   0.205      0.061635
   0.208      0.063748
   0.212      0.065896
   0.216      0.068078
   0.219      0.070294
   0.223      0.072543
   0.226      0.074827
   0.230      0.077143
   0.233      0.079494
   0.237      0.081877
   0.240      0.084294
   0.244      0.086743
   0.247      0.089226
   0.251      0.091742
   0.254      0.094290
   0.258      0.096871
   0.261      0.099484
   0.265      0.102130
   0.269      0.104808
   0.272      0.107518
   0.276      0.110260
   0.279      0.113033
   0.283      0.115839
   0.286      0.118676
   0.290      0.121544
   0.293      0.124443
   0.297      0.127374
   0.300      0.130336
   0.304      0.133328
   0.307      0.136351
   0.311      0.139405
   0.314      0.142489
   0.318      0.145603
   0.322      0.148747
   0.325      0.151921
   0.329      0.155125
   0.332      0.158358
   0.336      0.161621
   0.339      0.164913
   0.343      0.168234
   0.346      0.171584
   0.350      0.174963
   0.353      0.178370
   0.357      0.181806
   0.360      0.185270
   0.364      0.188762
   0.367      0.192282
   0.371      0.195829
   0.375      0.199404
   0.378      0.203007
   0.382      0.206636
   0.385      0.210293
   0.389      0.213976
   0.392      0.217686
   0.396      0.221422
   0.399      0.225185
   0.403      0.228973
   0.406      0.232787
   0.410      0.236627
   0.413      0.240492
   0.417      0.244383
   0.420      0.248299
   0.424      0.252239
   0.428      0.256204
   0.431      0.260193
   0.435      0.264207
   0.438      0.268245
   0.442      0.272306
   0.445      0.276391
   0.449      0.280499
   0.452      0.284631
   0.456      0.288785
   0.459      0.292962
   0.463      0.297162
   0.466      0.301384
   0.470      0.305628
   0.473      0.309893
   0.477      0.314181
   0.481      0.318490
   0.484      0.322820
   0.488      0.327170
   0.491      0.331542
   0.495      0.335934
   0.498      0.340346
   0.502      0.344778
   0.505      0.349230
   0.509      0.353702
   0.512      0.358193
   0.516      0.362703
   0.519      0.367232
   0.523      0.371779
   0.526      0.376345
   0.530      0.380928
   0.534      0.385530
   0.537      0.390149
   0.541      0.394786
   0.544      0.399439
   0.548      0.404110
   0.551      0.408797
   0.555      0.413500
   0.558      0.418220
   0.562      0.422955
   0.565      0.427706
   0.569      0.432473
   0.572      0.437254
   0.576      0.442050
   0.579      0.446861
   0.583      0.451686
   0.587      0.456526
   0.590      0.461378
   0.594      0.466245
   0.597      0.471125
   0.601      0.476017
   0.604      0.480923
   0.608      0.485841
   0.611      0.490771
   0.615      0.495713
   0.618      0.500666
   0.622      0.505631
   0.625      0.510607
   0.629      0.515594
   0.632      0.520592
   0.636      0.525600
   0.640      0.530617
   0.643      0.535645
   0.647      0.540682
   0.650      0.545728
   0.654      0.550783
   0.657      0.555847
   0.661      0.560919
   0.664      0.565999
   0.668      0.571087
   0.671      0.576183
   0.675      0.581285
   0.678      0.586395
   0.682      0.591511
   0.685      0.596634
   0.689      0.601762
   0.693      0.606897
   0.696      0.612037
   0.700      0.617182
   0.703      0.622333
   0.707      0.627487
   0.710      0.632647
   0.714      0.637810
   0.717      0.642977
   0.721      0.648148
   0.724      0.653322
   0.728      0.658499
   0.731      0.663678
   0.735      0.668860
   0.738      0.674044
   0.742      0.679230
   0.746      0.684417
   0.749      0.689605
   0.753      0.694795
   0.756      0.699985
   0.760      0.705175
   0.763      0.710365
   0.767      0.715555
   0.770      0.720744
   0.774      0.725933
   0.777      0.731120
   0.781      0.736306
   0.784      0.741491
   0.788      0.746673
   0.791      0.751853
   0.795      0.757030
   0.799      0.762205
   0.802      0.767376
   0.806      0.772544
   0.809      0.777708
   0.813      0.782868
   0.816      0.788024
   0.820      0.793175
   0.823      0.798321
   0.827      0.803462
   0.830      0.808597
   0.834      0.813727
   0.837      0.818851
   0.841      0.823968
   0.844      0.829078
   0.848      0.834182
   0.852      0.839278
   0.855      0.844367
   0.859      0.849447
   0.862      0.854520
   0.866      0.859585
   0.869      0.864640
   0.873      0.869687
   0.876      0.874725
   0.880      0.879752
   0.883      0.884771
   0.887      0.889779
   0.890      0.894776
   0.894      0.899763
   0.897      0.904739
   0.901      0.909704
   0.905      0.914657
   0.908      0.919599
   0.912      0.924528
   0.915      0.929445
   0.919      0.934349
   0.922      0.939241
   0.926      0.944119
   0.929      0.948984
   0.933      0.953835
   0.936      0.958672
   0.940      0.963495
   0.943      0.968303
   0.947      0.973097
   0.950      0.977875
   0.954      0.982638
   0.958      0.987386
   0.961      0.992117
   0.965      0.996832
   0.968      1.001531
   0.972      1.006213
   0.975      1.010879
   0.979      1.015527
   0.982      1.020157
   0.986      1.024770
   0.989      1.029365
   0.993      1.033942
   0.996      1.038500
   1.000      1.043039
   1.003      1.047560
   1.007      1.052061
   1.011      1.056543
   1.014      1.061005
   1.018      1.065446
   1.021      1.069868
   1.025      1.074269
   1.028      1.078650
   1.032      1.083009
   1.035      1.087347
   1.039      1.091664
   1.042      1.095959
   1.046      1.100233
   1.049      1.104484
   1.053      1.108712
   1.056      1.112918
   1.060      1.117102
   1.064      1.121262
   1.067      1.125399
   1.071      1.129512
   1.074      1.133601
   1.078      1.137667
   1.081      1.141708
   1.085      1.145725
   1.088      1.149718
   1.092      1.153685
   1.095      1.157627
   1.099      1.161545
   1.102      1.165436
   1.106      1.169302
   1.109      1.173143
   1.113      1.176957
   1.117      1.180744
   1.120      1.184506
   1.124      1.188240
   1.127      1.191948
   1.131      1.195629
   1.134      1.199282
   1.138      1.202908
   1.141      1.206506
   1.145      1.210077
   1.148      1.213619
   1.152      1.217133
   1.155      1.220619
   1.159      1.224076
   1.162      1.227505
   1.166      1.230904
   1.170      1.234275
   1.173      1.237616
   1.177      1.240928
   1.180      1.244210
   1.184      1.247463
   1.187      1.250685
   1.191      1.253878
   1.194      1.257040
   1.198      1.260172
   1.201      1.263273
   1.205      1.266344
   1.208      1.269384
   1.212      1.272392
   1.215      1.275370
   1.219      1.278316
   1.223      1.281231
   1.226      1.284114
   1.230      1.286966
   1.233      1.289786
   1.237      1.292573
   1.240      1.295329
   1.244      1.298053
   1.247      1.300744
   1.251      1.303402
   1.254      1.306028
   1.258      1.308621
   1.261      1.311182
   1.265      1.313709
   1.268      1.316203
   1.272      1.318665
   1.276      1.321092
   1.279      1.323487
   1.283      1.325848
   1.286      1.328175
   1.290      1.330468
   1.293      1.332728
   1.297      1.334954
   1.300      1.337146
   1.304      1.339303
   1.307      1.341427
   1.311      1.343516
   1.314      1.345571
   1.318      1.347592
   1.321      1.349578
   1.325      1.351529
   1.329      1.353446
   1.332      1.355328
   1.336      1.357175
   1.339      1.358987
   1.343      1.360765
   1.346      1.362507
   1.350      1.364215
   1.353      1.365887
   1.357      1.367524
   1.360      1.369126
   1.364      1.370693
   1.367      1.372224
   1.371      1.373721
   1.374      1.375181
   1.378      1.376607
   1.382      1.377997
   1.385      1.379351
   1.389      1.380670
   1.392      1.381953
   1.396      1.383201
   1.399      1.384413
   1.403      1.385590
   1.406      1.386731
   1.410      1.387836
   1.413      1.388906
   1.417      1.389940
   1.420      1.390938
   1.424      1.391901
   1.427      1.392828
   1.431      1.393719
   1.435      1.394575
   1.438      1.395395
   1.442      1.396179
   1.445      1.396928
   1.449      1.397641
   1.452      1.398318
   1.456      1.398960
   1.459      1.399566
   1.463      1.400136
   1.466      1.400671
   1.470      1.401170
   1.473      1.401634
   1.477      1.402063
   1.480      1.402455
   1.484      1.402813
   1.488      1.403135
   1.491      1.403422
   1.495      1.403673
   1.498      1.403890
   1.502      1.404071
   1.505      1.404216
   1.509      1.404327
   1.512      1.404403
   1.516      1.404444
   1.519      1.404449
   1.523      1.404420
   1.526      1.404356
   1.530      1.404258
   1.533      1.404124
   1.537      1.403956
   1.541      1.403754
   1.544      1.403517
   1.548      1.403245
   1.551      1.402940
   1.555      1.402600
   1.558      1.402225
   1.562      1.401817
   1.565      1.401375
   1.569      1.400899
   1.572      1.400389
   1.576      1.399845
   1.579      1.399268
   1.583      1.398657
   1.586      1.398013
   1.590      1.397336
   1.594      1.396625
   1.597      1.395881
   1.601      1.395104
   1.604      1.394295
   1.608      1.393452
   1.611      1.392577
   1.615      1.391669
   1.618      1.390729
   1.622      1.389756
   1.625      1.388752
   1.629      1.387715
   1.632      1.386646
   1.636      1.385545
   1.639      1.384413
   1.643      1.383249
   1.647      1.382054
   1.650      1.380827
   1.654      1.379570
   1.657      1.378281
   1.661      1.376961
   1.664      1.375611
   1.668      1.374229
   1.671      1.372818
   1.675      1.371376
   1.678      1.369904
   1.682      1.368402
   1.685      1.366870
   1.689      1.365308
   1.692      1.363717
   1.696      1.362096
   1.700      1.360446
   1.703      1.358767
   1.707      1.357059
   1.710      1.355322
   1.714      1.353557
   1.717      1.351763
   1.721      1.349941
   1.724      1.348091
   1.728      1.346212
   1.731      1.344306
   1.735      1.342373
   1.738      1.340412
   1.742      1.338423
   1.745      1.336408
   1.749      1.334365
   1.753      1.332296
   1.756      1.330201
   1.760      1.328079
   1.763      1.325930
   1.767      1.323756
   1.770      1.321556
   1.774      1.319330
   1.777      1.317079
   1.781      1.314802
   1.784      1.312500
   1.788      1.310174
   1.791      1.307822
   1.795      1.305447
   1.798      1.303046
   1.802      1.300622
   1.806      1.298174
   1.809      1.295702
   1.813      1.293206
   1.816      1.290687
   1.820      1.288145
   1.823      1.285579
   1.827      1.282991
   1.830      1.280381
   1.834      1.277748
   1.837      1.275093
   1.841      1.272415
   1.844      1.269716
   1.848      1.266996
   1.851      1.264254
   1.855      1.261491
   1.859      1.258707
   1.862      1.255902
   1.866      1.253076
   1.869      1.250231
   1.873      1.247365
   1.876      1.244479
   1.880      1.241573
   1.883      1.238648
   1.887      1.235704
   1.890      1.232740
   1.894      1.229757
   1.897      1.226756
   1.901      1.223736
   1.904      1.220698
   1.908      1.217642
   1.912      1.214568
   1.915      1.211476
   1.919      1.208367
   1.922      1.205241
   1.926      1.202098
   1.929      1.198937
   1.933      1.195761
   1.936      1.192568
   1.940      1.189358
   1.943      1.186133
   1.947      1.182892
   1.950      1.179635
   1.954      1.176363
   1.957      1.173076
   1.961      1.169774
   1.965      1.166457
   1.968      1.163126
   1.972      1.159780
   1.975      1.156421
   1.979      1.153047
   1.982      1.149660
   1.986      1.146260
   1.989      1.142846
   1.993      1.139419
   1.996      1.135980
   2.000      1.132528
   2.003      1.129063
   2.007      1.125586
   2.010      1.122097
   2.014      1.118597
   2.018      1.115085
   2.021      1.111562
   2.025      1.108027
   2.028      1.104482
   2.032      1.100926
   2.035      1.097359
   2.039      1.093782
   2.042      1.090195
   2.046      1.086598
   2.049      1.082991
   2.053      1.079375
   2.056      1.075750
   2.060      1.072115
   2.063      1.068472
   2.067      1.064820
   2.071      1.061159
   2.074      1.057490
   2.078      1.053813
   2.081      1.050129
   2.085      1.046436
   2.088      1.042736
   2.092      1.039029
   2.095      1.035315
   2.099      1.031594
   2.102      1.027866
   2.106      1.024132
   2.109      1.020391
   2.113      1.016645
   2.116      1.012892
   2.120      1.009134
   2.124      1.005370
   2.127      1.001601
   2.131      0.997827
   2.134      0.994047
   2.138      0.990263
   2.141      0.986475
   2.145      0.982682
   2.148      0.978885
   2.152      0.975084
   2.155      0.971279
   2.159      0.967470
   2.162      0.963658
   2.166      0.959843
   2.169      0.956024
   2.173      0.952203
   2.177      0.948379
   2.180      0.944552
   2.184      0.940723
   2.187      0.936892
   2.191      0.933059
   2.194      0.929224
   2.198      0.925387
   2.201      0.921549
   2.205      0.917709
   2.208      0.913868
   2.212      0.910026
   2.215      0.906184
   2.219      0.902340
   2.222      0.898497
   2.226      0.894653
   2.230      0.890808
   2.233      0.886964
   2.237      0.883120
   2.240      0.879276
   2.244      0.875433
   2.247      0.871590
   2.251      0.867748
   2.254      0.863907
   2.258      0.860067
   2.261      0.856229
   2.265      0.852392
   2.268      0.848556
   2.272      0.844722
   2.275      0.840890
   2.279      0.837060
   2.283      0.833232
   2.286      0.829407
   2.290      0.825584
   2.293      0.821763
   2.297      0.817946
   2.300      0.814131
   2.304      0.810319
   2.307      0.806510
   2.311      0.802705
   2.314      0.798903
   2.318      0.795105
   2.321      0.791310
   2.325      0.787520
   2.328      0.783733
   2.332      0.779950
   2.336      0.776172
   2.339      0.772398
   2.343      0.768628
   2.346      0.764864
   2.350      0.761104
   2.353      0.757348
   2.357      0.753598
   2.360      0.749853
   2.364      0.746113
   2.367      0.742379
   2.371      0.738650
   2.374      0.734926
   2.378      0.731209
   2.381      0.727497
   2.385      0.723791
   2.389      0.720091
   2.392      0.716397
   2.396      0.712710
   2.399      0.709029
   2.403      0.705354
   2.406      0.701686
   2.410      0.698025
   2.413      0.694371
   2.417      0.690723
   2.420      0.687083
   2.424      0.683449
   2.427      0.679823
   2.431      0.676204
   2.434      0.672593
   2.438      0.668989
   2.442      0.665393
   2.445      0.661804
   2.449      0.658223
   2.452      0.654650
   2.456      0.651085
   2.459      0.647528
   2.463      0.643979
   2.466      0.640439
   2.470      0.636907
   2.473      0.633383
   2.477      0.629868
   2.480      0.626361
   2.484      0.622863
   2.487      0.619373
   2.491      0.615893
   2.495      0.612421
   2.498      0.608958
   2.502      0.605504
   2.505      0.602060
   2.509      0.598624
   2.512      0.595198
   2.516      0.591781
   2.519      0.588374
   2.523      0.584976
   2.526      0.581587
   2.530      0.578208
   2.533      0.574839
   2.537      0.571480
   2.540      0.568130
   2.544      0.564790
   2.548      0.561460
   2.551      0.558140
   2.555      0.554830
   2.558      0.551530
   2.562      0.548241
   2.565      0.544961
   2.569      0.541692
   2.572      0.538433
   2.576      0.535184
   2.579      0.531946
   2.583      0.528718
   2.586      0.525501
   2.590      0.522295
   2.593      0.519099
   2.597      0.515913
   2.601      0.512738
   2.604      0.509575
   2.608      0.506421
   2.611      0.503279
   2.615      0.500148
   2.618      0.497027
   2.622      0.493918
   2.625      0.490819
   2.629      0.487732
   2.632      0.484655
   2.636      0.481590
   2.639      0.478535
   2.643      0.475492
   2.646      0.472461
   2.650      0.469440
   2.654      0.466431
   2.657      0.463433
   2.661      0.460446
   2.664      0.457471
   2.668      0.454507
   2.671      0.451554
   2.675      0.448613
   2.678      0.445684
   2.682      0.442765
   2.685      0.439859
   2.689      0.436964
   2.692      0.434080
   2.696      0.431208
   2.699      0.428348
   2.703      0.425499
   2.707      0.422662
   2.710      0.419837
   2.714      0.417023
   2.717      0.414221
   2.721      0.411431
   2.724      0.408653
   2.728      0.405886
   2.731      0.403131
   2.735      0.400387
   2.738      0.397656
   2.742      0.394936
   2.745      0.392228
   2.749      0.389532
   2.752      0.386848
   2.756      0.384175
   2.760      0.381515
   2.763      0.378866
   2.767      0.376229
   2.770      0.373604
   2.774      0.370991
   2.777      0.368389
   2.781      0.365800
   2.784      0.363222
   2.788      0.360656
   2.791      0.358103
   2.795      0.355561
   2.798      0.353030
   2.802      0.350512
   2.805      0.348006
   2.809      0.345511
   2.813      0.343029
   2.816      0.340558
   2.820      0.338099
   2.823      0.335652
   2.827      0.333217
   2.830      0.330793
   2.834      0.328382
   2.837      0.325982
   2.841      0.323595
   2.844      0.321219
   2.848      0.318854
   2.851      0.316502
   2.855      0.314161
   2.858      0.311833
   2.862      0.309516
   2.866      0.307210
   2.869      0.304917
   2.873      0.302635
   2.876      0.300365
   2.880      0.298107
   2.883      0.295860
   2.887      0.293626
   2.890      0.291402
   2.894      0.289191
   2.897      0.286991
   2.901      0.284803
   2.904      0.282626
   2.908      0.280461
   2.911      0.278308
   2.915      0.276166
   2.919      0.274036
   2.922      0.271917
   2.926      0.269810
   2.929      0.267714
   2.933      0.265630
   2.936      0.263557
   2.940      0.261496
   2.943      0.259446
   2.947      0.257407
   2.950      0.255380
   2.954      0.253364
   2.957      0.251360
   2.961      0.249367
   2.964      0.247385
   2.968      0.245414
   2.972      0.243455
   2.975      0.241506
   2.979      0.239570
   2.982      0.237644
   2.986      0.235729
   2.989      0.233825
   2.993      0.231933
   2.996      0.230052
   3.000      0.228181
   3.003      0.226322
   3.007      0.224474
   3.010      0.222636
   3.014      0.220810
   3.017      0.218994
   3.021      0.217189
   3.025      0.215396
   3.028      0.213612
   3.032      0.211840
   3.035      0.210079
   3.039      0.208328
   3.042      0.206588
   3.046      0.204859
   3.049      0.203140
   3.053      0.201432
   3.056      0.199734
   3.060      0.198047
   3.063      0.196371
   3.067      0.194705
   3.070      0.193049
   3.074      0.191404
   3.078      0.189769
   3.081      0.188145
   3.085      0.186531
   3.088      0.184927
   3.092      0.183333
   3.095      0.181750
   3.099      0.180177
   3.102      0.178614
   3.106      0.177061
   3.109      0.175518
   3.113      0.173986
   3.116      0.172463
   3.120      0.170950
   3.123      0.169448
   3.127      0.167955
   3.131      0.166472
   3.134      0.164999
   3.138      0.163536
   3.141      0.162082
   3.145      0.160638
   3.148      0.159204
   3.152      0.157780
   3.155      0.156365
   3.159      0.154960
   3.162      0.153565
   3.166      0.152179
   3.169      0.150802
   3.173      0.149435
   3.176      0.148077
   3.180      0.146729
   3.184      0.145390
   3.187      0.144060
   3.191      0.142740
   3.194      0.141429
   3.198      0.140127
   3.201      0.138834
   3.205      0.137550
   3.208      0.136276
   3.212      0.135010
   3.215      0.133753
   3.219      0.132506
   3.222      0.131267
   3.226      0.130037
   3.229      0.128816
   3.233      0.127604
   3.237      0.126401
   3.240      0.125206
   3.244      0.124020
   3.247      0.122843
   3.251      0.121674
   3.254      0.120514
   3.258      0.119363
   3.261      0.118220
   3.265      0.117085
   3.268      0.115959
   3.272      0.114841
   3.275      0.113732
   3.279      0.112631
   3.282      0.111538
   3.286      0.110453
   3.290      0.109377
   3.293      0.108309
   3.297      0.107248
   3.300      0.106196
   3.304      0.105152
   3.307      0.104116
   3.311      0.103088
   3.314      0.102068
   3.318      0.101056
   3.321      0.100051
   3.325      0.099055
   3.328      0.098066
   3.332      0.097085
   3.335      0.096111
   3.339      0.095145
   3.343      0.094187
   3.346      0.093237
   3.350      0.092293
   3.353      0.091358
   3.357      0.090430
   3.360      0.089509
   3.364      0.088595
   3.367      0.087689
   3.371      0.086790
   3.374      0.085899
   3.378      0.085014
   3.381      0.084137
   3.385      0.083267
   3.388      0.082404
   3.392      0.081548
   3.396      0.080700
   3.399      0.079858
   3.403      0.079023
   3.406      0.078195
   3.410      0.077374
   3.413      0.076559
   3.417      0.075752
   3.420      0.074951
   3.424      0.074157
   3.427      0.073369
   3.431      0.072589
   3.434      0.071814
   3.438      0.071047
   3.441      0.070286
   3.445      0.069531
   3.449      0.068783
   3.452      0.068041
   3.456      0.067306
   3.459      0.066576
   3.463      0.065854
   3.466      0.065137
   3.470      0.064427
   3.473      0.063722
   3.477      0.063024
   3.480      0.062333
   3.484      0.061647
   3.487      0.060967
   3.491      0.060293
   3.494      0.059625
   3.498      0.058963
   3.502      0.058307
   3.505      0.057657
   3.509      0.057012
   3.512      0.056374
   3.516      0.055741
   3.519      0.055113
   3.523      0.054492
   3.526      0.053876
   3.530      0.053265
   3.533      0.052661
   3.537      0.052061
   3.540      0.051467
   3.544      0.050879
   3.547      0.050296
   3.551      0.049718
   3.555      0.049146
   3.558      0.048579
   3.562      0.048017
   3.565      0.047461
   3.569      0.046910
   3.572      0.046363
   3.576      0.045822
   3.579      0.045286
   3.583      0.044756
   3.586      0.044230
   3.590      0.043709
   3.593      0.043193
   3.597      0.042682
   3.600      0.042176
   3.604      0.041674
   3.608      0.041178
   3.611      0.040686
   3.615      0.040199
   3.618      0.039717
   3.622      0.039240
   3.625      0.038767
   3.629      0.038299
   3.632      0.037835
   3.636      0.037376
   3.639      0.036921
   3.643      0.036471
   3.646      0.036025
   3.650      0.035584
   3.653      0.035147
   3.657      0.034714
   3.661      0.034286
   3.664      0.033862
   3.668      0.033443
   3.671      0.033027
   3.675      0.032616
   3.678      0.032209
   3.682      0.031806
   3.685      0.031407
   3.689      0.031012
   3.692      0.030621
   3.696      0.030235
   3.699      0.029852
   3.703      0.029473
   3.706      0.029098
   3.710      0.028727
   3.714      0.028360
   3.717      0.027996
   3.721      0.027637
   3.724      0.027281
   3.728      0.026929
   3.731      0.026580
   3.735      0.026236
   3.738      0.025895
   3.742      0.025557
   3.745      0.025223
   3.749      0.024893
   3.752      0.024566
   3.756      0.024243
   3.759      0.023923
   3.763      0.023607
   3.767      0.023294
   3.770      0.022985
   3.774      0.022678
   3.777      0.022375
   3.781      0.022076
   3.784      0.021780
   3.788      0.021487
   3.791      0.021197
   3.795      0.020910
   3.798      0.020627
   3.802      0.020347
   3.805      0.020069
   3.809      0.019795
   3.812      0.019524
   3.816      0.019256
   3.820      0.018992
   3.823      0.018730
   3.827      0.018471
   3.830      0.018214
   3.834      0.017961
   3.837      0.017711
   3.841      0.017464
   3.844      0.017219
   3.848      0.016977
   3.851      0.016738
   3.855      0.016502
   3.858      0.016269
   3.862      0.016038
   3.865      0.015810
   3.869      0.015584
   3.873      0.015361
   3.876      0.015141
   3.880      0.014924
   3.883      0.014709
   3.887      0.014496
   3.890      0.014286
   3.894      0.014079
   3.897      0.013874
   3.901      0.013671
   3.904      0.013471
   3.908      0.013273
   3.911      0.013078
   3.915      0.012885
   3.918      0.012694
   3.922      0.012506
   3.926      0.012320
   3.929      0.012136
   3.933      0.011955
   3.936      0.011775
   3.940      0.011598
   3.943      0.011423
   3.947      0.011251
   3.950      0.011080
   3.954      0.010912
   3.957      0.010745
   3.961      0.010581
   3.964      0.010419
   3.968      0.010259
   3.971      0.010101
   3.975      0.009945
   3.979      0.009791
   3.982      0.009638
   3.986      0.009488
   3.989      0.009340
   3.993      0.009194
   3.996      0.009049
   4.000      0.008906
   4.003      0.008766
   4.007      0.008627
   4.010      0.008490
   4.014      0.008354
   4.017      0.008221
   4.021      0.008089
   4.024      0.007959
   4.028      0.007830
   4.032      0.007704
   4.035      0.007579
   4.039      0.007455
   4.042      0.007334
   4.046      0.007214
   4.049      0.007095
   4.053      0.006979
   4.056      0.006863
   4.060      0.006750
   4.063      0.006638
   4.067      0.006527
   4.070      0.006418
   4.074      0.006310
   4.077      0.006204
   4.081      0.006100
   4.085      0.005996
   4.088      0.005895
   4.092      0.005794
   4.095      0.005695
   4.099      0.005598
   4.102      0.005502
   4.106      0.005407
   4.109      0.005313
   4.113      0.005221
   4.116      0.005131
   4.120      0.005041
   4.123      0.004953
   4.127      0.004866
   4.130      0.004780
   4.134      0.004696
   4.138      0.004612
   4.141      0.004530
   4.145      0.004449
   4.148      0.004370
   4.152      0.004291
   4.155      0.004214
   4.159      0.004138
   4.162      0.004063
   4.166      0.003989
   4.169      0.003916
   4.173      0.003844
   4.176      0.003774
   4.180      0.003704
   4.183      0.003635
   4.187      0.003568
   4.191      0.003501
   4.194      0.003436
   4.198      0.003371
   4.201      0.003308
   4.205      0.003245
   4.208      0.003184
   4.212      0.003123
   4.215      0.003064
   4.219      0.003005
   4.222      0.002947
   4.226      0.002890
   4.229      0.002834
   4.233      0.002779
   4.236      0.002725
   4.240      0.002672
   4.244      0.002619
   4.247      0.002568
   4.251      0.002517
   4.254      0.002467
   4.258      0.002418
   4.261      0.002369
   4.265      0.002322
   4.268      0.002275
   4.272      0.002229
   4.275      0.002183
   4.279      0.002139
   4.282      0.002095
   4.286      0.002052
   4.289      0.002010
   4.293      0.001968
   4.297      0.001927
   4.300      0.001887
   4.304      0.001847
   4.307      0.001808
   4.311      0.001770
   4.314      0.001732
   4.318      0.001696
   4.321      0.001659
   4.325      0.001624
   4.328      0.001589
   4.332      0.001554
   4.335      0.001520
   4.339      0.001487
   4.342      0.001455
   4.346      0.001422
   4.350      0.001391
   4.353      0.001360
   4.357      0.001330
   4.360      0.001300
   4.364      0.001271
   4.367      0.001242
   4.371      0.001214
   4.374      0.001186
   4.378      0.001159
   4.381      0.001132
   4.385      0.001106
   4.388      0.001080
   4.392      0.001055
   4.395      0.001030
   4.399      0.001006
   4.403      0.000982
   4.406      0.000959
   4.410      0.000936
   4.413      0.000913
   4.417      0.000891
   4.420      0.000870
   4.424      0.000848
   4.427      0.000828
   4.431      0.000807
   4.434      0.000787
   4.438      0.000768
   4.441      0.000748
   4.445      0.000730
   4.448      0.000711
   4.452      0.000693
   4.456      0.000675
   4.459      0.000658
   4.463      0.000641
   4.466      0.000624
   4.470      0.000608
   4.473      0.000592
   4.477      0.000577
   4.480      0.000561
   4.484      0.000546
   4.487      0.000532
   4.491      0.000517
   4.494      0.000503
   4.498      0.000489
   4.501      0.000476
   4.505      0.000463
   4.509      0.000450
   4.512      0.000437
   4.516      0.000425
   4.519      0.000413
   4.523      0.000401
   4.526      0.000390
   4.530      0.000378
   4.533      0.000367
   4.537      0.000357
   4.540      0.000346
   4.544      0.000336
   4.547      0.000326
   4.551      0.000316
   4.554      0.000306
   4.558      0.000297
   4.562      0.000288
   4.565      0.000279
   4.569      0.000270
   4.572      0.000262
   4.576      0.000254
   4.579      0.000245
   4.583      0.000238
   4.586      0.000230
   4.590      0.000222
   4.593      0.000215
   4.597      0.000208
   4.600      0.000201
   4.604      0.000194
   4.607      0.000188
   4.611      0.000181
   4.615      0.000175
   4.618      0.000169
   4.622      0.000163
   4.625      0.000157
   4.629      0.000151
   4.632      0.000146
   4.636      0.000141
   4.639      0.000135
   4.643      0.000130
   4.646      0.000125
   4.650      0.000121
   4.653      0.000116
   4.657      0.000111
   4.660      0.000107
   4.664      0.000103
   4.668      0.000099
   4.671      0.000095
   4.675      0.000091
   4.678      0.000087
   4.682      0.000083
   4.685      0.000080
   4.689      0.000076
   4.692      0.000073
   4.696      0.000070
   4.699      0.000067
   4.703      0.000063
   4.706      0.000061
   4.710      0.000058
   4.713      0.000055
   4.717      0.000052
   4.721      0.000050
   4.724      0.000047
   4.728      0.000045
   4.731      0.000042
   4.735      0.000040
   4.738      0.000038
   4.742      0.000036
   4.745      0.000034
   4.749      0.000032
   4.752      0.000030
   4.756      0.000028
   4.759      0.000027
   4.763      0.000025
   4.766      0.000023
   4.770      0.000022
   4.774      0.000020
   4.777      0.000019
   4.781      0.000017
   4.784      0.000016
   4.788      0.000015
   4.791      0.000014
   4.795      0.000012
   4.798      0.000011
   4.802      0.000010
   4.805      0.000009
   4.809      0.000008
   4.812      0.000007
   4.816      0.000007
   4.819      0.000006
   4.823      0.000005
   4.827      0.000004
   4.830      0.000004
   4.834      0.000003
   4.837      0.000002
   4.841      0.000002
   4.844      0.000001
   4.848      0.000001
   4.851      0.000000
