   0.000      1.143241
   0.004      1.143240
   0.007      1.143237
   0.011      1.143232
   0.014      1.143225
   0.018      1.143216
   0.021      1.143204
   0.025      1.143191
   0.028      1.143176
   0.032      1.143159
   0.035      1.143139
   0.039      1.143118
   0.042      1.143094
   0.046      1.143068
   0.049      1.143040
   0.053      1.143010
   0.056      1.142978
   0.060      1.142943
   0.063      1.142907
   0.067      1.142867
   0.070      1.142826
   0.074      1.142782
   0.077      1.142736
   0.081      1.142688
   0.084      1.142636
   0.088      1.142583
   0.091      1.142527
   0.095      1.142468
   0.098      1.142407
   0.102      1.142343
   0.105      1.142276
   0.109      1.142206
   0.112      1.142133
   0.116      1.142058
   0.119      1.141980
   0.123      1.141898
   0.126      1.141813
   0.130      1.141725
   0.133      1.141634
   0.137      1.141540
   0.140      1.141442
   0.144      1.141340
   0.147      1.141235
   0.151      1.141126
   0.154      1.141014
   0.158      1.140897
   0.161      1.140777
   0.165      1.140653
   0.168      1.140524
   0.172      1.140391
   0.175      1.140253
   0.179      1.140111
   0.182      1.139965
   0.186      1.139814
   0.189      1.139657
   0.193      1.139496
   0.196      1.139330
   0.200      1.139158
   0.203      1.138981
   0.207      1.138798
   0.210      1.138609
   0.214      1.138415
   0.217      1.138214
   0.221      1.138008
   0.224      1.137795
   0.228      1.137575
   0.231      1.137349
   0.235      1.137116
   0.238      1.136875
   0.242      1.136628
   0.245      1.136372
   0.249      1.136110
   0.252      1.135839
   0.256      1.135560
   0.259      1.135273
   0.263      1.134978
   0.266      1.134673
   0.270      1.134360
   0.273      1.134037
   0.277      1.133706
   0.280      1.133364
   0.284      1.133013
   0.287      1.132651
   0.291      1.132279
   0.294      1.131896
   0.298      1.131503
   0.301      1.131098
   0.305      1.130682
   0.309      1.130254
   0.312      1.129814
   0.316      1.129362
   0.319      1.128897
   0.323      1.128420
   0.326      1.127929
   0.330      1.127425
   0.333      1.126908
   0.337      1.126376
   0.340      1.125830
   0.344      1.125270
   0.347      1.124694
   0.351      1.124104
   0.354      1.123497
   0.358      1.122876
   0.361      1.122238
   0.365      1.121583
   0.368      1.120913
   0.372      1.120225
   0.375      1.119519
   0.379      1.118797
   0.382      1.118056
   0.386      1.117297
   0.389      1.116520
   0.393      1.115724
   0.396      1.114909
   0.400      1.114075
   0.403      1.113221
   0.407      1.112347
   0.410      1.111454
   0.414      1.110539
   0.417      1.109605
   0.421      1.108649
   0.424      1.107673
   0.428      1.106675
   0.431      1.105655
   0.435      1.104614
   0.438      1.103551
   0.442      1.102466
   0.445      1.101359
   0.449      1.100229
   0.452      1.099076
   0.456      1.097901
   0.459      1.096703
   0.463      1.095482
   0.466      1.094237
   0.470      1.092970
   0.473      1.091679
   0.477      1.090365
   0.480      1.089028
   0.484      1.087667
   0.487      1.086283
   0.491      1.084875
   0.494      1.083444
   0.498      1.081989
   0.501      1.080511
   0.505      1.079010
   0.508      1.077486
   0.512      1.075939
   0.515      1.074368
   0.519      1.072775
   0.522      1.071159
   0.526      1.069521
   0.529      1.067860
   0.533      1.066178
   0.536      1.064473
   0.540      1.062746
   0.543      1.060998
   0.547      1.059229
   0.550      1.057439
   0.554      1.055629
   0.557      1.053798
   0.561      1.051948
   0.564      1.050077
   0.568      1.048188
   0.571      1.046279
   0.575      1.044353
   0.578      1.042408
   0.582      1.040445
   0.585      1.038466
   0.589      1.036469
   0.592      1.034456
   0.596      1.032428
   0.599      1.030383
   0.603      1.028324
   0.607      1.026251
   0.610      1.024164
   0.614      1.022063
   0.617      1.019949
   0.621      1.017823
   0.624      1.015685
   0.628      1.013536
   0.631      1.011376
   0.635      1.009206
   0.638      1.007026
   0.642      1.004837
   0.645      1.002639
   0.649      1.000433
   0.652      0.998220
   0.656      0.996000
   0.659      0.993773
   0.663      0.991540
   0.666      0.989302
   0.670      0.987059
   0.673      0.984812
   0.677      0.982562
   0.680      0.980308
   0.684      0.978051
   0.687      0.975792
   0.691      0.973532
   0.694      0.971270
   0.698      0.969008
   0.701      0.966746
   0.705      0.964484
   0.708      0.962223
   0.712      0.959963
   0.715      0.957706
   0.719      0.955450
   0.722      0.953197
   0.726      0.950948
   0.729      0.948702
   0.733      0.946460
   0.736      0.944223
   0.740      0.941991
   0.743      0.939764
   0.747      0.937542
   0.750      0.935327
   0.754      0.933118
   0.757      0.930916
   0.761      0.928721
   0.764      0.926534
   0.768      0.924354
   0.771      0.922183
   0.775      0.920020
   0.778      0.917866
   0.782      0.915721
   0.785      0.913585
   0.789      0.911459
   0.792      0.909343
   0.796      0.907237
   0.799      0.905141
   0.803      0.903055
   0.806      0.900981
   0.810      0.898917
   0.813      0.896865
   0.817      0.894824
   0.820      0.892794
   0.824      0.890776
   0.827      0.888770
   0.831      0.886776
   0.834      0.884794
   0.838      0.882824
   0.841      0.880867
   0.845      0.878922
   0.848      0.876989
   0.852      0.875069
   0.855      0.873161
   0.859      0.871267
   0.862      0.869385
   0.866      0.867515
   0.869      0.865659
   0.873      0.863816
   0.876      0.861985
   0.880      0.860167
   0.883      0.858362
   0.887      0.856570
   0.890      0.854791
   0.894      0.853025
   0.897      0.851271
   0.901      0.849531
   0.904      0.847803
   0.908      0.846087
   0.912      0.844385
   0.915      0.842695
   0.919      0.841017
   0.922      0.839352
   0.926      0.837699
   0.929      0.836059
   0.933      0.834430
   0.936      0.832814
   0.940      0.831210
   0.943      0.829617
   0.947      0.828036
   0.950      0.826467
   0.954      0.824910
   0.957      0.823364
   0.961      0.821829
   0.964      0.820305
   0.968      0.818793
   0.971      0.817291
   0.975      0.815800
   0.978      0.814319
   0.982      0.812849
   0.985      0.811390
   0.989      0.809940
   0.992      0.808501
   0.996      0.807071
   0.999      0.805652
   1.003      0.804241
   1.006      0.802840
   1.010      0.801449
   1.013      0.800066
   1.017      0.798693
   1.020      0.797328
   1.024      0.795971
   1.027      0.794624
   1.031      0.793284
   1.034      0.791953
   1.038      0.790629
   1.041      0.789313
   1.045      0.788005
   1.048      0.786705
   1.052      0.785411
   1.055      0.784125
   1.059      0.782846
   1.062      0.781573
   1.066      0.780307
   1.069      0.779048
   1.073      0.777795
   1.076      0.776548
   1.080      0.775307
   1.083      0.774072
   1.087      0.772843
   1.090      0.771619
   1.094      0.770400
   1.097      0.769187
   1.101      0.767979
   1.104      0.766776
   1.108      0.765577
   1.111      0.764384
   1.115      0.763195
   1.118      0.762010
   1.122      0.760829
   1.125      0.759652
   1.129      0.758480
   1.132      0.757311
   1.136      0.756146
   1.139      0.754984
   1.143      0.753826
   1.146      0.752671
   1.150      0.751520
   1.153      0.750371
   1.157      0.749226
   1.160      0.748083
   1.164      0.746943
   1.167      0.745805
   1.171      0.744670
   1.174      0.743538
   1.178      0.742407
   1.181      0.741279
   1.185      0.740153
   1.188      0.739029
   1.192      0.737907
   1.195      0.736787
   1.199      0.735668
   1.202      0.734551
   1.206      0.733435
   1.210      0.732321
   1.213      0.731209
   1.217      0.730097
   1.220      0.728987
   1.224      0.727878
   1.227      0.726770
   1.231      0.725663
   1.234      0.724557
   1.238      0.723452
   1.241      0.722348
   1.245      0.721244
   1.248      0.720141
   1.252      0.719039
   1.255      0.717937
   1.259      0.716836
   1.262      0.715735
   1.266      0.714635
   1.269      0.713535
   1.273      0.712435
   1.276      0.711336
   1.280      0.710237
   1.283      0.709138
   1.287      0.708040
   1.290      0.706941
   1.294      0.705843
   1.297      0.704744
   1.301      0.703646
   1.304      0.702548
   1.308      0.701450
   1.311      0.700352
   1.315      0.699253
   1.318      0.698155
   1.322      0.697057
   1.325      0.695958
   1.329      0.694859
   1.332      0.693761
   1.336      0.692662
   1.339      0.691563
   1.343      0.690464
   1.346      0.689364
   1.350      0.688265
   1.353      0.687165
   1.357      0.686065
   1.360      0.684965
   1.364      0.683865
   1.367      0.682764
   1.371      0.681664
   1.374      0.680563
   1.378      0.679462
   1.381      0.678361
   1.385      0.677259
   1.388      0.676158
   1.392      0.675056
   1.395      0.673954
   1.399      0.672852
   1.402      0.671750
   1.406      0.670648
   1.409      0.669545
   1.413      0.668443
   1.416      0.667340
   1.420      0.666238
   1.423      0.665135
   1.427      0.664032
   1.430      0.662930
   1.434      0.661827
   1.437      0.660724
   1.441      0.659621
   1.444      0.658519
   1.448      0.657416
   1.451      0.656314
   1.455      0.655211
   1.458      0.654109
   1.462      0.653007
   1.465      0.651905
   1.469      0.650803
   1.472      0.649701
   1.476      0.648600
   1.479      0.647499
   1.483      0.646398
   1.486      0.645297
   1.490      0.644197
   1.493      0.643097
   1.497      0.641998
   1.500      0.640899
   1.504      0.639800
   1.507      0.638702
   1.511      0.637604
   1.515      0.636507
   1.518      0.635410
   1.522      0.634314
   1.525      0.633218
   1.529      0.632123
   1.532      0.631029
   1.536      0.629935
   1.539      0.628842
   1.543      0.627750
   1.546      0.626658
   1.550      0.625567
   1.553      0.624477
   1.557      0.623388
   1.560      0.622299
   1.564      0.621212
   1.567      0.620125
   1.571      0.619039
   1.574      0.617954
   1.578      0.616871
   1.581      0.615788
   1.585      0.614706
   1.588      0.613625
   1.592      0.612545
   1.595      0.611466
   1.599      0.610389
   1.602      0.609312
   1.606      0.608237
   1.609      0.607163
   1.613      0.606090
   1.616      0.605018
   1.620      0.603948
   1.623      0.602879
   1.627      0.601811
   1.630      0.600744
   1.634      0.599679
   1.637      0.598615
   1.641      0.597553
   1.644      0.596492
   1.648      0.595432
   1.651      0.594374
   1.655      0.593318
   1.658      0.592263
   1.662      0.591209
   1.665      0.590157
   1.669      0.589107
   1.672      0.588058
   1.676      0.587011
   1.679      0.585965
   1.683      0.584921
   1.686      0.583879
   1.690      0.582838
   1.693      0.581799
   1.697      0.580762
   1.700      0.579727
   1.704      0.578693
   1.707      0.577661
   1.711      0.576631
   1.714      0.575603
   1.718      0.574577
   1.721      0.573552
   1.725      0.572529
   1.728      0.571509
   1.732      0.570490
   1.735      0.569473
   1.739      0.568458
   1.742      0.567444
   1.746      0.566433
   1.749      0.565424
   1.753      0.564417
   1.756      0.563411
   1.760      0.562408
   1.763      0.561407
   1.767      0.560408
   1.770      0.559411
   1.774      0.558416
   1.777      0.557423
   1.781      0.556432
   1.784      0.555443
   1.788      0.554456
   1.791      0.553472
   1.795      0.552489
   1.798      0.551509
   1.802      0.550531
   1.805      0.549555
   1.809      0.548581
   1.812      0.547610
   1.816      0.546640
   1.820      0.545673
   1.823      0.544708
   1.827      0.543745
   1.830      0.542784
   1.834      0.541826
   1.837      0.540870
   1.841      0.539916
   1.844      0.538964
   1.848      0.538015
   1.851      0.537068
   1.855      0.536123
   1.858      0.535181
   1.862      0.534240
   1.865      0.533302
   1.869      0.532367
   1.872      0.531433
   1.876      0.530502
   1.879      0.529573
   1.883      0.528647
   1.886      0.527723
   1.890      0.526801
   1.893      0.525881
   1.897      0.524964
   1.900      0.524049
   1.904      0.523137
   1.907      0.522227
   1.911      0.521319
   1.914      0.520413
   1.918      0.519510
   1.921      0.518609
   1.925      0.517711
   1.928      0.516815
   1.932      0.515921
   1.935      0.515030
   1.939      0.514141
   1.942      0.513254
   1.946      0.512370
   1.949      0.511488
   1.953      0.510608
   1.956      0.509731
   1.960      0.508856
   1.963      0.507983
   1.967      0.507113
   1.970      0.506245
   1.974      0.505380
   1.977      0.504517
   1.981      0.503656
   1.984      0.502798
   1.988      0.501942
   1.991      0.501088
   1.995      0.500237
   1.998      0.499388
   2.002      0.498541
   2.005      0.497697
   2.009      0.496855
   2.012      0.496015
   2.016      0.495178
   2.019      0.494343
   2.023      0.493510
   2.026      0.492680
   2.030      0.491852
   2.033      0.491027
   2.037      0.490203
   2.040      0.489383
   2.044      0.488564
   2.047      0.487748
   2.051      0.486934
   2.054      0.486122
   2.058      0.485313
   2.061      0.484506
   2.065      0.483701
   2.068      0.482899
   2.072      0.482099
   2.075      0.481301
   2.079      0.480505
   2.082      0.479712
   2.086      0.478921
   2.089      0.478132
   2.093      0.477346
   2.096      0.476562
   2.100      0.475780
   2.103      0.475000
   2.107      0.474223
   2.110      0.473448
   2.114      0.472675
   2.118      0.471904
   2.121      0.471136
   2.125      0.470369
   2.128      0.469605
   2.132      0.468844
   2.135      0.468084
   2.139      0.467327
   2.142      0.466572
   2.146      0.465819
   2.149      0.465068
   2.153      0.464320
   2.156      0.463573
   2.160      0.462829
   2.163      0.462087
   2.167      0.461347
   2.170      0.460610
   2.174      0.459874
   2.177      0.459141
   2.181      0.458410
   2.184      0.457680
   2.188      0.456954
   2.191      0.456229
   2.195      0.455506
   2.198      0.454786
   2.202      0.454067
   2.205      0.453351
   2.209      0.452637
   2.212      0.451924
   2.216      0.451214
   2.219      0.450506
   2.223      0.449800
   2.226      0.449097
   2.230      0.448395
   2.233      0.447695
   2.237      0.446997
   2.240      0.446302
   2.244      0.445608
   2.247      0.444917
   2.251      0.444227
   2.254      0.443540
   2.258      0.442854
   2.261      0.442171
   2.265      0.441489
   2.268      0.440810
   2.272      0.440132
   2.275      0.439457
   2.279      0.438783
   2.282      0.438112
   2.286      0.437442
   2.289      0.436775
   2.293      0.436109
   2.296      0.435445
   2.300      0.434784
   2.303      0.434124
   2.307      0.433466
   2.310      0.432810
   2.314      0.432156
   2.317      0.431503
   2.321      0.430853
   2.324      0.430205
   2.328      0.429558
   2.331      0.428914
   2.335      0.428271
   2.338      0.427630
   2.342      0.426991
   2.345      0.426354
   2.349      0.425719
   2.352      0.425085
   2.356      0.424453
   2.359      0.423824
   2.363      0.423196
   2.366      0.422570
   2.370      0.421945
   2.373      0.421323
   2.377      0.420702
   2.380      0.420083
   2.384      0.419466
   2.387      0.418850
   2.391      0.418237
   2.394      0.417625
   2.398      0.417015
   2.401      0.416406
   2.405      0.415800
   2.408      0.415195
   2.412      0.414592
   2.415      0.413990
   2.419      0.413391
   2.423      0.412793
   2.426      0.412197
   2.430      0.411602
   2.433      0.411009
   2.437      0.410418
   2.440      0.409828
   2.444      0.409241
   2.447      0.408654
   2.451      0.408070
   2.454      0.407487
   2.458      0.406906
   2.461      0.406326
   2.465      0.405749
   2.468      0.405172
   2.472      0.404598
   2.475      0.404025
   2.479      0.403453
   2.482      0.402883
   2.486      0.402315
   2.489      0.401749
   2.493      0.401184
   2.496      0.400620
   2.500      0.400058
   2.503      0.399498
   2.507      0.398939
   2.510      0.398382
   2.514      0.397827
   2.517      0.397273
   2.521      0.396720
   2.524      0.396169
   2.528      0.395620
   2.531      0.395072
   2.535      0.394525
   2.538      0.393980
   2.542      0.393437
   2.545      0.392895
   2.549      0.392355
   2.552      0.391816
   2.556      0.391278
   2.559      0.390742
   2.563      0.390208
   2.566      0.389674
   2.570      0.389143
   2.573      0.388613
   2.577      0.388084
   2.580      0.387557
   2.584      0.387031
   2.587      0.386506
   2.591      0.385983
   2.594      0.385462
   2.598      0.384942
   2.601      0.384423
   2.605      0.383905
   2.608      0.383389
   2.612      0.382875
   2.615      0.382362
   2.619      0.381850
   2.622      0.381339
   2.626      0.380830
   2.629      0.380322
   2.633      0.379816
   2.636      0.379311
   2.640      0.378807
   2.643      0.378305
   2.647      0.377804
   2.650      0.377304
   2.654      0.376805
   2.657      0.376308
   2.661      0.375813
   2.664      0.375318
   2.668      0.374825
   2.671      0.374333
   2.675      0.373842
   2.678      0.373353
   2.682      0.372865
   2.685      0.372378
   2.689      0.371893
   2.692      0.371408
   2.696      0.370926
   2.699      0.370444
   2.703      0.369963
   2.706      0.369484
   2.710      0.369006
   2.713      0.368529
   2.717      0.368054
   2.720      0.367580
   2.724      0.367106
   2.728      0.366635
   2.731      0.366164
   2.735      0.365695
   2.738      0.365226
   2.742      0.364759
   2.745      0.364293
   2.749      0.363829
   2.752      0.363365
   2.756      0.362903
   2.759      0.362442
   2.763      0.361982
   2.766      0.361523
   2.770      0.361065
   2.773      0.360609
   2.777      0.360154
   2.780      0.359700
   2.784      0.359247
   2.787      0.358795
   2.791      0.358344
   2.794      0.357894
   2.798      0.357446
   2.801      0.356998
   2.805      0.356552
