   0.000      1.233960
   0.002      1.233960
   0.005      1.233960
   0.007      1.233960
   0.009      1.233960
   0.012      1.233960
   0.014      1.233960
   0.016      1.233960
   0.019      1.233960
   0.021      1.233960
   0.023      1.233960
   0.026      1.233960
   0.028      1.233960
   0.031      1.233960
   0.033      1.233960
   0.035      1.233960
   0.038      1.233960
   0.040      1.233960
   0.042      1.233960
   0.045      1.233960
   0.047      1.233960
   0.049      1.233960
   0.052      1.233960
   0.054      1.233960
   0.056      1.233960
   0.059      1.233960
   0.061      1.233960
   0.063      1.233960
   0.066      1.233959
   0.068      1.233959
   0.070      1.233959
   0.073      1.233959
   0.075      1.233959
   0.077      1.233958
   0.080      1.233958
   0.082      1.233957
   0.085      1.233957
   0.087      1.233956
   0.089      1.233956
   0.092      1.233955
   0.094      1.233954
   0.096      1.233953
   0.099      1.233952
   0.101      1.233951
   0.103      1.233950
   0.106      1.233948
   0.108      1.233947
   0.110      1.233945
   0.113      1.233943
   0.115      1.233941
   0.117      1.233938
   0.120      1.233936
   0.122      1.233933
   0.124      1.233930
   0.127      1.233926
   0.129      1.233923
   0.132      1.233918
   0.134      1.233914
   0.136      1.233909
   0.139      1.233904
   0.141      1.233898
   0.143      1.233892
   0.146      1.233885
   0.148      1.233878
   0.150      1.233871
   0.153      1.233862
   0.155      1.233854
   0.157      1.233844
   0.160      1.233834
   0.162      1.233823
   0.164      1.233812
   0.167      1.233799
   0.169      1.233786
   0.171      1.233772
   0.174      1.233757
   0.176      1.233742
   0.178      1.233725
   0.181      1.233707
   0.183      1.233689
   0.186      1.233669
   0.188      1.233648
   0.190      1.233626
   0.193      1.233603
   0.195      1.233579
   0.197      1.233553
   0.200      1.233526
   0.202      1.233498
   0.204      1.233468
   0.207      1.233437
   0.209      1.233404
   0.211      1.233370
   0.214      1.233334
   0.216      1.233296
   0.218      1.233257
   0.221      1.233216
   0.223      1.233174
   0.225      1.233129
   0.228      1.233083
   0.230      1.233034
   0.232      1.232984
   0.235      1.232932
   0.237      1.232877
   0.240      1.232821
   0.242      1.232762
   0.244      1.232701
   0.247      1.232638
   0.249      1.232573
   0.251      1.232505
   0.254      1.232435
   0.256      1.232362
   0.258      1.232287
   0.261      1.232209
   0.263      1.232129
   0.265      1.232046
   0.268      1.231960
   0.270      1.231872
   0.272      1.231780
   0.275      1.231686
   0.277      1.231589
   0.279      1.231490
   0.282      1.231387
   0.284      1.231281
   0.286      1.231172
   0.289      1.231060
   0.291      1.230945
   0.294      1.230826
   0.296      1.230704
   0.298      1.230579
   0.301      1.230451
   0.303      1.230319
   0.305      1.230184
   0.308      1.230045
   0.310      1.229903
   0.312      1.229757
   0.315      1.229608
   0.317      1.229455
   0.319      1.229298
   0.322      1.229137
   0.324      1.228973
   0.326      1.228805
   0.329      1.228633
   0.331      1.228457
   0.333      1.228277
   0.336      1.228093
   0.338      1.227905
   0.340      1.227712
   0.343      1.227516
   0.345      1.227315
   0.348      1.227111
   0.350      1.226902
   0.352      1.226688
   0.355      1.226470
   0.357      1.226248
   0.359      1.226022
   0.362      1.225790
   0.364      1.225555
   0.366      1.225315
   0.369      1.225070
   0.371      1.224820
   0.373      1.224566
   0.376      1.224307
   0.378      1.224043
   0.380      1.223775
   0.383      1.223501
   0.385      1.223223
   0.387      1.222940
   0.390      1.222651
   0.392      1.222358
   0.395      1.222060
   0.397      1.221756
   0.399      1.221448
   0.402      1.221134
   0.404      1.220815
   0.406      1.220491
   0.409      1.220161
   0.411      1.219826
   0.413      1.219486
   0.416      1.219140
   0.418      1.218789
   0.420      1.218432
   0.423      1.218070
   0.425      1.217703
   0.427      1.217330
   0.430      1.216951
   0.432      1.216566
   0.434      1.216176
   0.437      1.215780
   0.439      1.215379
   0.441      1.214971
   0.444      1.214558
   0.446      1.214139
   0.449      1.213714
   0.451      1.213283
   0.453      1.212846
   0.456      1.212404
   0.458      1.211955
   0.460      1.211500
   0.463      1.211040
   0.465      1.210573
   0.467      1.210100
   0.470      1.209621
   0.472      1.209135
   0.474      1.208644
   0.477      1.208146
   0.479      1.207642
   0.481      1.207132
   0.484      1.206616
   0.486      1.206093
   0.488      1.205564
   0.491      1.205029
   0.493      1.204487
   0.495      1.203939
   0.498      1.203384
   0.500      1.202823
   0.503      1.202256
   0.505      1.201682
   0.507      1.201101
   0.510      1.200514
   0.512      1.199921
   0.514      1.199321
   0.517      1.198714
   0.519      1.198101
   0.521      1.197482
   0.524      1.196855
   0.526      1.196222
   0.528      1.195583
   0.531      1.194937
   0.533      1.194284
   0.535      1.193624
   0.538      1.192958
   0.540      1.192285
   0.542      1.191605
   0.545      1.190919
   0.547      1.190226
   0.549      1.189526
   0.552      1.188820
   0.554      1.188107
   0.557      1.187387
   0.559      1.186660
   0.561      1.185926
   0.564      1.185186
   0.566      1.184439
   0.568      1.183685
   0.571      1.182925
   0.573      1.182157
   0.575      1.181383
   0.578      1.180602
   0.580      1.179815
   0.582      1.179020
   0.585      1.178219
   0.587      1.177411
   0.589      1.176596
   0.592      1.175774
   0.594      1.174946
   0.596      1.174111
   0.599      1.173269
   0.601      1.172420
   0.603      1.171565
   0.606      1.170703
   0.608      1.169834
   0.611      1.168958
   0.613      1.168076
   0.615      1.167187
   0.618      1.166291
   0.620      1.165388
   0.622      1.164479
   0.625      1.163563
   0.627      1.162641
   0.629      1.161712
   0.632      1.160776
   0.634      1.159833
   0.636      1.158884
   0.639      1.157928
   0.641      1.156966
   0.643      1.155997
   0.646      1.155022
   0.648      1.154040
   0.650      1.153051
   0.653      1.152056
   0.655      1.151055
   0.658      1.150047
   0.660      1.149033
   0.662      1.148012
   0.665      1.146985
   0.667      1.145951
   0.669      1.144911
   0.672      1.143865
   0.674      1.142812
   0.676      1.141753
   0.679      1.140688
   0.681      1.139616
   0.683      1.138538
   0.686      1.137454
   0.688      1.136364
   0.690      1.135268
   0.693      1.134166
   0.695      1.133057
   0.697      1.131943
   0.700      1.130822
   0.702      1.129695
   0.704      1.128563
   0.707      1.127424
   0.709      1.126280
   0.712      1.125129
   0.714      1.123973
   0.716      1.122811
   0.719      1.121643
   0.721      1.120470
   0.723      1.119290
   0.726      1.118105
   0.728      1.116914
   0.730      1.115718
   0.733      1.114516
   0.735      1.113309
   0.737      1.112095
   0.740      1.110877
   0.742      1.109653
   0.744      1.108424
   0.747      1.107189
   0.749      1.105949
   0.751      1.104703
   0.754      1.103453
   0.756      1.102197
   0.758      1.100936
   0.761      1.099669
   0.763      1.098398
   0.766      1.097122
   0.768      1.095840
   0.770      1.094554
   0.773      1.093262
   0.775      1.091966
   0.777      1.090665
   0.780      1.089359
   0.782      1.088048
   0.784      1.086733
   0.787      1.085413
   0.789      1.084088
   0.791      1.082758
   0.794      1.081424
   0.796      1.080086
   0.798      1.078743
   0.801      1.077396
   0.803      1.076044
   0.805      1.074688
   0.808      1.073328
   0.810      1.071963
   0.812      1.070594
   0.815      1.069221
   0.817      1.067844
   0.820      1.066463
   0.822      1.065078
   0.824      1.063689
   0.827      1.062296
   0.829      1.060899
   0.831      1.059499
   0.834      1.058094
   0.836      1.056686
   0.838      1.055274
   0.841      1.053859
   0.843      1.052440
   0.845      1.051017
   0.848      1.049592
   0.850      1.048162
   0.852      1.046729
   0.855      1.045293
   0.857      1.043854
   0.859      1.042411
   0.862      1.040966
   0.864      1.039517
   0.866      1.038065
   0.869      1.036610
   0.871      1.035152
   0.874      1.033691
   0.876      1.032227
   0.878      1.030761
   0.881      1.029291
   0.883      1.027819
   0.885      1.026344
   0.888      1.024867
   0.890      1.023387
   0.892      1.021905
   0.895      1.020420
   0.897      1.018932
   0.899      1.017443
   0.902      1.015951
   0.904      1.014456
   0.906      1.012960
   0.909      1.011461
   0.911      1.009960
   0.913      1.008458
   0.916      1.006953
   0.918      1.005446
   0.921      1.003937
   0.923      1.002427
   0.925      1.000914
   0.928      0.999400
   0.930      0.997884
   0.932      0.996367
   0.935      0.994848
   0.937      0.993327
   0.939      0.991805
   0.942      0.990281
   0.944      0.988756
   0.946      0.987230
   0.949      0.985702
   0.951      0.984173
   0.953      0.982643
   0.956      0.981111
   0.958      0.979579
   0.960      0.978046
   0.963      0.976511
   0.965      0.974976
   0.967      0.973439
   0.970      0.971902
   0.972      0.970364
   0.975      0.968825
   0.977      0.967285
   0.979      0.965745
   0.982      0.964204
   0.984      0.962663
   0.986      0.961121
   0.989      0.959578
   0.991      0.958035
   0.993      0.956492
   0.996      0.954948
   0.998      0.953404
   1.000      0.951860
   1.003      0.950316
   1.005      0.948771
   1.007      0.947227
   1.010      0.945682
   1.012      0.944137
   1.014      0.942592
   1.017      0.941048
   1.019      0.939503
   1.021      0.937958
   1.024      0.936414
   1.026      0.934870
   1.029      0.933326
   1.031      0.931783
   1.033      0.930240
   1.036      0.928697
   1.038      0.927155
   1.040      0.925613
   1.043      0.924072
   1.045      0.922532
   1.047      0.920992
   1.050      0.919452
   1.052      0.917914
   1.054      0.916376
   1.057      0.914839
   1.059      0.913302
   1.061      0.911767
   1.064      0.910233
   1.066      0.908699
   1.068      0.907166
   1.071      0.905635
   1.073      0.904104
   1.075      0.902575
   1.078      0.901046
   1.080      0.899519
   1.083      0.897993
   1.085      0.896468
   1.087      0.894945
   1.090      0.893422
   1.092      0.891901
   1.094      0.890382
   1.097      0.888864
   1.099      0.887347
   1.101      0.885832
   1.104      0.884318
   1.106      0.882806
   1.108      0.881296
   1.111      0.879787
   1.113      0.878279
   1.115      0.876774
   1.118      0.875270
   1.120      0.873767
   1.122      0.872267
   1.125      0.870768
   1.127      0.869271
   1.129      0.867776
   1.132      0.866283
   1.134      0.864792
   1.137      0.863303
   1.139      0.861816
   1.141      0.860330
   1.144      0.858847
   1.146      0.857366
   1.148      0.855887
   1.151      0.854410
   1.153      0.852935
   1.155      0.851462
   1.158      0.849991
   1.160      0.848523
   1.162      0.847057
   1.165      0.845593
   1.167      0.844132
   1.169      0.842672
   1.172      0.841215
   1.174      0.839761
   1.176      0.838309
   1.179      0.836859
   1.181      0.835411
   1.184      0.833967
   1.186      0.832524
   1.188      0.831084
   1.191      0.829647
   1.193      0.828212
   1.195      0.826779
   1.198      0.825350
   1.200      0.823922
   1.202      0.822498
   1.205      0.821076
   1.207      0.819656
   1.209      0.818240
   1.212      0.816826
   1.214      0.815414
   1.216      0.814006
   1.219      0.812600
   1.221      0.811197
   1.223      0.809796
   1.226      0.808399
   1.228      0.807004
   1.230      0.805612
   1.233      0.804223
   1.235      0.802837
   1.238      0.801453
   1.240      0.800073
   1.242      0.798695
   1.245      0.797320
   1.247      0.795948
   1.249      0.794579
   1.252      0.793213
   1.254      0.791850
   1.256      0.790490
   1.259      0.789133
   1.261      0.787779
   1.263      0.786428
   1.266      0.785080
   1.268      0.783734
   1.270      0.782392
   1.273      0.781053
   1.275      0.779717
   1.277      0.778384
   1.280      0.777054
   1.282      0.775727
   1.284      0.774404
   1.287      0.773083
   1.289      0.771765
   1.292      0.770451
   1.294      0.769139
   1.296      0.767831
   1.299      0.766526
   1.301      0.765224
   1.303      0.763925
   1.306      0.762629
   1.308      0.761337
   1.310      0.760047
   1.313      0.758761
   1.315      0.757478
   1.317      0.756198
   1.320      0.754921
   1.322      0.753648
   1.324      0.752377
   1.327      0.751110
   1.329      0.749846
   1.331      0.748585
   1.334      0.747327
   1.336      0.746073
   1.338      0.744822
   1.341      0.743574
   1.343      0.742329
   1.346      0.741087
   1.348      0.739849
   1.350      0.738613
   1.353      0.737381
   1.355      0.736153
   1.357      0.734927
   1.360      0.733705
   1.362      0.732486
   1.364      0.731270
   1.367      0.730057
   1.369      0.728847
   1.371      0.727641
   1.374      0.726438
   1.376      0.725238
   1.378      0.724041
   1.381      0.722848
   1.383      0.721658
   1.385      0.720471
   1.388      0.719287
   1.390      0.718106
   1.392      0.716929
   1.395      0.715755
   1.397      0.714584
   1.400      0.713416
   1.402      0.712251
   1.404      0.711090
   1.407      0.709932
   1.409      0.708777
   1.411      0.707625
   1.414      0.706476
   1.416      0.705330
   1.418      0.704188
   1.421      0.703049
   1.423      0.701913
   1.425      0.700780
   1.428      0.699650
   1.430      0.698524
   1.432      0.697400
   1.435      0.696280
   1.437      0.695163
   1.439      0.694049
   1.442      0.692938
   1.444      0.691830
   1.447      0.690726
   1.449      0.689624
   1.451      0.688526
   1.454      0.687430
   1.456      0.686338
   1.458      0.685249
   1.461      0.684163
   1.463      0.683080
   1.465      0.682000
   1.468      0.680923
   1.470      0.679850
   1.472      0.678779
   1.475      0.677711
   1.477      0.676647
   1.479      0.675585
   1.482      0.674526
   1.484      0.673471
   1.486      0.672418
   1.489      0.671369
   1.491      0.670322
   1.493      0.669279
   1.496      0.668238
   1.498      0.667201
   1.501      0.666166
   1.503      0.665134
   1.505      0.664106
   1.508      0.663080
   1.510      0.662057
   1.512      0.661037
   1.515      0.660020
   1.517      0.659006
   1.519      0.657995
   1.522      0.656987
   1.524      0.655981
   1.526      0.654979
   1.529      0.653979
   1.531      0.652983
   1.533      0.651989
   1.536      0.650998
   1.538      0.650009
   1.540      0.649024
   1.543      0.648042
   1.545      0.647062
   1.547      0.646085
   1.550      0.645111
   1.552      0.644140
   1.555      0.643171
   1.557      0.642205
   1.559      0.641242
   1.562      0.640282
   1.564      0.639325
   1.566      0.638370
   1.569      0.637418
   1.571      0.636469
   1.573      0.635522
   1.576      0.634578
   1.578      0.633637
   1.580      0.632699
   1.583      0.631763
   1.585      0.630830
   1.587      0.629899
   1.590      0.628972
   1.592      0.628046
   1.594      0.627124
   1.597      0.626204
   1.599      0.625287
   1.601      0.624372
   1.604      0.623460
   1.606      0.622550
   1.609      0.621644
   1.611      0.620739
   1.613      0.619837
   1.616      0.618938
   1.618      0.618041
   1.620      0.617147
   1.623      0.616256
   1.625      0.615367
   1.627      0.614480
   1.630      0.613596
   1.632      0.612714
   1.634      0.611835
   1.637      0.610959
   1.639      0.610084
   1.641      0.609213
   1.644      0.608343
   1.646      0.607477
   1.648      0.606612
   1.651      0.605750
   1.653      0.604891
   1.655      0.604033
   1.658      0.603179
   1.660      0.602326
   1.663      0.601476
   1.665      0.600628
   1.667      0.599783
   1.670      0.598940
   1.672      0.598100
   1.674      0.597261
   1.677      0.596425
   1.679      0.595592
   1.681      0.594760
   1.684      0.593931
   1.686      0.593104
   1.688      0.592280
   1.691      0.591458
   1.693      0.590638
   1.695      0.589820
   1.698      0.589005
   1.700      0.588191
   1.702      0.587380
   1.705      0.586572
   1.707      0.585765
   1.710      0.584961
   1.712      0.584158
   1.714      0.583358
   1.717      0.582561
   1.719      0.581765
   1.721      0.580971
   1.724      0.580180
   1.726      0.579391
   1.728      0.578604
   1.731      0.577819
   1.733      0.577036
   1.735      0.576255
   1.738      0.575477
   1.740      0.574700
   1.742      0.573926
   1.745      0.573154
   1.747      0.572383
   1.749      0.571615
   1.752      0.570849
   1.754      0.570085
   1.756      0.569323
   1.759      0.568563
   1.761      0.567805
   1.764      0.567049
   1.766      0.566295
   1.768      0.565543
   1.771      0.564793
   1.773      0.564045
   1.775      0.563299
   1.778      0.562554
   1.780      0.561812
   1.782      0.561072
   1.785      0.560334
   1.787      0.559598
   1.789      0.558863
   1.792      0.558131
   1.794      0.557400
   1.796      0.556672
   1.799      0.555945
   1.801      0.555220
   1.803      0.554497
   1.806      0.553776
   1.808      0.553057
   1.810      0.552340
   1.813      0.551624
   1.815      0.550911
   1.818      0.550199
   1.820      0.549489
   1.822      0.548781
   1.825      0.548075
   1.827      0.547370
   1.829      0.546667
   1.832      0.545967
   1.834      0.545268
   1.836      0.544570
   1.839      0.543875
   1.841      0.543181
   1.843      0.542489
   1.846      0.541799
   1.848      0.541110
   1.850      0.540424
   1.853      0.539739
   1.855      0.539056
   1.857      0.538374
   1.860      0.537694
   1.862      0.537016
   1.864      0.536340
   1.867      0.535665
   1.869      0.534992
   1.872      0.534321
   1.874      0.533652
   1.876      0.532984
   1.879      0.532317
