   0.000      2.337391
   0.002      2.337382
   0.005      2.337357
   0.007      2.337314
   0.009      2.337255
   0.012      2.337178
   0.014      2.337084
   0.016      2.336973
   0.019      2.336844
   0.021      2.336699
   0.023      2.336536
   0.026      2.336356
   0.028      2.336158
   0.031      2.335943
   0.033      2.335710
   0.035      2.335460
   0.038      2.335192
   0.040      2.334907
   0.042      2.334603
   0.045      2.334282
   0.047      2.333942
   0.049      2.333584
   0.052      2.333208
   0.054      2.332814
   0.056      2.332400
   0.059      2.331969
   0.061      2.331518
   0.063      2.331048
   0.066      2.330559
   0.068      2.330051
   0.070      2.329524
   0.073      2.328976
   0.075      2.328409
   0.077      2.327822
   0.080      2.327214
   0.082      2.326586
   0.085      2.325938
   0.087      2.325268
   0.089      2.324578
   0.092      2.323866
   0.094      2.323132
   0.096      2.322377
   0.099      2.321600
   0.101      2.320800
   0.103      2.319978
   0.106      2.319133
   0.108      2.318265
   0.110      2.317373
   0.113      2.316458
   0.115      2.315519
   0.117      2.314555
   0.120      2.313567
   0.122      2.312554
   0.124      2.311516
   0.127      2.310453
   0.129      2.309363
   0.132      2.308247
   0.134      2.307105
   0.136      2.305936
   0.139      2.304740
   0.141      2.303516
   0.143      2.302264
   0.146      2.300985
   0.148      2.299676
   0.150      2.298338
   0.153      2.296972
   0.155      2.295575
   0.157      2.294148
   0.160      2.292691
   0.162      2.291203
   0.164      2.289684
   0.167      2.288134
   0.169      2.286551
   0.171      2.284936
   0.174      2.283288
   0.176      2.281608
   0.178      2.279894
   0.181      2.278146
   0.183      2.276364
   0.186      2.274547
   0.188      2.272696
   0.190      2.270810
   0.193      2.268888
   0.195      2.266930
   0.197      2.264935
   0.200      2.262905
   0.202      2.260837
   0.204      2.258733
   0.207      2.256590
   0.209      2.254410
   0.211      2.252193
   0.214      2.249936
   0.216      2.247642
   0.218      2.245308
   0.221      2.242936
   0.223      2.240524
   0.225      2.238073
   0.228      2.235582
   0.230      2.233051
   0.232      2.230480
   0.235      2.227870
   0.237      2.225219
   0.240      2.222527
   0.242      2.219796
   0.244      2.217023
   0.247      2.214211
   0.249      2.211357
   0.251      2.208463
   0.254      2.205528
   0.256      2.202553
   0.258      2.199537
   0.261      2.196481
   0.263      2.193384
   0.265      2.190247
   0.268      2.187069
   0.270      2.183852
   0.272      2.180594
   0.275      2.177297
   0.277      2.173960
   0.279      2.170584
   0.282      2.167169
   0.284      2.163715
   0.286      2.160222
   0.289      2.156692
   0.291      2.153123
   0.294      2.149516
   0.296      2.145872
   0.298      2.142192
   0.301      2.138475
   0.303      2.134721
   0.305      2.130932
   0.308      2.127108
   0.310      2.123248
   0.312      2.119355
   0.315      2.115427
   0.317      2.111466
   0.319      2.107472
   0.322      2.103446
   0.324      2.099388
   0.326      2.095298
   0.329      2.091178
   0.331      2.087027
   0.333      2.082847
   0.336      2.078637
   0.338      2.074399
   0.340      2.070133
   0.343      2.065839
   0.345      2.061519
   0.348      2.057173
   0.350      2.052801
   0.352      2.048404
   0.355      2.043982
   0.357      2.039537
   0.359      2.035069
   0.362      2.030578
   0.364      2.026066
   0.366      2.021532
   0.369      2.016977
   0.371      2.012402
   0.373      2.007808
   0.376      2.003196
   0.378      1.998565
   0.380      1.993916
   0.383      1.989250
   0.385      1.984568
   0.387      1.979871
   0.390      1.975158
   0.392      1.970431
   0.395      1.965689
   0.397      1.960934
   0.399      1.956167
   0.402      1.951387
   0.404      1.946596
   0.406      1.941793
   0.409      1.936980
   0.411      1.932157
   0.413      1.927325
   0.416      1.922483
   0.418      1.917634
   0.420      1.912776
   0.423      1.907911
   0.425      1.903040
   0.427      1.898162
   0.430      1.893278
   0.432      1.888389
   0.434      1.883496
   0.437      1.878597
   0.439      1.873696
   0.441      1.868790
   0.444      1.863882
   0.446      1.858971
   0.449      1.854059
   0.451      1.849144
   0.453      1.844229
   0.456      1.839313
   0.458      1.834396
   0.460      1.829480
   0.463      1.824564
   0.465      1.819649
   0.467      1.814735
   0.470      1.809823
   0.472      1.804912
   0.474      1.800005
   0.477      1.795100
   0.479      1.790198
   0.481      1.785299
   0.484      1.780404
   0.486      1.775513
   0.488      1.770627
   0.491      1.765746
   0.493      1.760869
   0.495      1.755998
   0.498      1.751132
   0.500      1.746273
   0.503      1.741419
   0.505      1.736572
   0.507      1.731732
   0.510      1.726899
   0.512      1.722073
   0.514      1.717255
   0.517      1.712445
   0.519      1.707642
   0.521      1.702848
   0.524      1.698063
   0.526      1.693286
   0.528      1.688518
   0.531      1.683759
   0.533      1.679009
   0.535      1.674270
   0.538      1.669540
   0.540      1.664819
   0.542      1.660109
   0.545      1.655410
   0.547      1.650721
   0.549      1.646042
   0.552      1.641375
   0.554      1.636718
   0.557      1.632073
   0.559      1.627439
   0.561      1.622816
   0.564      1.618205
   0.566      1.613606
   0.568      1.609018
   0.571      1.604443
   0.573      1.599880
   0.575      1.595329
   0.578      1.590791
   0.580      1.586265
   0.582      1.581752
   0.585      1.577251
   0.587      1.572763
   0.589      1.568289
   0.592      1.563827
   0.594      1.559378
   0.596      1.554943
   0.599      1.550521
   0.601      1.546112
   0.603      1.541717
   0.606      1.537335
   0.608      1.532967
   0.611      1.528613
   0.613      1.524273
   0.615      1.519946
   0.618      1.515633
   0.620      1.511334
   0.622      1.507049
   0.625      1.502778
   0.627      1.498522
   0.629      1.494279
   0.632      1.490051
   0.634      1.485837
   0.636      1.481637
   0.639      1.477452
   0.641      1.473280
   0.643      1.469124
   0.646      1.464981
   0.648      1.460854
   0.650      1.456740
   0.653      1.452641
   0.655      1.448557
   0.658      1.444487
   0.660      1.440432
   0.662      1.436391
   0.665      1.432365
   0.667      1.428354
   0.669      1.424357
   0.672      1.420375
   0.674      1.416407
   0.676      1.412454
   0.679      1.408516
   0.681      1.404592
   0.683      1.400683
   0.686      1.396789
   0.688      1.392909
   0.690      1.389044
   0.693      1.385193
   0.695      1.381357
   0.697      1.377536
   0.700      1.373729
   0.702      1.369937
   0.704      1.366160
   0.707      1.362397
   0.709      1.358648
   0.712      1.354914
   0.714      1.351195
   0.716      1.347490
   0.719      1.343800
   0.721      1.340124
   0.723      1.336462
   0.726      1.332815
   0.728      1.329182
   0.730      1.325564
   0.733      1.321960
   0.735      1.318370
   0.737      1.314795
   0.740      1.311233
   0.742      1.307686
   0.744      1.304154
   0.747      1.300635
   0.749      1.297130
   0.751      1.293640
   0.754      1.290164
   0.756      1.286701
   0.758      1.283253
   0.761      1.279819
   0.763      1.276398
   0.766      1.272991
   0.768      1.269599
   0.770      1.266220
   0.773      1.262855
   0.775      1.259503
   0.777      1.256165
   0.780      1.252841
   0.782      1.249531
   0.784      1.246234
   0.787      1.242951
   0.789      1.239681
   0.791      1.236424
   0.794      1.233181
   0.796      1.229951
   0.798      1.226735
   0.801      1.223532
   0.803      1.220342
   0.805      1.217165
   0.808      1.214002
   0.810      1.210851
   0.812      1.207714
   0.815      1.204589
   0.817      1.201478
   0.820      1.198379
   0.822      1.195294
   0.824      1.192221
   0.827      1.189161
   0.829      1.186113
   0.831      1.183079
   0.834      1.180056
   0.836      1.177047
   0.838      1.174050
   0.841      1.171065
   0.843      1.168093
   0.845      1.165134
   0.848      1.162186
   0.850      1.159251
   0.852      1.156328
   0.855      1.153418
   0.857      1.150519
   0.859      1.147633
   0.862      1.144758
   0.864      1.141896
   0.866      1.139045
   0.869      1.136207
   0.871      1.133380
   0.874      1.130565
   0.876      1.127762
   0.878      1.124971
   0.881      1.122191
   0.883      1.119423
   0.885      1.116666
   0.888      1.113921
   0.890      1.111187
   0.892      1.108464
   0.895      1.105753
   0.897      1.103054
   0.899      1.100365
   0.902      1.097688
   0.904      1.095022
   0.906      1.092367
   0.909      1.089723
   0.911      1.087090
   0.913      1.084468
   0.916      1.081857
   0.918      1.079256
   0.921      1.076667
   0.923      1.074088
   0.925      1.071520
   0.928      1.068963
   0.930      1.066416
   0.932      1.063880
   0.935      1.061354
   0.937      1.058839
   0.939      1.056334
   0.942      1.053839
   0.944      1.051355
   0.946      1.048881
   0.949      1.046418
   0.951      1.043964
   0.953      1.041521
   0.956      1.039088
   0.958      1.036664
   0.960      1.034251
   0.963      1.031848
   0.965      1.029454
   0.967      1.027070
   0.970      1.024697
   0.972      1.022332
   0.975      1.019978
   0.977      1.017633
   0.979      1.015298
   0.982      1.012973
   0.984      1.010656
   0.986      1.008350
   0.989      1.006053
   0.991      1.003765
   0.993      1.001486
   0.996      0.999217
   0.998      0.996957
   1.000      0.994706
   1.003      0.992465
   1.005      0.990232
   1.007      0.988009
   1.010      0.985794
   1.012      0.983589
   1.014      0.981392
   1.017      0.979205
   1.019      0.977026
   1.021      0.974856
   1.024      0.972694
   1.026      0.970542
   1.029      0.968398
   1.031      0.966263
   1.033      0.964136
   1.036      0.962018
   1.038      0.959908
   1.040      0.957807
   1.043      0.955714
   1.045      0.953630
   1.047      0.951554
   1.050      0.949486
   1.052      0.947426
   1.054      0.945375
   1.057      0.943332
   1.059      0.941297
   1.061      0.939270
   1.064      0.937251
   1.066      0.935240
   1.068      0.933237
   1.071      0.931242
   1.073      0.929255
   1.075      0.927275
   1.078      0.925304
   1.080      0.923340
   1.083      0.921384
   1.085      0.919436
   1.087      0.917495
   1.090      0.915562
   1.092      0.913637
   1.094      0.911719
   1.097      0.909808
   1.099      0.907905
   1.101      0.906010
   1.104      0.904121
   1.106      0.902241
   1.108      0.900367
   1.111      0.898501
   1.113      0.896642
   1.115      0.894790
   1.118      0.892945
   1.120      0.891108
   1.122      0.889277
   1.125      0.887454
   1.127      0.885638
   1.129      0.883828
   1.132      0.882026
   1.134      0.880230
   1.137      0.878442
   1.139      0.876660
   1.141      0.874885
   1.144      0.873117
   1.146      0.871356
   1.148      0.869601
   1.151      0.867853
   1.153      0.866111
   1.155      0.864377
   1.158      0.862649
   1.160      0.860927
   1.162      0.859212
   1.165      0.857503
   1.167      0.855801
   1.169      0.854105
   1.172      0.852416
   1.174      0.850733
   1.176      0.849056
   1.179      0.847386
   1.181      0.845721
   1.184      0.844063
   1.186      0.842412
   1.188      0.840766
   1.191      0.839127
   1.193      0.837493
   1.195      0.835866
   1.198      0.834245
   1.200      0.832629
   1.202      0.831020
   1.205      0.829417
   1.207      0.827820
   1.209      0.826228
   1.212      0.824642
   1.214      0.823063
   1.216      0.821489
   1.219      0.819920
   1.221      0.818358
   1.223      0.816801
   1.226      0.815250
   1.228      0.813705
   1.230      0.812165
   1.233      0.810631
   1.235      0.809102
   1.238      0.807579
   1.240      0.806062
   1.242      0.804550
   1.245      0.803043
   1.247      0.801542
   1.249      0.800047
   1.252      0.798556
   1.254      0.797071
   1.256      0.795592
   1.259      0.794117
   1.261      0.792648
   1.263      0.791185
   1.266      0.789726
   1.268      0.788273
   1.270      0.786825
   1.273      0.785382
   1.275      0.783944
   1.277      0.782511
   1.280      0.781084
   1.282      0.779661
   1.284      0.778243
   1.287      0.776831
   1.289      0.775423
   1.292      0.774021
   1.294      0.772623
   1.296      0.771230
   1.299      0.769842
   1.301      0.768459
   1.303      0.767081
   1.306      0.765708
   1.308      0.764339
   1.310      0.762975
   1.313      0.761616
   1.315      0.760262
   1.317      0.758912
   1.320      0.757567
   1.322      0.756227
   1.324      0.754891
   1.327      0.753560
   1.329      0.752233
   1.331      0.750911
   1.334      0.749594
   1.336      0.748281
   1.338      0.746973
   1.341      0.745669
   1.343      0.744369
   1.346      0.743074
   1.348      0.741784
   1.350      0.740497
   1.353      0.739215
   1.355      0.737938
   1.357      0.736665
   1.360      0.735396
   1.362      0.734131
   1.364      0.732871
   1.367      0.731615
   1.369      0.730363
   1.371      0.729115
   1.374      0.727872
   1.376      0.726633
   1.378      0.725397
   1.381      0.724166
   1.383      0.722940
   1.385      0.721717
   1.388      0.720498
   1.390      0.719283
   1.392      0.718073
   1.395      0.716866
   1.397      0.715663
   1.400      0.714465
   1.402      0.713270
   1.404      0.712079
   1.407      0.710892
   1.409      0.709709
   1.411      0.708530
   1.414      0.707355
   1.416      0.706184
   1.418      0.705016
   1.421      0.703852
   1.423      0.702692
   1.425      0.701536
   1.428      0.700384
   1.430      0.699235
   1.432      0.698090
   1.435      0.696949
   1.437      0.695811
   1.439      0.694677
   1.442      0.693547
   1.444      0.692421
   1.447      0.691298
   1.449      0.690178
   1.451      0.689062
   1.454      0.687950
   1.456      0.686841
   1.458      0.685736
   1.461      0.684635
   1.463      0.683537
   1.465      0.682442
   1.468      0.681351
   1.470      0.680263
   1.472      0.679179
   1.475      0.678098
   1.477      0.677021
   1.479      0.675947
   1.482      0.674876
   1.484      0.673809
   1.486      0.672745
   1.489      0.671684
   1.491      0.670627
   1.493      0.669573
   1.496      0.668522
   1.498      0.667475
   1.501      0.666431
   1.503      0.665390
   1.505      0.664352
   1.508      0.663318
   1.510      0.662287
   1.512      0.661259
   1.515      0.660234
   1.517      0.659212
   1.519      0.658193
   1.522      0.657178
   1.524      0.656166
   1.526      0.655156
   1.529      0.654150
   1.531      0.653147
   1.533      0.652147
   1.536      0.651150
   1.538      0.650156
   1.540      0.649165
   1.543      0.648177
   1.545      0.647193
   1.547      0.646211
   1.550      0.645232
   1.552      0.644256
   1.555      0.643283
   1.557      0.642312
   1.559      0.641345
   1.562      0.640381
   1.564      0.639419
   1.566      0.638461
   1.569      0.637505
   1.571      0.636552
   1.573      0.635602
   1.576      0.634655
   1.578      0.633711
   1.580      0.632769
   1.583      0.631830
   1.585      0.630894
   1.587      0.629961
   1.590      0.629031
   1.592      0.628103
   1.594      0.627178
   1.597      0.626256
   1.599      0.625336
   1.601      0.624419
   1.604      0.623505
   1.606      0.622593
   1.609      0.621684
   1.611      0.620778
   1.613      0.619875
   1.616      0.618974
   1.618      0.618075
   1.620      0.617180
   1.623      0.616286
   1.625      0.615396
   1.627      0.614508
   1.630      0.613622
   1.632      0.612739
   1.634      0.611859
   1.637      0.610981
   1.639      0.610106
   1.641      0.609233
   1.644      0.608363
   1.646      0.607495
   1.648      0.606630
   1.651      0.605767
   1.653      0.604906
   1.655      0.604048
   1.658      0.603193
   1.660      0.602339
   1.663      0.601489
   1.665      0.600640
   1.667      0.599794
   1.670      0.598951
   1.672      0.598109
   1.674      0.597271
   1.677      0.596434
   1.679      0.595600
   1.681      0.594768
   1.684      0.593939
   1.686      0.593111
   1.688      0.592286
   1.691      0.591464
   1.693      0.590643
   1.695      0.589825
   1.698      0.589010
   1.700      0.588196
   1.702      0.587385
   1.705      0.586576
   1.707      0.585769
   1.710      0.584964
   1.712      0.584162
   1.714      0.583362
   1.717      0.582564
   1.719      0.581768
   1.721      0.580974
   1.724      0.580182
   1.726      0.579393
   1.728      0.578606
   1.731      0.577821
   1.733      0.577038
   1.735      0.576257
   1.738      0.575478
   1.740      0.574702
   1.742      0.573927
   1.745      0.573155
   1.747      0.572384
   1.749      0.571616
   1.752      0.570850
   1.754      0.570086
   1.756      0.569323
   1.759      0.568563
   1.761      0.567805
   1.764      0.567049
   1.766      0.566295
   1.768      0.565543
   1.771      0.564793
   1.773      0.564045
   1.775      0.563299
   1.778      0.562555
   1.780      0.561813
   1.782      0.561072
   1.785      0.560334
   1.787      0.559598
   1.789      0.558863
   1.792      0.558131
   1.794      0.557400
   1.796      0.556672
   1.799      0.555945
   1.801      0.555220
   1.803      0.554497
   1.806      0.553776
   1.808      0.553057
   1.810      0.552340
   1.813      0.551624
   1.815      0.550911
   1.818      0.550199
   1.820      0.549489
   1.822      0.548781
   1.825      0.548075
   1.827      0.547370
   1.829      0.546667
   1.832      0.545967
   1.834      0.545268
   1.836      0.544570
   1.839      0.543875
   1.841      0.543181
   1.843      0.542489
   1.846      0.541799
   1.848      0.541110
   1.850      0.540424
   1.853      0.539739
   1.855      0.539056
   1.857      0.538374
   1.860      0.537694
   1.862      0.537016
   1.864      0.536340
   1.867      0.535665
   1.869      0.534992
   1.872      0.534321
   1.874      0.533652
   1.876      0.532984
   1.879      0.532317
