   0.000      3.046375
   0.002      3.046491
   0.005      3.046607
   0.007      3.046801
   0.009      3.047072
   0.012      3.047421
   0.014      3.047848
   0.017      3.048353
   0.019      3.048936
   0.021      3.049597
   0.024      3.050336
   0.026      3.051155
   0.028      3.052052
   0.031      3.053028
   0.033      3.054083
   0.036      3.055217
   0.038      3.056431
   0.040      3.057724
   0.043      3.059097
   0.045      3.060550
   0.047      3.062083
   0.050      3.063696
   0.052      3.065390
   0.054      3.067164
   0.057      3.069019
   0.059      3.070955
   0.062      3.072972
   0.064      3.075069
   0.066      3.077249
   0.069      3.079509
   0.071      3.081851
   0.073      3.084274
   0.076      3.086780
   0.078      3.089367
   0.080      3.092036
   0.083      3.094786
   0.085      3.097619
   0.088      3.100534
   0.090      3.103531
   0.092      3.106610
   0.095      3.109772
   0.097      3.113015
   0.099      3.116341
   0.102      3.119749
   0.104      3.123240
   0.107      3.126812
   0.109      3.130467
   0.111      3.134204
   0.114      3.138023
   0.116      3.141924
   0.118      3.145906
   0.121      3.149971
   0.123      3.154117
   0.125      3.158345
   0.128      3.162655
   0.130      3.167045
   0.133      3.171517
   0.135      3.176070
   0.137      3.180703
   0.140      3.185417
   0.142      3.190211
   0.144      3.195085
   0.147      3.200039
   0.149      3.205073
   0.151      3.210185
   0.154      3.215377
   0.156      3.220647
   0.159      3.225995
   0.161      3.231420
   0.163      3.236924
   0.166      3.242504
   0.168      3.248160
   0.170      3.253893
   0.173      3.259701
   0.175      3.265584
   0.177      3.271541
   0.180      3.277573
   0.182      3.283677
   0.185      3.289855
   0.187      3.296105
   0.189      3.302426
   0.192      3.308818
   0.194      3.315280
   0.196      3.321812
   0.199      3.328412
   0.201      3.335081
   0.204      3.341816
   0.206      3.348617
   0.208      3.355485
   0.211      3.362416
   0.213      3.369411
   0.215      3.376469
   0.218      3.383589
   0.220      3.390770
   0.222      3.398010
   0.225      3.405309
   0.227      3.412666
   0.230      3.420080
   0.232      3.427548
   0.234      3.435072
   0.237      3.442648
   0.239      3.450276
   0.241      3.457955
   0.244      3.465683
   0.246      3.473459
   0.248      3.481282
   0.251      3.489151
   0.253      3.497063
   0.256      3.505018
   0.258      3.513014
   0.260      3.521050
   0.263      3.529124
   0.265      3.537234
   0.267      3.545380
   0.270      3.553558
   0.272      3.561769
   0.275      3.570010
   0.277      3.578279
   0.279      3.586574
   0.282      3.594895
   0.284      3.603239
   0.286      3.611604
   0.289      3.619988
   0.291      3.628391
   0.293      3.636808
   0.296      3.645240
   0.298      3.653683
   0.301      3.662137
   0.303      3.670598
   0.305      3.679065
   0.308      3.687535
   0.310      3.696008
   0.312      3.704479
   0.315      3.712948
   0.317      3.721413
   0.320      3.729870
   0.322      3.738318
   0.324      3.746755
   0.327      3.755178
   0.329      3.763585
   0.331      3.771974
   0.334      3.780343
   0.336      3.788688
   0.338      3.797008
   0.341      3.805301
   0.343      3.813564
   0.346      3.821794
   0.348      3.829989
   0.350      3.838148
   0.353      3.846266
   0.355      3.854343
   0.357      3.862375
   0.360      3.870359
   0.362      3.878295
   0.364      3.886178
   0.367      3.894007
   0.369      3.901779
   0.372      3.909492
   0.374      3.917142
   0.376      3.924728
   0.379      3.932248
   0.381      3.939697
   0.383      3.947075
   0.386      3.954379
   0.388      3.961606
   0.391      3.968753
   0.393      3.975819
   0.395      3.982800
   0.398      3.989695
   0.400      3.996500
   0.402      4.003214
   0.405      4.009835
   0.407      4.016359
   0.409      4.022784
   0.412      4.029108
   0.414      4.035330
   0.417      4.041445
   0.419      4.047453
   0.421      4.053351
   0.424      4.059137
   0.426      4.064808
   0.428      4.070362
   0.431      4.075798
   0.433      4.081114
   0.435      4.086306
   0.438      4.091374
   0.440      4.096315
   0.443      4.101127
   0.445      4.105808
   0.447      4.110358
   0.450      4.114772
   0.452      4.119051
   0.454      4.123193
   0.457      4.127194
   0.459      4.131055
   0.462      4.134773
   0.464      4.138347
   0.466      4.141776
   0.469      4.145057
   0.471      4.148190
   0.473      4.151173
   0.476      4.154006
   0.478      4.156686
   0.480      4.159213
   0.483      4.161585
   0.485      4.163803
   0.488      4.165863
   0.490      4.167767
   0.492      4.169512
   0.495      4.171098
   0.497      4.172524
   0.499      4.173790
   0.502      4.174895
   0.504      4.175839
   0.506      4.176620
   0.509      4.177239
   0.511      4.177695
   0.514      4.177988
   0.516      4.178118
   0.518      4.178083
   0.521      4.177886
   0.523      4.177524
   0.525      4.176999
   0.528      4.176310
   0.530      4.175457
   0.533      4.174441
   0.535      4.173262
   0.537      4.171919
   0.540      4.170415
   0.542      4.168748
   0.544      4.166920
   0.547      4.164930
   0.549      4.162781
   0.551      4.160471
   0.554      4.158002
   0.556      4.155375
   0.559      4.152590
   0.561      4.149649
   0.563      4.146552
   0.566      4.143300
   0.568      4.139894
   0.570      4.136335
   0.573      4.132625
   0.575      4.128764
   0.577      4.124754
   0.580      4.120596
   0.582      4.116291
   0.585      4.111841
   0.587      4.107246
   0.589      4.102509
   0.592      4.097631
   0.594      4.092612
   0.596      4.087456
   0.599      4.082162
   0.601      4.076734
   0.603      4.071172
   0.606      4.065477
   0.608      4.059653
   0.611      4.053700
   0.613      4.047619
   0.615      4.041414
   0.618      4.035085
   0.620      4.028634
   0.622      4.022064
   0.625      4.015375
   0.627      4.008570
   0.630      4.001650
   0.632      3.994618
   0.634      3.987474
   0.637      3.980222
   0.639      3.972863
   0.641      3.965398
   0.644      3.957830
   0.646      3.950161
   0.648      3.942392
   0.651      3.934525
   0.653      3.926563
   0.656      3.918506
   0.658      3.910358
   0.660      3.902119
   0.663      3.893792
   0.665      3.885379
   0.667      3.876881
   0.670      3.868301
   0.672      3.859640
   0.674      3.850899
   0.677      3.842082
   0.679      3.833189
   0.682      3.824223
   0.684      3.815186
   0.686      3.806078
   0.689      3.796903
   0.691      3.787661
   0.693      3.778354
   0.696      3.768985
   0.698      3.759554
   0.701      3.750064
   0.703      3.740516
   0.705      3.730913
   0.708      3.721254
   0.710      3.711543
   0.712      3.701781
   0.715      3.691969
   0.717      3.682109
   0.719      3.672203
   0.722      3.662251
   0.724      3.652256
   0.727      3.642219
   0.729      3.632142
   0.731      3.622025
   0.734      3.611871
   0.736      3.601681
   0.738      3.591456
   0.741      3.581197
   0.743      3.570906
   0.745      3.560584
   0.748      3.550233
   0.750      3.539853
   0.753      3.529446
   0.755      3.519013
   0.757      3.508556
   0.760      3.498075
   0.762      3.487572
   0.764      3.477048
   0.767      3.466504
   0.769      3.455941
   0.772      3.445361
   0.774      3.434763
   0.776      3.424150
   0.779      3.413522
   0.781      3.402880
   0.783      3.392225
   0.786      3.381559
   0.788      3.370882
   0.790      3.360195
   0.793      3.349499
   0.795      3.338795
   0.798      3.328084
   0.800      3.317366
   0.802      3.306643
   0.805      3.295915
   0.807      3.285183
   0.809      3.274448
   0.812      3.263710
   0.814      3.252971
   0.816      3.242231
   0.819      3.231491
   0.821      3.220751
   0.824      3.210013
   0.826      3.199276
   0.828      3.188542
   0.831      3.177811
   0.833      3.167084
   0.835      3.156362
   0.838      3.145644
   0.840      3.134932
   0.843      3.124226
   0.845      3.113527
   0.847      3.102836
   0.850      3.092152
   0.852      3.081476
   0.854      3.070810
   0.857      3.060153
   0.859      3.049506
   0.861      3.038869
   0.864      3.028243
   0.866      3.017629
   0.869      3.007026
   0.871      2.996435
   0.873      2.985857
   0.876      2.975293
   0.878      2.964741
   0.880      2.954204
   0.883      2.943681
   0.885      2.933173
   0.887      2.922680
   0.890      2.912202
   0.892      2.901740
   0.895      2.891294
   0.897      2.880864
   0.899      2.870452
   0.902      2.860057
   0.904      2.849679
   0.906      2.839319
   0.909      2.828977
   0.911      2.818653
   0.914      2.808348
   0.916      2.798062
   0.918      2.787796
   0.921      2.777549
   0.923      2.767322
   0.925      2.757115
   0.928      2.746928
   0.930      2.736761
   0.932      2.726616
   0.935      2.716492
   0.937      2.706388
   0.940      2.696307
   0.942      2.686247
   0.944      2.676209
   0.947      2.666193
   0.949      2.656200
   0.951      2.646229
   0.954      2.636281
   0.956      2.626355
   0.958      2.616453
   0.961      2.606574
   0.963      2.596719
   0.966      2.586887
   0.968      2.577079
   0.970      2.567295
   0.973      2.557535
   0.975      2.547799
   0.977      2.538088
   0.980      2.528401
   0.982      2.518739
   0.985      2.509102
   0.987      2.499489
   0.989      2.489902
   0.992      2.480340
   0.994      2.470803
   0.996      2.461292
   0.999      2.451806
   1.001      2.442346
   1.003      2.432911
   1.006      2.423503
   1.008      2.414120
   1.011      2.404763
   1.013      2.395433
   1.015      2.386128
   1.018      2.376850
   1.020      2.367598
   1.022      2.358373
   1.025      2.349174
   1.027      2.340002
   1.029      2.330857
   1.032      2.321738
   1.034      2.312646
   1.037      2.303581
   1.039      2.294543
   1.041      2.285531
   1.044      2.276547
   1.046      2.267590
   1.048      2.258660
   1.051      2.249757
   1.053      2.240881
   1.056      2.232032
   1.058      2.223211
   1.060      2.214417
   1.063      2.205650
   1.065      2.196911
   1.067      2.188199
   1.070      2.179515
   1.072      2.170858
   1.074      2.162228
   1.077      2.153626
   1.079      2.145051
   1.082      2.136504
   1.084      2.127985
   1.086      2.119493
   1.089      2.111028
   1.091      2.102591
   1.093      2.094182
   1.096      2.085800
   1.098      2.077445
   1.100      2.069119
   1.103      2.060820
   1.105      2.052548
   1.108      2.044304
   1.110      2.036087
   1.112      2.027898
   1.115      2.019737
   1.117      2.011603
   1.119      2.003497
   1.122      1.995418
   1.124      1.987366
   1.127      1.979342
   1.129      1.971346
   1.131      1.963376
   1.134      1.955435
   1.136      1.947520
   1.138      1.939633
   1.141      1.931774
   1.143      1.923941
   1.145      1.916136
   1.148      1.908358
   1.150      1.900608
   1.153      1.892884
   1.155      1.885188
   1.157      1.877519
   1.160      1.869877
   1.162      1.862262
   1.164      1.854674
   1.167      1.847113
   1.169      1.839579
   1.171      1.832072
   1.174      1.824592
   1.176      1.817138
   1.179      1.809712
   1.181      1.802312
   1.183      1.794938
   1.186      1.787592
   1.188      1.780272
   1.190      1.772979
   1.193      1.765712
   1.195      1.758471
   1.198      1.751257
   1.200      1.744070
   1.202      1.736909
   1.205      1.729774
   1.207      1.722665
   1.209      1.715582
   1.212      1.708526
   1.214      1.701496
   1.216      1.694491
   1.219      1.687513
   1.221      1.680560
   1.224      1.673634
   1.226      1.666733
   1.228      1.659858
   1.231      1.653008
   1.233      1.646184
   1.235      1.639386
   1.238      1.632613
   1.240      1.625866
   1.242      1.619144
   1.245      1.612448
   1.247      1.605776
   1.250      1.599130
   1.252      1.592509
   1.254      1.585913
   1.257      1.579342
   1.259      1.572796
   1.261      1.566275
   1.264      1.559779
   1.266      1.553308
   1.269      1.546861
   1.271      1.540439
   1.273      1.534041
   1.276      1.527668
   1.278      1.521320
   1.280      1.514996
   1.283      1.508696
   1.285      1.502420
   1.287      1.496169
   1.290      1.489941
   1.292      1.483738
   1.295      1.477559
   1.297      1.471403
   1.299      1.465272
   1.302      1.459164
   1.304      1.453080
   1.306      1.447019
   1.309      1.440983
   1.311      1.434969
   1.313      1.428979
   1.316      1.423013
   1.318      1.417069
   1.321      1.411149
   1.323      1.405252
   1.325      1.399378
   1.328      1.393528
   1.330      1.387700
   1.332      1.381895
   1.335      1.376113
   1.337      1.370353
   1.340      1.364616
   1.342      1.358902
   1.344      1.353210
   1.347      1.347541
   1.349      1.341894
   1.351      1.336270
   1.354      1.330667
   1.356      1.325087
   1.358      1.319529
   1.361      1.313993
   1.363      1.308479
   1.366      1.302987
   1.368      1.297516
   1.370      1.292068
   1.373      1.286641
   1.375      1.281235
   1.377      1.275851
   1.380      1.270489
   1.382      1.265148
   1.384      1.259828
   1.387      1.254530
   1.389      1.249252
   1.392      1.243996
   1.394      1.238761
   1.396      1.233547
   1.399      1.228353
   1.401      1.223181
   1.403      1.218029
   1.406      1.212898
   1.408      1.207787
   1.411      1.202697
   1.413      1.197627
   1.415      1.192578
   1.418      1.187549
   1.420      1.182541
   1.422      1.177552
   1.425      1.172584
   1.427      1.167635
   1.429      1.162707
   1.432      1.157798
   1.434      1.152910
   1.437      1.148041
   1.439      1.143191
   1.441      1.138362
   1.444      1.133551
   1.446      1.128761
   1.448      1.123989
   1.451      1.119237
   1.453      1.114505
   1.455      1.109791
   1.458      1.105097
   1.460      1.100421
   1.463      1.095765
   1.465      1.091127
   1.467      1.086509
   1.470      1.081909
   1.472      1.077328
   1.474      1.072765
   1.477      1.068221
   1.479      1.063695
   1.482      1.059188
   1.484      1.054699
   1.486      1.050229
   1.489      1.045777
   1.491      1.041343
   1.493      1.036927
   1.496      1.032528
   1.498      1.028148
   1.500      1.023786
   1.503      1.019442
   1.505      1.015115
   1.508      1.010806
   1.510      1.006515
   1.512      1.002241
   1.515      0.997985
   1.517      0.993746
   1.519      0.989524
   1.522      0.985320
   1.524      0.981132
   1.526      0.976962
   1.529      0.972810
   1.531      0.968674
   1.534      0.964555
   1.536      0.960453
   1.538      0.956367
   1.541      0.952299
   1.543      0.948247
   1.545      0.944212
   1.548      0.940193
   1.550      0.936191
   1.553      0.932205
   1.555      0.928236
   1.557      0.924283
   1.560      0.920346
   1.562      0.916425
   1.564      0.912521
   1.567      0.908632
   1.569      0.904760
   1.571      0.900903
   1.574      0.897063
   1.576      0.893238
   1.579      0.889428
   1.581      0.885635
   1.583      0.881857
   1.586      0.878095
   1.588      0.874348
   1.590      0.870616
   1.593      0.866900
   1.595      0.863199
   1.597      0.859514
   1.600      0.855843
   1.602      0.852188
   1.605      0.848548
   1.607      0.844923
   1.609      0.841312
   1.612      0.837717
   1.614      0.834136
   1.616      0.830571
   1.619      0.827019
   1.621      0.823483
   1.624      0.819961
   1.626      0.816454
   1.628      0.812961
   1.631      0.809482
   1.633      0.806018
   1.635      0.802568
   1.638      0.799133
   1.640      0.795711
   1.642      0.792304
   1.645      0.788911
   1.647      0.785531
   1.650      0.782166
   1.652      0.778815
   1.654      0.775477
   1.657      0.772153
   1.659      0.768843
   1.661      0.765547
   1.664      0.762264
   1.666      0.758995
   1.668      0.755739
   1.671      0.752497
   1.673      0.749268
   1.676      0.746052
   1.678      0.742850
   1.680      0.739661
   1.683      0.736485
   1.685      0.733322
   1.687      0.730172
   1.690      0.727035
   1.692      0.723912
   1.695      0.720801
   1.697      0.717703
   1.699      0.714618
   1.702      0.711545
   1.704      0.708485
   1.706      0.705438
   1.709      0.702403
   1.711      0.699381
   1.713      0.696372
   1.716      0.693375
   1.718      0.690390
   1.721      0.687417
   1.723      0.684457
   1.725      0.681509
   1.728      0.678574
   1.730      0.675650
   1.732      0.672738
   1.735      0.669839
   1.737      0.666951
   1.739      0.664076
   1.742      0.661212
   1.744      0.658360
   1.747      0.655520
   1.749      0.652691
   1.751      0.649874
   1.754      0.647069
   1.756      0.644276
   1.758      0.641493
   1.761      0.638723
   1.763      0.635964
   1.766      0.633216
   1.768      0.630480
   1.770      0.627754
   1.773      0.625041
   1.775      0.622338
   1.777      0.619646
   1.780      0.616966
   1.782      0.614296
   1.784      0.611638
   1.787      0.608991
   1.789      0.606354
   1.792      0.603728
   1.794      0.601114
   1.796      0.598510
   1.799      0.595916
   1.801      0.593334
   1.803      0.590762
   1.806      0.588200
   1.808      0.585649
   1.810      0.583109
   1.813      0.580579
   1.815      0.578060
   1.818      0.575551
   1.820      0.573052
   1.822      0.570564
   1.825      0.568085
   1.827      0.565617
   1.829      0.563160
   1.832      0.560712
   1.834      0.558274
   1.837      0.555847
   1.839      0.553429
   1.841      0.551021
   1.844      0.548623
   1.846      0.546235
   1.848      0.543857
   1.851      0.541489
   1.853      0.539130
   1.855      0.536781
   1.858      0.534442
   1.860      0.532113
   1.863      0.529792
   1.865      0.527482
   1.867      0.525181
   1.870      0.522889
   1.872      0.520607
   1.874      0.518334
   1.877      0.516071
   1.879      0.513816
   1.881      0.511571
   1.884      0.509336
   1.886      0.507109
   1.889      0.504891
   1.891      0.502683
   1.893      0.500484
   1.896      0.498293
   1.898      0.496112
   1.900      0.493940
   1.903      0.491776
   1.905      0.489621
   1.908      0.487476
   1.910      0.485338
   1.912      0.483210
   1.915      0.481091
   1.917      0.478980
   1.919      0.476877
   1.922      0.474784
   1.924      0.472698
   1.926      0.470622
   1.929      0.468554
   1.931      0.466494
   1.934      0.464443
   1.936      0.462400
   1.938      0.460365
   1.941      0.458339
   1.943      0.456321
   1.945      0.454311
   1.948      0.452310
   1.950      0.450316
   1.952      0.448331
   1.955      0.446354
   1.957      0.444385
   1.960      0.442423
   1.962      0.440470
   1.964      0.438525
   1.967      0.436588
   1.969      0.434659
   1.971      0.432737
   1.974      0.430823
   1.976      0.428918
   1.979      0.427019
   1.981      0.425129
   1.983      0.423246
   1.986      0.421371
   1.988      0.419504
   1.990      0.417644
   1.993      0.415791
   1.995      0.413947
   1.997      0.412109
   2.000      0.410279
   2.002      0.408457
   2.005      0.406642
   2.007      0.404834
   2.009      0.403034
   2.012      0.401241
   2.014      0.399455
   2.016      0.397676
   2.019      0.395905
   2.021      0.394140
   2.023      0.392383
   2.026      0.390633
   2.028      0.388890
   2.031      0.387155
   2.033      0.385426
   2.035      0.383704
   2.038      0.381989
   2.040      0.380281
   2.042      0.378580
   2.045      0.376885
   2.047      0.375198
   2.050      0.373517
   2.052      0.371844
   2.054      0.370176
   2.057      0.368516
   2.059      0.366862
   2.061      0.365215
   2.064      0.363575
   2.066      0.361941
   2.068      0.360314
   2.071      0.358693
   2.073      0.357079
   2.076      0.355471
   2.078      0.353870
   2.080      0.352275
   2.083      0.350687
   2.085      0.349104
   2.087      0.347529
   2.090      0.345959
   2.092      0.344396
   2.094      0.342839
   2.097      0.341289
   2.099      0.339744
   2.102      0.338206
   2.104      0.336674
   2.106      0.335148
   2.109      0.333628
   2.111      0.332114
   2.113      0.330607
   2.116      0.329105
   2.118      0.327609
   2.121      0.326119
   2.123      0.324635
   2.125      0.323158
   2.128      0.321686
   2.130      0.320219
   2.132      0.318759
   2.135      0.317304
   2.137      0.315856
   2.139      0.314413
   2.142      0.312976
   2.144      0.311544
   2.147      0.310118
   2.149      0.308698
   2.151      0.307283
   2.154      0.305874
   2.156      0.304471
   2.158      0.303073
   2.161      0.301681
   2.163      0.300294
   2.165      0.298913
   2.168      0.297537
   2.170      0.296167
   2.173      0.294802
   2.175      0.293442
   2.177      0.292088
   2.180      0.290739
   2.182      0.289396
   2.184      0.288057
   2.187      0.286725
   2.189      0.285397
   2.192      0.284074
   2.194      0.282757
   2.196      0.281445
   2.199      0.280138
   2.201      0.278836
   2.203      0.277540
   2.206      0.276248
   2.208      0.274961
   2.210      0.273680
   2.213      0.272403
   2.215      0.271132
   2.218      0.269866
   2.220      0.268604
   2.222      0.267347
   2.225      0.266096
   2.227      0.264849
   2.229      0.263607
   2.232      0.262370
   2.234      0.261138
   2.236      0.259910
   2.239      0.258688
   2.241      0.257470
   2.244      0.256257
   2.246      0.255048
   2.248      0.253844
   2.251      0.252645
   2.253      0.251451
   2.255      0.250261
   2.258      0.249076
   2.260      0.247896
   2.263      0.246720
   2.265      0.245548
   2.267      0.244381
   2.270      0.243219
   2.272      0.242061
   2.274      0.240908
   2.277      0.239759
   2.279      0.238614
   2.281      0.237474
   2.284      0.236339
   2.286      0.235207
   2.289      0.234080
   2.291      0.232958
   2.293      0.231839
   2.296      0.230725
   2.298      0.229616
   2.300      0.228510
   2.303      0.227409
   2.305      0.226312
   2.307      0.225219
   2.310      0.224131
   2.312      0.223046
   2.315      0.221966
   2.317      0.220890
   2.319      0.219818
   2.322      0.218750
   2.324      0.217686
   2.326      0.216626
   2.329      0.215570
   2.331      0.214518
   2.334      0.213470
   2.336      0.212427
   2.338      0.211387
   2.341      0.210351
   2.343      0.209319
   2.345      0.208291
   2.348      0.207267
   2.350      0.206246
   2.352      0.205230
   2.355      0.204217
   2.357      0.203209
   2.360      0.202204
   2.362      0.201203
   2.364      0.200205
   2.367      0.199212
   2.369      0.198222
   2.371      0.197236
   2.374      0.196253
   2.376      0.195274
   2.378      0.194299
   2.381      0.193328
   2.383      0.192360
   2.386      0.191396
   2.388      0.190435
   2.390      0.189478
   2.393      0.188525
   2.395      0.187575
   2.397      0.186628
   2.400      0.185686
   2.402      0.184746
   2.405      0.183811
   2.407      0.182878
   2.409      0.181949
   2.412      0.181024
   2.414      0.180102
   2.416      0.179183
   2.419      0.178268
   2.421      0.177356
   2.423      0.176448
   2.426      0.175543
   2.428      0.174641
   2.431      0.173743
   2.433      0.172848
   2.435      0.171956
   2.438      0.171067
   2.440      0.170182
   2.442      0.169300
   2.445      0.168421
   2.447      0.167546
   2.449      0.166673
   2.452      0.165804
   2.454      0.164938
   2.457      0.164075
   2.459      0.163215
   2.461      0.162359
   2.464      0.161505
   2.466      0.160655
   2.468      0.159808
   2.471      0.158963
   2.473      0.158122
   2.476      0.157284
   2.478      0.156449
   2.480      0.155617
   2.483      0.154788
   2.485      0.153962
   2.487      0.153139
   2.490      0.152318
   2.492      0.151501
   2.494      0.150687
   2.497      0.149876
   2.499      0.149067
   2.502      0.148262
   2.504      0.147459
   2.506      0.146659
   2.509      0.145862
   2.511      0.145068
   2.513      0.144277
   2.516      0.143488
   2.518      0.142702
   2.520      0.141920
   2.523      0.141139
   2.525      0.140362
   2.528      0.139587
   2.530      0.138816
   2.532      0.138046
   2.535      0.137280
   2.537      0.136516
   2.539      0.135755
   2.542      0.134997
   2.544      0.134241
   2.547      0.133488
   2.549      0.132737
   2.551      0.131989
   2.554      0.131244
   2.556      0.130502
   2.558      0.129761
   2.561      0.129024
   2.563      0.128289
   2.565      0.127557
   2.568      0.126827
   2.570      0.126099
   2.573      0.125375
   2.575      0.124652
   2.577      0.123932
   2.580      0.123215
   2.582      0.122500
   2.584      0.121788
   2.587      0.121078
   2.589      0.120370
   2.591      0.119665
   2.594      0.118962
   2.596      0.118262
   2.599      0.117564
   2.601      0.116868
   2.603      0.116175
   2.606      0.115484
   2.608      0.114796
   2.610      0.114109
   2.613      0.113426
   2.615      0.112744
   2.618      0.112065
   2.620      0.111388
   2.622      0.110713
   2.625      0.110040
   2.627      0.109370
   2.629      0.108702
   2.632      0.108036
   2.634      0.107373
   2.636      0.106711
   2.639      0.106052
   2.641      0.105395
   2.644      0.104740
   2.646      0.104088
   2.648      0.103437
   2.651      0.102789
   2.653      0.102142
   2.655      0.101498
   2.658      0.100856
   2.660      0.100216
   2.662      0.099579
   2.665      0.098943
   2.667      0.098309
   2.670      0.097678
   2.672      0.097048
   2.674      0.096421
   2.677      0.095795
   2.679      0.095172
   2.681      0.094550
   2.684      0.093931
   2.686      0.093313
   2.689      0.092698
   2.691      0.092084
   2.693      0.091472
   2.696      0.090863
   2.698      0.090255
   2.700      0.089649
   2.703      0.089046
   2.705      0.088444
   2.707      0.087844
   2.710      0.087245
   2.712      0.086649
   2.715      0.086055
   2.717      0.085462
   2.719      0.084872
   2.722      0.084283
   2.724      0.083696
   2.726      0.083111
   2.729      0.082527
   2.731      0.081946
   2.733      0.081366
   2.736      0.080788
   2.738      0.080212
   2.741      0.079637
   2.743      0.079065
   2.745      0.078494
   2.748      0.077925
   2.750      0.077357
   2.752      0.076792
   2.755      0.076228
   2.757      0.075665
   2.760      0.075105
   2.762      0.074546
   2.764      0.073989
   2.767      0.073433
   2.769      0.072879
   2.771      0.072327
   2.774      0.071777
   2.776      0.071228
   2.778      0.070680
   2.781      0.070135
   2.783      0.069590
   2.786      0.069048
   2.788      0.068507
   2.790      0.067968
   2.793      0.067430
   2.795      0.066894
   2.797      0.066359
   2.800      0.065826
   2.802      0.065295
   2.804      0.064765
   2.807      0.064236
   2.809      0.063710
   2.812      0.063184
   2.814      0.062660
   2.816      0.062138
   2.819      0.061617
   2.821      0.061098
   2.823      0.060580
   2.826      0.060063
   2.828      0.059548
   2.831      0.059034
   2.833      0.058522
   2.835      0.058012
   2.838      0.057502
   2.840      0.056994
   2.842      0.056488
   2.845      0.055983
   2.847      0.055479
   2.849      0.054977
   2.852      0.054476
   2.854      0.053976
   2.857      0.053478
   2.859      0.052981
   2.861      0.052486
   2.864      0.051992
   2.866      0.051499
   2.868      0.051007
   2.871      0.050517
   2.873      0.050028
   2.875      0.049541
   2.878      0.049054
   2.880      0.048569
   2.883      0.048086
   2.885      0.047603
   2.887      0.047122
   2.890      0.046642
   2.892      0.046163
   2.894      0.045686
   2.897      0.045210
   2.899      0.044735
   2.902      0.044261
   2.904      0.043788
   2.906      0.043317
   2.909      0.042847
   2.911      0.042378
   2.913      0.041910
   2.916      0.041444
   2.918      0.040978
   2.920      0.040514
   2.923      0.040051
   2.925      0.039589
   2.928      0.039128
   2.930      0.038668
   2.932      0.038210
   2.935      0.037752
   2.937      0.037296
   2.939      0.036841
   2.942      0.036387
   2.944      0.035934
   2.946      0.035482
   2.949      0.035031
   2.951      0.034581
   2.954      0.034133
   2.956      0.033685
   2.958      0.033239
   2.961      0.032793
   2.963      0.032349
   2.965      0.031905
   2.968      0.031463
   2.970      0.031021
   2.973      0.030581
   2.975      0.030142
   2.977      0.029703
   2.980      0.029266
   2.982      0.028830
   2.984      0.028394
   2.987      0.027960
   2.989      0.027526
   2.991      0.027094
   2.994      0.026663
   2.996      0.026232
   2.999      0.025802
   3.001      0.025374
   3.003      0.024946
   3.006      0.024519
   3.008      0.024093
   3.010      0.023668
   3.013      0.023244
   3.015      0.022821
   3.017      0.022399
   3.020      0.021977
   3.022      0.021557
   3.025      0.021137
   3.027      0.020719
   3.029      0.020301
   3.032      0.019884
   3.034      0.019467
   3.036      0.019052
   3.039      0.018638
   3.041      0.018224
   3.044      0.017811
   3.046      0.017399
   3.048      0.016988
   3.051      0.016578
   3.053      0.016168
   3.055      0.015759
   3.058      0.015351
   3.060      0.014944
   3.062      0.014538
   3.065      0.014132
   3.067      0.013727
   3.070      0.013323
   3.072      0.012920
   3.074      0.012518
   3.077      0.012116
   3.079      0.011715
   3.081      0.011314
   3.084      0.010915
   3.086      0.010516
   3.088      0.010118
   3.091      0.009720
   3.093      0.009323
   3.096      0.008927
   3.098      0.008532
   3.100      0.008137
   3.103      0.007744
   3.105      0.007350
   3.107      0.006958
   3.110      0.006566
   3.112      0.006174
   3.115      0.005784
   3.117      0.005394
   3.119      0.005005
   3.122      0.004616
   3.124      0.004228
   3.126      0.003840
   3.129      0.003454
   3.131      0.003068
   3.133      0.002682
   3.136      0.002297
   3.138      0.001913
   3.141      0.001529
   3.143      0.001146
   3.145      0.000763
   3.148      0.000381
   3.150      0.000000
