   0.000      2.429374
   0.002      2.429373
   0.005      2.429373
   0.007      2.429373
   0.009      2.429372
   0.012      2.429370
   0.014      2.429367
   0.016      2.429362
   0.019      2.429354
   0.021      2.429342
   0.023      2.429326
   0.026      2.429304
   0.028      2.429276
   0.031      2.429239
   0.033      2.429193
   0.035      2.429137
   0.038      2.429068
   0.040      2.428985
   0.042      2.428887
   0.045      2.428771
   0.047      2.428637
   0.049      2.428482
   0.052      2.428304
   0.054      2.428101
   0.056      2.427871
   0.059      2.427613
   0.061      2.427324
   0.063      2.427002
   0.066      2.426645
   0.068      2.426251
   0.070      2.425817
   0.073      2.425343
   0.075      2.424825
   0.077      2.424261
   0.080      2.423651
   0.082      2.422990
   0.085      2.422279
   0.087      2.421514
   0.089      2.420695
   0.092      2.419818
   0.094      2.418883
   0.096      2.417888
   0.099      2.416832
   0.101      2.415712
   0.103      2.414529
   0.106      2.413279
   0.108      2.411963
   0.110      2.410579
   0.113      2.409127
   0.115      2.407605
   0.117      2.406013
   0.120      2.404351
   0.122      2.402617
   0.124      2.400812
   0.127      2.398935
   0.129      2.396985
   0.132      2.394964
   0.134      2.392871
   0.136      2.390707
   0.139      2.388471
   0.141      2.386163
   0.143      2.383785
   0.146      2.381337
   0.148      2.378819
   0.150      2.376233
   0.153      2.373578
   0.155      2.370856
   0.157      2.368067
   0.160      2.365213
   0.162      2.362294
   0.164      2.359312
   0.167      2.356267
   0.169      2.353160
   0.171      2.349993
   0.174      2.346767
   0.176      2.343482
   0.178      2.340140
   0.181      2.336742
   0.183      2.333290
   0.186      2.329783
   0.188      2.326224
   0.190      2.322613
   0.193      2.318952
   0.195      2.315242
   0.197      2.311483
   0.200      2.307677
   0.202      2.303825
   0.204      2.299928
   0.207      2.295987
   0.209      2.292003
   0.211      2.287978
   0.214      2.283911
   0.216      2.279803
   0.218      2.275657
   0.221      2.271473
   0.223      2.267251
   0.225      2.262994
   0.228      2.258700
   0.230      2.254372
   0.232      2.250011
   0.235      2.245616
   0.237      2.241190
   0.240      2.236732
   0.242      2.232244
   0.244      2.227727
   0.247      2.223181
   0.249      2.218607
   0.251      2.214005
   0.254      2.209378
   0.256      2.204724
   0.258      2.200046
   0.261      2.195344
   0.263      2.190618
   0.265      2.185870
   0.268      2.181100
   0.270      2.176308
   0.272      2.171496
   0.275      2.166664
   0.277      2.161813
   0.279      2.156944
   0.282      2.152057
   0.284      2.147153
   0.286      2.142232
   0.289      2.137295
   0.291      2.132344
   0.294      2.127377
   0.296      2.122397
   0.298      2.117404
   0.301      2.112398
   0.303      2.107379
   0.305      2.102350
   0.308      2.097309
   0.310      2.092258
   0.312      2.087197
   0.315      2.082127
   0.317      2.077048
   0.319      2.071961
   0.322      2.066866
   0.324      2.061764
   0.326      2.056656
   0.329      2.051541
   0.331      2.046421
   0.333      2.041296
   0.336      2.036166
   0.338      2.031032
   0.340      2.025895
   0.343      2.020754
   0.345      2.015610
   0.348      2.010464
   0.350      2.005316
   0.352      2.000167
   0.355      1.995016
   0.357      1.989865
   0.359      1.984713
   0.362      1.979562
   0.364      1.974411
   0.366      1.969261
   0.369      1.964112
   0.371      1.958965
   0.373      1.953820
   0.376      1.948677
   0.378      1.943537
   0.380      1.938400
   0.383      1.933266
   0.385      1.928136
   0.387      1.923009
   0.390      1.917887
   0.392      1.912770
   0.395      1.907657
   0.397      1.902550
   0.399      1.897448
   0.402      1.892352
   0.404      1.887262
   0.406      1.882178
   0.409      1.877100
   0.411      1.872030
   0.413      1.866966
   0.416      1.861910
   0.418      1.856861
   0.420      1.851820
   0.423      1.846786
   0.425      1.841761
   0.427      1.836745
   0.430      1.831737
   0.432      1.826737
   0.434      1.821747
   0.437      1.816766
   0.439      1.811794
   0.441      1.806832
   0.444      1.801879
   0.446      1.796937
   0.449      1.792004
   0.451      1.787082
   0.453      1.782170
   0.456      1.777269
   0.458      1.772378
   0.460      1.767499
   0.463      1.762630
   0.465      1.757772
   0.467      1.752926
   0.470      1.748091
   0.472      1.743268
   0.474      1.738456
   0.477      1.733656
   0.479      1.728868
   0.481      1.724092
   0.484      1.719328
   0.486      1.714576
   0.488      1.709837
   0.491      1.705110
   0.493      1.700396
   0.495      1.695694
   0.498      1.691005
   0.500      1.686329
   0.503      1.681665
   0.505      1.677015
   0.507      1.672377
   0.510      1.667753
   0.512      1.663141
   0.514      1.658543
   0.517      1.653959
   0.519      1.649387
   0.521      1.644830
   0.524      1.640285
   0.526      1.635754
   0.528      1.631237
   0.531      1.626733
   0.533      1.622243
   0.535      1.617767
   0.538      1.613305
   0.540      1.608856
   0.542      1.604421
   0.545      1.600000
   0.547      1.595593
   0.549      1.591200
   0.552      1.586821
   0.554      1.582456
   0.557      1.578106
   0.559      1.573769
   0.561      1.569446
   0.564      1.565137
   0.566      1.560843
   0.568      1.556562
   0.571      1.552296
   0.573      1.548044
   0.575      1.543806
   0.578      1.539582
   0.580      1.535373
   0.582      1.531178
   0.585      1.526997
   0.587      1.522830
   0.589      1.518678
   0.592      1.514539
   0.594      1.510415
   0.596      1.506305
   0.599      1.502210
   0.601      1.498128
   0.603      1.494061
   0.606      1.490008
   0.608      1.485970
   0.611      1.481945
   0.613      1.477935
   0.615      1.473939
   0.618      1.469957
   0.620      1.465989
   0.622      1.462035
   0.625      1.458096
   0.627      1.454170
   0.629      1.450259
   0.632      1.446362
   0.634      1.442479
   0.636      1.438610
   0.639      1.434755
   0.641      1.430914
   0.643      1.427087
   0.646      1.423274
   0.648      1.419474
   0.650      1.415689
   0.653      1.411918
   0.655      1.408160
   0.658      1.404417
   0.660      1.400687
   0.662      1.396971
   0.665      1.393268
   0.667      1.389580
   0.669      1.385905
   0.672      1.382244
   0.674      1.378596
   0.676      1.374962
   0.679      1.371342
   0.681      1.367735
   0.683      1.364142
   0.686      1.360562
   0.688      1.356996
   0.690      1.353443
   0.693      1.349903
   0.695      1.346377
   0.697      1.342864
   0.700      1.339364
   0.702      1.335878
   0.704      1.332404
   0.707      1.328944
   0.709      1.325497
   0.712      1.322064
   0.714      1.318643
   0.716      1.315235
   0.719      1.311840
   0.721      1.308458
   0.723      1.305089
   0.726      1.301733
   0.728      1.298390
   0.730      1.295059
   0.733      1.291742
   0.735      1.288437
   0.737      1.285144
   0.740      1.281864
   0.742      1.278597
   0.744      1.275342
   0.747      1.272100
   0.749      1.268871
   0.751      1.265653
   0.754      1.262448
   0.756      1.259256
   0.758      1.256075
   0.761      1.252907
   0.763      1.249751
   0.766      1.246608
   0.768      1.243476
   0.770      1.240356
   0.773      1.237249
   0.775      1.234153
   0.777      1.231070
   0.780      1.227998
   0.782      1.224938
   0.784      1.221890
   0.787      1.218854
   0.789      1.215830
   0.791      1.212817
   0.794      1.209816
   0.796      1.206826
   0.798      1.203848
   0.801      1.200881
   0.803      1.197926
   0.805      1.194983
   0.808      1.192051
   0.810      1.189130
   0.812      1.186220
   0.815      1.183322
   0.817      1.180435
   0.820      1.177559
   0.822      1.174694
   0.824      1.171840
   0.827      1.168997
   0.829      1.166165
   0.831      1.163345
   0.834      1.160535
   0.836      1.157736
   0.838      1.154947
   0.841      1.152170
   0.843      1.149403
   0.845      1.146647
   0.848      1.143902
   0.850      1.141167
   0.852      1.138443
   0.855      1.135729
   0.857      1.133026
   0.859      1.130333
   0.862      1.127650
   0.864      1.124978
   0.866      1.122317
   0.869      1.119665
   0.871      1.117024
   0.874      1.114392
   0.876      1.111771
   0.878      1.109160
   0.881      1.106560
   0.883      1.103969
   0.885      1.101388
   0.888      1.098817
   0.890      1.096255
   0.892      1.093704
   0.895      1.091163
   0.897      1.088631
   0.899      1.086109
   0.902      1.083596
   0.904      1.081094
   0.906      1.078600
   0.909      1.076117
   0.911      1.073643
   0.913      1.071178
   0.916      1.068723
   0.918      1.066277
   0.921      1.063840
   0.923      1.061413
   0.925      1.058995
   0.928      1.056586
   0.930      1.054187
   0.932      1.051796
   0.935      1.049415
   0.937      1.047043
   0.939      1.044680
   0.942      1.042325
   0.944      1.039980
   0.946      1.037644
   0.949      1.035316
   0.951      1.032997
   0.953      1.030688
   0.956      1.028386
   0.958      1.026094
   0.960      1.023810
   0.963      1.021535
   0.965      1.019268
   0.967      1.017010
   0.970      1.014761
   0.972      1.012520
   0.975      1.010287
   0.977      1.008063
   0.979      1.005848
   0.982      1.003640
   0.984      1.001441
   0.986      0.999250
   0.989      0.997068
   0.991      0.994893
   0.993      0.992727
   0.996      0.990569
   0.998      0.988418
   1.000      0.986276
   1.003      0.984142
   1.005      0.982016
   1.007      0.979898
   1.010      0.977788
   1.012      0.975685
   1.014      0.973591
   1.017      0.971504
   1.019      0.969425
   1.021      0.967354
   1.024      0.965290
   1.026      0.963234
   1.029      0.961186
   1.031      0.959145
   1.033      0.957112
   1.036      0.955087
   1.038      0.953068
   1.040      0.951058
   1.043      0.949054
   1.045      0.947059
   1.047      0.945070
   1.050      0.943089
   1.052      0.941115
   1.054      0.939148
   1.057      0.937189
   1.059      0.935236
   1.061      0.933291
   1.064      0.931353
   1.066      0.929423
   1.068      0.927499
   1.071      0.925582
   1.073      0.923672
   1.075      0.921769
   1.078      0.919873
   1.080      0.917984
   1.083      0.916102
   1.085      0.914227
   1.087      0.912358
   1.090      0.910497
   1.092      0.908642
   1.094      0.906794
   1.097      0.904952
   1.099      0.903117
   1.101      0.901289
   1.104      0.899467
   1.106      0.897652
   1.108      0.895844
   1.111      0.894042
   1.113      0.892246
   1.115      0.890457
   1.118      0.888674
   1.120      0.886898
   1.122      0.885128
   1.125      0.883365
   1.127      0.881607
   1.129      0.879856
   1.132      0.878112
   1.134      0.876373
   1.137      0.874641
   1.139      0.872915
   1.141      0.871195
   1.144      0.869481
   1.146      0.867773
   1.148      0.866071
   1.151      0.864375
   1.153      0.862686
   1.155      0.861002
   1.158      0.859324
   1.160      0.857652
   1.162      0.855986
   1.165      0.854326
   1.167      0.852672
   1.169      0.851023
   1.172      0.849381
   1.174      0.847744
   1.176      0.846113
   1.179      0.844487
   1.181      0.842868
   1.184      0.841254
   1.186      0.839645
   1.188      0.838042
   1.191      0.836445
   1.193      0.834853
   1.195      0.833267
   1.198      0.831687
   1.200      0.830111
   1.202      0.828542
   1.205      0.826977
   1.207      0.825419
   1.209      0.823865
   1.212      0.822317
   1.214      0.820774
   1.216      0.819237
   1.219      0.817705
   1.221      0.816178
   1.223      0.814656
   1.226      0.813140
   1.228      0.811629
   1.230      0.810123
   1.233      0.808622
   1.235      0.807126
   1.238      0.805636
   1.240      0.804150
   1.242      0.802670
   1.245      0.801194
   1.247      0.799724
   1.249      0.798259
   1.252      0.796798
   1.254      0.795343
   1.256      0.793892
   1.259      0.792447
   1.261      0.791006
   1.263      0.789570
   1.266      0.788139
   1.268      0.786713
   1.270      0.785291
   1.273      0.783875
   1.275      0.782463
   1.277      0.781056
   1.280      0.779654
   1.282      0.778256
   1.284      0.776863
   1.287      0.775474
   1.289      0.774091
   1.292      0.772712
   1.294      0.771337
   1.296      0.769967
   1.299      0.768602
   1.301      0.767241
   1.303      0.765885
   1.306      0.764533
   1.308      0.763185
   1.310      0.761842
   1.313      0.760504
   1.315      0.759170
   1.317      0.757840
   1.320      0.756515
   1.322      0.755194
   1.324      0.753878
   1.327      0.752565
   1.329      0.751257
   1.331      0.749954
   1.334      0.748654
   1.336      0.747359
   1.338      0.746068
   1.341      0.744781
   1.343      0.743499
   1.346      0.742221
   1.348      0.740946
   1.350      0.739676
   1.353      0.738410
   1.355      0.737149
   1.357      0.735891
   1.360      0.734637
   1.362      0.733388
   1.364      0.732142
   1.367      0.730900
   1.369      0.729663
   1.371      0.728429
   1.374      0.727199
   1.376      0.725974
   1.378      0.724752
   1.381      0.723534
   1.383      0.722320
   1.385      0.721110
   1.388      0.719904
   1.390      0.718701
   1.392      0.717503
   1.395      0.716308
   1.397      0.715117
   1.400      0.713930
   1.402      0.712747
   1.404      0.711567
   1.407      0.710391
   1.409      0.709219
   1.411      0.708050
   1.414      0.706885
   1.416      0.705724
   1.418      0.704567
   1.421      0.703413
   1.423      0.702263
   1.425      0.701116
   1.428      0.699973
   1.430      0.698833
   1.432      0.697698
   1.435      0.696565
   1.437      0.695436
   1.439      0.694311
   1.442      0.693189
   1.444      0.692071
   1.447      0.690956
   1.449      0.689844
   1.451      0.688736
   1.454      0.687632
   1.456      0.686531
   1.458      0.685433
   1.461      0.684339
   1.463      0.683248
   1.465      0.682160
   1.468      0.681076
   1.470      0.679995
   1.472      0.678917
   1.475      0.677843
   1.477      0.676772
   1.479      0.675704
   1.482      0.674639
   1.484      0.673578
   1.486      0.672520
   1.489      0.671465
   1.491      0.670414
   1.493      0.669365
   1.496      0.668320
   1.498      0.667278
   1.501      0.666239
   1.503      0.665203
   1.505      0.664170
   1.508      0.663141
   1.510      0.662114
   1.512      0.661091
   1.515      0.660071
   1.517      0.659053
   1.519      0.658039
   1.522      0.657028
   1.524      0.656020
   1.526      0.655015
   1.529      0.654013
   1.531      0.653013
   1.533      0.652017
   1.536      0.651024
   1.538      0.650034
   1.540      0.649046
   1.543      0.648062
   1.545      0.647081
   1.547      0.646102
   1.550      0.645126
   1.552      0.644153
   1.555      0.643184
   1.557      0.642216
   1.559      0.641252
   1.562      0.640291
   1.564      0.639332
   1.566      0.638376
   1.569      0.637423
   1.571      0.636473
   1.573      0.635526
   1.576      0.634581
   1.578      0.633639
   1.580      0.632700
   1.583      0.631763
   1.585      0.630830
   1.587      0.629899
   1.590      0.628970
   1.592      0.628045
   1.594      0.627122
   1.597      0.626201
   1.599      0.625284
   1.601      0.624369
   1.604      0.623456
   1.606      0.622546
   1.609      0.621639
   1.611      0.620735
   1.613      0.619833
   1.616      0.618933
   1.618      0.618036
   1.620      0.617142
   1.623      0.616250
   1.625      0.615361
   1.627      0.614475
   1.630      0.613590
   1.632      0.612709
   1.634      0.611830
   1.637      0.610953
   1.639      0.610079
   1.641      0.609207
   1.644      0.608338
   1.646      0.607471
   1.648      0.606607
   1.651      0.605745
   1.653      0.604885
   1.655      0.604028
   1.658      0.603173
   1.660      0.602321
   1.663      0.601471
   1.665      0.600624
   1.667      0.599778
   1.670      0.598936
   1.672      0.598095
   1.674      0.597257
   1.677      0.596421
   1.679      0.595587
   1.681      0.594756
   1.684      0.593927
   1.686      0.593101
   1.688      0.592276
   1.691      0.591454
   1.693      0.590634
   1.695      0.589817
   1.698      0.589001
   1.700      0.588188
   1.702      0.587377
   1.705      0.586569
   1.707      0.585762
   1.710      0.584958
   1.712      0.584156
   1.714      0.583356
   1.717      0.582558
   1.719      0.581763
   1.721      0.580969
   1.724      0.580178
   1.726      0.579389
   1.728      0.578602
   1.731      0.577817
   1.733      0.577035
   1.735      0.576254
   1.738      0.575475
   1.740      0.574699
   1.742      0.573925
   1.745      0.573152
   1.747      0.572382
   1.749      0.571614
   1.752      0.570848
   1.754      0.570084
   1.756      0.569322
   1.759      0.568562
   1.761      0.567804
   1.764      0.567048
   1.766      0.566294
   1.768      0.565542
   1.771      0.564792
   1.773      0.564044
   1.775      0.563298
   1.778      0.562554
   1.780      0.561812
   1.782      0.561072
   1.785      0.560334
   1.787      0.559597
   1.789      0.558863
   1.792      0.558131
   1.794      0.557400
   1.796      0.556672
   1.799      0.555945
   1.801      0.555220
   1.803      0.554497
   1.806      0.553776
   1.808      0.553057
   1.810      0.552340
   1.813      0.551624
   1.815      0.550911
   1.818      0.550199
   1.820      0.549489
   1.822      0.548781
   1.825      0.548075
   1.827      0.547370
   1.829      0.546667
   1.832      0.545967
   1.834      0.545268
   1.836      0.544570
   1.839      0.543875
   1.841      0.543181
   1.843      0.542489
   1.846      0.541799
   1.848      0.541110
   1.850      0.540424
   1.853      0.539739
   1.855      0.539056
   1.857      0.538374
   1.860      0.537694
   1.862      0.537016
   1.864      0.536340
   1.867      0.535665
   1.869      0.534992
   1.872      0.534321
   1.874      0.533652
   1.876      0.532984
   1.879      0.532317
