   0.000      0.575041
   0.004      0.575061
   0.007      0.575082
   0.011      0.575116
   0.015      0.575164
   0.019      0.575226
   0.022      0.575301
   0.026      0.575390
   0.030      0.575493
   0.034      0.575609
   0.037      0.575739
   0.041      0.575883
   0.045      0.576041
   0.049      0.576213
   0.052      0.576398
   0.056      0.576597
   0.060      0.576810
   0.063      0.577037
   0.067      0.577278
   0.071      0.577532
   0.075      0.577800
   0.078      0.578082
   0.082      0.578378
   0.086      0.578688
   0.090      0.579012
   0.093      0.579349
   0.097      0.579700
   0.101      0.580066
   0.105      0.580445
   0.108      0.580838
   0.112      0.581244
   0.116      0.581665
   0.119      0.582099
   0.123      0.582548
   0.127      0.583010
   0.131      0.583486
   0.134      0.583976
   0.138      0.584479
   0.142      0.584997
   0.146      0.585528
   0.149      0.586073
   0.153      0.586632
   0.157      0.587205
   0.161      0.587791
   0.164      0.588391
   0.168      0.589005
   0.172      0.589633
   0.175      0.590274
   0.179      0.590930
   0.183      0.591599
   0.187      0.592281
   0.190      0.592978
   0.194      0.593688
   0.198      0.594411
   0.202      0.595149
   0.205      0.595900
   0.209      0.596664
   0.213      0.597442
   0.217      0.598234
   0.220      0.599039
   0.224      0.599858
   0.228      0.600690
   0.231      0.601536
   0.235      0.602395
   0.239      0.603268
   0.243      0.604154
   0.246      0.605054
   0.250      0.605967
   0.254      0.606893
   0.258      0.607833
   0.261      0.608786
   0.265      0.609752
   0.269      0.610732
   0.273      0.611724
   0.276      0.612730
   0.280      0.613750
   0.284      0.614782
   0.287      0.615827
   0.291      0.616886
   0.295      0.617958
   0.299      0.619042
   0.302      0.620140
   0.306      0.621251
   0.310      0.622374
   0.314      0.623511
   0.317      0.624660
   0.321      0.625823
   0.325      0.626998
   0.329      0.628186
   0.332      0.629386
   0.336      0.630600
   0.340      0.631826
   0.343      0.633065
   0.347      0.634316
   0.351      0.635580
   0.355      0.636857
   0.358      0.638146
   0.362      0.639447
   0.366      0.640761
   0.370      0.642088
   0.373      0.643426
   0.377      0.644777
   0.381      0.646141
   0.385      0.647516
   0.388      0.648904
   0.392      0.650304
   0.396      0.651716
   0.399      0.653140
   0.403      0.654577
   0.407      0.656025
   0.411      0.657485
   0.414      0.658957
   0.418      0.660441
   0.422      0.661937
   0.426      0.663445
   0.429      0.664964
   0.433      0.666495
   0.437      0.668038
   0.441      0.669592
   0.444      0.671158
   0.448      0.672736
   0.452      0.674325
   0.455      0.675925
   0.459      0.677537
   0.463      0.679160
   0.467      0.680794
   0.470      0.682440
   0.474      0.684096
   0.478      0.685764
   0.482      0.687443
   0.485      0.689133
   0.489      0.690834
   0.493      0.692546
   0.497      0.694269
   0.500      0.696002
   0.504      0.697747
   0.508      0.699502
   0.511      0.701267
   0.515      0.703044
   0.519      0.704830
   0.523      0.706628
   0.526      0.708436
   0.530      0.710254
   0.534      0.712082
   0.538      0.713921
   0.541      0.715770
   0.545      0.717629
   0.549      0.719498
   0.553      0.721377
   0.556      0.723266
   0.560      0.725165
   0.564      0.727073
   0.567      0.728992
   0.571      0.730920
   0.575      0.732858
   0.579      0.734805
   0.582      0.736762
   0.586      0.738728
   0.590      0.740703
   0.594      0.742688
   0.597      0.744682
   0.601      0.746685
   0.605      0.748697
   0.609      0.750718
   0.612      0.752747
   0.616      0.754786
   0.620      0.756833
   0.623      0.758889
   0.627      0.760954
   0.631      0.763026
   0.635      0.765108
   0.638      0.767197
   0.642      0.769295
   0.646      0.771401
   0.650      0.773515
   0.653      0.775637
   0.657      0.777766
   0.661      0.779904
   0.665      0.782049
   0.668      0.784201
   0.672      0.786361
   0.676      0.788529
   0.679      0.790703
   0.683      0.792885
   0.687      0.795074
   0.691      0.797270
   0.694      0.799472
   0.698      0.801682
   0.702      0.803898
   0.706      0.806120
   0.709      0.808349
   0.713      0.810584
   0.717      0.812825
   0.721      0.815072
   0.724      0.817326
   0.728      0.819585
   0.732      0.821849
   0.735      0.824119
   0.739      0.826395
   0.743      0.828676
   0.747      0.830962
   0.750      0.833253
   0.754      0.835550
   0.758      0.837850
   0.762      0.840156
   0.765      0.842466
   0.769      0.844780
   0.773      0.847099
   0.777      0.849422
   0.780      0.851748
   0.784      0.854079
   0.788      0.856413
   0.791      0.858751
   0.795      0.861092
   0.799      0.863436
   0.803      0.865783
   0.806      0.868134
   0.810      0.870487
   0.814      0.872842
   0.818      0.875200
   0.821      0.877560
   0.825      0.879923
   0.829      0.882287
   0.833      0.884653
   0.836      0.887021
   0.840      0.889390
   0.844      0.891761
   0.847      0.894133
   0.851      0.896505
   0.855      0.898879
   0.859      0.901253
   0.862      0.903627
   0.866      0.906002
   0.870      0.908376
   0.874      0.910751
   0.877      0.913125
   0.881      0.915499
   0.885      0.917872
   0.889      0.920244
   0.892      0.922616
   0.896      0.924986
   0.900      0.927354
   0.903      0.929721
   0.907      0.932086
   0.911      0.934450
   0.915      0.936811
   0.918      0.939169
   0.922      0.941525
   0.926      0.943878
   0.930      0.946229
   0.933      0.948576
   0.937      0.950919
   0.941      0.953259
   0.945      0.955596
   0.948      0.957928
   0.952      0.960256
   0.956      0.962580
   0.959      0.964899
   0.963      0.967213
   0.967      0.969522
   0.971      0.971826
   0.974      0.974124
   0.978      0.976417
   0.982      0.978704
   0.986      0.980985
   0.989      0.983260
   0.993      0.985528
   0.997      0.987789
   1.001      0.990043
   1.004      0.992290
   1.008      0.994530
   1.012      0.996762
   1.015      0.998987
   1.019      1.001203
   1.023      1.003411
   1.027      1.005611
   1.030      1.007802
   1.034      1.009984
   1.038      1.012157
   1.042      1.014321
   1.045      1.016475
   1.049      1.018619
   1.053      1.020753
   1.057      1.022877
   1.060      1.024991
   1.064      1.027094
   1.068      1.029186
   1.071      1.031268
   1.075      1.033337
   1.079      1.035396
   1.083      1.037442
   1.086      1.039477
   1.090      1.041499
   1.094      1.043510
   1.098      1.045507
   1.101      1.047492
   1.105      1.049464
   1.109      1.051422
   1.113      1.053367
   1.116      1.055299
   1.120      1.057217
   1.124      1.059120
   1.127      1.061010
   1.131      1.062884
   1.135      1.064745
   1.139      1.066590
   1.142      1.068420
   1.146      1.070235
   1.150      1.072035
   1.154      1.073819
   1.157      1.075587
   1.161      1.077338
   1.165      1.079074
   1.169      1.080793
   1.172      1.082496
   1.176      1.084181
   1.180      1.085850
   1.183      1.087501
   1.187      1.089135
   1.191      1.090752
   1.195      1.092350
   1.198      1.093931
   1.202      1.095494
   1.206      1.097038
   1.210      1.098564
   1.213      1.100071
   1.217      1.101560
   1.221      1.103029
   1.225      1.104479
   1.228      1.105910
   1.232      1.107322
   1.236      1.108713
   1.239      1.110085
   1.243      1.111438
   1.247      1.112770
   1.251      1.114081
   1.254      1.115373
   1.258      1.116644
   1.262      1.117894
   1.266      1.119123
   1.269      1.120332
   1.273      1.121519
   1.277      1.122685
   1.281      1.123830
   1.284      1.124953
   1.288      1.126055
   1.292      1.127135
   1.295      1.128194
   1.299      1.129230
   1.303      1.130244
   1.307      1.131236
   1.310      1.132206
   1.314      1.133154
   1.318      1.134079
   1.322      1.134981
   1.325      1.135861
   1.329      1.136718
   1.333      1.137552
   1.337      1.138363
   1.340      1.139152
   1.344      1.139917
   1.348      1.140659
   1.351      1.141378
   1.355      1.142074
   1.359      1.142746
   1.363      1.143395
   1.366      1.144020
   1.370      1.144622
   1.374      1.145200
   1.378      1.145755
   1.381      1.146286
   1.385      1.146793
   1.389      1.147276
   1.393      1.147736
   1.396      1.148172
   1.400      1.148584
   1.404      1.148972
   1.407      1.149337
   1.411      1.149677
   1.415      1.149993
   1.419      1.150286
   1.422      1.150554
   1.426      1.150799
   1.430      1.151020
   1.434      1.151216
   1.437      1.151389
   1.441      1.151538
   1.445      1.151663
   1.449      1.151764
   1.452      1.151841
   1.456      1.151894
   1.460      1.151923
   1.463      1.151929
   1.467      1.151911
   1.471      1.151869
   1.475      1.151803
   1.478      1.151713
   1.482      1.151600
   1.486      1.151464
   1.490      1.151304
   1.493      1.151120
   1.497      1.150913
   1.501      1.150682
   1.505      1.150428
   1.508      1.150151
   1.512      1.149851
   1.516      1.149528
   1.519      1.149181
   1.523      1.148812
   1.527      1.148420
   1.531      1.148005
   1.534      1.147567
   1.538      1.147107
   1.542      1.146624
   1.546      1.146119
   1.549      1.145591
   1.553      1.145041
   1.557      1.144469
   1.561      1.143875
   1.564      1.143259
   1.568      1.142621
   1.572      1.141961
   1.575      1.141280
   1.579      1.140577
   1.583      1.139853
   1.587      1.139108
   1.590      1.138342
   1.594      1.137554
   1.598      1.136746
   1.602      1.135917
   1.605      1.135067
   1.609      1.134197
   1.613      1.133306
   1.617      1.132395
   1.620      1.131464
   1.624      1.130514
   1.628      1.129543
   1.631      1.128553
   1.635      1.127543
   1.639      1.126514
   1.643      1.125465
   1.646      1.124398
   1.650      1.123312
   1.654      1.122206
   1.658      1.121083
   1.661      1.119940
   1.665      1.118780
   1.669      1.117601
   1.673      1.116405
   1.676      1.115190
   1.680      1.113958
   1.684      1.112708
   1.687      1.111441
   1.691      1.110157
   1.695      1.108856
   1.699      1.107538
   1.702      1.106203
   1.706      1.104852
   1.710      1.103485
   1.714      1.102101
   1.717      1.100701
   1.721      1.099286
   1.725      1.097855
   1.729      1.096408
   1.732      1.094946
   1.736      1.093469
   1.740      1.091977
   1.743      1.090470
   1.747      1.088948
   1.751      1.087412
   1.755      1.085862
   1.758      1.084298
   1.762      1.082719
   1.766      1.081127
   1.770      1.079522
   1.773      1.077902
   1.777      1.076270
   1.781      1.074625
   1.785      1.072967
   1.788      1.071296
   1.792      1.069612
   1.796      1.067916
   1.799      1.066208
   1.803      1.064488
   1.807      1.062756
   1.811      1.061012
   1.814      1.059257
   1.818      1.057490
   1.822      1.055713
   1.826      1.053924
   1.829      1.052124
   1.833      1.050314
   1.837      1.048494
   1.841      1.046663
   1.844      1.044821
   1.848      1.042970
   1.852      1.041109
   1.855      1.039238
   1.859      1.037358
   1.863      1.035469
   1.867      1.033570
   1.870      1.031662
   1.874      1.029746
   1.878      1.027820
   1.882      1.025886
   1.885      1.023944
   1.889      1.021994
   1.893      1.020035
   1.897      1.018069
   1.900      1.016094
   1.904      1.014113
   1.908      1.012123
   1.911      1.010127
   1.915      1.008123
   1.919      1.006112
   1.923      1.004095
   1.926      1.002070
   1.930      1.000039
   1.934      0.998002
   1.938      0.995958
   1.941      0.993909
   1.945      0.991853
   1.949      0.989791
   1.953      0.987724
   1.956      0.985651
   1.960      0.983572
   1.964      0.981488
   1.967      0.979400
   1.971      0.977305
   1.975      0.975207
   1.979      0.973103
   1.982      0.970994
   1.986      0.968881
   1.990      0.966764
   1.994      0.964642
   1.997      0.962516
   2.001      0.960386
   2.005      0.958253
   2.009      0.956115
   2.012      0.953973
   2.016      0.951828
   2.020      0.949680
   2.023      0.947528
   2.027      0.945373
   2.031      0.943215
   2.035      0.941054
   2.038      0.938890
   2.042      0.936723
   2.046      0.934553
   2.050      0.932381
   2.053      0.930206
   2.057      0.928029
   2.061      0.925850
   2.065      0.923668
   2.068      0.921485
   2.072      0.919299
   2.076      0.917112
   2.079      0.914922
   2.083      0.912731
   2.087      0.910539
   2.091      0.908344
   2.094      0.906149
   2.098      0.903952
   2.102      0.901754
   2.106      0.899554
   2.109      0.897354
   2.113      0.895152
   2.117      0.892950
   2.121      0.890747
   2.124      0.888543
   2.128      0.886338
   2.132      0.884133
   2.135      0.881927
   2.139      0.879721
   2.143      0.877514
   2.147      0.875308
   2.150      0.873100
   2.154      0.870893
   2.158      0.868686
   2.162      0.866479
   2.165      0.864271
   2.169      0.862064
   2.173      0.859857
   2.177      0.857651
   2.180      0.855444
   2.184      0.853238
   2.188      0.851033
   2.191      0.848828
   2.195      0.846623
   2.199      0.844420
   2.203      0.842217
   2.206      0.840014
   2.210      0.837813
   2.214      0.835612
   2.218      0.833412
   2.221      0.831214
   2.225      0.829016
   2.229      0.826819
   2.233      0.824624
   2.236      0.822430
   2.240      0.820236
   2.244      0.818045
   2.247      0.815854
   2.251      0.813665
   2.255      0.811478
   2.259      0.809292
   2.262      0.807107
   2.266      0.804924
   2.270      0.802743
   2.274      0.800563
   2.277      0.798385
   2.281      0.796209
   2.285      0.794034
   2.289      0.791862
   2.292      0.789691
   2.296      0.787522
   2.300      0.785355
   2.303      0.783190
   2.307      0.781028
   2.311      0.778867
   2.315      0.776708
   2.318      0.774552
   2.322      0.772397
   2.326      0.770245
   2.330      0.768095
   2.333      0.765947
   2.337      0.763802
   2.341      0.761659
   2.345      0.759518
   2.348      0.757380
   2.352      0.755244
   2.356      0.753111
   2.359      0.750980
   2.363      0.748852
   2.367      0.746726
   2.371      0.744603
   2.374      0.742483
   2.378      0.740365
   2.382      0.738249
   2.386      0.736137
   2.389      0.734027
   2.393      0.731920
   2.397      0.729816
   2.401      0.727714
   2.404      0.725615
   2.408      0.723520
   2.412      0.721427
   2.415      0.719337
   2.419      0.717249
   2.423      0.715165
   2.427      0.713084
   2.430      0.711005
   2.434      0.708930
   2.438      0.706858
   2.442      0.704788
   2.445      0.702722
   2.449      0.700659
   2.453      0.698599
   2.457      0.696542
   2.460      0.694488
   2.464      0.692437
   2.468      0.690390
   2.471      0.688346
   2.475      0.686304
   2.479      0.684267
   2.483      0.682232
   2.486      0.680200
   2.490      0.678172
   2.494      0.676147
   2.498      0.674126
   2.501      0.672108
   2.505      0.670093
   2.509      0.668081
   2.513      0.666073
   2.516      0.664068
   2.520      0.662066
   2.524      0.660068
   2.527      0.658073
   2.531      0.656082
   2.535      0.654094
   2.539      0.652110
   2.542      0.650129
   2.546      0.648151
   2.550      0.646177
   2.554      0.644207
   2.557      0.642240
   2.561      0.640276
   2.565      0.638316
   2.569      0.636359
   2.572      0.634407
   2.576      0.632457
   2.580      0.630511
   2.583      0.628569
   2.587      0.626630
   2.591      0.624695
   2.595      0.622763
   2.598      0.620836
   2.602      0.618911
   2.606      0.616990
   2.610      0.615073
   2.613      0.613160
   2.617      0.611250
   2.621      0.609344
   2.625      0.607441
   2.628      0.605542
   2.632      0.603647
   2.636      0.601755
   2.639      0.599868
   2.643      0.597983
   2.647      0.596103
   2.651      0.594226
   2.654      0.592353
   2.658      0.590483
   2.662      0.588618
   2.666      0.586756
   2.669      0.584897
   2.673      0.583043
   2.677      0.581192
   2.681      0.579345
   2.684      0.577501
   2.688      0.575662
   2.692      0.573826
   2.695      0.571994
   2.699      0.570165
   2.703      0.568340
   2.707      0.566519
   2.710      0.564702
   2.714      0.562889
   2.718      0.561079
   2.722      0.559273
   2.725      0.557471
   2.729      0.555673
   2.733      0.553878
   2.737      0.552087
   2.740      0.550300
   2.744      0.548517
   2.748      0.546738
   2.751      0.544962
   2.755      0.543190
   2.759      0.541422
   2.763      0.539657
   2.766      0.537897
   2.770      0.536140
   2.774      0.534387
   2.778      0.532638
   2.781      0.530892
   2.785      0.529150
   2.789      0.527413
   2.793      0.525678
   2.796      0.523948
   2.800      0.522222
   2.804      0.520499
   2.807      0.518780
   2.811      0.517065
   2.815      0.515353
   2.819      0.513646
   2.822      0.511942
   2.826      0.510242
   2.830      0.508545
   2.834      0.506853
   2.837      0.505164
   2.841      0.503479
   2.845      0.501798
   2.849      0.500120
   2.852      0.498447
   2.856      0.496777
   2.860      0.495111
   2.863      0.493448
   2.867      0.491790
   2.871      0.490135
   2.875      0.488484
   2.878      0.486837
   2.882      0.485193
   2.886      0.483553
   2.890      0.481917
   2.893      0.480285
   2.897      0.478656
   2.901      0.477032
   2.905      0.475410
   2.908      0.473793
   2.912      0.472180
   2.916      0.470570
   2.919      0.468963
   2.923      0.467361
   2.927      0.465762
   2.931      0.464167
   2.934      0.462576
   2.938      0.460989
   2.942      0.459405
   2.946      0.457825
   2.949      0.456248
   2.953      0.454675
   2.957      0.453106
   2.961      0.451541
   2.964      0.449979
   2.968      0.448421
   2.972      0.446867
   2.975      0.445316
   2.979      0.443769
   2.983      0.442226
   2.987      0.440687
   2.990      0.439151
   2.994      0.437618
   2.998      0.436090
   3.002      0.434565
   3.005      0.433043
   3.009      0.431525
   3.013      0.430011
   3.017      0.428501
   3.020      0.426994
   3.024      0.425491
   3.028      0.423991
   3.031      0.422495
   3.035      0.421003
   3.039      0.419514
   3.043      0.418029
   3.046      0.416547
   3.050      0.415069
   3.054      0.413595
   3.058      0.412124
   3.061      0.410656
   3.065      0.409193
   3.069      0.407732
   3.073      0.406276
   3.076      0.404823
   3.080      0.403373
   3.084      0.401927
   3.087      0.400485
   3.091      0.399046
   3.095      0.397610
   3.099      0.396178
   3.102      0.394750
   3.106      0.393325
   3.110      0.391904
   3.114      0.390486
   3.117      0.389071
   3.121      0.387660
   3.125      0.386253
   3.129      0.384849
   3.132      0.383448
   3.136      0.382051
   3.140      0.380658
   3.143      0.379267
   3.147      0.377881
   3.151      0.376497
   3.155      0.375118
   3.158      0.373741
   3.162      0.372368
   3.166      0.370998
   3.170      0.369632
   3.173      0.368269
   3.177      0.366910
   3.181      0.365554
   3.185      0.364201
   3.188      0.362852
   3.192      0.361506
   3.196      0.360164
   3.199      0.358825
   3.203      0.357489
   3.207      0.356156
   3.211      0.354827
   3.214      0.353501
   3.218      0.352179
   3.222      0.350860
   3.226      0.349544
   3.229      0.348231
   3.233      0.346922
   3.237      0.345616
   3.241      0.344313
   3.244      0.343014
   3.248      0.341718
   3.252      0.340425
   3.255      0.339135
   3.259      0.337849
   3.263      0.336566
   3.267      0.335286
   3.270      0.334009
   3.274      0.332736
   3.278      0.331466
   3.282      0.330199
   3.285      0.328935
   3.289      0.327675
   3.293      0.326417
   3.297      0.325163
   3.300      0.323912
   3.304      0.322664
   3.308      0.321420
   3.311      0.320178
   3.315      0.318940
   3.319      0.317705
   3.323      0.316473
   3.326      0.315244
   3.330      0.314018
   3.334      0.312795
   3.338      0.311576
   3.341      0.310359
   3.345      0.309146
   3.349      0.307936
   3.353      0.306728
   3.356      0.305524
   3.360      0.304323
   3.364      0.303125
   3.367      0.301930
   3.371      0.300739
   3.375      0.299550
   3.379      0.298364
   3.382      0.297181
   3.386      0.296002
   3.390      0.294825
   3.394      0.293651
   3.397      0.292480
   3.401      0.291313
   3.405      0.290148
   3.409      0.288986
   3.412      0.287828
   3.416      0.286672
   3.420      0.285519
   3.423      0.284369
   3.427      0.283222
   3.431      0.282078
   3.435      0.280937
   3.438      0.279799
   3.442      0.278664
   3.446      0.277532
   3.450      0.276402
   3.453      0.275276
   3.457      0.274152
   3.461      0.273031
   3.465      0.271914
   3.468      0.270799
   3.472      0.269686
   3.476      0.268577
   3.479      0.267471
   3.483      0.266367
   3.487      0.265267
   3.491      0.264169
   3.494      0.263074
   3.498      0.261981
   3.502      0.260892
   3.506      0.259805
   3.509      0.258721
   3.513      0.257640
   3.517      0.256562
   3.521      0.255486
   3.524      0.254414
   3.528      0.253344
   3.532      0.252277
   3.535      0.251212
   3.539      0.250150
   3.543      0.249091
   3.547      0.248035
   3.550      0.246981
   3.554      0.245930
   3.558      0.244882
   3.562      0.243837
   3.565      0.242794
   3.569      0.241754
   3.573      0.240716
   3.577      0.239682
   3.580      0.238650
   3.584      0.237620
   3.588      0.236593
   3.591      0.235569
   3.595      0.234548
   3.599      0.233529
   3.603      0.232512
   3.606      0.231499
   3.610      0.230488
   3.614      0.229479
   3.618      0.228473
   3.621      0.227470
   3.625      0.226469
   3.629      0.225471
   3.633      0.224475
   3.636      0.223482
   3.640      0.222492
   3.644      0.221504
   3.647      0.220518
   3.651      0.219536
   3.655      0.218555
   3.659      0.217577
   3.662      0.216602
   3.666      0.215629
   3.670      0.214659
   3.674      0.213691
   3.677      0.212726
   3.681      0.211763
   3.685      0.210802
   3.689      0.209844
   3.692      0.208889
   3.696      0.207936
   3.700      0.206985
   3.703      0.206037
   3.707      0.205091
   3.711      0.204148
   3.715      0.203207
   3.718      0.202268
   3.722      0.201332
   3.726      0.200398
   3.730      0.199467
   3.733      0.198538
   3.737      0.197611
   3.741      0.196687
   3.745      0.195765
   3.748      0.194846
   3.752      0.193929
   3.756      0.193014
   3.759      0.192101
   3.763      0.191191
   3.767      0.190283
   3.771      0.189378
   3.774      0.188474
   3.778      0.187573
   3.782      0.186675
   3.786      0.185778
   3.789      0.184884
   3.793      0.183992
   3.797      0.183103
   3.801      0.182215
   3.804      0.181330
   3.808      0.180448
   3.812      0.179567
   3.815      0.178689
   3.819      0.177813
   3.823      0.176939
   3.827      0.176067
   3.830      0.175198
   3.834      0.174330
   3.838      0.173465
   3.842      0.172602
   3.845      0.171742
   3.849      0.170883
   3.853      0.170027
   3.857      0.169172
   3.860      0.168320
   3.864      0.167470
   3.868      0.166623
   3.871      0.165777
   3.875      0.164933
   3.879      0.164092
   3.883      0.163253
   3.886      0.162416
   3.890      0.161581
   3.894      0.160748
   3.898      0.159917
   3.901      0.159088
   3.905      0.158261
   3.909      0.157437
   3.913      0.156614
   3.916      0.155793
   3.920      0.154975
   3.924      0.154158
   3.927      0.153344
   3.931      0.152532
   3.935      0.151721
   3.939      0.150913
   3.942      0.150107
   3.946      0.149302
   3.950      0.148500
   3.954      0.147700
   3.957      0.146902
   3.961      0.146105
   3.965      0.145311
   3.969      0.144518
   3.972      0.143728
   3.976      0.142940
   3.980      0.142153
   3.983      0.141369
   3.987      0.140586
   3.991      0.139805
   3.995      0.139026
   3.998      0.138250
   4.002      0.137475
   4.006      0.136702
   4.010      0.135930
   4.013      0.135161
   4.017      0.134394
   4.021      0.133628
   4.025      0.132865
   4.028      0.132103
   4.032      0.131343
   4.036      0.130585
   4.039      0.129829
   4.043      0.129075
   4.047      0.128322
   4.051      0.127572
   4.054      0.126823
   4.058      0.126076
   4.062      0.125331
   4.066      0.124588
   4.069      0.123846
   4.073      0.123106
   4.077      0.122368
   4.081      0.121632
   4.084      0.120898
   4.088      0.120165
   4.092      0.119434
   4.095      0.118705
   4.099      0.117978
   4.103      0.117253
   4.107      0.116529
   4.110      0.115807
   4.114      0.115086
   4.118      0.114368
   4.122      0.113651
   4.125      0.112936
   4.129      0.112222
   4.133      0.111511
   4.137      0.110800
   4.140      0.110092
   4.144      0.109385
   4.148      0.108680
   4.151      0.107977
   4.155      0.107275
   4.159      0.106576
   4.163      0.105877
   4.166      0.105181
   4.170      0.104486
   4.174      0.103792
   4.178      0.103100
   4.181      0.102410
   4.185      0.101722
   4.189      0.101035
   4.193      0.100350
   4.196      0.099666
   4.200      0.098984
   4.204      0.098304
   4.207      0.097625
   4.211      0.096947
   4.215      0.096272
   4.219      0.095598
   4.222      0.094925
   4.226      0.094254
   4.230      0.093585
   4.234      0.092917
   4.237      0.092250
   4.241      0.091586
   4.245      0.090922
   4.249      0.090261
   4.252      0.089600
   4.256      0.088942
   4.260      0.088285
   4.263      0.087629
   4.267      0.086975
   4.271      0.086322
   4.275      0.085671
   4.278      0.085021
   4.282      0.084373
   4.286      0.083726
   4.290      0.083081
   4.293      0.082437
   4.297      0.081795
   4.301      0.081154
   4.305      0.080515
   4.308      0.079877
   4.312      0.079240
   4.316      0.078605
   4.319      0.077971
   4.323      0.077339
   4.327      0.076708
   4.331      0.076079
   4.334      0.075450
   4.338      0.074824
   4.342      0.074199
   4.346      0.073575
   4.349      0.072952
   4.353      0.072331
   4.357      0.071711
   4.361      0.071093
   4.364      0.070476
   4.368      0.069860
   4.372      0.069246
   4.375      0.068633
   4.379      0.068021
   4.383      0.067411
   4.387      0.066802
   4.390      0.066195
   4.394      0.065588
   4.398      0.064983
   4.402      0.064380
   4.405      0.063777
   4.409      0.063176
   4.413      0.062576
   4.417      0.061978
   4.420      0.061381
   4.424      0.060785
   4.428      0.060190
   4.431      0.059597
   4.435      0.059005
   4.439      0.058414
   4.443      0.057824
   4.446      0.057236
   4.450      0.056649
   4.454      0.056063
   4.458      0.055478
   4.461      0.054895
   4.465      0.054313
   4.469      0.053732
   4.473      0.053152
   4.476      0.052574
   4.480      0.051996
   4.484      0.051420
   4.487      0.050845
   4.491      0.050271
   4.495      0.049699
   4.499      0.049128
   4.502      0.048557
   4.506      0.047988
   4.510      0.047420
   4.514      0.046854
   4.517      0.046288
   4.521      0.045724
   4.525      0.045160
   4.529      0.044598
   4.532      0.044037
   4.536      0.043477
   4.540      0.042919
   4.543      0.042361
   4.547      0.041805
   4.551      0.041249
   4.555      0.040695
   4.558      0.040142
   4.562      0.039590
   4.566      0.039039
   4.570      0.038489
   4.573      0.037940
   4.577      0.037392
   4.581      0.036846
   4.585      0.036300
   4.588      0.035755
   4.592      0.035212
   4.596      0.034669
   4.599      0.034128
   4.603      0.033588
   4.607      0.033048
   4.611      0.032510
   4.614      0.031973
   4.618      0.031437
   4.622      0.030901
   4.626      0.030367
   4.629      0.029834
   4.633      0.029302
   4.637      0.028771
   4.641      0.028241
   4.644      0.027711
   4.648      0.027183
   4.652      0.026656
   4.655      0.026130
   4.659      0.025604
   4.663      0.025080
   4.667      0.024557
   4.670      0.024035
   4.674      0.023513
   4.678      0.022993
   4.682      0.022473
   4.685      0.021955
   4.689      0.021437
   4.693      0.020920
   4.697      0.020404
   4.700      0.019890
   4.704      0.019376
   4.708      0.018863
   4.711      0.018350
   4.715      0.017839
   4.719      0.017329
   4.723      0.016819
   4.726      0.016311
   4.730      0.015803
   4.734      0.015297
   4.738      0.014791
   4.741      0.014286
   4.745      0.013782
   4.749      0.013278
   4.753      0.012776
   4.756      0.012274
   4.760      0.011774
   4.764      0.011274
   4.767      0.010775
   4.771      0.010276
   4.775      0.009779
   4.779      0.009283
   4.782      0.008787
   4.786      0.008292
   4.790      0.007798
   4.794      0.007305
   4.797      0.006812
   4.801      0.006321
   4.805      0.005830
   4.809      0.005340
   4.812      0.004850
   4.816      0.004362
   4.820      0.003874
   4.823      0.003387
   4.827      0.002901
   4.831      0.002416
   4.835      0.001931
   4.838      0.001447
   4.842      0.000964
   4.846      0.000482
   4.850      0.000000
