   0.000      1.276423
   0.004      1.276423
   0.007      1.276423
   0.011      1.276423
   0.015      1.276423
   0.019      1.276423
   0.022      1.276423
   0.026      1.276423
   0.030      1.276422
   0.033      1.276422
   0.037      1.276421
   0.041      1.276420
   0.044      1.276419
   0.048      1.276418
   0.052      1.276416
   0.056      1.276414
   0.059      1.276411
   0.063      1.276408
   0.067      1.276404
   0.070      1.276399
   0.074      1.276394
   0.078      1.276387
   0.081      1.276380
   0.085      1.276371
   0.089      1.276362
   0.093      1.276351
   0.096      1.276339
   0.100      1.276325
   0.104      1.276310
   0.107      1.276292
   0.111      1.276274
   0.115      1.276253
   0.119      1.276230
   0.122      1.276204
   0.126      1.276176
   0.130      1.276146
   0.133      1.276113
   0.137      1.276077
   0.141      1.276038
   0.144      1.275996
   0.148      1.275951
   0.152      1.275902
   0.156      1.275850
   0.159      1.275793
   0.163      1.275733
   0.167      1.275668
   0.170      1.275599
   0.174      1.275525
   0.178      1.275446
   0.182      1.275363
   0.185      1.275274
   0.189      1.275179
   0.193      1.275079
   0.196      1.274973
   0.200      1.274861
   0.204      1.274743
   0.207      1.274618
   0.211      1.274487
   0.215      1.274348
   0.219      1.274202
   0.222      1.274049
   0.226      1.273888
   0.230      1.273718
   0.233      1.273541
   0.237      1.273355
   0.241      1.273161
   0.244      1.272957
   0.248      1.272745
   0.252      1.272522
   0.256      1.272290
   0.259      1.272048
   0.263      1.271796
   0.267      1.271533
   0.270      1.271259
   0.274      1.270974
   0.278      1.270677
   0.282      1.270369
   0.285      1.270049
   0.289      1.269717
   0.293      1.269372
   0.296      1.269015
   0.300      1.268644
   0.304      1.268260
   0.307      1.267863
   0.311      1.267451
   0.315      1.267025
   0.319      1.266585
   0.322      1.266130
   0.326      1.265659
   0.330      1.265174
   0.333      1.264673
   0.337      1.264155
   0.341      1.263622
   0.344      1.263072
   0.348      1.262506
   0.352      1.261922
   0.356      1.261321
   0.359      1.260702
   0.363      1.260066
   0.367      1.259411
   0.370      1.258738
   0.374      1.258046
   0.378      1.257335
   0.382      1.256605
   0.385      1.255855
   0.389      1.255086
   0.393      1.254297
   0.396      1.253487
   0.400      1.252657
   0.404      1.251806
   0.407      1.250934
   0.411      1.250041
   0.415      1.249127
   0.419      1.248191
   0.422      1.247232
   0.426      1.246252
   0.430      1.245250
   0.433      1.244224
   0.437      1.243176
   0.441      1.242106
   0.445      1.241012
   0.448      1.239894
   0.452      1.238753
   0.456      1.237589
   0.459      1.236400
   0.463      1.235188
   0.467      1.233951
   0.470      1.232691
   0.474      1.231405
   0.478      1.230096
   0.482      1.228761
   0.485      1.227402
   0.489      1.226017
   0.493      1.224608
   0.496      1.223174
   0.500      1.221714
   0.504      1.220230
   0.507      1.218719
   0.511      1.217184
   0.515      1.215623
   0.519      1.214037
   0.522      1.212425
   0.526      1.210787
   0.530      1.209125
   0.533      1.207436
   0.537      1.205722
   0.541      1.203983
   0.545      1.202218
   0.548      1.200428
   0.552      1.198612
   0.556      1.196771
   0.559      1.194905
   0.563      1.193013
   0.567      1.191097
   0.570      1.189155
   0.574      1.187189
   0.578      1.185197
   0.582      1.183182
   0.585      1.181141
   0.589      1.179076
   0.593      1.176988
   0.596      1.174875
   0.600      1.172738
   0.604      1.170577
   0.607      1.168393
   0.611      1.166186
   0.615      1.163956
   0.619      1.161703
   0.622      1.159427
   0.626      1.157129
   0.630      1.154809
   0.633      1.152467
   0.637      1.150104
   0.641      1.147719
   0.645      1.145314
   0.648      1.142888
   0.652      1.140441
   0.656      1.137974
   0.659      1.135488
   0.663      1.132982
   0.667      1.130457
   0.670      1.127914
   0.674      1.125352
   0.678      1.122772
   0.682      1.120175
   0.685      1.117560
   0.689      1.114929
   0.693      1.112281
   0.696      1.109617
   0.700      1.106938
   0.704      1.104243
   0.708      1.101533
   0.711      1.098809
   0.715      1.096071
   0.719      1.093319
   0.722      1.090555
   0.726      1.087777
   0.730      1.084987
   0.733      1.082186
   0.737      1.079373
   0.741      1.076549
   0.745      1.073715
   0.748      1.070871
   0.752      1.068017
   0.756      1.065154
   0.759      1.062282
   0.763      1.059403
   0.767      1.056515
   0.770      1.053620
   0.774      1.050718
   0.778      1.047811
   0.782      1.044897
   0.785      1.041977
   0.789      1.039053
   0.793      1.036124
   0.796      1.033191
   0.800      1.030255
   0.804      1.027315
   0.808      1.024373
   0.811      1.021428
   0.815      1.018481
   0.819      1.015534
   0.822      1.012585
   0.826      1.009635
   0.830      1.006686
   0.833      1.003737
   0.837      1.000788
   0.841      0.997841
   0.845      0.994895
   0.848      0.991952
   0.852      0.989010
   0.856      0.986072
   0.859      0.983136
   0.863      0.980205
   0.867      0.977277
   0.870      0.974353
   0.874      0.971434
   0.878      0.968521
   0.882      0.965612
   0.885      0.962709
   0.889      0.959813
   0.893      0.956922
   0.896      0.954039
   0.900      0.951162
   0.904      0.948293
   0.908      0.945432
   0.911      0.942578
   0.915      0.939733
   0.919      0.936896
   0.922      0.934068
   0.926      0.931249
   0.930      0.928440
   0.933      0.925640
   0.937      0.922850
   0.941      0.920070
   0.945      0.917300
   0.948      0.914541
   0.952      0.911793
   0.956      0.909055
   0.959      0.906329
   0.963      0.903614
   0.967      0.900910
   0.971      0.898219
   0.974      0.895539
   0.978      0.892871
   0.982      0.890215
   0.985      0.887572
   0.989      0.884941
   0.993      0.882323
   0.996      0.879717
   1.000      0.877124
   1.004      0.874545
   1.008      0.871978
   1.011      0.869424
   1.015      0.866884
   1.019      0.864357
   1.022      0.861843
   1.026      0.859343
   1.030      0.856856
   1.033      0.854383
   1.037      0.851924
   1.041      0.849478
   1.045      0.847046
   1.048      0.844628
   1.052      0.842224
   1.056      0.839833
   1.059      0.837457
   1.063      0.835094
   1.067      0.832745
   1.071      0.830410
   1.074      0.828088
   1.078      0.825781
   1.082      0.823487
   1.085      0.821207
   1.089      0.818941
   1.093      0.816689
   1.096      0.814450
   1.100      0.812226
   1.104      0.810014
   1.108      0.807817
   1.111      0.805633
   1.115      0.803462
   1.119      0.801305
   1.122      0.799162
   1.126      0.797032
   1.130      0.794915
   1.133      0.792811
   1.137      0.790720
   1.141      0.788643
   1.145      0.786578
   1.148      0.784527
   1.152      0.782488
   1.156      0.780462
   1.159      0.778449
   1.163      0.776448
   1.167      0.774460
   1.171      0.772485
   1.174      0.770521
   1.178      0.768570
   1.182      0.766631
   1.185      0.764704
   1.189      0.762789
   1.193      0.760886
   1.196      0.758995
   1.200      0.757115
   1.204      0.755247
   1.208      0.753391
   1.211      0.751546
   1.215      0.749712
   1.219      0.747889
   1.222      0.746077
   1.226      0.744276
   1.230      0.742486
   1.234      0.740707
   1.237      0.738938
   1.241      0.737180
   1.245      0.735432
   1.248      0.733694
   1.252      0.731967
   1.256      0.730250
   1.259      0.728543
   1.263      0.726845
   1.267      0.725158
   1.271      0.723480
   1.274      0.721811
   1.278      0.720152
   1.282      0.718503
   1.285      0.716862
   1.289      0.715231
   1.293      0.713609
   1.296      0.711995
   1.300      0.710391
   1.304      0.708795
   1.308      0.707208
   1.311      0.705629
   1.315      0.704059
   1.319      0.702497
   1.322      0.700943
   1.326      0.699398
   1.330      0.697860
   1.334      0.696330
   1.337      0.694809
   1.341      0.693295
   1.345      0.691788
   1.348      0.690289
   1.352      0.688798
   1.356      0.687314
   1.359      0.685837
   1.363      0.684367
   1.367      0.682905
   1.371      0.681449
   1.374      0.680001
   1.378      0.678559
   1.382      0.677124
   1.385      0.675696
   1.389      0.674274
   1.393      0.672859
   1.396      0.671450
   1.400      0.670048
   1.404      0.668652
   1.408      0.667262
   1.411      0.665879
   1.415      0.664501
   1.419      0.663129
   1.422      0.661764
   1.426      0.660404
   1.430      0.659050
   1.434      0.657701
   1.437      0.656359
   1.441      0.655021
   1.445      0.653690
   1.448      0.652364
   1.452      0.651043
   1.456      0.649727
   1.459      0.648417
   1.463      0.647112
   1.467      0.645812
   1.471      0.644517
   1.474      0.643228
   1.478      0.641943
   1.482      0.640663
   1.485      0.639388
   1.489      0.638118
   1.493      0.636852
   1.497      0.635592
   1.500      0.634335
   1.504      0.633084
   1.508      0.631837
   1.511      0.630595
   1.515      0.629357
   1.519      0.628123
   1.522      0.626894
   1.526      0.625669
   1.530      0.624449
   1.534      0.623232
   1.537      0.622020
   1.541      0.620813
   1.545      0.619609
   1.548      0.618409
   1.552      0.617213
   1.556      0.616022
   1.559      0.614834
   1.563      0.613650
   1.567      0.612471
   1.571      0.611295
   1.574      0.610122
   1.578      0.608954
   1.582      0.607790
   1.585      0.606629
   1.589      0.605472
   1.593      0.604318
   1.597      0.603168
   1.600      0.602022
   1.604      0.600879
   1.608      0.599740
   1.611      0.598605
   1.615      0.597473
   1.619      0.596344
   1.622      0.595219
   1.626      0.594098
   1.630      0.592979
   1.634      0.591864
   1.637      0.590753
   1.641      0.589645
   1.645      0.588540
   1.648      0.587438
   1.652      0.586340
   1.656      0.585245
   1.659      0.584153
   1.663      0.583064
   1.667      0.581978
   1.671      0.580896
   1.674      0.579817
   1.678      0.578741
   1.682      0.577668
   1.685      0.576598
   1.689      0.575531
   1.693      0.574467
   1.697      0.573406
   1.700      0.572348
   1.704      0.571294
   1.708      0.570242
   1.711      0.569193
   1.715      0.568147
   1.719      0.567104
   1.722      0.566064
   1.726      0.565027
   1.730      0.563993
   1.734      0.562962
   1.737      0.561933
   1.741      0.560908
   1.745      0.559885
   1.748      0.558865
   1.752      0.557848
   1.756      0.556833
   1.760      0.555822
   1.763      0.554813
   1.767      0.553807
   1.771      0.552804
   1.774      0.551803
   1.778      0.550806
   1.782      0.549811
   1.785      0.548818
   1.789      0.547829
   1.793      0.546842
   1.797      0.545857
   1.800      0.544876
   1.804      0.543897
   1.808      0.542920
   1.811      0.541947
   1.815      0.540976
   1.819      0.540007
   1.822      0.539042
   1.826      0.538078
   1.830      0.537118
   1.834      0.536160
   1.837      0.535204
   1.841      0.534252
   1.845      0.533301
   1.848      0.532354
   1.852      0.531408
   1.856      0.530466
   1.860      0.529526
   1.863      0.528588
   1.867      0.527653
   1.871      0.526720
   1.874      0.525790
   1.878      0.524863
   1.882      0.523937
   1.885      0.523015
   1.889      0.522095
   1.893      0.521177
   1.897      0.520262
   1.900      0.519349
   1.904      0.518439
   1.908      0.517531
   1.911      0.516625
   1.915      0.515722
   1.919      0.514821
   1.923      0.513923
   1.926      0.513027
   1.930      0.512134
   1.934      0.511243
   1.937      0.510354
   1.941      0.509468
   1.945      0.508584
   1.948      0.507702
   1.952      0.506823
   1.956      0.505946
   1.960      0.505072
   1.963      0.504200
   1.967      0.503330
   1.971      0.502462
   1.974      0.501597
   1.978      0.500734
   1.982      0.499874
   1.985      0.499015
   1.989      0.498160
   1.993      0.497306
   1.997      0.496455
   2.000      0.495605
   2.004      0.494759
   2.008      0.493914
   2.011      0.493072
   2.015      0.492232
   2.019      0.491394
   2.023      0.490559
   2.026      0.489725
   2.030      0.488894
   2.034      0.488066
   2.037      0.487239
   2.041      0.486415
   2.045      0.485593
   2.048      0.484773
   2.052      0.483955
   2.056      0.483140
   2.060      0.482326
   2.063      0.481515
   2.067      0.480706
   2.071      0.479900
   2.074      0.479095
   2.078      0.478293
   2.082      0.477493
   2.085      0.476694
   2.089      0.475899
   2.093      0.475105
   2.097      0.474313
   2.100      0.473524
   2.104      0.472736
   2.108      0.471951
   2.111      0.471168
   2.115      0.470387
   2.119      0.469608
   2.123      0.468832
   2.126      0.468057
   2.130      0.467285
   2.134      0.466514
   2.137      0.465746
   2.141      0.464980
   2.145      0.464215
   2.148      0.463453
   2.152      0.462693
   2.156      0.461935
   2.160      0.461179
   2.163      0.460426
   2.167      0.459674
   2.171      0.458924
   2.174      0.458176
   2.178      0.457431
   2.182      0.456687
   2.186      0.455945
   2.189      0.455206
   2.193      0.454468
   2.197      0.453732
   2.200      0.452999
   2.204      0.452267
   2.208      0.451538
   2.211      0.450810
   2.215      0.450084
   2.219      0.449361
   2.223      0.448639
   2.226      0.447919
   2.230      0.447202
   2.234      0.446486
   2.237      0.445772
   2.241      0.445060
   2.245      0.444350
   2.248      0.443642
   2.252      0.442936
   2.256      0.442232
   2.260      0.441530
   2.263      0.440829
   2.267      0.440131
   2.271      0.439434
   2.274      0.438740
   2.278      0.438047
   2.282      0.437356
   2.286      0.436668
   2.289      0.435981
   2.293      0.435295
   2.297      0.434612
   2.300      0.433931
   2.304      0.433251
   2.308      0.432574
   2.311      0.431898
   2.315      0.431224
   2.319      0.430552
   2.323      0.429882
   2.326      0.429213
   2.330      0.428547
   2.334      0.427882
   2.337      0.427219
   2.341      0.426558
   2.345      0.425898
   2.348      0.425241
   2.352      0.424585
   2.356      0.423931
   2.360      0.423279
   2.363      0.422629
   2.367      0.421980
   2.371      0.421333
   2.374      0.420688
   2.378      0.420045
   2.382      0.419404
   2.386      0.418764
   2.389      0.418126
   2.393      0.417490
   2.397      0.416855
   2.400      0.416222
   2.404      0.415591
   2.408      0.414962
   2.411      0.414335
   2.415      0.413709
   2.419      0.413085
   2.423      0.412462
   2.426      0.411841
   2.430      0.411222
   2.434      0.410605
   2.437      0.409989
   2.441      0.409376
   2.445      0.408763
   2.449      0.408153
   2.452      0.407544
   2.456      0.406936
   2.460      0.406331
   2.463      0.405727
   2.467      0.405125
   2.471      0.404524
   2.474      0.403925
   2.478      0.403328
   2.482      0.402732
   2.486      0.402138
   2.489      0.401545
   2.493      0.400954
   2.497      0.400365
   2.500      0.399777
   2.504      0.399191
   2.508      0.398607
   2.511      0.398024
   2.515      0.397443
   2.519      0.396863
   2.523      0.396285
   2.526      0.395709
   2.530      0.395134
   2.534      0.394560
   2.537      0.393988
   2.541      0.393418
   2.545      0.392849
   2.549      0.392282
   2.552      0.391716
   2.556      0.391152
   2.560      0.390590
   2.563      0.390029
   2.567      0.389469
   2.571      0.388911
   2.574      0.388355
   2.578      0.387800
   2.582      0.387246
   2.586      0.386694
   2.589      0.386144
   2.593      0.385595
   2.597      0.385047
   2.600      0.384501
   2.604      0.383957
   2.608      0.383414
   2.611      0.382872
   2.615      0.382332
   2.619      0.381793
   2.623      0.381256
   2.626      0.380720
   2.630      0.380186
   2.634      0.379653
   2.637      0.379121
   2.641      0.378591
   2.645      0.378063
   2.649      0.377536
   2.652      0.377010
   2.656      0.376485
   2.660      0.375963
   2.663      0.375441
   2.667      0.374921
   2.671      0.374402
   2.674      0.373885
   2.678      0.373369
   2.682      0.372854
   2.686      0.372341
   2.689      0.371829
   2.693      0.371319
   2.697      0.370809
   2.700      0.370302
   2.704      0.369795
   2.708      0.369290
   2.712      0.368786
   2.715      0.368284
   2.719      0.367783
   2.723      0.367283
   2.726      0.366785
   2.730      0.366288
   2.734      0.365792
   2.737      0.365298
   2.741      0.364805
   2.745      0.364313
   2.749      0.363822
   2.752      0.363333
   2.756      0.362845
   2.760      0.362358
   2.763      0.361873
   2.767      0.361389
   2.771      0.360906
   2.774      0.360425
   2.778      0.359944
   2.782      0.359465
   2.786      0.358988
   2.789      0.358511
   2.793      0.358036
   2.797      0.357562
   2.800      0.357089
   2.804      0.356618
   2.808      0.356147
   2.812      0.355678
   2.815      0.355210
   2.819      0.354744
   2.823      0.354278
   2.826      0.353814
   2.830      0.353351
   2.834      0.352889
   2.837      0.352429
   2.841      0.351969
   2.845      0.351511
   2.849      0.351054
   2.852      0.350598
   2.856      0.350143
   2.860      0.349690
   2.863      0.349238
   2.867      0.348786
   2.871      0.348336
   2.874      0.347888
   2.878      0.347440
   2.882      0.346993
   2.886      0.346548
   2.889      0.346104
   2.893      0.345661
   2.897      0.345219
   2.900      0.344778
   2.904      0.344338
   2.908      0.343899
   2.912      0.343462
   2.915      0.343025
   2.919      0.342590
   2.923      0.342156
   2.926      0.341723
   2.930      0.341291
   2.934      0.340860
   2.937      0.340430
   2.941      0.340001
   2.945      0.339573
   2.949      0.339147
   2.952      0.338721
   2.956      0.338297
   2.960      0.337873
   2.963      0.337451
