   0.000      0.000231
   0.004      0.002657
   0.007      0.005082
   0.011      0.007591
   0.015      0.010110
   0.019      0.012633
   0.022      0.015158
   0.026      0.017682
   0.030      0.020207
   0.034      0.022733
   0.037      0.025258
   0.041      0.027784
   0.045      0.030309
   0.049      0.032835
   0.052      0.035360
   0.056      0.037886
   0.060      0.040411
   0.063      0.042937
   0.067      0.045463
   0.071      0.047988
   0.075      0.050514
   0.078      0.053040
   0.082      0.055565
   0.086      0.058091
   0.090      0.060617
   0.093      0.063142
   0.097      0.065668
   0.101      0.068194
   0.105      0.070719
   0.108      0.073245
   0.112      0.075770
   0.116      0.078296
   0.119      0.080821
   0.123      0.083347
   0.127      0.085873
   0.131      0.088398
   0.134      0.090923
   0.138      0.093449
   0.142      0.095974
   0.146      0.098499
   0.149      0.101025
   0.153      0.103550
   0.157      0.106075
   0.161      0.108600
   0.164      0.111125
   0.168      0.113650
   0.172      0.116175
   0.175      0.118699
   0.179      0.121224
   0.183      0.123749
   0.187      0.126273
   0.190      0.128797
   0.194      0.131321
   0.198      0.133845
   0.202      0.136369
   0.205      0.138893
   0.209      0.141416
   0.213      0.143940
   0.217      0.146463
   0.220      0.148986
   0.224      0.151509
   0.228      0.154031
   0.231      0.156554
   0.235      0.159076
   0.239      0.161597
   0.243      0.164119
   0.246      0.166640
   0.250      0.169161
   0.254      0.171682
   0.258      0.174202
   0.261      0.176722
   0.265      0.179242
   0.269      0.181761
   0.273      0.184280
   0.276      0.186799
   0.280      0.189317
   0.284      0.191834
   0.287      0.194352
   0.291      0.196868
   0.295      0.199385
   0.299      0.201901
   0.302      0.204416
   0.306      0.206931
   0.310      0.209445
   0.314      0.211958
   0.317      0.214471
   0.321      0.216984
   0.325      0.219495
   0.329      0.222007
   0.332      0.224517
   0.336      0.227027
   0.340      0.229536
   0.343      0.232044
   0.347      0.234552
   0.351      0.237058
   0.355      0.239564
   0.358      0.242069
   0.362      0.244573
   0.366      0.247077
   0.370      0.249579
   0.373      0.252081
   0.377      0.254581
   0.381      0.257081
   0.385      0.259579
   0.388      0.262077
   0.392      0.264573
   0.396      0.267069
   0.399      0.269563
   0.403      0.272056
   0.407      0.274548
   0.411      0.277039
   0.414      0.279528
   0.418      0.282016
   0.422      0.284503
   0.426      0.286989
   0.429      0.289473
   0.433      0.291956
   0.437      0.294438
   0.441      0.296918
   0.444      0.299397
   0.448      0.301874
   0.452      0.304349
   0.455      0.306824
   0.459      0.309296
   0.463      0.311767
   0.467      0.314236
   0.470      0.316704
   0.474      0.319170
   0.478      0.321634
   0.482      0.324096
   0.485      0.326557
   0.489      0.329015
   0.493      0.331472
   0.497      0.333927
   0.500      0.336380
   0.504      0.338831
   0.508      0.341280
   0.511      0.343727
   0.515      0.346172
   0.519      0.348615
   0.523      0.351055
   0.526      0.353494
   0.530      0.355930
   0.534      0.358364
   0.538      0.360795
   0.541      0.363225
   0.545      0.365652
   0.549      0.368076
   0.553      0.370499
   0.556      0.372918
   0.560      0.375336
   0.564      0.377750
   0.567      0.380162
   0.571      0.382572
   0.575      0.384979
   0.579      0.387383
   0.582      0.389785
   0.586      0.392183
   0.590      0.394579
   0.594      0.396972
   0.597      0.399363
   0.601      0.401750
   0.605      0.404134
   0.609      0.406516
   0.612      0.408894
   0.616      0.411270
   0.620      0.413642
   0.623      0.416011
   0.627      0.418377
   0.631      0.420740
   0.635      0.423099
   0.638      0.425456
   0.642      0.427809
   0.646      0.430158
   0.650      0.432504
   0.653      0.434847
   0.657      0.437187
   0.661      0.439522
   0.665      0.441855
   0.668      0.444183
   0.672      0.446508
   0.676      0.448830
   0.679      0.451147
   0.683      0.453461
   0.687      0.455771
   0.691      0.458077
   0.694      0.460380
   0.698      0.462678
   0.702      0.464973
   0.706      0.467263
   0.709      0.469550
   0.713      0.471832
   0.717      0.474111
   0.721      0.476385
   0.724      0.478655
   0.728      0.480921
   0.732      0.483182
   0.735      0.485440
   0.739      0.487693
   0.743      0.489941
   0.747      0.492185
   0.750      0.494425
   0.754      0.496660
   0.758      0.498890
   0.762      0.501116
   0.765      0.503338
   0.769      0.505554
   0.773      0.507766
   0.777      0.509973
   0.780      0.512176
   0.784      0.514373
   0.788      0.516566
   0.791      0.518754
   0.795      0.520937
   0.799      0.523114
   0.803      0.525287
   0.806      0.527455
   0.810      0.529617
   0.814      0.531775
   0.818      0.533927
   0.821      0.536074
   0.825      0.538216
   0.829      0.540352
   0.833      0.542483
   0.836      0.544608
   0.840      0.546729
   0.844      0.548843
   0.847      0.550952
   0.851      0.553056
   0.855      0.555154
   0.859      0.557246
   0.862      0.559332
   0.866      0.561413
   0.870      0.563488
   0.874      0.565557
   0.877      0.567621
   0.881      0.569678
   0.885      0.571729
   0.889      0.573775
   0.892      0.575814
   0.896      0.577848
   0.900      0.579875
   0.903      0.581896
   0.907      0.583911
   0.911      0.585920
   0.915      0.587922
   0.918      0.589918
   0.922      0.591908
   0.926      0.593891
   0.930      0.595868
   0.933      0.597839
   0.937      0.599802
   0.941      0.601760
   0.945      0.603711
   0.948      0.605655
   0.952      0.607592
   0.956      0.609523
   0.959      0.611447
   0.963      0.613364
   0.967      0.615274
   0.971      0.617178
   0.974      0.619074
   0.978      0.620964
   0.982      0.622847
   0.986      0.624722
   0.989      0.626591
   0.993      0.628452
   0.997      0.630306
   1.001      0.632153
   1.004      0.633993
   1.008      0.635826
   1.012      0.637651
   1.015      0.639469
   1.019      0.641279
   1.023      0.643082
   1.027      0.644878
   1.030      0.646666
   1.034      0.648447
   1.038      0.650220
   1.042      0.651985
   1.045      0.653743
   1.049      0.655493
   1.053      0.657235
   1.057      0.658970
   1.060      0.660697
   1.064      0.662416
   1.068      0.664127
   1.071      0.665830
   1.075      0.667525
   1.079      0.669212
   1.083      0.670892
   1.086      0.672563
   1.090      0.674226
   1.094      0.675881
   1.098      0.677528
   1.101      0.679167
   1.105      0.680797
   1.109      0.682419
   1.113      0.684033
   1.116      0.685639
   1.120      0.687236
   1.124      0.688825
   1.127      0.690405
   1.131      0.691977
   1.135      0.693541
   1.139      0.695096
   1.142      0.696642
   1.146      0.698180
   1.150      0.699709
   1.154      0.701230
   1.157      0.702742
   1.161      0.704245
   1.165      0.705739
   1.169      0.707225
   1.172      0.708702
   1.176      0.710170
   1.180      0.711629
   1.183      0.713079
   1.187      0.714520
   1.191      0.715953
   1.195      0.717376
   1.198      0.718790
   1.202      0.720196
   1.206      0.721592
   1.210      0.722979
   1.213      0.724357
   1.217      0.725726
   1.221      0.727086
   1.225      0.728436
   1.228      0.729777
   1.232      0.731109
   1.236      0.732432
   1.239      0.733745
   1.243      0.735049
   1.247      0.736344
   1.251      0.737629
   1.254      0.738905
   1.258      0.740172
   1.262      0.741429
   1.266      0.742676
   1.269      0.743914
   1.273      0.745143
   1.277      0.746362
   1.281      0.747571
   1.284      0.748771
   1.288      0.749961
   1.292      0.751141
   1.295      0.752312
   1.299      0.753473
   1.303      0.754625
   1.307      0.755766
   1.310      0.756898
   1.314      0.758020
   1.318      0.759133
   1.322      0.760235
   1.325      0.761328
   1.329      0.762411
   1.333      0.763484
   1.337      0.764547
   1.340      0.765601
   1.344      0.766644
   1.348      0.767678
   1.351      0.768701
   1.355      0.769715
   1.359      0.770718
   1.363      0.771712
   1.366      0.772696
   1.370      0.773669
   1.374      0.774633
   1.378      0.775586
   1.381      0.776530
   1.385      0.777463
   1.389      0.778386
   1.393      0.779300
   1.396      0.780203
   1.400      0.781096
   1.404      0.781978
   1.407      0.782851
   1.411      0.783714
   1.415      0.784566
   1.419      0.785408
   1.422      0.786240
   1.426      0.787062
   1.430      0.787874
   1.434      0.788675
   1.437      0.789467
   1.441      0.790248
   1.445      0.791018
   1.449      0.791779
   1.452      0.792529
   1.456      0.793269
   1.460      0.793999
   1.463      0.794719
   1.467      0.795428
   1.471      0.796127
   1.475      0.796816
   1.478      0.797494
   1.482      0.798163
   1.486      0.798821
   1.490      0.799468
   1.493      0.800106
   1.497      0.800733
   1.501      0.801350
   1.505      0.801956
   1.508      0.802553
   1.512      0.803139
   1.516      0.803715
   1.519      0.804280
   1.523      0.804835
   1.527      0.805380
   1.531      0.805915
   1.534      0.806439
   1.538      0.806954
   1.542      0.807458
   1.546      0.807951
   1.549      0.808435
   1.553      0.808908
   1.557      0.809371
   1.561      0.809824
   1.564      0.810266
   1.568      0.810699
   1.572      0.811121
   1.575      0.811533
   1.579      0.811934
   1.583      0.812326
   1.587      0.812707
   1.590      0.813079
   1.594      0.813440
   1.598      0.813791
   1.602      0.814131
   1.605      0.814462
   1.609      0.814783
   1.613      0.815093
   1.617      0.815394
   1.620      0.815684
   1.624      0.815965
   1.628      0.816235
   1.631      0.816495
   1.635      0.816746
   1.639      0.816986
   1.643      0.817216
   1.646      0.817437
   1.650      0.817647
   1.654      0.817848
   1.658      0.818039
   1.661      0.818220
   1.665      0.818390
   1.669      0.818552
   1.673      0.818703
   1.676      0.818844
   1.680      0.818976
   1.684      0.819098
   1.687      0.819210
   1.691      0.819313
   1.695      0.819406
   1.699      0.819489
   1.702      0.819562
   1.706      0.819626
   1.710      0.819680
   1.714      0.819725
   1.717      0.819760
   1.721      0.819786
   1.725      0.819802
   1.729      0.819809
   1.732      0.819806
   1.736      0.819794
   1.740      0.819772
   1.743      0.819741
   1.747      0.819701
   1.751      0.819651
   1.755      0.819592
   1.758      0.819524
   1.762      0.819447
   1.766      0.819360
   1.770      0.819265
   1.773      0.819160
   1.777      0.819046
   1.781      0.818923
   1.785      0.818791
   1.788      0.818650
   1.792      0.818500
   1.796      0.818342
   1.799      0.818174
   1.803      0.817997
   1.807      0.817812
   1.811      0.817618
   1.814      0.817415
   1.818      0.817203
   1.822      0.816982
   1.826      0.816753
   1.829      0.816516
   1.833      0.816270
   1.837      0.816015
   1.841      0.815752
   1.844      0.815480
   1.848      0.815200
   1.852      0.814911
   1.855      0.814614
   1.859      0.814309
   1.863      0.813996
   1.867      0.813674
   1.870      0.813344
   1.874      0.813006
   1.878      0.812660
   1.882      0.812306
   1.885      0.811943
   1.889      0.811573
   1.893      0.811195
   1.897      0.810809
   1.900      0.810415
   1.904      0.810013
   1.908      0.809604
   1.911      0.809186
   1.915      0.808761
   1.919      0.808329
   1.923      0.807889
   1.926      0.807441
   1.930      0.806986
   1.934      0.806523
   1.938      0.806053
   1.941      0.805575
   1.945      0.805090
   1.949      0.804598
   1.953      0.804098
   1.956      0.803592
   1.960      0.803078
   1.964      0.802557
   1.967      0.802029
   1.971      0.801494
   1.975      0.800952
   1.979      0.800403
   1.982      0.799847
   1.986      0.799285
   1.990      0.798715
   1.994      0.798139
   1.997      0.797556
   2.001      0.796967
   2.005      0.796370
   2.009      0.795768
   2.012      0.795159
   2.016      0.794543
   2.020      0.793921
   2.023      0.793292
   2.027      0.792658
   2.031      0.792017
   2.035      0.791369
   2.038      0.790716
   2.042      0.790056
   2.046      0.789391
   2.050      0.788719
   2.053      0.788041
   2.057      0.787358
   2.061      0.786668
   2.065      0.785973
   2.068      0.785272
   2.072      0.784565
   2.076      0.783852
   2.079      0.783134
   2.083      0.782410
   2.087      0.781681
   2.091      0.780946
   2.094      0.780205
   2.098      0.779460
   2.102      0.778708
   2.106      0.777952
   2.109      0.777190
   2.113      0.776423
   2.117      0.775651
   2.121      0.774874
   2.124      0.774091
   2.128      0.773304
   2.132      0.772512
   2.135      0.771714
   2.139      0.770912
   2.143      0.770105
   2.147      0.769293
   2.150      0.768477
   2.154      0.767655
   2.158      0.766829
   2.162      0.765999
   2.165      0.765163
   2.169      0.764324
   2.173      0.763480
   2.177      0.762631
   2.180      0.761778
   2.184      0.760921
   2.188      0.760059
   2.191      0.759193
   2.195      0.758323
   2.199      0.757449
   2.203      0.756570
   2.206      0.755688
   2.210      0.754802
   2.214      0.753911
   2.218      0.753017
   2.221      0.752119
   2.225      0.751216
   2.229      0.750311
   2.233      0.749401
   2.236      0.748487
   2.240      0.747570
   2.244      0.746650
   2.247      0.745725
   2.251      0.744797
   2.255      0.743866
   2.259      0.742931
   2.262      0.741993
   2.266      0.741051
   2.270      0.740106
   2.274      0.739158
   2.277      0.738206
   2.281      0.737252
   2.285      0.736294
   2.289      0.735333
   2.292      0.734368
   2.296      0.733401
   2.300      0.732431
   2.303      0.731458
   2.307      0.730481
   2.311      0.729502
   2.315      0.728520
   2.318      0.727536
   2.322      0.726548
   2.326      0.725558
   2.330      0.724565
   2.333      0.723569
   2.337      0.722570
   2.341      0.721569
   2.345      0.720566
   2.348      0.719560
   2.352      0.718551
   2.356      0.717540
   2.359      0.716527
   2.363      0.715511
   2.367      0.714493
   2.371      0.713472
   2.374      0.712449
   2.378      0.711424
   2.382      0.710397
   2.386      0.709368
   2.389      0.708336
   2.393      0.707302
   2.397      0.706266
   2.401      0.705229
   2.404      0.704189
   2.408      0.703147
   2.412      0.702103
   2.415      0.701057
   2.419      0.700010
   2.423      0.698960
   2.427      0.697909
   2.430      0.696856
   2.434      0.695801
   2.438      0.694744
   2.442      0.693686
   2.445      0.692626
   2.449      0.691564
   2.453      0.690501
   2.457      0.689436
   2.460      0.688369
   2.464      0.687301
   2.468      0.686232
   2.471      0.685161
   2.475      0.684088
   2.479      0.683015
   2.483      0.681939
   2.486      0.680863
   2.490      0.679785
   2.494      0.678705
   2.498      0.677625
   2.501      0.676543
   2.505      0.675460
   2.509      0.674375
   2.513      0.673290
   2.516      0.672203
   2.520      0.671115
   2.524      0.670026
   2.527      0.668936
   2.531      0.667845
   2.535      0.666753
   2.539      0.665660
   2.542      0.664565
   2.546      0.663470
   2.550      0.662374
   2.554      0.661277
   2.557      0.660179
   2.561      0.659080
   2.565      0.657980
   2.569      0.656880
   2.572      0.655778
   2.576      0.654676
   2.580      0.653573
   2.583      0.652469
   2.587      0.651364
   2.591      0.650259
   2.595      0.649153
   2.598      0.648047
   2.602      0.646939
   2.606      0.645831
   2.610      0.644723
   2.613      0.643614
   2.617      0.642504
   2.621      0.641394
   2.625      0.640283
   2.628      0.639171
   2.632      0.638059
   2.636      0.636947
   2.639      0.635834
   2.643      0.634721
   2.647      0.633607
   2.651      0.632493
   2.654      0.631378
   2.658      0.630263
   2.662      0.629148
   2.666      0.628032
   2.669      0.626916
   2.673      0.625799
   2.677      0.624683
   2.681      0.623566
   2.684      0.622448
   2.688      0.621331
   2.692      0.620213
   2.695      0.619095
   2.699      0.617977
   2.703      0.616858
   2.707      0.615739
   2.710      0.614621
   2.714      0.613502
   2.718      0.612383
   2.722      0.611263
   2.725      0.610144
   2.729      0.609024
   2.733      0.607905
   2.737      0.606785
   2.740      0.605665
   2.744      0.604546
   2.748      0.603426
   2.751      0.602306
   2.755      0.601186
   2.759      0.600066
   2.763      0.598946
   2.766      0.597827
   2.770      0.596707
   2.774      0.595587
   2.778      0.594468
   2.781      0.593348
   2.785      0.592228
   2.789      0.591109
   2.793      0.589990
   2.796      0.588871
   2.800      0.587752
   2.804      0.586633
   2.807      0.585514
   2.811      0.584395
   2.815      0.583277
   2.819      0.582159
   2.822      0.581041
   2.826      0.579923
   2.830      0.578805
   2.834      0.577688
   2.837      0.576571
   2.841      0.575454
   2.845      0.574337
   2.849      0.573221
   2.852      0.572105
   2.856      0.570989
   2.860      0.569873
   2.863      0.568758
   2.867      0.567643
   2.871      0.566529
   2.875      0.565414
   2.878      0.564300
   2.882      0.563187
   2.886      0.562074
   2.890      0.560961
   2.893      0.559848
   2.897      0.558736
   2.901      0.557625
   2.905      0.556513
   2.908      0.555403
   2.912      0.554292
   2.916      0.553182
   2.919      0.552072
   2.923      0.550963
   2.927      0.549855
   2.931      0.548746
   2.934      0.547639
   2.938      0.546531
   2.942      0.545424
   2.946      0.544318
   2.949      0.543212
   2.953      0.542107
   2.957      0.541002
   2.961      0.539898
   2.964      0.538794
   2.968      0.537691
   2.972      0.536588
   2.975      0.535486
   2.979      0.534384
   2.983      0.533283
   2.987      0.532183
   2.990      0.531083
   2.994      0.529983
   2.998      0.528885
   3.002      0.527787
   3.005      0.526689
   3.009      0.525592
   3.013      0.524496
   3.017      0.523400
   3.020      0.522305
   3.024      0.521210
   3.028      0.520116
   3.031      0.519023
   3.035      0.517931
   3.039      0.516839
   3.043      0.515747
   3.046      0.514657
   3.050      0.513567
   3.054      0.512478
   3.058      0.511389
   3.061      0.510301
   3.065      0.509214
   3.069      0.508127
   3.073      0.507042
   3.076      0.505956
   3.080      0.504872
   3.084      0.503788
   3.087      0.502705
   3.091      0.501623
   3.095      0.500542
   3.099      0.499461
   3.102      0.498381
   3.106      0.497302
   3.110      0.496223
   3.114      0.495145
   3.117      0.494068
   3.121      0.492992
   3.125      0.491917
   3.129      0.490842
   3.132      0.489768
   3.136      0.488695
   3.140      0.487623
   3.143      0.486551
   3.147      0.485480
   3.151      0.484411
   3.155      0.483341
   3.158      0.482273
   3.162      0.481206
   3.166      0.480139
   3.170      0.479073
   3.173      0.478008
   3.177      0.476944
   3.181      0.475880
   3.185      0.474818
   3.188      0.473756
   3.192      0.472695
   3.196      0.471635
   3.199      0.470576
   3.203      0.469518
   3.207      0.468460
   3.211      0.467404
   3.214      0.466348
   3.218      0.465293
   3.222      0.464239
   3.226      0.463186
   3.229      0.462134
   3.233      0.461082
   3.237      0.460032
   3.241      0.458982
   3.244      0.457934
   3.248      0.456886
   3.252      0.455839
   3.255      0.454793
   3.259      0.453748
   3.263      0.452704
   3.267      0.451661
   3.270      0.450618
   3.274      0.449577
   3.278      0.448537
   3.282      0.447497
   3.285      0.446458
   3.289      0.445421
   3.293      0.444384
   3.297      0.443348
   3.300      0.442313
   3.304      0.441279
   3.308      0.440246
   3.311      0.439214
   3.315      0.438183
   3.319      0.437153
   3.323      0.436124
   3.326      0.435096
   3.330      0.434069
   3.334      0.433042
   3.338      0.432017
   3.341      0.430993
   3.345      0.429969
   3.349      0.428947
   3.353      0.427925
   3.356      0.426905
   3.360      0.425885
   3.364      0.424867
   3.367      0.423849
   3.371      0.422833
   3.375      0.421817
   3.379      0.420803
   3.382      0.419789
   3.386      0.418777
   3.390      0.417765
   3.394      0.416755
   3.397      0.415745
   3.401      0.414736
   3.405      0.413729
   3.409      0.412722
   3.412      0.411717
   3.416      0.410712
   3.420      0.409709
   3.423      0.408706
   3.427      0.407705
   3.431      0.406704
   3.435      0.405705
   3.438      0.404706
   3.442      0.403709
   3.446      0.402713
   3.450      0.401717
   3.453      0.400723
   3.457      0.399730
   3.461      0.398738
   3.465      0.397746
   3.468      0.396756
   3.472      0.395767
   3.476      0.394779
   3.479      0.393792
   3.483      0.392806
   3.487      0.391821
   3.491      0.390837
   3.494      0.389854
   3.498      0.388872
   3.502      0.387892
   3.506      0.386912
   3.509      0.385933
   3.513      0.384956
   3.517      0.383979
   3.521      0.383004
   3.524      0.382029
   3.528      0.381056
   3.532      0.380084
   3.535      0.379112
   3.539      0.378142
   3.543      0.377173
   3.547      0.376205
   3.550      0.375238
   3.554      0.374272
   3.558      0.373307
   3.562      0.372343
   3.565      0.371381
   3.569      0.370419
   3.573      0.369458
   3.577      0.368499
   3.580      0.367540
   3.584      0.366583
   3.588      0.365627
   3.591      0.364672
   3.595      0.363718
   3.599      0.362765
   3.603      0.361813
   3.606      0.360862
   3.610      0.359912
   3.614      0.358963
   3.618      0.358016
   3.621      0.357069
   3.625      0.356124
   3.629      0.355179
   3.633      0.354236
   3.636      0.353294
   3.640      0.352353
   3.644      0.351413
   3.647      0.350474
   3.651      0.349536
   3.655      0.348599
   3.659      0.347664
   3.662      0.346729
   3.666      0.345796
   3.670      0.344864
   3.674      0.343932
   3.677      0.343002
   3.681      0.342073
   3.685      0.341145
   3.689      0.340218
   3.692      0.339293
   3.696      0.338368
   3.700      0.337444
   3.703      0.336522
   3.707      0.335601
   3.711      0.334680
   3.715      0.333761
   3.718      0.332843
   3.722      0.331926
   3.726      0.331011
   3.730      0.330096
   3.733      0.329182
   3.737      0.328270
   3.741      0.327358
   3.745      0.326448
   3.748      0.325539
   3.752      0.324631
   3.756      0.323724
   3.759      0.322818
   3.763      0.321913
   3.767      0.321009
   3.771      0.320107
   3.774      0.319205
   3.778      0.318305
   3.782      0.317406
   3.786      0.316508
   3.789      0.315611
   3.793      0.314715
   3.797      0.313820
   3.801      0.312926
   3.804      0.312034
   3.808      0.311142
   3.812      0.310252
   3.815      0.309363
   3.819      0.308475
   3.823      0.307588
   3.827      0.306702
   3.830      0.305817
   3.834      0.304934
   3.838      0.304051
   3.842      0.303170
   3.845      0.302289
   3.849      0.301410
   3.853      0.300532
   3.857      0.299655
   3.860      0.298779
   3.864      0.297904
   3.868      0.297031
   3.871      0.296158
   3.875      0.295287
   3.879      0.294416
   3.883      0.293547
   3.886      0.292679
   3.890      0.291812
   3.894      0.290946
   3.898      0.290082
   3.901      0.289218
   3.905      0.288355
   3.909      0.287494
   3.913      0.286634
   3.916      0.285774
   3.920      0.284916
   3.924      0.284059
   3.927      0.283204
   3.931      0.282349
   3.935      0.281495
   3.939      0.280643
   3.942      0.279791
   3.946      0.278941
   3.950      0.278092
   3.954      0.277244
   3.957      0.276397
   3.961      0.275551
   3.965      0.274706
   3.969      0.273863
   3.972      0.273020
   3.976      0.272179
   3.980      0.271339
   3.983      0.270499
   3.987      0.269661
   3.991      0.268824
   3.995      0.267988
   3.998      0.267154
   4.002      0.266320
   4.006      0.265488
   4.010      0.264656
   4.013      0.263826
   4.017      0.262997
   4.021      0.262168
   4.025      0.261341
   4.028      0.260516
   4.032      0.259691
   4.036      0.258867
   4.039      0.258045
   4.043      0.257223
   4.047      0.256403
   4.051      0.255583
   4.054      0.254765
   4.058      0.253948
   4.062      0.253132
   4.066      0.252317
   4.069      0.251504
   4.073      0.250691
   4.077      0.249879
   4.081      0.249069
   4.084      0.248260
   4.088      0.247451
   4.092      0.246644
   4.095      0.245838
   4.099      0.245033
   4.103      0.244229
   4.107      0.243427
   4.110      0.242625
   4.114      0.241824
   4.118      0.241025
   4.122      0.240227
   4.125      0.239429
   4.129      0.238633
   4.133      0.237838
   4.137      0.237044
   4.140      0.236251
   4.144      0.235459
   4.148      0.234669
   4.151      0.233879
   4.155      0.233090
   4.159      0.232303
   4.163      0.231517
   4.166      0.230731
   4.170      0.229947
   4.174      0.229164
   4.178      0.228382
   4.181      0.227601
   4.185      0.226821
   4.189      0.226042
   4.193      0.225265
   4.196      0.224488
   4.200      0.223713
   4.204      0.222938
   4.207      0.222165
   4.211      0.221393
   4.215      0.220621
   4.219      0.219851
   4.222      0.219082
   4.226      0.218314
   4.230      0.217548
   4.234      0.216782
   4.237      0.216017
   4.241      0.215253
   4.245      0.214491
   4.249      0.213729
   4.252      0.212969
   4.256      0.212210
   4.260      0.211451
   4.263      0.210694
   4.267      0.209938
   4.271      0.209183
   4.275      0.208429
   4.278      0.207676
   4.282      0.206924
   4.286      0.206173
   4.290      0.205424
   4.293      0.204675
   4.297      0.203928
   4.301      0.203181
   4.305      0.202436
   4.308      0.201691
   4.312      0.200948
   4.316      0.200206
   4.319      0.199464
   4.323      0.198724
   4.327      0.197985
   4.331      0.197247
   4.334      0.196510
   4.338      0.195774
   4.342      0.195039
   4.346      0.194305
   4.349      0.193573
   4.353      0.192841
   4.357      0.192110
   4.361      0.191381
   4.364      0.190652
   4.368      0.189925
   4.372      0.189198
   4.375      0.188473
   4.379      0.187748
   4.383      0.187025
   4.387      0.186303
   4.390      0.185582
   4.394      0.184861
   4.398      0.184142
   4.402      0.183424
   4.405      0.182707
   4.409      0.181991
   4.413      0.181276
   4.417      0.180562
   4.420      0.179849
   4.424      0.179137
   4.428      0.178427
   4.431      0.177717
   4.435      0.177008
   4.439      0.176300
   4.443      0.175593
   4.446      0.174888
   4.450      0.174183
   4.454      0.173480
   4.458      0.172777
   4.461      0.172075
   4.465      0.171375
   4.469      0.170675
   4.473      0.169977
   4.476      0.169279
   4.480      0.168583
   4.484      0.167887
   4.487      0.167193
   4.491      0.166500
   4.495      0.165807
   4.499      0.165116
   4.502      0.164425
   4.506      0.163736
   4.510      0.163048
   4.514      0.162361
   4.517      0.161674
   4.521      0.160989
   4.525      0.160305
   4.529      0.159621
   4.532      0.158939
   4.536      0.158258
   4.540      0.157578
   4.543      0.156898
   4.547      0.156220
   4.551      0.155543
   4.555      0.154867
   4.558      0.154191
   4.562      0.153517
   4.566      0.152844
   4.570      0.152172
   4.573      0.151500
   4.577      0.150830
   4.581      0.150161
   4.585      0.149492
   4.588      0.148825
   4.592      0.148159
   4.596      0.147493
   4.599      0.146829
   4.603      0.146166
   4.607      0.145503
   4.611      0.144842
   4.614      0.144182
   4.618      0.143522
   4.622      0.142864
   4.626      0.142206
   4.629      0.141550
   4.633      0.140894
   4.637      0.140240
   4.641      0.139586
   4.644      0.138934
   4.648      0.138282
   4.652      0.137631
   4.655      0.136982
   4.659      0.136333
   4.663      0.135685
   4.667      0.135039
   4.670      0.134393
   4.674      0.133748
   4.678      0.133104
   4.682      0.132461
   4.685      0.131819
   4.689      0.131178
   4.693      0.130538
   4.697      0.129899
   4.700      0.129261
   4.704      0.128624
   4.708      0.127987
   4.711      0.127352
   4.715      0.126718
   4.719      0.126084
   4.723      0.125452
   4.726      0.124821
   4.730      0.124190
   4.734      0.123560
   4.738      0.122932
   4.741      0.122304
   4.745      0.121677
   4.749      0.121051
   4.753      0.120427
   4.756      0.119803
   4.760      0.119180
   4.764      0.118557
   4.767      0.117936
   4.771      0.117316
   4.775      0.116697
   4.779      0.116078
   4.782      0.115461
   4.786      0.114844
   4.790      0.114229
   4.794      0.113614
   4.797      0.113000
   4.801      0.112387
   4.805      0.111776
   4.809      0.111165
   4.812      0.110554
   4.816      0.109945
   4.820      0.109337
   4.823      0.108730
   4.827      0.108123
   4.831      0.107518
   4.835      0.106913
   4.838      0.106309
   4.842      0.105706
   4.846      0.105105
   4.850      0.104503
   4.853      0.103903
   4.857      0.103304
   4.861      0.102706
   4.865      0.102108
   4.868      0.101512
   4.872      0.100916
   4.876      0.100321
   4.879      0.099728
   4.883      0.099135
   4.887      0.098543
   4.891      0.097951
   4.894      0.097361
   4.898      0.096772
   4.902      0.096183
   4.906      0.095595
   4.909      0.095009
   4.913      0.094423
   4.917      0.093838
   4.921      0.093253
   4.924      0.092670
   4.928      0.092088
   4.932      0.091506
   4.935      0.090925
   4.939      0.090346
   4.943      0.089767
   4.947      0.089189
   4.950      0.088611
   4.954      0.088035
   4.958      0.087459
   4.962      0.086885
   4.965      0.086311
   4.969      0.085738
   4.973      0.085166
   4.977      0.084595
   4.980      0.084024
   4.984      0.083455
   4.988      0.082886
   4.991      0.082318
   4.995      0.081751
   4.999      0.081185
   5.003      0.080620
   5.006      0.080055
   5.010      0.079492
   5.014      0.078929
   5.018      0.078367
   5.021      0.077806
   5.025      0.077245
   5.029      0.076686
   5.033      0.076127
   5.036      0.075570
   5.040      0.075013
   5.044      0.074456
   5.047      0.073901
   5.051      0.073347
   5.055      0.072793
   5.059      0.072240
   5.062      0.071688
   5.066      0.071137
   5.070      0.070586
   5.074      0.070037
   5.077      0.069488
   5.081      0.068940
   5.085      0.068393
   5.089      0.067847
   5.092      0.067301
   5.096      0.066756
   5.100      0.066212
   5.103      0.065669
   5.107      0.065127
   5.111      0.064586
   5.115      0.064045
   5.118      0.063505
   5.122      0.062966
   5.126      0.062427
   5.130      0.061890
   5.133      0.061353
   5.137      0.060817
   5.141      0.060282
   5.145      0.059748
   5.148      0.059214
   5.152      0.058681
   5.156      0.058149
   5.159      0.057618
   5.163      0.057088
   5.167      0.056558
   5.171      0.056029
   5.174      0.055501
   5.178      0.054973
   5.182      0.054447
   5.186      0.053921
   5.189      0.053396
   5.193      0.052872
   5.197      0.052348
   5.201      0.051826
   5.204      0.051304
   5.208      0.050782
   5.212      0.050262
   5.215      0.049742
   5.219      0.049223
   5.223      0.048705
   5.227      0.048188
   5.230      0.047671
   5.234      0.047155
   5.238      0.046640
   5.242      0.046126
   5.245      0.045612
   5.249      0.045099
   5.253      0.044587
   5.257      0.044075
   5.260      0.043565
   5.264      0.043055
   5.268      0.042546
   5.271      0.042037
   5.275      0.041529
   5.279      0.041022
   5.283      0.040516
   5.286      0.040011
   5.290      0.039506
   5.294      0.039002
   5.298      0.038498
   5.301      0.037996
   5.305      0.037494
   5.309      0.036993
   5.313      0.036492
   5.316      0.035993
   5.320      0.035494
   5.324      0.034995
   5.327      0.034498
   5.331      0.034001
   5.335      0.033505
   5.339      0.033009
   5.342      0.032515
   5.346      0.032021
   5.350      0.031527
   5.354      0.031035
   5.357      0.030543
   5.361      0.030051
   5.365      0.029561
   5.369      0.029071
   5.372      0.028582
   5.376      0.028094
   5.380      0.027606
   5.383      0.027119
   5.387      0.026633
   5.391      0.026147
   5.395      0.025662
   5.398      0.025178
   5.402      0.024694
   5.406      0.024211
   5.410      0.023729
   5.413      0.023248
   5.417      0.022767
   5.421      0.022287
   5.425      0.021807
   5.428      0.021328
   5.432      0.020850
   5.436      0.020372
   5.439      0.019896
   5.443      0.019419
   5.447      0.018944
   5.451      0.018469
   5.454      0.017995
   5.458      0.017521
   5.462      0.017049
   5.466      0.016576
   5.469      0.016105
   5.473      0.015634
   5.477      0.015164
   5.481      0.014694
   5.484      0.014225
   5.488      0.013757
   5.492      0.013289
   5.495      0.012822
   5.499      0.012356
   5.503      0.011890
   5.507      0.011425
   5.510      0.010960
   5.514      0.010497
   5.518      0.010033
   5.522      0.009571
   5.525      0.009109
   5.529      0.008647
   5.533      0.008187
   5.537      0.007727
   5.540      0.007267
   5.544      0.006808
   5.548      0.006350
   5.551      0.005893
   5.555      0.005436
   5.559      0.004979
   5.563      0.004524
   5.566      0.004069
   5.570      0.003614
   5.574      0.003160
   5.578      0.002707
   5.581      0.002254
   5.585      0.001802
   5.589      0.001351
   5.593      0.000900
   5.596      0.000450
   5.600      0.000000
