   0.000      1.058030
   0.004      1.058026
   0.008      1.058016
   0.011      1.057998
   0.015      1.057973
   0.019      1.057941
   0.023      1.057903
   0.027      1.057857
   0.030      1.057804
   0.034      1.057744
   0.038      1.057677
   0.042      1.057603
   0.046      1.057521
   0.049      1.057433
   0.053      1.057338
   0.057      1.057235
   0.061      1.057125
   0.065      1.057009
   0.068      1.056885
   0.072      1.056754
   0.076      1.056615
   0.080      1.056470
   0.084      1.056318
   0.087      1.056158
   0.091      1.055991
   0.095      1.055817
   0.099      1.055635
   0.103      1.055447
   0.106      1.055251
   0.110      1.055048
   0.114      1.054837
   0.118      1.054620
   0.122      1.054395
   0.126      1.054162
   0.129      1.053922
   0.133      1.053675
   0.137      1.053421
   0.141      1.053159
   0.145      1.052890
   0.148      1.052613
   0.152      1.052328
   0.156      1.052037
   0.160      1.051737
   0.164      1.051430
   0.167      1.051116
   0.171      1.050794
   0.175      1.050464
   0.179      1.050127
   0.183      1.049782
   0.186      1.049429
   0.190      1.049069
   0.194      1.048701
   0.198      1.048325
   0.202      1.047941
   0.205      1.047549
   0.209      1.047150
   0.213      1.046742
   0.217      1.046327
   0.221      1.045903
   0.224      1.045472
   0.228      1.045033
   0.232      1.044585
   0.236      1.044130
   0.240      1.043666
   0.243      1.043194
   0.247      1.042714
   0.251      1.042226
   0.255      1.041729
   0.259      1.041224
   0.262      1.040711
   0.266      1.040190
   0.270      1.039660
   0.274      1.039121
   0.278      1.038574
   0.281      1.038019
   0.285      1.037455
   0.289      1.036882
   0.293      1.036301
   0.297      1.035711
   0.300      1.035112
   0.304      1.034505
   0.308      1.033889
   0.312      1.033264
   0.316      1.032630
   0.319      1.031987
   0.323      1.031335
   0.327      1.030674
   0.331      1.030004
   0.335      1.029326
   0.339      1.028638
   0.342      1.027940
   0.346      1.027234
   0.350      1.026519
   0.354      1.025794
   0.358      1.025060
   0.361      1.024316
   0.365      1.023564
   0.369      1.022801
   0.373      1.022030
   0.377      1.021249
   0.380      1.020458
   0.384      1.019658
   0.388      1.018848
   0.392      1.018028
   0.396      1.017199
   0.399      1.016360
   0.403      1.015512
   0.407      1.014653
   0.411      1.013785
   0.415      1.012907
   0.418      1.012019
   0.422      1.011121
   0.426      1.010213
   0.430      1.009296
   0.434      1.008368
   0.437      1.007430
   0.441      1.006483
   0.445      1.005525
   0.449      1.004557
   0.453      1.003579
   0.456      1.002590
   0.460      1.001592
   0.464      1.000583
   0.468      0.999565
   0.472      0.998535
   0.475      0.997496
   0.479      0.996447
   0.483      0.995387
   0.487      0.994317
   0.491      0.993236
   0.494      0.992145
   0.498      0.991044
   0.502      0.989933
   0.506      0.988811
   0.510      0.987678
   0.513      0.986536
   0.517      0.985383
   0.521      0.984220
   0.525      0.983046
   0.529      0.981862
   0.532      0.980667
   0.536      0.979463
   0.540      0.978248
   0.544      0.977022
   0.548      0.975786
   0.552      0.974540
   0.555      0.973284
   0.559      0.972017
   0.563      0.970740
   0.567      0.969453
   0.571      0.968155
   0.574      0.966848
   0.578      0.965530
   0.582      0.964202
   0.586      0.962864
   0.590      0.961516
   0.593      0.960157
   0.597      0.958789
   0.601      0.957411
   0.605      0.956023
   0.609      0.954625
   0.612      0.953217
   0.616      0.951799
   0.620      0.950372
   0.624      0.948934
   0.628      0.947488
   0.631      0.946031
   0.635      0.944565
   0.639      0.943090
   0.643      0.941605
   0.647      0.940111
   0.650      0.938608
   0.654      0.937095
   0.658      0.935573
   0.662      0.934043
   0.666      0.932503
   0.669      0.930954
   0.673      0.929397
   0.677      0.927831
   0.681      0.926256
   0.685      0.924673
   0.688      0.923081
   0.692      0.921481
   0.696      0.919873
   0.700      0.918256
   0.704      0.916631
   0.707      0.914999
   0.711      0.913358
   0.715      0.911710
   0.719      0.910055
   0.723      0.908391
   0.726      0.906721
   0.730      0.905043
   0.734      0.903357
   0.738      0.901665
   0.742      0.899966
   0.745      0.898260
   0.749      0.896547
   0.753      0.894828
   0.757      0.893103
   0.761      0.891371
   0.764      0.889633
   0.768      0.887889
   0.772      0.886139
   0.776      0.884384
   0.780      0.882622
   0.784      0.880856
   0.787      0.879084
   0.791      0.877307
   0.795      0.875525
   0.799      0.873738
   0.803      0.871947
   0.806      0.870151
   0.810      0.868351
   0.814      0.866546
   0.818      0.864738
   0.822      0.862925
   0.825      0.861109
   0.829      0.859289
   0.833      0.857466
   0.837      0.855640
   0.841      0.853810
   0.844      0.851978
   0.848      0.850143
   0.852      0.848305
   0.856      0.846465
   0.860      0.844623
   0.863      0.842779
   0.867      0.840933
   0.871      0.839085
   0.875      0.837236
   0.879      0.835385
   0.882      0.833534
   0.886      0.831681
   0.890      0.829827
   0.894      0.827973
   0.898      0.826118
   0.901      0.824264
   0.905      0.822409
   0.909      0.820554
   0.913      0.818699
   0.917      0.816845
   0.920      0.814991
   0.924      0.813138
   0.928      0.811286
   0.932      0.809435
   0.936      0.807586
   0.939      0.805738
   0.943      0.803891
   0.947      0.802047
   0.951      0.800204
   0.955      0.798364
   0.958      0.796526
   0.962      0.794690
   0.966      0.792857
   0.970      0.791027
   0.974      0.789200
   0.977      0.787376
   0.981      0.785555
   0.985      0.783738
   0.989      0.781924
   0.993      0.780114
   0.997      0.778308
   1.000      0.776506
   1.004      0.774709
   1.008      0.772915
   1.012      0.771127
   1.016      0.769342
   1.019      0.767563
   1.023      0.765789
   1.027      0.764019
   1.031      0.762255
   1.035      0.760496
   1.038      0.758743
   1.042      0.756995
   1.046      0.755253
   1.050      0.753517
   1.054      0.751787
   1.057      0.750063
   1.061      0.748345
   1.065      0.746633
   1.069      0.744928
   1.073      0.743229
   1.076      0.741536
   1.080      0.739851
   1.084      0.738172
   1.088      0.736500
   1.092      0.734835
   1.095      0.733177
   1.099      0.731526
   1.103      0.729882
   1.107      0.728246
   1.111      0.726617
   1.114      0.724995
   1.118      0.723381
   1.122      0.721774
   1.126      0.720175
   1.130      0.718584
   1.133      0.717000
   1.137      0.715424
   1.141      0.713855
   1.145      0.712295
   1.149      0.710742
   1.152      0.709198
   1.156      0.707661
   1.160      0.706132
   1.164      0.704612
   1.168      0.703099
   1.171      0.701594
   1.175      0.700097
   1.179      0.698609
   1.183      0.697128
   1.187      0.695656
   1.190      0.694192
   1.194      0.692735
   1.198      0.691287
   1.202      0.689847
   1.206      0.688415
   1.210      0.686991
   1.213      0.685576
   1.217      0.684168
   1.221      0.682768
   1.225      0.681377
   1.229      0.679993
   1.232      0.678617
   1.236      0.677249
   1.240      0.675890
   1.244      0.674538
   1.248      0.673194
   1.251      0.671858
   1.255      0.670529
   1.259      0.669209
   1.263      0.667896
   1.267      0.666591
   1.270      0.665293
   1.274      0.664003
   1.278      0.662721
   1.282      0.661446
   1.286      0.660179
   1.289      0.658919
   1.293      0.657667
   1.297      0.656421
   1.301      0.655183
   1.305      0.653953
   1.308      0.652729
   1.312      0.651512
   1.316      0.650303
   1.320      0.649100
   1.324      0.647905
   1.327      0.646716
   1.331      0.645534
   1.335      0.644359
   1.339      0.643190
   1.343      0.642028
   1.346      0.640873
   1.350      0.639724
   1.354      0.638581
   1.358      0.637445
   1.362      0.636315
   1.365      0.635191
   1.369      0.634073
   1.373      0.632961
   1.377      0.631856
   1.381      0.630756
   1.384      0.629662
   1.388      0.628574
   1.392      0.627491
   1.396      0.626414
   1.400      0.625343
   1.403      0.624277
   1.407      0.623217
   1.411      0.622162
   1.415      0.621112
   1.419      0.620067
   1.422      0.619028
   1.426      0.617993
   1.430      0.616964
   1.434      0.615939
   1.438      0.614920
   1.442      0.613905
   1.445      0.612894
   1.449      0.611889
   1.453      0.610888
   1.457      0.609891
   1.461      0.608899
   1.464      0.607911
   1.468      0.606928
   1.472      0.605949
   1.476      0.604974
   1.480      0.604003
   1.483      0.603036
   1.487      0.602073
   1.491      0.601113
   1.495      0.600158
   1.499      0.599207
   1.502      0.598259
   1.506      0.597314
   1.510      0.596374
   1.514      0.595436
   1.518      0.594503
   1.521      0.593572
   1.525      0.592645
   1.529      0.591721
   1.533      0.590801
   1.537      0.589883
   1.540      0.588969
   1.544      0.588058
   1.548      0.587149
   1.552      0.586244
   1.556      0.585341
   1.559      0.584441
   1.563      0.583544
   1.567      0.582650
   1.571      0.581758
   1.575      0.580869
   1.578      0.579983
   1.582      0.579099
   1.586      0.578217
   1.590      0.577338
   1.594      0.576461
   1.597      0.575586
   1.601      0.574714
   1.605      0.573844
   1.609      0.572976
   1.613      0.572110
   1.616      0.571246
   1.620      0.570385
   1.624      0.569525
   1.628      0.568667
   1.632      0.567811
   1.635      0.566957
   1.639      0.566105
   1.643      0.565255
   1.647      0.564406
   1.651      0.563559
   1.655      0.562714
   1.658      0.561871
   1.662      0.561029
   1.666      0.560188
   1.670      0.559350
   1.674      0.558512
   1.677      0.557677
   1.681      0.556842
   1.685      0.556010
   1.689      0.555178
   1.693      0.554348
   1.696      0.553519
   1.700      0.552692
   1.704      0.551866
   1.708      0.551041
   1.712      0.550217
   1.715      0.549395
   1.719      0.548574
   1.723      0.547754
   1.727      0.546935
   1.731      0.546117
   1.734      0.545300
   1.738      0.544485
   1.742      0.543670
   1.746      0.542857
   1.750      0.542044
   1.753      0.541233
   1.757      0.540422
   1.761      0.539613
   1.765      0.538804
   1.769      0.537997
   1.772      0.537190
   1.776      0.536385
   1.780      0.535580
   1.784      0.534776
   1.788      0.533973
   1.791      0.533171
   1.795      0.532369
   1.799      0.531569
   1.803      0.530769
   1.807      0.529970
   1.810      0.529172
   1.814      0.528375
   1.818      0.527578
   1.822      0.526783
   1.826      0.525988
   1.829      0.525194
   1.833      0.524400
   1.837      0.523608
   1.841      0.522816
   1.845      0.522025
   1.848      0.521234
   1.852      0.520445
   1.856      0.519656
   1.860      0.518868
   1.864      0.518080
   1.867      0.517293
   1.871      0.516507
   1.875      0.515722
   1.879      0.514937
   1.883      0.514153
   1.887      0.513370
   1.890      0.512588
   1.894      0.511806
   1.898      0.511025
   1.902      0.510244
   1.906      0.509465
   1.909      0.508686
   1.913      0.507908
   1.917      0.507130
   1.921      0.506353
   1.925      0.505577
   1.928      0.504802
   1.932      0.504027
   1.936      0.503253
   1.940      0.502480
   1.944      0.501707
   1.947      0.500935
   1.951      0.500164
   1.955      0.499394
   1.959      0.498624
   1.963      0.497855
   1.966      0.497087
   1.970      0.496320
   1.974      0.495553
   1.978      0.494787
   1.982      0.494022
   1.985      0.493258
   1.989      0.492494
   1.993      0.491731
   1.997      0.490969
   2.001      0.490208
   2.004      0.489448
   2.008      0.488688
   2.012      0.487929
   2.016      0.487171
   2.020      0.486414
   2.023      0.485657
   2.027      0.484902
   2.031      0.484147
   2.035      0.483393
   2.039      0.482640
   2.042      0.481888
   2.046      0.481137
   2.050      0.480387
   2.054      0.479637
   2.058      0.478888
   2.061      0.478141
   2.065      0.477394
   2.069      0.476648
   2.073      0.475903
   2.077      0.475159
   2.080      0.474416
   2.084      0.473674
   2.088      0.472932
   2.092      0.472192
   2.096      0.471453
   2.100      0.470714
   2.103      0.469977
   2.107      0.469241
   2.111      0.468505
   2.115      0.467771
   2.119      0.467038
   2.122      0.466305
   2.126      0.465574
   2.130      0.464844
   2.134      0.464114
   2.138      0.463386
   2.141      0.462659
   2.145      0.461933
   2.149      0.461208
   2.153      0.460484
   2.157      0.459761
   2.160      0.459040
   2.164      0.458319
   2.168      0.457599
   2.172      0.456881
   2.176      0.456164
   2.179      0.455448
   2.183      0.454733
   2.187      0.454019
   2.191      0.453306
   2.195      0.452595
   2.198      0.451884
   2.202      0.451175
   2.206      0.450467
   2.210      0.449761
   2.214      0.449055
   2.217      0.448351
   2.221      0.447648
   2.225      0.446946
   2.229      0.446245
   2.233      0.445546
   2.236      0.444847
   2.240      0.444150
   2.244      0.443455
   2.248      0.442760
   2.252      0.442067
   2.255      0.441375
   2.259      0.440685
   2.263      0.439996
   2.267      0.439308
   2.271      0.438621
   2.274      0.437935
   2.278      0.437251
   2.282      0.436569
   2.286      0.435887
   2.290      0.435207
   2.293      0.434528
   2.297      0.433851
   2.301      0.433175
   2.305      0.432500
   2.309      0.431827
   2.313      0.431155
   2.316      0.430484
   2.320      0.429815
   2.324      0.429147
   2.328      0.428481
   2.332      0.427816
   2.335      0.427152
   2.339      0.426490
   2.343      0.425829
   2.347      0.425170
   2.351      0.424511
   2.354      0.423855
   2.358      0.423200
   2.362      0.422546
   2.366      0.421893
   2.370      0.421243
   2.373      0.420593
   2.377      0.419945
   2.381      0.419298
   2.385      0.418653
   2.389      0.418010
   2.392      0.417367
   2.396      0.416727
   2.400      0.416087
   2.404      0.415449
   2.408      0.414813
   2.411      0.414178
   2.415      0.413545
   2.419      0.412913
   2.423      0.412282
   2.427      0.411653
   2.430      0.411026
   2.434      0.410400
   2.438      0.409775
   2.442      0.409152
   2.446      0.408530
   2.449      0.407910
   2.453      0.407292
   2.457      0.406675
   2.461      0.406059
   2.465      0.405445
   2.468      0.404832
   2.472      0.404221
   2.476      0.403612
   2.480      0.403004
   2.484      0.402397
   2.487      0.401792
   2.491      0.401189
   2.495      0.400586
   2.499      0.399986
   2.503      0.399387
   2.506      0.398789
   2.510      0.398193
   2.514      0.397599
   2.518      0.397006
   2.522      0.396414
   2.525      0.395824
   2.529      0.395236
   2.533      0.394649
   2.537      0.394064
   2.541      0.393480
   2.545      0.392897
   2.548      0.392316
   2.552      0.391737
   2.556      0.391159
   2.560      0.390583
   2.564      0.390008
   2.567      0.389435
   2.571      0.388863
   2.575      0.388292
   2.579      0.387724
   2.583      0.387156
   2.586      0.386590
   2.590      0.386026
   2.594      0.385463
   2.598      0.384902
   2.602      0.384342
   2.605      0.383784
   2.609      0.383227
   2.613      0.382671
   2.617      0.382118
   2.621      0.381565
   2.624      0.381014
   2.628      0.380465
   2.632      0.379917
   2.636      0.379370
   2.640      0.378825
   2.643      0.378282
   2.647      0.377740
   2.651      0.377199
   2.655      0.376660
   2.659      0.376122
   2.662      0.375586
   2.666      0.375051
   2.670      0.374518
   2.674      0.373986
   2.678      0.373456
   2.681      0.372927
   2.685      0.372399
   2.689      0.371873
   2.693      0.371349
   2.697      0.370825
   2.700      0.370304
   2.704      0.369783
   2.708      0.369264
   2.712      0.368747
   2.716      0.368231
   2.719      0.367716
   2.723      0.367203
   2.727      0.366691
   2.731      0.366180
   2.735      0.365671
   2.738      0.365164
   2.742      0.364657
   2.746      0.364152
   2.750      0.363649
   2.754      0.363147
   2.758      0.362646
   2.761      0.362146
   2.765      0.361648
   2.769      0.361152
   2.773      0.360656
   2.777      0.360162
   2.780      0.359670
   2.784      0.359178
   2.788      0.358688
   2.792      0.358200
   2.796      0.357712
   2.799      0.357226
   2.803      0.356741
   2.807      0.356258
   2.811      0.355776
   2.815      0.355295
   2.818      0.354816
   2.822      0.354338
   2.826      0.353861
   2.830      0.353385
   2.834      0.352911
   2.837      0.352438
   2.841      0.351966
   2.845      0.351495
   2.849      0.351026
   2.853      0.350558
   2.856      0.350091
   2.860      0.349626
   2.864      0.349161
   2.868      0.348698
   2.872      0.348236
   2.875      0.347776
   2.879      0.347316
   2.883      0.346858
   2.887      0.346401
   2.891      0.345945
   2.894      0.345491
   2.898      0.345037
   2.902      0.344585
   2.906      0.344134
   2.910      0.343684
   2.913      0.343236
   2.917      0.342788
   2.921      0.342342
   2.925      0.341897
   2.929      0.341453
   2.932      0.341010
   2.936      0.340568
   2.940      0.340127
   2.944      0.339688
   2.948      0.339250
   2.951      0.338812
   2.955      0.338376
   2.959      0.337941
   2.963      0.337508
   2.967      0.337075
   2.971      0.336643
   2.974      0.336213
   2.978      0.335784
   2.982      0.335355
   2.986      0.334928
   2.990      0.334502
   2.993      0.334077
   2.997      0.333653
   3.001      0.333230
   3.005      0.332808
   3.009      0.332387
   3.012      0.331968
   3.016      0.331549
   3.020      0.331132
   3.024      0.330715
   3.028      0.330300
   3.031      0.329885
   3.035      0.329472
   3.039      0.329059
   3.043      0.328648
