   0.000     -1.208968
   0.004     -1.208979
   0.008     -1.208990
   0.011     -1.209008
   0.015     -1.209033
   0.019     -1.209066
   0.023     -1.209105
   0.027     -1.209152
   0.031     -1.209206
   0.035     -1.209267
   0.038     -1.209336
   0.042     -1.209412
   0.046     -1.209495
   0.050     -1.209585
   0.054     -1.209682
   0.058     -1.209787
   0.061     -1.209899
   0.065     -1.210018
   0.069     -1.210145
   0.073     -1.210278
   0.077     -1.210420
   0.080     -1.210568
   0.084     -1.210725
   0.088     -1.210888
   0.092     -1.211059
   0.096     -1.211238
   0.100     -1.211425
   0.103     -1.211619
   0.107     -1.211820
   0.111     -1.212030
   0.115     -1.212247
   0.119     -1.212471
   0.123     -1.212704
   0.126     -1.212944
   0.130     -1.213193
   0.134     -1.213449
   0.138     -1.213712
   0.142     -1.213984
   0.146     -1.214264
   0.149     -1.214551
   0.153     -1.214846
   0.157     -1.215149
   0.161     -1.215461
   0.165     -1.215779
   0.169     -1.216106
   0.172     -1.216441
   0.176     -1.216783
   0.180     -1.217134
   0.184     -1.217492
   0.188     -1.217858
   0.192     -1.218232
   0.195     -1.218614
   0.199     -1.219004
   0.203     -1.219401
   0.207     -1.219806
   0.211     -1.220219
   0.215     -1.220640
   0.218     -1.221068
   0.222     -1.221505
   0.226     -1.221949
   0.230     -1.222400
   0.234     -1.222860
   0.238     -1.223327
   0.241     -1.223802
   0.245     -1.224284
   0.249     -1.224774
   0.253     -1.225271
   0.257     -1.225776
   0.261     -1.226289
   0.264     -1.226809
   0.268     -1.227337
   0.272     -1.227872
   0.276     -1.228415
   0.280     -1.228964
   0.284     -1.229522
   0.287     -1.230086
   0.291     -1.230658
   0.295     -1.231238
   0.299     -1.231824
   0.303     -1.232418
   0.307     -1.233019
   0.311     -1.233627
   0.314     -1.234242
   0.318     -1.234865
   0.322     -1.235494
   0.326     -1.236130
   0.330     -1.236774
   0.334     -1.237424
   0.337     -1.238081
   0.341     -1.238745
   0.345     -1.239416
   0.349     -1.240094
   0.353     -1.240778
   0.357     -1.241469
   0.360     -1.242167
   0.364     -1.242871
   0.368     -1.243582
   0.372     -1.244299
   0.376     -1.245023
   0.380     -1.245753
   0.383     -1.246489
   0.387     -1.247232
   0.391     -1.247980
   0.395     -1.248736
   0.399     -1.249497
   0.403     -1.250264
   0.406     -1.251037
   0.410     -1.251816
   0.414     -1.252601
   0.418     -1.253392
   0.422     -1.254189
   0.426     -1.254991
   0.429     -1.255799
   0.433     -1.256612
   0.437     -1.257431
   0.441     -1.258256
   0.445     -1.259085
   0.449     -1.259920
   0.452     -1.260761
   0.456     -1.261606
   0.460     -1.262456
   0.464     -1.263312
   0.468     -1.264172
   0.472     -1.265037
   0.475     -1.265907
   0.479     -1.266781
   0.483     -1.267660
   0.487     -1.268544
   0.491     -1.269432
   0.495     -1.270324
   0.498     -1.271221
   0.502     -1.272122
   0.506     -1.273027
   0.510     -1.273936
   0.514     -1.274848
   0.518     -1.275765
   0.521     -1.276685
   0.525     -1.277609
   0.529     -1.278536
   0.533     -1.279467
   0.537     -1.280401
   0.541     -1.281339
   0.544     -1.282279
   0.548     -1.283223
   0.552     -1.284169
   0.556     -1.285119
   0.560     -1.286071
   0.564     -1.287025
   0.567     -1.287982
   0.571     -1.288942
   0.575     -1.289904
   0.579     -1.290868
   0.583     -1.291834
   0.587     -1.292801
   0.590     -1.293771
   0.594     -1.294743
   0.598     -1.295716
   0.602     -1.296690
   0.606     -1.297666
   0.610     -1.298643
   0.613     -1.299621
   0.617     -1.300600
   0.621     -1.301580
   0.625     -1.302561
   0.629     -1.303542
   0.633     -1.304524
   0.636     -1.305506
   0.640     -1.306489
   0.644     -1.307471
   0.648     -1.308453
   0.652     -1.309435
   0.656     -1.310417
   0.659     -1.311399
   0.663     -1.312379
   0.667     -1.313359
   0.671     -1.314338
   0.675     -1.315316
   0.679     -1.316293
   0.682     -1.317269
   0.686     -1.318243
   0.690     -1.319215
   0.694     -1.320186
   0.698     -1.321155
   0.702     -1.322122
   0.705     -1.323086
   0.709     -1.324048
   0.713     -1.325008
   0.717     -1.325965
   0.721     -1.326919
   0.725     -1.327870
   0.728     -1.328818
   0.732     -1.329763
   0.736     -1.330705
   0.740     -1.331642
   0.744     -1.332576
   0.748     -1.333506
   0.751     -1.334432
   0.755     -1.335354
   0.759     -1.336271
   0.763     -1.337184
   0.767     -1.338092
   0.771     -1.338995
   0.774     -1.339893
   0.778     -1.340786
   0.782     -1.341673
   0.786     -1.342555
   0.790     -1.343431
   0.794     -1.344301
   0.797     -1.345165
   0.801     -1.346023
   0.805     -1.346875
   0.809     -1.347720
   0.813     -1.348558
   0.817     -1.349389
   0.820     -1.350213
   0.824     -1.351030
   0.828     -1.351839
   0.832     -1.352641
   0.836     -1.353435
   0.840     -1.354220
   0.843     -1.354998
   0.847     -1.355768
   0.851     -1.356529
   0.855     -1.357281
   0.859     -1.358024
   0.863     -1.358759
   0.866     -1.359484
   0.870     -1.360200
   0.874     -1.360906
   0.878     -1.361602
   0.882     -1.362289
   0.886     -1.362965
   0.889     -1.363632
   0.893     -1.364287
   0.897     -1.364933
   0.901     -1.365567
   0.905     -1.366190
   0.909     -1.366803
   0.912     -1.367403
   0.916     -1.367993
   0.920     -1.368570
   0.924     -1.369136
   0.928     -1.369690
   0.932     -1.370232
   0.935     -1.370761
   0.939     -1.371277
   0.943     -1.371781
   0.947     -1.372272
   0.951     -1.372750
   0.955     -1.373215
   0.958     -1.373666
   0.962     -1.374103
   0.966     -1.374527
   0.970     -1.374937
   0.974     -1.375332
   0.978     -1.375713
   0.981     -1.376080
   0.985     -1.376432
   0.989     -1.376770
   0.993     -1.377092
   0.997     -1.377399
   1.001     -1.377691
   1.004     -1.377967
   1.008     -1.378227
   1.012     -1.378472
   1.016     -1.378701
   1.020     -1.378913
   1.024     -1.379110
   1.027     -1.379289
   1.031     -1.379452
   1.035     -1.379598
   1.039     -1.379727
   1.043     -1.379839
   1.047     -1.379934
   1.050     -1.380011
   1.054     -1.380071
   1.058     -1.380112
   1.062     -1.380136
   1.066     -1.380142
   1.070     -1.380129
   1.073     -1.380098
   1.077     -1.380048
   1.081     -1.379980
   1.085     -1.379892
   1.089     -1.379786
   1.093     -1.379660
   1.096     -1.379515
   1.100     -1.379351
   1.104     -1.379167
   1.108     -1.378963
   1.112     -1.378739
   1.116     -1.378495
   1.119     -1.378231
   1.123     -1.377946
   1.127     -1.377641
   1.131     -1.377315
   1.135     -1.376969
   1.139     -1.376601
   1.142     -1.376212
   1.146     -1.375803
   1.150     -1.375372
   1.154     -1.374919
   1.158     -1.374445
   1.162     -1.373949
   1.165     -1.373431
   1.169     -1.372891
   1.173     -1.372329
   1.177     -1.371744
   1.181     -1.371138
   1.185     -1.370508
   1.188     -1.369857
   1.192     -1.369182
   1.196     -1.368484
   1.200     -1.367764
   1.204     -1.367020
   1.208     -1.366253
   1.211     -1.365463
   1.215     -1.364649
   1.219     -1.363812
   1.223     -1.362951
   1.227     -1.362066
   1.231     -1.361157
   1.234     -1.360224
   1.238     -1.359267
   1.242     -1.358285
   1.246     -1.357280
   1.250     -1.356249
   1.254     -1.355195
   1.257     -1.354115
   1.261     -1.353011
   1.265     -1.351882
   1.269     -1.350728
   1.273     -1.349549
   1.277     -1.348344
   1.280     -1.347115
   1.284     -1.345860
   1.288     -1.344579
   1.292     -1.343273
   1.296     -1.341941
   1.300     -1.340584
   1.303     -1.339201
   1.307     -1.337792
   1.311     -1.336357
   1.315     -1.334896
   1.319     -1.333408
   1.323     -1.331895
   1.326     -1.330355
   1.330     -1.328789
   1.334     -1.327196
   1.338     -1.325577
   1.342     -1.323931
   1.346     -1.322258
   1.349     -1.320559
   1.353     -1.318833
   1.357     -1.317080
   1.361     -1.315300
   1.365     -1.313493
   1.369     -1.311659
   1.372     -1.309798
   1.376     -1.307909
   1.380     -1.305993
   1.384     -1.304050
   1.388     -1.302080
   1.392     -1.300082
   1.395     -1.298056
   1.399     -1.296003
   1.403     -1.293922
   1.407     -1.291814
   1.411     -1.289678
   1.415     -1.287514
   1.418     -1.285323
   1.422     -1.283103
   1.426     -1.280856
   1.430     -1.278581
   1.434     -1.276278
   1.438     -1.273946
   1.441     -1.271587
   1.445     -1.269200
   1.449     -1.266784
   1.453     -1.264341
   1.457     -1.261869
   1.461     -1.259369
   1.464     -1.256841
   1.468     -1.254285
   1.472     -1.251700
   1.476     -1.249087
   1.480     -1.246446
   1.484     -1.243776
   1.487     -1.241078
   1.491     -1.238352
   1.495     -1.235598
   1.499     -1.232815
   1.503     -1.230004
   1.507     -1.227164
   1.510     -1.224296
   1.514     -1.221400
   1.518     -1.218475
   1.522     -1.215522
   1.526     -1.212541
   1.530     -1.209531
   1.533     -1.206493
   1.537     -1.203427
   1.541     -1.200332
   1.545     -1.197210
   1.549     -1.194058
   1.553     -1.190879
   1.556     -1.187671
   1.560     -1.184435
   1.564     -1.181171
   1.568     -1.177879
   1.572     -1.174559
   1.576     -1.171211
   1.579     -1.167834
   1.583     -1.164430
   1.587     -1.160997
   1.591     -1.157537
   1.595     -1.154049
   1.599     -1.150533
   1.602     -1.146989
   1.606     -1.143418
   1.610     -1.139818
   1.614     -1.136192
   1.618     -1.132537
   1.622     -1.128855
   1.625     -1.125146
   1.629     -1.121410
   1.633     -1.117646
   1.637     -1.113855
   1.641     -1.110037
   1.645     -1.106191
   1.648     -1.102319
   1.652     -1.098420
   1.656     -1.094494
   1.660     -1.090541
   1.664     -1.086562
   1.668     -1.082557
   1.671     -1.078524
   1.675     -1.074466
   1.679     -1.070381
   1.683     -1.066271
   1.687     -1.062134
   1.691     -1.057971
   1.694     -1.053783
   1.698     -1.049569
   1.702     -1.045330
   1.706     -1.041065
   1.710     -1.036775
   1.714     -1.032459
   1.717     -1.028119
   1.721     -1.023754
   1.725     -1.019364
   1.729     -1.014950
   1.733     -1.010511
   1.737     -1.006048
   1.740     -1.001561
   1.744     -0.997050
   1.748     -0.992515
   1.752     -0.987957
   1.756     -0.983375
   1.760     -0.978770
   1.763     -0.974142
   1.767     -0.969491
   1.771     -0.964817
   1.775     -0.960120
   1.779     -0.955402
   1.783     -0.950661
   1.786     -0.945898
   1.790     -0.941113
   1.794     -0.936307
   1.798     -0.931479
   1.802     -0.926630
   1.806     -0.921761
   1.809     -0.916870
   1.813     -0.911959
   1.817     -0.907028
   1.821     -0.902076
   1.825     -0.897105
   1.829     -0.892114
   1.832     -0.887104
   1.836     -0.882075
   1.840     -0.877027
   1.844     -0.871960
   1.848     -0.866875
   1.852     -0.861772
   1.855     -0.856650
   1.859     -0.851511
   1.863     -0.846355
   1.867     -0.841182
   1.871     -0.835992
   1.875     -0.830785
   1.878     -0.825562
   1.882     -0.820323
   1.886     -0.815069
   1.890     -0.809799
   1.894     -0.804513
   1.898     -0.799213
   1.901     -0.793899
   1.905     -0.788570
   1.909     -0.783227
   1.913     -0.777870
   1.917     -0.772500
   1.921     -0.767118
   1.924     -0.761722
   1.928     -0.756314
   1.932     -0.750893
   1.936     -0.745461
   1.940     -0.740018
   1.944     -0.734563
   1.947     -0.729098
   1.951     -0.723622
   1.955     -0.718136
   1.959     -0.712640
   1.963     -0.707134
   1.967     -0.701619
   1.970     -0.696096
   1.974     -0.690564
   1.978     -0.685023
   1.982     -0.679475
   1.986     -0.673920
   1.990     -0.668357
   1.993     -0.662788
   1.997     -0.657212
   2.001     -0.651630
   2.005     -0.646042
   2.009     -0.640449
   2.013     -0.634851
   2.016     -0.629248
   2.020     -0.623640
   2.024     -0.618029
   2.028     -0.612414
   2.032     -0.606796
   2.036     -0.601175
   2.039     -0.595551
   2.043     -0.589925
   2.047     -0.584297
   2.051     -0.578667
   2.055     -0.573037
   2.059     -0.567405
   2.062     -0.561773
   2.066     -0.556141
   2.070     -0.550509
   2.074     -0.544878
   2.078     -0.539247
   2.082     -0.533618
   2.085     -0.527990
   2.089     -0.522365
   2.093     -0.516741
   2.097     -0.511120
   2.101     -0.505502
   2.105     -0.499888
   2.108     -0.494277
   2.112     -0.488670
   2.116     -0.483067
   2.120     -0.477469
   2.124     -0.471876
   2.128     -0.466288
   2.131     -0.460705
   2.135     -0.455129
   2.139     -0.449559
   2.143     -0.443995
   2.147     -0.438438
   2.151     -0.432888
   2.154     -0.427346
   2.158     -0.421812
   2.162     -0.416285
   2.166     -0.410767
   2.170     -0.405258
   2.174     -0.399757
   2.177     -0.394266
   2.181     -0.388784
   2.185     -0.383312
   2.189     -0.377850
   2.193     -0.372399
   2.196     -0.366958
   2.200     -0.361528
   2.204     -0.356109
   2.208     -0.350702
   2.212     -0.345306
   2.216     -0.339922
   2.219     -0.334551
   2.223     -0.329192
   2.227     -0.323845
   2.231     -0.318512
   2.235     -0.313192
   2.239     -0.307885
   2.242     -0.302591
   2.246     -0.297312
   2.250     -0.292047
   2.254     -0.286796
   2.258     -0.281559
   2.262     -0.276337
   2.265     -0.271130
   2.269     -0.265939
   2.273     -0.260762
   2.277     -0.255602
   2.281     -0.250457
   2.285     -0.245327
   2.288     -0.240214
   2.292     -0.235118
   2.296     -0.230038
   2.300     -0.224974
   2.304     -0.219927
   2.308     -0.214898
   2.311     -0.209885
   2.315     -0.204890
   2.319     -0.199912
   2.323     -0.194952
   2.327     -0.190010
   2.331     -0.185086
   2.334     -0.180180
   2.338     -0.175292
   2.342     -0.170423
   2.346     -0.165572
   2.350     -0.160739
   2.354     -0.155926
   2.357     -0.151131
   2.361     -0.146356
   2.365     -0.141600
   2.369     -0.136862
   2.373     -0.132145
   2.377     -0.127447
   2.380     -0.122768
   2.384     -0.118109
   2.388     -0.113470
   2.392     -0.108851
   2.396     -0.104252
   2.400     -0.099673
   2.403     -0.095115
   2.407     -0.090576
   2.411     -0.086058
   2.415     -0.081561
   2.419     -0.077084
   2.423     -0.072628
   2.426     -0.068192
   2.430     -0.063777
   2.434     -0.059383
   2.438     -0.055010
   2.442     -0.050658
   2.446     -0.046327
   2.449     -0.042017
   2.453     -0.037729
   2.457     -0.033461
   2.461     -0.029215
   2.465     -0.024990
   2.469     -0.020787
   2.472     -0.016605
   2.476     -0.012444
   2.480     -0.008305
   2.484     -0.004188
   2.488     -0.000092
   2.492      0.003982
   2.495      0.008034
   2.499      0.012065
   2.503      0.016074
   2.507      0.020061
   2.511      0.024027
   2.515      0.027970
   2.518      0.031892
   2.522      0.035791
   2.526      0.039669
   2.530      0.043525
   2.534      0.047359
   2.538      0.051171
   2.541      0.054961
   2.545      0.058729
   2.549      0.062475
   2.553      0.066199
   2.557      0.069900
   2.561      0.073580
   2.564      0.077238
   2.568      0.080874
   2.572      0.084487
   2.576      0.088079
   2.580      0.091649
   2.584      0.095196
   2.587      0.098722
   2.591      0.102225
   2.595      0.105706
   2.599      0.109166
   2.603      0.112603
   2.607      0.116018
   2.610      0.119412
   2.614      0.122783
   2.618      0.126132
   2.622      0.129460
   2.626      0.132765
   2.630      0.136048
   2.633      0.139310
   2.637      0.142550
   2.641      0.145767
   2.645      0.148963
   2.649      0.152137
   2.653      0.155290
   2.656      0.158420
   2.660      0.161529
   2.664      0.164616
   2.668      0.167681
   2.672      0.170725
   2.676      0.173747
   2.679      0.176748
   2.683      0.179726
   2.687      0.182684
   2.691      0.185619
   2.695      0.188534
   2.699      0.191427
   2.702      0.194298
   2.706      0.197148
   2.710      0.199977
   2.714      0.202784
   2.718      0.205571
   2.722      0.208336
   2.725      0.211080
   2.729      0.213802
   2.733      0.216504
   2.737      0.219184
   2.741      0.221844
   2.745      0.224483
   2.748      0.227100
   2.752      0.229697
   2.756      0.232273
   2.760      0.234829
   2.764      0.237363
   2.768      0.239877
   2.771      0.242371
   2.775      0.244843
   2.779      0.247296
   2.783      0.249727
   2.787      0.252139
   2.791      0.254530
   2.794      0.256901
   2.798      0.259251
   2.802      0.261581
   2.806      0.263891
   2.810      0.266182
   2.814      0.268452
   2.817      0.270702
   2.821      0.272932
   2.825      0.275142
   2.829      0.277332
   2.833      0.279503
   2.837      0.281654
   2.840      0.283786
   2.844      0.285898
   2.848      0.287990
   2.852      0.290063
   2.856      0.292116
   2.860      0.294151
   2.863      0.296166
   2.867      0.298161
   2.871      0.300138
   2.875      0.302096
   2.879      0.304034
   2.883      0.305954
   2.886      0.307855
   2.890      0.309737
   2.894      0.311600
   2.898      0.313444
   2.902      0.315270
   2.906      0.317078
   2.909      0.318866
   2.913      0.320637
   2.917      0.322389
   2.921      0.324123
   2.925      0.325838
   2.929      0.327536
   2.932      0.329215
   2.936      0.330876
   2.940      0.332519
   2.944      0.334145
   2.948      0.335753
   2.952      0.337342
   2.955      0.338915
   2.959      0.340469
   2.963      0.342006
   2.967      0.343526
   2.971      0.345028
   2.975      0.346513
   2.978      0.347980
   2.982      0.349430
   2.986      0.350864
   2.990      0.352280
   2.994      0.353679
   2.998      0.355061
   3.001      0.356427
   3.005      0.357775
   3.009      0.359107
   3.013      0.360422
   3.017      0.361721
   3.021      0.363003
   3.024      0.364269
   3.028      0.365518
   3.032      0.366751
   3.036      0.367968
   3.040      0.369169
   3.044      0.370354
   3.047      0.371523
   3.051      0.372675
   3.055      0.373812
   3.059      0.374933
   3.063      0.376039
   3.067      0.377128
   3.070      0.378203
   3.074      0.379261
   3.078      0.380305
   3.082      0.381332
   3.086      0.382345
   3.090      0.383342
   3.093      0.384325
   3.097      0.385292
   3.101      0.386244
   3.105      0.387181
   3.109      0.388104
   3.113      0.389011
   3.116      0.389904
   3.120      0.390782
   3.124      0.391646
   3.128      0.392495
   3.132      0.393330
   3.136      0.394150
   3.139      0.394956
   3.143      0.395748
   3.147      0.396526
   3.151      0.397289
   3.155      0.398039
   3.159      0.398775
   3.162      0.399496
   3.166      0.400204
   3.170      0.400899
   3.174      0.401579
   3.178      0.402246
   3.182      0.402900
   3.185      0.403540
   3.189      0.404167
   3.193      0.404780
   3.197      0.405380
   3.201      0.405967
   3.205      0.406541
   3.208      0.407102
   3.212      0.407650
   3.216      0.408185
   3.220      0.408707
   3.224      0.409217
   3.228      0.409713
   3.231      0.410198
   3.235      0.410669
   3.239      0.411129
   3.243      0.411575
   3.247      0.412010
   3.251      0.412432
   3.254      0.412842
   3.258      0.413240
   3.262      0.413626
   3.266      0.413999
   3.270      0.414361
   3.274      0.414711
   3.277      0.415050
   3.281      0.415376
   3.285      0.415691
   3.289      0.415994
   3.293      0.416286
   3.297      0.416566
   3.300      0.416835
   3.304      0.417093
   3.308      0.417339
   3.312      0.417574
   3.316      0.417798
   3.320      0.418011
   3.323      0.418213
   3.327      0.418404
   3.331      0.418584
   3.335      0.418753
   3.339      0.418912
   3.343      0.419060
   3.346      0.419197
   3.350      0.419324
   3.354      0.419440
   3.358      0.419546
   3.362      0.419642
   3.366      0.419727
   3.369      0.419802
   3.373      0.419867
   3.377      0.419922
   3.381      0.419966
   3.385      0.420001
   3.389      0.420026
   3.392      0.420041
   3.396      0.420046
   3.400      0.420042
   3.404      0.420028
   3.408      0.420004
   3.412      0.419971
   3.415      0.419928
   3.419      0.419876
   3.423      0.419814
   3.427      0.419744
   3.431      0.419664
   3.435      0.419574
   3.438      0.419476
   3.442      0.419369
   3.446      0.419252
   3.450      0.419127
   3.454      0.418993
   3.458      0.418850
   3.461      0.418698
   3.465      0.418538
   3.469      0.418369
   3.473      0.418191
   3.477      0.418005
   3.481      0.417810
   3.484      0.417607
   3.488      0.417396
   3.492      0.417176
   3.496      0.416948
   3.500      0.416712
   3.504      0.416468
   3.507      0.416216
   3.511      0.415956
   3.515      0.415688
   3.519      0.415411
   3.523      0.415128
   3.527      0.414836
   3.530      0.414536
   3.534      0.414229
   3.538      0.413915
   3.542      0.413592
   3.546      0.413262
   3.550      0.412925
   3.553      0.412581
   3.557      0.412229
   3.561      0.411869
   3.565      0.411503
   3.569      0.411129
   3.573      0.410748
   3.576      0.410360
   3.580      0.409965
   3.584      0.409563
   3.588      0.409154
   3.592      0.408739
   3.596      0.408316
   3.599      0.407887
   3.603      0.407451
   3.607      0.407008
   3.611      0.406559
   3.615      0.406103
   3.619      0.405640
   3.622      0.405171
   3.626      0.404696
   3.630      0.404215
   3.634      0.403727
   3.638      0.403232
   3.642      0.402732
   3.645      0.402225
   3.649      0.401713
   3.653      0.401194
   3.657      0.400669
   3.661      0.400138
   3.665      0.399601
   3.668      0.399059
   3.672      0.398510
   3.676      0.397956
   3.680      0.397396
   3.684      0.396830
   3.688      0.396259
   3.691      0.395682
   3.695      0.395100
   3.699      0.394512
   3.703      0.393919
   3.707      0.393320
   3.711      0.392716
   3.714      0.392106
   3.718      0.391491
   3.722      0.390871
   3.726      0.390246
   3.730      0.389616
   3.734      0.388980
   3.737      0.388340
   3.741      0.387694
   3.745      0.387044
   3.749      0.386389
   3.753      0.385728
   3.757      0.385063
   3.760      0.384393
   3.764      0.383719
   3.768      0.383039
   3.772      0.382355
   3.776      0.381667
   3.780      0.380973
   3.783      0.380275
   3.787      0.379573
   3.791      0.378866
   3.795      0.378155
   3.799      0.377440
   3.803      0.376720
   3.806      0.375996
   3.810      0.375267
   3.814      0.374535
   3.818      0.373798
   3.822      0.373057
   3.826      0.372312
   3.829      0.371563
   3.833      0.370809
   3.837      0.370052
   3.841      0.369291
   3.845      0.368526
   3.849      0.367757
   3.852      0.366985
   3.856      0.366208
   3.860      0.365428
   3.864      0.364644
   3.868      0.363856
   3.872      0.363065
   3.875      0.362270
   3.879      0.361472
   3.883      0.360670
   3.887      0.359864
   3.891      0.359055
   3.895      0.358243
   3.898      0.357427
   3.902      0.356608
   3.906      0.355786
   3.910      0.354960
   3.914      0.354131
   3.918      0.353299
   3.921      0.352463
   3.925      0.351625
   3.929      0.350783
   3.933      0.349939
   3.937      0.349091
   3.941      0.348240
   3.944      0.347386
   3.948      0.346530
   3.952      0.345670
   3.956      0.344808
   3.960      0.343942
   3.964      0.343074
   3.967      0.342203
   3.971      0.341330
   3.975      0.340453
   3.979      0.339574
   3.983      0.338693
   3.987      0.337808
   3.990      0.336921
   3.994      0.336032
   3.998      0.335140
   4.002      0.334246
   4.006      0.333349
   4.010      0.332449
   4.013      0.331547
   4.017      0.330643
   4.021      0.329737
   4.025      0.328828
   4.029      0.327917
   4.033      0.327003
   4.036      0.326088
   4.040      0.325170
   4.044      0.324250
   4.048      0.323328
   4.052      0.322404
   4.056      0.321477
   4.059      0.320549
   4.063      0.319619
   4.067      0.318686
   4.071      0.317752
   4.075      0.316815
   4.079      0.315877
   4.082      0.314937
   4.086      0.313995
   4.090      0.313051
   4.094      0.312105
   4.098      0.311158
   4.102      0.310209
   4.105      0.309258
   4.109      0.308305
   4.113      0.307351
   4.117      0.306395
   4.121      0.305437
   4.125      0.304478
   4.128      0.303517
   4.132      0.302555
   4.136      0.301591
   4.140      0.300626
   4.144      0.299659
   4.148      0.298690
   4.151      0.297721
   4.155      0.296750
   4.159      0.295777
   4.163      0.294803
   4.167      0.293828
   4.171      0.292851
   4.174      0.291873
   4.178      0.290894
   4.182      0.289914
   4.186      0.288932
   4.190      0.287950
   4.194      0.286966
   4.197      0.285980
   4.201      0.284994
   4.205      0.284007
   4.209      0.283018
   4.213      0.282029
   4.217      0.281038
   4.220      0.280047
   4.224      0.279054
   4.228      0.278061
   4.232      0.277066
   4.236      0.276071
   4.240      0.275074
   4.243      0.274077
   4.247      0.273079
   4.251      0.272080
   4.255      0.271080
   4.259      0.270080
   4.263      0.269078
   4.266      0.268076
   4.270      0.267073
   4.274      0.266069
   4.278      0.265065
   4.282      0.264060
   4.286      0.263054
   4.289      0.262048
   4.293      0.261040
   4.297      0.260033
   4.301      0.259024
   4.305      0.258016
   4.309      0.257006
   4.312      0.255996
   4.316      0.254986
   4.320      0.253975
   4.324      0.252963
   4.328      0.251951
   4.332      0.250939
   4.335      0.249926
   4.339      0.248912
   4.343      0.247899
   4.347      0.246885
   4.351      0.245870
   4.355      0.244855
   4.358      0.243840
   4.362      0.242825
   4.366      0.241809
   4.370      0.240793
   4.374      0.239776
   4.378      0.238760
   4.381      0.237743
   4.385      0.236726
   4.389      0.235709
   4.393      0.234691
   4.397      0.233673
   4.401      0.232656
   4.404      0.231638
   4.408      0.230620
   4.412      0.229601
   4.416      0.228583
   4.420      0.227565
   4.424      0.226546
   4.427      0.225528
   4.431      0.224509
   4.435      0.223490
   4.439      0.222472
   4.443      0.221453
   4.447      0.220435
   4.450      0.219416
   4.454      0.218398
   4.458      0.217379
   4.462      0.216361
   4.466      0.215342
   4.470      0.214324
   4.473      0.213306
   4.477      0.212288
   4.481      0.211270
   4.485      0.210252
   4.489      0.209235
   4.493      0.208218
   4.496      0.207200
   4.500      0.206183
   4.504      0.205167
   4.508      0.204150
   4.512      0.203134
   4.516      0.202118
   4.519      0.201102
   4.523      0.200086
   4.527      0.199071
   4.531      0.198056
   4.535      0.197041
   4.539      0.196027
   4.542      0.195013
   4.546      0.193999
   4.550      0.192986
   4.554      0.191973
   4.558      0.190961
   4.562      0.189948
   4.565      0.188937
   4.569      0.187925
   4.573      0.186914
   4.577      0.185904
   4.581      0.184894
   4.585      0.183884
   4.588      0.182875
   4.592      0.181866
   4.596      0.180858
   4.600      0.179850
   4.604      0.178843
   4.608      0.177836
   4.611      0.176830
   4.615      0.175824
   4.619      0.174819
   4.623      0.173814
   4.627      0.172810
   4.631      0.171807
   4.634      0.170804
   4.638      0.169802
   4.642      0.168800
   4.646      0.167799
   4.650      0.166798
   4.654      0.165798
   4.657      0.164799
   4.661      0.163800
   4.665      0.162802
   4.669      0.161805
   4.673      0.160808
   4.677      0.159812
   4.680      0.158817
   4.684      0.157822
   4.688      0.156828
   4.692      0.155835
   4.696      0.154843
   4.700      0.153851
   4.703      0.152860
   4.707      0.151869
   4.711      0.150880
   4.715      0.149891
   4.719      0.148903
   4.723      0.147915
   4.726      0.146929
   4.730      0.145943
   4.734      0.144958
   4.738      0.143974
   4.742      0.142990
   4.746      0.142008
   4.749      0.141026
   4.753      0.140045
   4.757      0.139065
   4.761      0.138086
   4.765      0.137107
   4.769      0.136129
   4.772      0.135153
   4.776      0.134177
   4.780      0.133202
   4.784      0.132227
   4.788      0.131254
   4.792      0.130282
   4.795      0.129310
   4.799      0.128340
   4.803      0.127370
   4.807      0.126401
   4.811      0.125433
   4.815      0.124466
   4.818      0.123500
   4.822      0.122535
   4.826      0.121571
   4.830      0.120608
   4.834      0.119645
   4.838      0.118684
   4.841      0.117724
   4.845      0.116764
   4.849      0.115806
   4.853      0.114848
   4.857      0.113892
   4.861      0.112936
   4.864      0.111982
   4.868      0.111028
   4.872      0.110076
   4.876      0.109124
   4.880      0.108174
   4.884      0.107224
   4.887      0.106276
   4.891      0.105328
   4.895      0.104382
   4.899      0.103437
   4.903      0.102492
   4.907      0.101549
   4.910      0.100607
   4.914      0.099665
   4.918      0.098725
   4.922      0.097786
   4.926      0.096848
   4.930      0.095911
   4.933      0.094976
   4.937      0.094041
   4.941      0.093107
   4.945      0.092174
   4.949      0.091243
   4.953      0.090313
   4.956      0.089383
   4.960      0.088455
   4.964      0.087528
   4.968      0.086602
   4.972      0.085677
   4.976      0.084753
   4.979      0.083831
   4.983      0.082909
   4.987      0.081989
   4.991      0.081070
   4.995      0.080152
   4.999      0.079235
   5.002      0.078319
   5.006      0.077404
   5.010      0.076491
   5.014      0.075578
   5.018      0.074667
   5.022      0.073757
   5.025      0.072848
   5.029      0.071941
   5.033      0.071034
   5.037      0.070129
   5.041      0.069225
   5.045      0.068322
   5.048      0.067420
   5.052      0.066519
   5.056      0.065620
   5.060      0.064722
   5.064      0.063824
   5.068      0.062929
   5.071      0.062034
   5.075      0.061140
   5.079      0.060248
   5.083      0.059357
   5.087      0.058467
   5.091      0.057578
   5.094      0.056691
   5.098      0.055805
   5.102      0.054919
   5.106      0.054036
   5.110      0.053153
   5.114      0.052271
   5.117      0.051391
   5.121      0.050512
   5.125      0.049634
   5.129      0.048758
   5.133      0.047882
   5.137      0.047008
   5.140      0.046135
   5.144      0.045263
   5.148      0.044393
   5.152      0.043524
   5.156      0.042656
   5.160      0.041789
   5.163      0.040923
   5.167      0.040059
   5.171      0.039196
   5.175      0.038334
   5.179      0.037473
   5.183      0.036614
   5.186      0.035756
   5.190      0.034899
   5.194      0.034043
   5.198      0.033189
   5.202      0.032335
   5.206      0.031483
   5.209      0.030633
   5.213      0.029783
   5.217      0.028935
   5.221      0.028088
   5.225      0.027242
   5.229      0.026397
   5.232      0.025554
   5.236      0.024711
   5.240      0.023870
   5.244      0.023030
   5.248      0.022192
   5.252      0.021354
   5.255      0.020518
   5.259      0.019683
   5.263      0.018849
   5.267      0.018017
   5.271      0.017185
   5.275      0.016355
   5.278      0.015526
   5.282      0.014698
   5.286      0.013872
   5.290      0.013046
   5.294      0.012222
   5.298      0.011399
   5.301      0.010577
   5.305      0.009757
   5.309      0.008937
   5.313      0.008119
   5.317      0.007302
   5.321      0.006486
   5.324      0.005671
   5.328      0.004857
   5.332      0.004045
   5.336      0.003234
   5.340      0.002423
   5.344      0.001614
   5.347      0.000807
   5.351      0.000000
