   0.000      0.598027
   0.004      0.598027
   0.008      0.598027
   0.011      0.598027
   0.015      0.598027
   0.019      0.598027
   0.023      0.598027
   0.027      0.598027
   0.030      0.598027
   0.034      0.598027
   0.038      0.598027
   0.042      0.598027
   0.046      0.598026
   0.049      0.598026
   0.053      0.598026
   0.057      0.598026
   0.061      0.598026
   0.065      0.598026
   0.068      0.598026
   0.072      0.598025
   0.076      0.598025
   0.080      0.598025
   0.084      0.598024
   0.087      0.598024
   0.091      0.598023
   0.095      0.598023
   0.099      0.598022
   0.103      0.598021
   0.106      0.598020
   0.110      0.598020
   0.114      0.598018
   0.118      0.598017
   0.122      0.598016
   0.126      0.598015
   0.129      0.598013
   0.133      0.598012
   0.137      0.598010
   0.141      0.598008
   0.145      0.598006
   0.148      0.598003
   0.152      0.598001
   0.156      0.597998
   0.160      0.597995
   0.164      0.597992
   0.167      0.597989
   0.171      0.597985
   0.175      0.597981
   0.179      0.597977
   0.183      0.597973
   0.186      0.597969
   0.190      0.597964
   0.194      0.597958
   0.198      0.597953
   0.202      0.597947
   0.205      0.597941
   0.209      0.597934
   0.213      0.597928
   0.217      0.597920
   0.221      0.597913
   0.224      0.597905
   0.228      0.597896
   0.232      0.597887
   0.236      0.597878
   0.240      0.597868
   0.243      0.597858
   0.247      0.597847
   0.251      0.597836
   0.255      0.597824
   0.259      0.597812
   0.262      0.597799
   0.266      0.597786
   0.270      0.597772
   0.274      0.597757
   0.278      0.597742
   0.281      0.597726
   0.285      0.597710
   0.289      0.597693
   0.293      0.597675
   0.297      0.597657
   0.300      0.597637
   0.304      0.597617
   0.308      0.597597
   0.312      0.597575
   0.316      0.597553
   0.319      0.597530
   0.323      0.597506
   0.327      0.597482
   0.331      0.597456
   0.335      0.597430
   0.339      0.597402
   0.342      0.597374
   0.346      0.597345
   0.350      0.597315
   0.354      0.597284
   0.358      0.597252
   0.361      0.597218
   0.365      0.597184
   0.369      0.597149
   0.373      0.597113
   0.377      0.597076
   0.380      0.597037
   0.384      0.596997
   0.388      0.596957
   0.392      0.596915
   0.396      0.596872
   0.399      0.596827
   0.403      0.596782
   0.407      0.596735
   0.411      0.596687
   0.415      0.596637
   0.418      0.596586
   0.422      0.596534
   0.426      0.596481
   0.430      0.596426
   0.434      0.596369
   0.437      0.596311
   0.441      0.596252
   0.445      0.596192
   0.449      0.596129
   0.453      0.596066
   0.456      0.596000
   0.460      0.595933
   0.464      0.595865
   0.468      0.595795
   0.472      0.595723
   0.475      0.595650
   0.479      0.595574
   0.483      0.595498
   0.487      0.595419
   0.491      0.595339
   0.494      0.595257
   0.498      0.595173
   0.502      0.595087
   0.506      0.594999
   0.510      0.594910
   0.513      0.594819
   0.517      0.594725
   0.521      0.594630
   0.525      0.594533
   0.529      0.594434
   0.532      0.594333
   0.536      0.594230
   0.540      0.594124
   0.544      0.594017
   0.548      0.593907
   0.552      0.593796
   0.555      0.593682
   0.559      0.593566
   0.563      0.593448
   0.567      0.593328
   0.571      0.593205
   0.574      0.593081
   0.578      0.592954
   0.582      0.592824
   0.586      0.592692
   0.590      0.592558
   0.593      0.592422
   0.597      0.592283
   0.601      0.592142
   0.605      0.591998
   0.609      0.591852
   0.612      0.591704
   0.616      0.591552
   0.620      0.591399
   0.624      0.591243
   0.628      0.591084
   0.631      0.590923
   0.635      0.590759
   0.639      0.590592
   0.643      0.590423
   0.647      0.590251
   0.650      0.590076
   0.654      0.589899
   0.658      0.589719
   0.662      0.589536
   0.666      0.589351
   0.669      0.589163
   0.673      0.588972
   0.677      0.588778
   0.681      0.588581
   0.685      0.588381
   0.688      0.588179
   0.692      0.587974
   0.696      0.587765
   0.700      0.587554
   0.704      0.587340
   0.707      0.587123
   0.711      0.586903
   0.715      0.586680
   0.719      0.586454
   0.723      0.586225
   0.726      0.585993
   0.730      0.585758
   0.734      0.585519
   0.738      0.585278
   0.742      0.585034
   0.745      0.584786
   0.749      0.584536
   0.753      0.584282
   0.757      0.584025
   0.761      0.583765
   0.764      0.583502
   0.768      0.583236
   0.772      0.582966
   0.776      0.582694
   0.780      0.582418
   0.784      0.582139
   0.787      0.581857
   0.791      0.581571
   0.795      0.581282
   0.799      0.580991
   0.803      0.580695
   0.806      0.580397
   0.810      0.580095
   0.814      0.579790
   0.818      0.579482
   0.822      0.579171
   0.825      0.578856
   0.829      0.578538
   0.833      0.578217
   0.837      0.577892
   0.841      0.577565
   0.844      0.577234
   0.848      0.576900
   0.852      0.576562
   0.856      0.576221
   0.860      0.575877
   0.863      0.575530
   0.867      0.575179
   0.871      0.574826
   0.875      0.574469
   0.879      0.574109
   0.882      0.573745
   0.886      0.573379
   0.890      0.573009
   0.894      0.572636
   0.898      0.572260
   0.901      0.571881
   0.905      0.571498
   0.909      0.571113
   0.913      0.570724
   0.917      0.570332
   0.920      0.569937
   0.924      0.569539
   0.928      0.569138
   0.932      0.568734
   0.936      0.568327
   0.939      0.567918
   0.943      0.567505
   0.947      0.567089
   0.951      0.566670
   0.955      0.566248
   0.958      0.565824
   0.962      0.565396
   0.966      0.564966
   0.970      0.564533
   0.974      0.564098
   0.977      0.563659
   0.981      0.563218
   0.985      0.562774
   0.989      0.562328
   0.993      0.561879
   0.997      0.561427
   1.000      0.560973
   1.004      0.560516
   1.008      0.560057
   1.012      0.559596
   1.016      0.559132
   1.019      0.558666
   1.023      0.558198
   1.027      0.557727
   1.031      0.557254
   1.035      0.556779
   1.038      0.556302
   1.042      0.555823
   1.046      0.555341
   1.050      0.554858
   1.054      0.554373
   1.057      0.553886
   1.061      0.553397
   1.065      0.552906
   1.069      0.552414
   1.073      0.551920
   1.076      0.551424
   1.080      0.550926
   1.084      0.550427
   1.088      0.549927
   1.092      0.549425
   1.095      0.548922
   1.099      0.548417
   1.103      0.547911
   1.107      0.547404
   1.111      0.546896
   1.114      0.546387
   1.118      0.545876
   1.122      0.545365
   1.126      0.544852
   1.130      0.544339
   1.133      0.543825
   1.137      0.543310
   1.141      0.542794
   1.145      0.542278
   1.149      0.541761
   1.152      0.541244
   1.156      0.540726
   1.160      0.540207
   1.164      0.539688
   1.168      0.539169
   1.171      0.538650
   1.175      0.538130
   1.179      0.537610
   1.183      0.537090
   1.187      0.536570
   1.190      0.536050
   1.194      0.535530
   1.198      0.535011
   1.202      0.534491
   1.206      0.533971
   1.210      0.533452
   1.213      0.532933
   1.217      0.532415
   1.221      0.531897
   1.225      0.531379
   1.229      0.530862
   1.232      0.530345
   1.236      0.529829
   1.240      0.529314
   1.244      0.528800
   1.248      0.528286
   1.251      0.527773
   1.255      0.527261
   1.259      0.526750
   1.263      0.526240
   1.267      0.525730
   1.270      0.525222
   1.274      0.524715
   1.278      0.524209
   1.282      0.523704
   1.286      0.523201
   1.289      0.522698
   1.293      0.522197
   1.297      0.521697
   1.301      0.521199
   1.305      0.520702
   1.308      0.520206
   1.312      0.519712
   1.316      0.519219
   1.320      0.518728
   1.324      0.518239
   1.327      0.517751
   1.331      0.517264
   1.335      0.516779
   1.339      0.516296
   1.343      0.515815
   1.346      0.515335
   1.350      0.514858
   1.354      0.514381
   1.358      0.513907
   1.362      0.513435
   1.365      0.512964
   1.369      0.512495
   1.373      0.512028
   1.377      0.511563
   1.381      0.511100
   1.384      0.510639
   1.388      0.510180
   1.392      0.509723
   1.396      0.509267
   1.400      0.508814
   1.403      0.508363
   1.407      0.507914
   1.411      0.507466
   1.415      0.507021
   1.419      0.506578
   1.422      0.506137
   1.426      0.505698
   1.430      0.505261
   1.434      0.504826
   1.438      0.504393
   1.442      0.503962
   1.445      0.503534
   1.449      0.503107
   1.453      0.502682
   1.457      0.502260
   1.461      0.501839
   1.464      0.501421
   1.468      0.501005
   1.472      0.500591
   1.476      0.500179
   1.480      0.499768
   1.483      0.499360
   1.487      0.498954
   1.491      0.498550
   1.495      0.498148
   1.499      0.497749
   1.502      0.497351
   1.506      0.496955
   1.510      0.496561
   1.514      0.496169
   1.518      0.495779
   1.521      0.495391
   1.525      0.495005
   1.529      0.494621
   1.533      0.494238
   1.537      0.493858
   1.540      0.493479
   1.544      0.493103
   1.548      0.492728
   1.552      0.492355
   1.556      0.491984
   1.559      0.491614
   1.563      0.491247
   1.567      0.490881
   1.571      0.490517
   1.575      0.490154
   1.578      0.489793
   1.582      0.489434
   1.586      0.489077
   1.590      0.488721
   1.594      0.488366
   1.597      0.488014
   1.601      0.487662
   1.605      0.487313
   1.609      0.486965
   1.613      0.486618
   1.616      0.486273
   1.620      0.485929
   1.624      0.485586
   1.628      0.485245
   1.632      0.484905
   1.635      0.484567
   1.639      0.484229
   1.643      0.483893
   1.647      0.483559
   1.651      0.483225
   1.655      0.482893
   1.658      0.482561
   1.662      0.482231
   1.666      0.481902
   1.670      0.481574
   1.674      0.481247
   1.677      0.480921
   1.681      0.480595
   1.685      0.480271
   1.689      0.479948
   1.693      0.479625
   1.696      0.479304
   1.700      0.478983
   1.704      0.478663
   1.708      0.478343
   1.712      0.478025
   1.715      0.477707
   1.719      0.477390
   1.723      0.477073
   1.727      0.476757
   1.731      0.476441
   1.734      0.476126
   1.738      0.475811
   1.742      0.475497
   1.746      0.475183
   1.750      0.474870
   1.753      0.474557
   1.757      0.474244
   1.761      0.473932
   1.765      0.473620
   1.769      0.473308
   1.772      0.472996
   1.776      0.472685
   1.780      0.472373
   1.784      0.472062
   1.788      0.471751
   1.791      0.471440
   1.795      0.471129
   1.799      0.470818
   1.803      0.470506
   1.807      0.470195
   1.810      0.469884
   1.814      0.469572
   1.818      0.469260
   1.822      0.468949
   1.826      0.468637
   1.829      0.468324
   1.833      0.468012
   1.837      0.467699
   1.841      0.467385
   1.845      0.467072
   1.848      0.466758
   1.852      0.466443
   1.856      0.466128
   1.860      0.465813
   1.864      0.465497
   1.867      0.465181
   1.871      0.464864
   1.875      0.464546
   1.879      0.464228
   1.883      0.463909
   1.887      0.463590
   1.890      0.463270
   1.894      0.462949
   1.898      0.462628
   1.902      0.462305
   1.906      0.461982
   1.909      0.461658
   1.913      0.461334
   1.917      0.461008
   1.921      0.460682
   1.925      0.460355
   1.928      0.460026
   1.932      0.459697
   1.936      0.459367
   1.940      0.459036
   1.944      0.458704
   1.947      0.458371
   1.951      0.458037
   1.955      0.457702
   1.959      0.457366
   1.963      0.457029
   1.966      0.456690
   1.970      0.456351
   1.974      0.456010
   1.978      0.455668
   1.982      0.455325
   1.985      0.454981
   1.989      0.454636
   1.993      0.454289
   1.997      0.453941
   2.001      0.453592
   2.004      0.453242
   2.008      0.452890
   2.012      0.452537
   2.016      0.452183
   2.020      0.451828
   2.023      0.451471
   2.027      0.451113
   2.031      0.450753
   2.035      0.450392
   2.039      0.450030
   2.042      0.449667
   2.046      0.449302
   2.050      0.448935
   2.054      0.448567
   2.058      0.448198
   2.061      0.447827
   2.065      0.447455
   2.069      0.447082
   2.073      0.446707
   2.077      0.446330
   2.080      0.445953
   2.084      0.445573
   2.088      0.445192
   2.092      0.444810
   2.096      0.444426
   2.100      0.444041
   2.103      0.443654
   2.107      0.443266
   2.111      0.442876
   2.115      0.442485
   2.119      0.442093
   2.122      0.441698
   2.126      0.441303
   2.130      0.440905
   2.134      0.440507
   2.138      0.440106
   2.141      0.439705
   2.145      0.439302
   2.149      0.438897
   2.153      0.438491
   2.157      0.438083
   2.160      0.437674
   2.164      0.437263
   2.168      0.436851
   2.172      0.436437
   2.176      0.436022
   2.179      0.435605
   2.183      0.435187
   2.187      0.434768
   2.191      0.434346
   2.195      0.433924
   2.198      0.433500
   2.202      0.433074
   2.206      0.432648
   2.210      0.432219
   2.214      0.431789
   2.217      0.431358
   2.221      0.430926
   2.225      0.430492
   2.229      0.430056
   2.233      0.429619
   2.236      0.429181
   2.240      0.428741
   2.244      0.428300
   2.248      0.427858
   2.252      0.427414
   2.255      0.426969
   2.259      0.426523
   2.263      0.426075
   2.267      0.425626
   2.271      0.425176
   2.274      0.424724
   2.278      0.424271
   2.282      0.423817
   2.286      0.423362
   2.290      0.422905
   2.293      0.422447
   2.297      0.421988
   2.301      0.421528
   2.305      0.421066
   2.309      0.420604
   2.313      0.420140
   2.316      0.419675
   2.320      0.419209
   2.324      0.418741
   2.328      0.418273
   2.332      0.417804
   2.335      0.417333
   2.339      0.416861
   2.343      0.416389
   2.347      0.415915
   2.351      0.415440
   2.354      0.414964
   2.358      0.414488
   2.362      0.414010
   2.366      0.413531
   2.370      0.413052
   2.373      0.412571
   2.377      0.412089
   2.381      0.411607
   2.385      0.411124
   2.389      0.410640
   2.392      0.410155
   2.396      0.409669
   2.400      0.409182
   2.404      0.408695
   2.408      0.408207
   2.411      0.407718
   2.415      0.407228
   2.419      0.406738
   2.423      0.406247
   2.427      0.405755
   2.430      0.405262
   2.434      0.404769
   2.438      0.404275
   2.442      0.403781
   2.446      0.403286
   2.449      0.402790
   2.453      0.402294
   2.457      0.401797
   2.461      0.401300
   2.465      0.400802
   2.468      0.400304
   2.472      0.399806
   2.476      0.399306
   2.480      0.398807
   2.484      0.398307
   2.487      0.397806
   2.491      0.397306
   2.495      0.396804
   2.499      0.396303
   2.503      0.395801
   2.506      0.395299
   2.510      0.394796
   2.514      0.394294
   2.518      0.393791
   2.522      0.393288
   2.525      0.392784
   2.529      0.392280
   2.533      0.391777
   2.537      0.391273
   2.541      0.390769
   2.545      0.390264
   2.548      0.389760
   2.552      0.389256
   2.556      0.388751
   2.560      0.388247
   2.564      0.387742
   2.567      0.387237
   2.571      0.386733
   2.575      0.386228
   2.579      0.385724
   2.583      0.385219
   2.586      0.384715
   2.590      0.384210
   2.594      0.383706
   2.598      0.383202
   2.602      0.382698
   2.605      0.382194
   2.609      0.381691
   2.613      0.381187
   2.617      0.380684
   2.621      0.380181
   2.624      0.379678
   2.628      0.379176
   2.632      0.378674
   2.636      0.378172
   2.640      0.377670
   2.643      0.377169
   2.647      0.376668
   2.651      0.376167
   2.655      0.375667
   2.659      0.375167
   2.662      0.374668
   2.666      0.374168
   2.670      0.373670
   2.674      0.373172
   2.678      0.372674
   2.681      0.372177
   2.685      0.371680
   2.689      0.371184
   2.693      0.370688
   2.697      0.370193
   2.700      0.369698
   2.704      0.369204
   2.708      0.368711
   2.712      0.368218
   2.716      0.367725
   2.719      0.367234
   2.723      0.366743
   2.727      0.366252
   2.731      0.365762
   2.735      0.365273
   2.738      0.364785
   2.742      0.364297
   2.746      0.363810
   2.750      0.363324
   2.754      0.362838
   2.758      0.362353
   2.761      0.361869
   2.765      0.361386
   2.769      0.360903
   2.773      0.360421
   2.777      0.359940
   2.780      0.359460
   2.784      0.358981
   2.788      0.358502
   2.792      0.358024
   2.796      0.357548
   2.799      0.357071
   2.803      0.356596
   2.807      0.356122
   2.811      0.355648
   2.815      0.355176
   2.818      0.354704
   2.822      0.354233
   2.826      0.353764
   2.830      0.353295
   2.834      0.352827
   2.837      0.352360
   2.841      0.351893
   2.845      0.351428
   2.849      0.350964
   2.853      0.350501
   2.856      0.350038
   2.860      0.349577
   2.864      0.349117
   2.868      0.348657
   2.872      0.348199
   2.875      0.347742
   2.879      0.347285
   2.883      0.346830
   2.887      0.346375
   2.891      0.345922
   2.894      0.345470
   2.898      0.345018
   2.902      0.344568
   2.906      0.344119
   2.910      0.343671
   2.913      0.343223
   2.917      0.342777
   2.921      0.342332
   2.925      0.341888
   2.929      0.341445
   2.932      0.341003
   2.936      0.340562
   2.940      0.340123
   2.944      0.339684
   2.948      0.339246
   2.951      0.338809
   2.955      0.338374
   2.959      0.337939
   2.963      0.337506
   2.967      0.337074
   2.971      0.336642
   2.974      0.336212
   2.978      0.335783
   2.982      0.335355
   2.986      0.334928
   2.990      0.334502
   2.993      0.334077
   2.997      0.333653
   3.001      0.333230
   3.005      0.332808
   3.009      0.332387
   3.012      0.331968
   3.016      0.331549
   3.020      0.331132
   3.024      0.330715
   3.028      0.330300
   3.031      0.329885
   3.035      0.329472
   3.039      0.329059
   3.043      0.328648
