   0.000      1.883173
   0.004      1.883112
   0.009      1.883014
   0.013      1.882880
   0.018      1.882665
   0.022      1.882378
   0.027      1.882010
   0.031      1.881564
   0.035      1.881033
   0.040      1.880412
   0.044      1.879697
   0.049      1.878887
   0.053      1.877987
   0.058      1.876986
   0.062      1.875890
   0.066      1.874693
   0.071      1.873398
   0.075      1.871999
   0.080      1.870497
   0.084      1.868895
   0.089      1.867190
   0.093      1.865380
   0.098      1.863466
   0.102      1.861448
   0.106      1.859325
   0.111      1.857095
   0.115      1.854760
   0.120      1.852319
   0.124      1.849772
   0.129      1.847118
   0.133      1.844356
   0.137      1.841486
   0.142      1.838510
   0.146      1.835424
   0.151      1.832230
   0.155      1.828930
   0.160      1.825519
   0.164      1.822002
   0.168      1.818378
   0.173      1.814645
   0.177      1.810806
   0.182      1.806860
   0.186      1.802807
   0.191      1.798647
   0.195      1.794381
   0.199      1.790009
   0.204      1.785532
   0.208      1.780949
   0.213      1.776262
   0.217      1.771471
   0.222      1.766574
   0.226      1.761573
   0.230      1.756468
   0.235      1.751258
   0.239      1.745944
   0.244      1.740525
   0.248      1.735003
   0.253      1.729376
   0.257      1.723645
   0.261      1.717809
   0.266      1.711869
   0.270      1.705825
   0.275      1.699675
   0.279      1.693420
   0.284      1.687059
   0.288      1.680593
   0.293      1.674022
   0.297      1.667344
   0.301      1.660560
   0.306      1.653669
   0.310      1.646671
   0.315      1.639566
   0.319      1.632353
   0.324      1.625033
   0.328      1.617604
   0.332      1.610067
   0.337      1.602420
   0.341      1.594665
   0.346      1.586801
   0.350      1.578826
   0.355      1.570743
   0.359      1.562549
   0.363      1.554245
   0.368      1.545830
   0.372      1.537305
   0.377      1.528668
   0.381      1.519921
   0.386      1.511063
   0.390      1.502093
   0.394      1.493013
   0.399      1.483821
   0.403      1.474518
   0.408      1.465105
   0.412      1.455580
   0.417      1.445944
   0.421      1.436198
   0.425      1.426341
   0.430      1.416374
   0.434      1.406298
   0.439      1.396112
   0.443      1.385816
   0.448      1.375413
   0.452      1.364901
   0.456      1.354282
   0.461      1.343557
   0.465      1.332724
   0.470      1.321786
   0.474      1.310744
   0.479      1.299598
   0.483      1.288349
   0.488      1.276999
   0.492      1.265548
   0.496      1.253998
   0.501      1.242349
   0.505      1.230604
   0.510      1.218762
   0.514      1.206827
   0.519      1.194799
   0.523      1.182681
   0.527      1.170473
   0.532      1.158179
   0.536      1.145799
   0.541      1.133337
   0.545      1.120793
   0.550      1.108171
   0.554      1.095472
   0.558      1.082700
   0.563      1.069856
   0.567      1.056943
   0.572      1.043963
   0.576      1.030923
   0.581      1.017834
   0.585      1.004707
   0.589      0.991541
   0.594      0.978332
   0.598      0.965068
   0.603      0.951758
   0.607      0.938408
   0.612      0.925025
   0.616      0.911615
   0.620      0.898181
   0.625      0.884728
   0.629      0.871260
   0.634      0.857783
   0.638      0.844303
   0.643      0.830823
   0.647      0.817351
   0.651      0.803892
   0.656      0.790453
   0.660      0.777039
   0.665      0.763657
   0.669      0.750313
   0.674      0.737014
   0.678      0.723767
   0.683      0.710578
   0.687      0.697455
   0.691      0.684404
   0.696      0.671433
   0.700      0.658548
   0.705      0.645756
   0.709      0.633064
   0.714      0.620479
   0.718      0.608006
   0.722      0.595651
   0.727      0.583421
   0.731      0.571321
   0.736      0.559351
   0.740      0.547518
   0.745      0.535824
   0.749      0.524270
   0.753      0.512855
   0.758      0.501579
   0.762      0.490437
   0.767      0.479432
   0.771      0.468561
   0.776      0.457825
   0.780      0.447223
   0.784      0.436754
   0.789      0.426416
   0.793      0.416211
   0.798      0.406136
   0.802      0.396192
   0.807      0.386377
   0.811      0.376691
   0.815      0.367133
   0.820      0.357703
   0.824      0.348399
   0.829      0.339222
   0.833      0.330170
   0.838      0.321243
   0.842      0.312441
   0.846      0.303763
   0.851      0.295207
   0.855      0.286773
   0.860      0.278462
   0.864      0.270271
   0.869      0.262200
   0.873      0.254248
   0.878      0.246416
   0.882      0.238702
   0.886      0.231105
   0.891      0.223626
   0.895      0.216263
   0.900      0.209015
   0.904      0.201882
   0.909      0.194863
   0.913      0.187957
   0.917      0.181165
   0.922      0.174484
   0.926      0.167914
   0.931      0.161455
   0.935      0.155106
   0.940      0.148866
   0.944      0.142734
   0.948      0.136710
   0.953      0.130792
   0.957      0.124981
   0.962      0.119274
   0.966      0.113672
   0.971      0.108174
   0.975      0.102778
   0.979      0.097485
   0.984      0.092293
   0.988      0.087202
   0.993      0.082209
   0.997      0.077316
   1.002      0.072520
   1.006      0.067821
   1.010      0.063219
   1.015      0.058711
   1.019      0.054298
   1.024      0.049978
   1.028      0.045751
   1.033      0.041616
   1.037      0.037571
   1.041      0.033617
   1.046      0.029750
   1.050      0.025972
   1.055      0.022281
   1.059      0.018676
   1.064      0.015156
   1.068      0.011720
   1.073      0.008367
   1.077      0.005097
   1.081      0.001908
   1.086     -0.001201
   1.090     -0.004231
   1.095     -0.007183
   1.099     -0.010058
   1.104     -0.012856
   1.108     -0.015579
   1.112     -0.018228
   1.117     -0.020804
   1.121     -0.023307
   1.126     -0.025740
   1.130     -0.028102
   1.135     -0.030395
   1.139     -0.032620
   1.143     -0.034778
   1.148     -0.036870
   1.152     -0.038897
   1.157     -0.040860
   1.161     -0.042760
   1.166     -0.044598
   1.170     -0.046375
   1.174     -0.048092
   1.179     -0.049750
   1.183     -0.051351
   1.188     -0.052894
   1.192     -0.054382
   1.197     -0.055814
   1.201     -0.057193
   1.205     -0.058519
   1.210     -0.059793
   1.214     -0.061016
   1.219     -0.062188
   1.223     -0.063312
   1.228     -0.064388
   1.232     -0.065417
   1.236     -0.066399
   1.241     -0.067337
   1.245     -0.068230
   1.250     -0.069079
   1.254     -0.069887
   1.259     -0.070652
   1.263     -0.071377
   1.268     -0.072062
   1.272     -0.072709
   1.276     -0.073317
   1.281     -0.073888
   1.285     -0.074423
   1.290     -0.074923
   1.294     -0.075387
   1.299     -0.075818
   1.303     -0.076216
   1.307     -0.076582
   1.312     -0.076916
   1.316     -0.077220
   1.321     -0.077494
   1.325     -0.077738
   1.330     -0.077955
   1.334     -0.078143
   1.338     -0.078305
   1.343     -0.078441
   1.347     -0.078551
   1.352     -0.078636
   1.356     -0.078698
   1.361     -0.078735
   1.365     -0.078750
   1.369     -0.078743
   1.374     -0.078714
   1.378     -0.078665
   1.383     -0.078595
   1.387     -0.078506
   1.392     -0.078397
   1.396     -0.078270
   1.400     -0.078125
   1.405     -0.077963
   1.409     -0.077784
   1.414     -0.077589
   1.418     -0.077378
   1.423     -0.077152
   1.427     -0.076911
   1.431     -0.076656
   1.436     -0.076387
   1.440     -0.076105
   1.445     -0.075811
   1.449     -0.075504
   1.454     -0.075185
   1.458     -0.074854
   1.463     -0.074513
   1.467     -0.074162
   1.471     -0.073800
   1.476     -0.073428
   1.480     -0.073047
   1.485     -0.072657
   1.489     -0.072259
   1.494     -0.071852
   1.498     -0.071438
   1.502     -0.071016
   1.507     -0.070587
   1.511     -0.070151
   1.516     -0.069708
   1.520     -0.069260
   1.525     -0.068805
   1.529     -0.068345
   1.533     -0.067880
   1.538     -0.067409
   1.542     -0.066934
   1.547     -0.066455
   1.551     -0.065971
   1.556     -0.065483
   1.560     -0.064992
   1.564     -0.064497
   1.569     -0.064000
   1.573     -0.063499
   1.578     -0.062995
   1.582     -0.062489
   1.587     -0.061981
   1.591     -0.061470
   1.595     -0.060958
   1.600     -0.060444
   1.604     -0.059928
   1.609     -0.059412
   1.613     -0.058894
   1.618     -0.058375
   1.622     -0.057855
   1.626     -0.057334
   1.631     -0.056813
   1.635     -0.056292
   1.640     -0.055771
   1.644     -0.055249
   1.649     -0.054728
   1.653     -0.054206
   1.658     -0.053685
   1.662     -0.053165
   1.666     -0.052645
   1.671     -0.052126
   1.675     -0.051608
   1.680     -0.051090
   1.684     -0.050574
   1.689     -0.050059
   1.693     -0.049545
   1.697     -0.049033
   1.702     -0.048522
   1.706     -0.048012
   1.711     -0.047504
   1.715     -0.046998
   1.720     -0.046493
   1.724     -0.045991
   1.728     -0.045490
   1.733     -0.044991
   1.737     -0.044495
   1.742     -0.044000
   1.746     -0.043508
   1.751     -0.043018
   1.755     -0.042530
   1.759     -0.042045
   1.764     -0.041562
   1.768     -0.041082
   1.773     -0.040604
   1.777     -0.040129
   1.782     -0.039656
   1.786     -0.039186
   1.790     -0.038719
   1.795     -0.038254
   1.799     -0.037793
   1.804     -0.037334
   1.808     -0.036878
   1.813     -0.036425
   1.817     -0.035975
   1.821     -0.035529
   1.826     -0.035085
   1.830     -0.034644
   1.835     -0.034206
   1.839     -0.033771
   1.844     -0.033340
   1.848     -0.032911
   1.853     -0.032486
   1.857     -0.032064
   1.861     -0.031645
   1.866     -0.031230
   1.870     -0.030817
   1.875     -0.030408
   1.879     -0.030003
   1.884     -0.029600
   1.888     -0.029201
   1.892     -0.028805
   1.897     -0.028413
   1.901     -0.028024
   1.906     -0.027638
   1.910     -0.027256
   1.915     -0.026877
   1.919     -0.026502
   1.923     -0.026130
   1.928     -0.025761
   1.932     -0.025396
   1.937     -0.025034
   1.941     -0.024675
   1.946     -0.024320
   1.950     -0.023969
   1.954     -0.023621
   1.959     -0.023276
   1.963     -0.022934
   1.968     -0.022596
   1.972     -0.022262
   1.977     -0.021931
   1.981     -0.021603
   1.985     -0.021279
   1.990     -0.020958
   1.994     -0.020640
   1.999     -0.020326
   2.003     -0.020016
   2.008     -0.019708
   2.012     -0.019404
   2.016     -0.019103
   2.021     -0.018806
   2.025     -0.018512
   2.030     -0.018221
   2.034     -0.017934
   2.039     -0.017650
   2.043     -0.017369
   2.048     -0.017091
   2.052     -0.016817
   2.056     -0.016546
   2.061     -0.016278
   2.065     -0.016014
   2.070     -0.015752
   2.074     -0.015494
   2.079     -0.015239
   2.083     -0.014987
   2.087     -0.014738
   2.092     -0.014492
   2.096     -0.014250
   2.101     -0.014010
   2.105     -0.013774
   2.110     -0.013540
   2.114     -0.013310
   2.118     -0.013082
   2.123     -0.012858
   2.127     -0.012636
   2.132     -0.012417
   2.136     -0.012202
   2.141     -0.011989
   2.145     -0.011779
   2.149     -0.011572
   2.154     -0.011367
   2.158     -0.011166
   2.163     -0.010967
   2.167     -0.010771
   2.172     -0.010578
   2.176     -0.010387
   2.180     -0.010199
   2.185     -0.010014
   2.189     -0.009831
   2.194     -0.009651
   2.198     -0.009474
   2.203     -0.009299
   2.207     -0.009127
   2.211     -0.008957
   2.216     -0.008790
   2.220     -0.008625
   2.225     -0.008462
   2.229     -0.008302
   2.234     -0.008145
   2.238     -0.007990
   2.243     -0.007837
   2.247     -0.007686
   2.251     -0.007538
   2.256     -0.007392
   2.260     -0.007248
   2.265     -0.007107
   2.269     -0.006967
   2.274     -0.006830
   2.278     -0.006695
   2.282     -0.006562
   2.287     -0.006431
   2.291     -0.006303
   2.296     -0.006176
   2.300     -0.006052
   2.305     -0.005929
   2.309     -0.005808
   2.313     -0.005690
   2.318     -0.005573
   2.322     -0.005458
   2.327     -0.005345
   2.331     -0.005234
   2.336     -0.005125
   2.340     -0.005018
   2.344     -0.004912
   2.349     -0.004808
   2.353     -0.004706
   2.358     -0.004606
   2.362     -0.004507
   2.367     -0.004411
   2.371     -0.004315
   2.375     -0.004222
   2.380     -0.004130
   2.384     -0.004040
   2.389     -0.003951
   2.393     -0.003864
   2.398     -0.003778
   2.402     -0.003694
   2.406     -0.003611
   2.411     -0.003530
   2.415     -0.003450
   2.420     -0.003372
   2.424     -0.003295
   2.429     -0.003220
   2.433     -0.003146
   2.438     -0.003073
   2.442     -0.003002
   2.446     -0.002932
   2.451     -0.002863
   2.455     -0.002796
   2.460     -0.002730
   2.464     -0.002665
   2.469     -0.002601
   2.473     -0.002539
   2.477     -0.002477
   2.482     -0.002417
   2.486     -0.002359
   2.491     -0.002301
   2.495     -0.002244
   2.500     -0.002189
   2.504     -0.002134
   2.508     -0.002081
   2.513     -0.002029
   2.517     -0.001978
   2.522     -0.001928
   2.526     -0.001878
   2.531     -0.001830
   2.535     -0.001783
   2.539     -0.001737
   2.544     -0.001692
   2.548     -0.001647
   2.553     -0.001604
   2.557     -0.001562
   2.562     -0.001520
   2.566     -0.001479
   2.570     -0.001440
   2.575     -0.001401
   2.579     -0.001363
   2.584     -0.001325
   2.588     -0.001289
   2.593     -0.001253
   2.597     -0.001218
   2.602     -0.001184
   2.606     -0.001151
   2.610     -0.001118
   2.615     -0.001086
   2.619     -0.001055
   2.624     -0.001025
   2.628     -0.000995
   2.633     -0.000966
   2.637     -0.000938
   2.641     -0.000910
   2.646     -0.000883
   2.650     -0.000856
   2.655     -0.000831
   2.659     -0.000805
   2.664     -0.000781
   2.668     -0.000757
   2.672     -0.000733
   2.677     -0.000711
   2.681     -0.000688
   2.686     -0.000667
   2.690     -0.000645
   2.695     -0.000625
   2.699     -0.000605
   2.703     -0.000585
   2.708     -0.000566
   2.712     -0.000547
   2.717     -0.000529
   2.721     -0.000512
   2.726     -0.000494
   2.730     -0.000478
   2.734     -0.000461
   2.739     -0.000446
   2.743     -0.000430
   2.748     -0.000415
   2.752     -0.000401
   2.757     -0.000386
   2.761     -0.000373
   2.765     -0.000359
   2.770     -0.000346
   2.774     -0.000334
   2.779     -0.000321
   2.783     -0.000309
   2.788     -0.000298
   2.792     -0.000287
   2.797     -0.000276
   2.801     -0.000265
   2.805     -0.000255
   2.810     -0.000245
   2.814     -0.000235
   2.819     -0.000226
   2.823     -0.000217
   2.828     -0.000208
   2.832     -0.000200
   2.836     -0.000191
   2.841     -0.000183
   2.845     -0.000176
   2.850     -0.000168
   2.854     -0.000161
   2.859     -0.000154
   2.863     -0.000147
   2.867     -0.000141
   2.872     -0.000135
   2.876     -0.000129
   2.881     -0.000123
   2.885     -0.000117
   2.890     -0.000112
   2.894     -0.000107
   2.898     -0.000102
   2.903     -0.000097
   2.907     -0.000092
   2.912     -0.000088
   2.916     -0.000083
   2.921     -0.000079
   2.925     -0.000075
   2.929     -0.000071
   2.934     -0.000068
   2.938     -0.000064
   2.943     -0.000061
   2.947     -0.000057
   2.952     -0.000054
   2.956     -0.000051
   2.960     -0.000048
   2.965     -0.000046
   2.969     -0.000043
   2.974     -0.000041
   2.978     -0.000038
   2.983     -0.000036
   2.987     -0.000034
   2.992     -0.000032
   2.996     -0.000030
   3.000     -0.000028
   3.005     -0.000026
   3.009     -0.000024
   3.014     -0.000023
   3.018     -0.000021
   3.023     -0.000020
   3.027     -0.000018
   3.031     -0.000017
   3.036     -0.000016
   3.040     -0.000015
   3.045     -0.000014
   3.049     -0.000013
   3.054     -0.000012
   3.058     -0.000011
   3.062     -0.000010
   3.067     -0.000009
   3.071     -0.000008
   3.076     -0.000008
   3.080     -0.000007
   3.085     -0.000006
   3.089     -0.000006
   3.093     -0.000005
   3.098     -0.000005
   3.102     -0.000004
   3.107     -0.000004
   3.111     -0.000004
   3.116     -0.000003
   3.120     -0.000003
   3.124     -0.000003
   3.129     -0.000002
   3.133     -0.000002
   3.138     -0.000002
   3.142     -0.000002
   3.147     -0.000001
   3.151     -0.000001
   3.155     -0.000001
   3.160     -0.000001
   3.164     -0.000001
   3.169     -0.000001
   3.173     -0.000001
   3.178     -0.000000
   3.182     -0.000000
   3.187     -0.000000
   3.191     -0.000000
   3.195     -0.000000
   3.200     -0.000000
   3.204     -0.000000
   3.209     -0.000000
   3.213     -0.000000
   3.218     -0.000000
   3.222     -0.000000
   3.226     -0.000000
   3.231     -0.000000
   3.235     -0.000000
   3.240     -0.000000
   3.244     -0.000000
   3.249     -0.000000
   3.253     -0.000000
   3.257     -0.000000
   3.262     -0.000000
   3.266     -0.000000
   3.271     -0.000000
   3.275     -0.000000
   3.280     -0.000000
   3.284     -0.000000
   3.288     -0.000000
   3.293     -0.000000
   3.297     -0.000000
   3.302     -0.000000
   3.306     -0.000000
   3.311     -0.000000
   3.315     -0.000000
   3.319     -0.000000
   3.324     -0.000000
   3.328     -0.000000
   3.333     -0.000000
   3.337     -0.000000
   3.342     -0.000000
   3.346     -0.000000
   3.350     -0.000000
   3.355     -0.000000
   3.359     -0.000000
   3.364     -0.000000
   3.368     -0.000000
   3.373     -0.000000
   3.377     -0.000000
   3.382     -0.000000
   3.386     -0.000000
   3.390     -0.000000
   3.395     -0.000000
   3.399     -0.000000
   3.404     -0.000000
   3.408     -0.000000
   3.413     -0.000000
   3.417     -0.000000
   3.421     -0.000000
   3.426     -0.000000
   3.430     -0.000000
   3.435     -0.000000
   3.439     -0.000000
   3.444     -0.000000
   3.448     -0.000000
   3.452     -0.000000
   3.457     -0.000000
   3.461     -0.000000
   3.466     -0.000000
   3.470     -0.000000
   3.475     -0.000000
   3.479     -0.000000
   3.483     -0.000000
   3.488     -0.000000
   3.492     -0.000000
   3.497     -0.000000
   3.501     -0.000000
   3.506     -0.000000
   3.510     -0.000000
   3.514     -0.000000
   3.519     -0.000000
   3.523     -0.000000
   3.528     -0.000000
   3.532     -0.000000
   3.537     -0.000000
   3.541     -0.000000
   3.545     -0.000000
