   0.000      0.353562
   0.004      0.353568
   0.009      0.353574
   0.013      0.353585
   0.018      0.353599
   0.022      0.353617
   0.027      0.353640
   0.031      0.353666
   0.036      0.353697
   0.040      0.353732
   0.045      0.353771
   0.049      0.353814
   0.054      0.353861
   0.058      0.353912
   0.063      0.353967
   0.067      0.354026
   0.071      0.354090
   0.076      0.354157
   0.080      0.354229
   0.085      0.354304
   0.089      0.354384
   0.094      0.354468
   0.098      0.354556
   0.103      0.354648
   0.107      0.354744
   0.112      0.354844
   0.116      0.354948
   0.121      0.355057
   0.125      0.355169
   0.130      0.355285
   0.134      0.355406
   0.138      0.355531
   0.143      0.355659
   0.147      0.355792
   0.152      0.355929
   0.156      0.356070
   0.161      0.356215
   0.165      0.356364
   0.170      0.356517
   0.174      0.356675
   0.179      0.356836
   0.183      0.357001
   0.188      0.357171
   0.192      0.357344
   0.197      0.357522
   0.201      0.357703
   0.205      0.357889
   0.210      0.358079
   0.214      0.358272
   0.219      0.358470
   0.223      0.358672
   0.228      0.358878
   0.232      0.359088
   0.237      0.359302
   0.241      0.359520
   0.246      0.359742
   0.250      0.359968
   0.255      0.360198
   0.259      0.360432
   0.264      0.360671
   0.268      0.360913
   0.272      0.361159
   0.277      0.361409
   0.281      0.361663
   0.286      0.361922
   0.290      0.362184
   0.295      0.362450
   0.299      0.362720
   0.304      0.362995
   0.308      0.363273
   0.313      0.363555
   0.317      0.363841
   0.322      0.364131
   0.326      0.364426
   0.331      0.364724
   0.335      0.365026
   0.339      0.365332
   0.344      0.365642
   0.348      0.365956
   0.353      0.366274
   0.357      0.366595
   0.362      0.366921
   0.366      0.367251
   0.371      0.367584
   0.375      0.367922
   0.380      0.368263
   0.384      0.368609
   0.389      0.368958
   0.393      0.369311
   0.398      0.369668
   0.402      0.370029
   0.406      0.370394
   0.411      0.370763
   0.415      0.371135
   0.420      0.371512
   0.424      0.371892
   0.429      0.372276
   0.433      0.372664
   0.438      0.373056
   0.442      0.373452
   0.447      0.373851
   0.451      0.374254
   0.456      0.374662
   0.460      0.375072
   0.465      0.375487
   0.469      0.375906
   0.473      0.376328
   0.478      0.376754
   0.482      0.377184
   0.487      0.377617
   0.491      0.378055
   0.496      0.378496
   0.500      0.378940
   0.505      0.379389
   0.509      0.379841
   0.514      0.380297
   0.518      0.380757
   0.523      0.381220
   0.527      0.381687
   0.532      0.382158
   0.536      0.382632
   0.540      0.383110
   0.545      0.383591
   0.549      0.384077
   0.554      0.384566
   0.558      0.385058
   0.563      0.385554
   0.567      0.386054
   0.572      0.386557
   0.576      0.387064
   0.581      0.387574
   0.585      0.388088
   0.590      0.388605
   0.594      0.389126
   0.599      0.389651
   0.603      0.390179
   0.607      0.390710
   0.612      0.391245
   0.616      0.391784
   0.621      0.392326
   0.625      0.392871
   0.630      0.393420
   0.634      0.393972
   0.639      0.394527
   0.643      0.395086
   0.648      0.395648
   0.652      0.396214
   0.657      0.396783
   0.661      0.397355
   0.666      0.397931
   0.670      0.398510
   0.674      0.399092
   0.679      0.399678
   0.683      0.400266
   0.688      0.400858
   0.692      0.401454
   0.697      0.402052
   0.701      0.402654
   0.706      0.403259
   0.710      0.403866
   0.715      0.404478
   0.719      0.405092
   0.724      0.405709
   0.728      0.406330
   0.733      0.406953
   0.737      0.407580
   0.741      0.408209
   0.746      0.408842
   0.750      0.409478
   0.755      0.410116
   0.759      0.410758
   0.764      0.411403
   0.768      0.412050
   0.773      0.412700
   0.777      0.413354
   0.782      0.414010
   0.786      0.414669
   0.791      0.415331
   0.795      0.415995
   0.800      0.416663
   0.804      0.417333
   0.808      0.418006
   0.813      0.418681
   0.817      0.419360
   0.822      0.420041
   0.826      0.420725
   0.831      0.421411
   0.835      0.422100
   0.840      0.422791
   0.844      0.423485
   0.849      0.424182
   0.853      0.424881
   0.858      0.425583
   0.862      0.426287
   0.867      0.426993
   0.871      0.427702
   0.875      0.428413
   0.880      0.429127
   0.884      0.429843
   0.889      0.430561
   0.893      0.431282
   0.898      0.432005
   0.902      0.432730
   0.907      0.433457
   0.911      0.434187
   0.916      0.434918
   0.920      0.435652
   0.925      0.436388
   0.929      0.437125
   0.934      0.437865
   0.938      0.438607
   0.942      0.439351
   0.947      0.440097
   0.951      0.440844
   0.956      0.441594
   0.960      0.442345
   0.965      0.443099
   0.969      0.443854
   0.974      0.444611
   0.978      0.445369
   0.983      0.446129
   0.987      0.446891
   0.992      0.447654
   0.996      0.448420
   1.001      0.449186
   1.005      0.449954
   1.009      0.450724
   1.014      0.451495
   1.018      0.452267
   1.023      0.453041
   1.027      0.453816
   1.032      0.454593
   1.036      0.455371
   1.041      0.456150
   1.045      0.456930
   1.050      0.457712
   1.054      0.458494
   1.059      0.459278
   1.063      0.460062
   1.068      0.460848
   1.072      0.461635
   1.076      0.462423
   1.081      0.463211
   1.085      0.464001
   1.090      0.464791
   1.094      0.465582
   1.099      0.466374
   1.103      0.467166
   1.108      0.467959
   1.112      0.468753
   1.117      0.469548
   1.121      0.470343
   1.126      0.471138
   1.130      0.471934
   1.135      0.472730
   1.139      0.473527
   1.143      0.474324
   1.148      0.475122
   1.152      0.475919
   1.157      0.476717
   1.161      0.477515
   1.166      0.478313
   1.170      0.479112
   1.175      0.479910
   1.179      0.480708
   1.184      0.481507
   1.188      0.482305
   1.193      0.483103
   1.197      0.483901
   1.202      0.484699
   1.206      0.485496
   1.210      0.486293
   1.215      0.487090
   1.219      0.487887
   1.224      0.488683
   1.228      0.489478
   1.233      0.490274
   1.237      0.491068
   1.242      0.491862
   1.246      0.492655
   1.251      0.493448
   1.255      0.494240
   1.260      0.495031
   1.264      0.495821
   1.269      0.496610
   1.273      0.497399
   1.277      0.498186
   1.282      0.498973
   1.286      0.499758
   1.291      0.500542
   1.295      0.501326
   1.300      0.502108
   1.304      0.502889
   1.309      0.503668
   1.313      0.504446
   1.318      0.505223
   1.322      0.505999
   1.327      0.506773
   1.331      0.507545
   1.336      0.508316
   1.340      0.509086
   1.344      0.509854
   1.349      0.510620
   1.353      0.511384
   1.358      0.512147
   1.362      0.512908
   1.367      0.513667
   1.371      0.514424
   1.376      0.515180
   1.380      0.515933
   1.385      0.516685
   1.389      0.517434
   1.394      0.518181
   1.398      0.518927
   1.403      0.519670
   1.407      0.520411
   1.411      0.521149
   1.416      0.521886
   1.420      0.522620
   1.425      0.523352
   1.429      0.524081
   1.434      0.524808
   1.438      0.525533
   1.443      0.526255
   1.447      0.526974
   1.452      0.527691
   1.456      0.528405
   1.461      0.529117
   1.465      0.529826
   1.470      0.530532
   1.474      0.531236
   1.478      0.531937
   1.483      0.532635
   1.487      0.533330
   1.492      0.534022
   1.496      0.534712
   1.501      0.535398
   1.505      0.536082
   1.510      0.536762
   1.514      0.537439
   1.519      0.538114
   1.523      0.538785
   1.528      0.539453
   1.532      0.540118
   1.537      0.540780
   1.541      0.541438
   1.545      0.542093
   1.550      0.542745
   1.554      0.543394
   1.559      0.544039
   1.563      0.544681
   1.568      0.545320
   1.572      0.545955
   1.577      0.546586
   1.581      0.547214
   1.586      0.547839
   1.590      0.548460
   1.595      0.549077
   1.599      0.549691
   1.604      0.550302
   1.608      0.550908
   1.612      0.551511
   1.617      0.552110
   1.621      0.552706
   1.626      0.553297
   1.630      0.553885
   1.635      0.554469
   1.639      0.555050
   1.644      0.555626
   1.648      0.556198
   1.653      0.556767
   1.657      0.557332
   1.662      0.557893
   1.666      0.558449
   1.671      0.559002
   1.675      0.559551
   1.679      0.560096
   1.684      0.560636
   1.688      0.561173
   1.693      0.561705
   1.697      0.562234
   1.702      0.562758
   1.706      0.563278
   1.711      0.563794
   1.715      0.564305
   1.720      0.564813
   1.724      0.565316
   1.729      0.565815
   1.733      0.566309
   1.738      0.566800
   1.742      0.567286
   1.746      0.567768
   1.751      0.568245
   1.755      0.568718
   1.760      0.569186
   1.764      0.569651
   1.769      0.570110
   1.773      0.570566
   1.778      0.571017
   1.782      0.571463
   1.787      0.571905
   1.791      0.572342
   1.796      0.572775
   1.800      0.573204
   1.805      0.573627
   1.809      0.574047
   1.813      0.574462
   1.818      0.574872
   1.822      0.575277
   1.827      0.575678
   1.831      0.576075
   1.836      0.576466
   1.840      0.576853
   1.845      0.577236
   1.849      0.577614
   1.854      0.577987
   1.858      0.578355
   1.863      0.578719
   1.867      0.579078
   1.872      0.579432
   1.876      0.579782
   1.880      0.580126
   1.885      0.580466
   1.889      0.580802
   1.894      0.581132
   1.898      0.581458
   1.903      0.581779
   1.907      0.582095
   1.912      0.582407
   1.916      0.582713
   1.921      0.583015
   1.925      0.583312
   1.930      0.583604
   1.934      0.583892
   1.939      0.584174
   1.943      0.584452
   1.947      0.584725
   1.952      0.584993
   1.956      0.585256
   1.961      0.585514
   1.965      0.585768
   1.970      0.586016
   1.974      0.586260
   1.979      0.586499
   1.983      0.586733
   1.988      0.586962
   1.992      0.587186
   1.997      0.587405
   2.001      0.587619
   2.006      0.587829
   2.010      0.588034
   2.014      0.588233
   2.019      0.588428
   2.023      0.588618
   2.028      0.588803
   2.032      0.588983
   2.037      0.589158
   2.041      0.589329
   2.046      0.589494
   2.050      0.589654
   2.055      0.589810
   2.059      0.589961
   2.064      0.590107
   2.068      0.590247
   2.073      0.590383
   2.077      0.590515
   2.081      0.590641
   2.086      0.590762
   2.090      0.590879
   2.095      0.590990
   2.099      0.591097
   2.104      0.591198
   2.108      0.591295
   2.113      0.591387
   2.117      0.591475
   2.122      0.591557
   2.126      0.591634
   2.131      0.591707
   2.135      0.591775
   2.140      0.591837
   2.144      0.591895
   2.148      0.591949
   2.153      0.591997
   2.157      0.592040
   2.162      0.592079
   2.166      0.592113
   2.171      0.592142
   2.175      0.592166
   2.180      0.592186
   2.184      0.592200
   2.189      0.592210
   2.193      0.592215
   2.198      0.592215
   2.202      0.592211
   2.207      0.592202
   2.211      0.592187
   2.215      0.592169
   2.220      0.592145
   2.224      0.592117
   2.229      0.592084
   2.233      0.592046
   2.238      0.592004
   2.242      0.591957
   2.247      0.591905
   2.251      0.591849
   2.256      0.591787
   2.260      0.591722
   2.265      0.591651
   2.269      0.591576
   2.274      0.591496
   2.278      0.591412
   2.282      0.591323
   2.287      0.591229
   2.291      0.591131
   2.296      0.591028
   2.300      0.590921
   2.305      0.590809
   2.309      0.590693
   2.314      0.590572
   2.318      0.590446
   2.323      0.590316
   2.327      0.590181
   2.332      0.590042
   2.336      0.589899
   2.341      0.589751
   2.345      0.589598
   2.349      0.589441
   2.354      0.589280
   2.358      0.589114
   2.363      0.588944
   2.367      0.588769
   2.372      0.588590
   2.376      0.588407
   2.381      0.588219
   2.385      0.588027
   2.390      0.587830
   2.394      0.587629
   2.399      0.587424
   2.403      0.587215
   2.408      0.587001
   2.412      0.586783
   2.416      0.586561
   2.421      0.586334
   2.425      0.586104
   2.430      0.585869
   2.434      0.585629
   2.439      0.585386
   2.443      0.585139
   2.448      0.584887
   2.452      0.584631
   2.457      0.584371
   2.461      0.584107
   2.466      0.583838
   2.470      0.583566
   2.475      0.583290
   2.479      0.583009
   2.483      0.582725
   2.488      0.582436
   2.492      0.582143
   2.497      0.581847
   2.501      0.581546
   2.506      0.581241
   2.510      0.580933
   2.515      0.580620
   2.519      0.580304
   2.524      0.579983
   2.528      0.579659
   2.533      0.579331
   2.537      0.578999
   2.542      0.578663
   2.546      0.578323
   2.550      0.577979
   2.555      0.577632
   2.559      0.577281
   2.564      0.576926
   2.568      0.576567
   2.573      0.576204
   2.577      0.575838
   2.582      0.575468
   2.586      0.575094
   2.591      0.574717
   2.595      0.574336
   2.600      0.573951
   2.604      0.573562
   2.609      0.573170
   2.613      0.572775
   2.617      0.572376
   2.622      0.571973
   2.626      0.571566
   2.631      0.571156
   2.635      0.570743
   2.640      0.570326
   2.644      0.569905
   2.649      0.569481
   2.653      0.569054
   2.658      0.568623
   2.662      0.568189
   2.667      0.567751
   2.671      0.567310
   2.676      0.566865
   2.680      0.566417
   2.684      0.565966
   2.689      0.565511
   2.693      0.565053
   2.698      0.564592
   2.702      0.564127
   2.707      0.563659
   2.711      0.563188
   2.716      0.562714
   2.720      0.562236
   2.725      0.561755
   2.729      0.561271
   2.734      0.560784
   2.738      0.560294
   2.743      0.559800
   2.747      0.559303
   2.751      0.558804
   2.756      0.558301
   2.760      0.557795
   2.765      0.557286
   2.769      0.556774
   2.774      0.556258
   2.778      0.555740
   2.783      0.555219
   2.787      0.554695
   2.792      0.554168
   2.796      0.553638
   2.801      0.553105
   2.805      0.552569
   2.810      0.552030
   2.814      0.551488
   2.818      0.550943
   2.823      0.550396
   2.827      0.549845
   2.832      0.549292
   2.836      0.548736
   2.841      0.548177
   2.845      0.547616
   2.850      0.547051
   2.854      0.546484
   2.859      0.545914
   2.863      0.545342
   2.868      0.544766
   2.872      0.544188
   2.877      0.543608
   2.881      0.543024
   2.885      0.542438
   2.890      0.541850
   2.894      0.541259
   2.899      0.540665
   2.903      0.540068
   2.908      0.539470
   2.912      0.538868
   2.917      0.538264
   2.921      0.537657
   2.926      0.537048
   2.930      0.536437
   2.935      0.535823
   2.939      0.535206
   2.944      0.534587
   2.948      0.533966
   2.952      0.533342
   2.957      0.532716
   2.961      0.532088
   2.966      0.531457
   2.970      0.530824
   2.975      0.530188
   2.979      0.529550
   2.984      0.528910
   2.988      0.528267
   2.993      0.527622
   2.997      0.526975
   3.002      0.526326
   3.006      0.525675
   3.011      0.525021
   3.015      0.524365
   3.019      0.523707
   3.024      0.523046
   3.028      0.522384
   3.033      0.521719
   3.037      0.521053
   3.042      0.520384
   3.046      0.519713
   3.051      0.519040
   3.055      0.518365
   3.060      0.517687
   3.064      0.517008
   3.069      0.516327
   3.073      0.515644
   3.078      0.514958
   3.082      0.514271
   3.086      0.513582
   3.091      0.512891
   3.095      0.512198
   3.100      0.511503
   3.104      0.510806
   3.109      0.510107
   3.113      0.509406
   3.118      0.508703
   3.122      0.507999
   3.127      0.507293
   3.131      0.506584
   3.136      0.505874
   3.140      0.505163
   3.145      0.504449
   3.149      0.503734
   3.153      0.503016
   3.158      0.502298
   3.162      0.501577
   3.167      0.500855
   3.171      0.500131
   3.176      0.499405
   3.180      0.498677
   3.185      0.497948
   3.189      0.497218
   3.194      0.496485
   3.198      0.495751
   3.203      0.495015
   3.207      0.494278
   3.212      0.493539
   3.216      0.492799
   3.220      0.492057
   3.225      0.491313
   3.229      0.490568
   3.234      0.489822
   3.238      0.489073
   3.243      0.488324
   3.247      0.487573
   3.252      0.486820
   3.256      0.486066
   3.261      0.485310
   3.265      0.484553
   3.270      0.483795
   3.274      0.483035
   3.279      0.482274
   3.283      0.481511
   3.287      0.480747
   3.292      0.479982
   3.296      0.479215
   3.301      0.478447
   3.305      0.477678
   3.310      0.476907
   3.314      0.476135
   3.319      0.475362
   3.323      0.474587
   3.328      0.473812
   3.332      0.473035
   3.337      0.472256
   3.341      0.471477
   3.346      0.470696
   3.350      0.469914
   3.354      0.469131
   3.359      0.468346
   3.363      0.467561
   3.368      0.466774
   3.372      0.465986
   3.377      0.465197
   3.381      0.464407
   3.386      0.463616
   3.390      0.462823
   3.395      0.462030
   3.399      0.461235
   3.404      0.460440
   3.408      0.459643
   3.413      0.458845
   3.417      0.458046
   3.421      0.457247
   3.426      0.456446
   3.430      0.455644
   3.435      0.454841
   3.439      0.454037
   3.444      0.453232
   3.448      0.452427
   3.453      0.451620
   3.457      0.450812
   3.462      0.450004
   3.466      0.449194
   3.471      0.448384
   3.475      0.447572
   3.480      0.446760
   3.484      0.445947
   3.488      0.445133
   3.493      0.444318
   3.497      0.443503
   3.502      0.442686
   3.506      0.441869
   3.511      0.441051
   3.515      0.440232
   3.520      0.439412
   3.524      0.438591
   3.529      0.437770
   3.533      0.436948
   3.538      0.436125
   3.542      0.435301
   3.547      0.434477
   3.551      0.433652
   3.555      0.432826
   3.560      0.432000
   3.564      0.431172
   3.569      0.430345
   3.573      0.429516
   3.578      0.428687
   3.582      0.427857
   3.587      0.427026
   3.591      0.426195
   3.596      0.425363
   3.600      0.424531
   3.605      0.423698
   3.609      0.422864
   3.614      0.422030
   3.618      0.421195
   3.622      0.420359
   3.627      0.419523
   3.631      0.418687
   3.636      0.417850
   3.640      0.417012
   3.645      0.416174
   3.649      0.415335
   3.654      0.414496
   3.658      0.413656
   3.663      0.412816
   3.667      0.411975
   3.672      0.411134
   3.676      0.410292
   3.681      0.409450
   3.685      0.408607
   3.689      0.407764
   3.694      0.406921
   3.698      0.406077
   3.703      0.405233
   3.707      0.404388
   3.712      0.403543
   3.716      0.402697
   3.721      0.401851
   3.725      0.401005
   3.730      0.400158
   3.734      0.399311
   3.739      0.398464
   3.743      0.397616
   3.748      0.396768
   3.752      0.395919
   3.756      0.395071
   3.761      0.394222
   3.765      0.393372
   3.770      0.392523
   3.774      0.391673
   3.779      0.390822
   3.783      0.389972
   3.788      0.389121
   3.792      0.388270
   3.797      0.387419
   3.801      0.386567
   3.806      0.385715
   3.810      0.384863
   3.815      0.384011
   3.819      0.383159
   3.823      0.382306
   3.828      0.381453
   3.832      0.380600
   3.837      0.379747
   3.841      0.378893
   3.846      0.378040
   3.850      0.377186
   3.855      0.376332
   3.859      0.375478
   3.864      0.374624
   3.868      0.373770
   3.873      0.372915
   3.877      0.372061
   3.882      0.371206
   3.886      0.370351
   3.890      0.369496
   3.895      0.368641
   3.899      0.367786
   3.904      0.366931
   3.908      0.366076
   3.913      0.365220
   3.917      0.364365
   3.922      0.363510
   3.926      0.362654
   3.931      0.361799
   3.935      0.360943
   3.940      0.360088
   3.944      0.359232
   3.949      0.358376
   3.953      0.357521
   3.957      0.356665
   3.962      0.355810
   3.966      0.354954
   3.971      0.354099
   3.975      0.353243
   3.980      0.352387
   3.984      0.351532
   3.989      0.350677
   3.993      0.349821
   3.998      0.348966
   4.002      0.348111
   4.007      0.347255
   4.011      0.346400
   4.016      0.345545
   4.020      0.344690
   4.024      0.343836
   4.029      0.342981
   4.033      0.342126
   4.038      0.341272
   4.042      0.340417
   4.047      0.339563
   4.051      0.338709
   4.056      0.337855
   4.060      0.337001
   4.065      0.336147
   4.069      0.335293
   4.074      0.334440
   4.078      0.333586
   4.083      0.332733
   4.087      0.331880
   4.091      0.331028
   4.096      0.330175
   4.100      0.329323
   4.105      0.328470
   4.109      0.327618
   4.114      0.326767
   4.118      0.325915
   4.123      0.325064
   4.127      0.324212
   4.132      0.323361
   4.136      0.322511
   4.141      0.321660
   4.145      0.320810
   4.150      0.319960
   4.154      0.319110
   4.158      0.318261
   4.163      0.317411
   4.167      0.316563
   4.172      0.315714
   4.176      0.314865
   4.181      0.314017
   4.185      0.313169
   4.190      0.312322
   4.194      0.311475
   4.199      0.310628
   4.203      0.309781
   4.208      0.308935
   4.212      0.308089
   4.217      0.307243
   4.221      0.306397
   4.225      0.305552
   4.230      0.304708
   4.234      0.303863
   4.239      0.303019
   4.243      0.302176
   4.248      0.301332
   4.252      0.300489
   4.257      0.299647
   4.261      0.298804
   4.266      0.297962
   4.270      0.297121
   4.275      0.296280
   4.279      0.295439
   4.284      0.294599
   4.288      0.293759
   4.292      0.292919
   4.297      0.292080
   4.301      0.291241
   4.306      0.290403
   4.310      0.289565
   4.315      0.288727
   4.319      0.287890
   4.324      0.287053
   4.328      0.286217
   4.333      0.285381
   4.337      0.284546
   4.342      0.283711
   4.346      0.282877
   4.351      0.282042
   4.355      0.281209
   4.359      0.280376
   4.364      0.279543
   4.368      0.278711
   4.373      0.277879
   4.377      0.277048
   4.382      0.276217
   4.386      0.275387
   4.391      0.274557
   4.395      0.273727
   4.400      0.272899
   4.404      0.272070
   4.409      0.271242
   4.413      0.270415
   4.418      0.269588
   4.422      0.268762
   4.426      0.267936
   4.431      0.267111
   4.435      0.266286
   4.440      0.265462
   4.444      0.264638
   4.449      0.263815
   4.453      0.262992
   4.458      0.262170
   4.462      0.261348
   4.467      0.260527
   4.471      0.259707
   4.476      0.258887
   4.480      0.258067
   4.485      0.257248
   4.489      0.256430
   4.493      0.255612
   4.498      0.254795
   4.502      0.253979
   4.507      0.253162
   4.511      0.252347
   4.516      0.251532
   4.520      0.250718
   4.525      0.249904
   4.529      0.249091
   4.534      0.248279
   4.538      0.247467
   4.543      0.246655
   4.547      0.245845
   4.552      0.245035
   4.556      0.244225
   4.560      0.243416
   4.565      0.242608
   4.569      0.241800
   4.574      0.240993
   4.578      0.240187
   4.583      0.239381
   4.587      0.238576
   4.592      0.237771
   4.596      0.236967
   4.601      0.236164
   4.605      0.235361
   4.610      0.234559
   4.614      0.233758
   4.619      0.232957
   4.623      0.232157
   4.627      0.231358
   4.632      0.230559
   4.636      0.229761
   4.641      0.228964
   4.645      0.228167
   4.650      0.227371
   4.654      0.226575
   4.659      0.225781
   4.663      0.224987
   4.668      0.224193
   4.672      0.223400
   4.677      0.222608
   4.681      0.221817
   4.686      0.221026
   4.690      0.220236
   4.694      0.219447
   4.699      0.218658
   4.703      0.217871
   4.708      0.217083
   4.712      0.216297
   4.717      0.215511
   4.721      0.214726
   4.726      0.213941
   4.730      0.213158
   4.735      0.212375
   4.739      0.211592
   4.744      0.210811
   4.748      0.210030
   4.753      0.209250
   4.757      0.208470
   4.761      0.207692
   4.766      0.206914
   4.770      0.206137
   4.775      0.205360
   4.779      0.204584
   4.784      0.203809
   4.788      0.203035
   4.793      0.202261
   4.797      0.201489
   4.802      0.200717
   4.806      0.199945
   4.811      0.199175
   4.815      0.198405
   4.820      0.197636
   4.824      0.196867
   4.828      0.196100
   4.833      0.195333
   4.837      0.194567
   4.842      0.193801
   4.846      0.193037
   4.851      0.192273
   4.855      0.191510
   4.860      0.190748
   4.864      0.189986
   4.869      0.189226
   4.873      0.188466
   4.878      0.187706
   4.882      0.186948
   4.887      0.186190
   4.891      0.185433
   4.895      0.184677
   4.900      0.183922
   4.904      0.183168
   4.909      0.182414
   4.913      0.181661
   4.918      0.180909
   4.922      0.180157
   4.927      0.179407
   4.931      0.178657
   4.936      0.177908
   4.940      0.177160
   4.945      0.176412
   4.949      0.175666
   4.954      0.174920
   4.958      0.174175
   4.962      0.173431
   4.967      0.172687
   4.971      0.171945
   4.976      0.171203
   4.980      0.170462
   4.985      0.169722
   4.989      0.168982
   4.994      0.168244
   4.998      0.167506
   5.003      0.166769
   5.007      0.166033
   5.012      0.165297
   5.016      0.164563
   5.021      0.163829
   5.025      0.163096
   5.029      0.162364
   5.034      0.161633
   5.038      0.160903
   5.043      0.160173
   5.047      0.159445
   5.052      0.158717
   5.056      0.157990
   5.061      0.157263
   5.065      0.156538
   5.070      0.155813
   5.074      0.155090
   5.079      0.154367
   5.083      0.153644
   5.088      0.152923
   5.092      0.152203
   5.096      0.151483
   5.101      0.150764
   5.105      0.150047
   5.110      0.149329
   5.114      0.148613
   5.119      0.147898
   5.123      0.147183
   5.128      0.146470
   5.132      0.145757
   5.137      0.145045
   5.141      0.144334
   5.146      0.143623
   5.150      0.142914
   5.155      0.142205
   5.159      0.141497
   5.163      0.140790
   5.168      0.140084
   5.172      0.139379
   5.177      0.138675
   5.181      0.137971
   5.186      0.137269
   5.190      0.136567
   5.195      0.135866
   5.199      0.135166
   5.204      0.134467
   5.208      0.133768
   5.213      0.133071
   5.217      0.132374
   5.222      0.131678
   5.226      0.130983
   5.230      0.130289
   5.235      0.129596
   5.239      0.128903
   5.244      0.128212
   5.248      0.127521
   5.253      0.126832
   5.257      0.126143
   5.262      0.125455
   5.266      0.124767
   5.271      0.124081
   5.275      0.123396
   5.280      0.122711
   5.284      0.122027
   5.289      0.121344
   5.293      0.120662
   5.297      0.119981
   5.302      0.119301
   5.306      0.118622
   5.311      0.117943
   5.315      0.117266
   5.320      0.116589
   5.324      0.115913
   5.329      0.115238
   5.333      0.114564
   5.338      0.113890
   5.342      0.113218
   5.347      0.112546
   5.351      0.111876
   5.356      0.111206
   5.360      0.110537
   5.364      0.109869
   5.369      0.109202
   5.373      0.108535
   5.378      0.107870
   5.382      0.107205
   5.387      0.106542
   5.391      0.105879
   5.396      0.105217
   5.400      0.104556
   5.405      0.103896
   5.409      0.103236
   5.414      0.102578
   5.418      0.101920
   5.423      0.101264
   5.427      0.100608
   5.431      0.099953
   5.436      0.099299
   5.440      0.098646
   5.445      0.097993
   5.449      0.097342
   5.454      0.096691
   5.458      0.096042
   5.463      0.095393
   5.467      0.094745
   5.472      0.094098
   5.476      0.093451
   5.481      0.092806
   5.485      0.092162
   5.490      0.091518
   5.494      0.090875
   5.498      0.090234
   5.503      0.089593
   5.507      0.088953
   5.512      0.088313
   5.516      0.087675
   5.521      0.087038
   5.525      0.086401
   5.530      0.085765
   5.534      0.085130
   5.539      0.084497
   5.543      0.083863
   5.548      0.083231
   5.552      0.082600
   5.557      0.081969
   5.561      0.081340
   5.565      0.080711
   5.570      0.080083
   5.574      0.079456
   5.579      0.078830
   5.583      0.078205
   5.588      0.077581
   5.592      0.076957
   5.597      0.076335
   5.601      0.075713
   5.606      0.075092
   5.610      0.074472
   5.615      0.073853
   5.619      0.073234
   5.624      0.072617
   5.628      0.072001
   5.632      0.071385
   5.637      0.070770
   5.641      0.070156
   5.646      0.069543
   5.650      0.068931
   5.655      0.068320
   5.659      0.067709
   5.664      0.067099
   5.668      0.066491
   5.673      0.065883
   5.677      0.065276
   5.682      0.064670
   5.686      0.064064
   5.691      0.063460
   5.695      0.062856
   5.699      0.062254
   5.704      0.061652
   5.708      0.061051
   5.713      0.060451
   5.717      0.059851
   5.722      0.059253
   5.726      0.058656
   5.731      0.058059
   5.735      0.057463
   5.740      0.056868
   5.744      0.056274
   5.749      0.055681
   5.753      0.055088
   5.758      0.054497
   5.762      0.053906
   5.766      0.053316
   5.771      0.052727
   5.775      0.052139
   5.780      0.051552
   5.784      0.050965
   5.789      0.050379
   5.793      0.049795
   5.798      0.049211
   5.802      0.048628
   5.807      0.048046
   5.811      0.047464
   5.816      0.046884
   5.820      0.046304
   5.825      0.045725
   5.829      0.045147
   5.833      0.044570
   5.838      0.043994
   5.842      0.043418
   5.847      0.042843
   5.851      0.042270
   5.856      0.041697
   5.860      0.041124
   5.865      0.040553
   5.869      0.039983
   5.874      0.039413
   5.878      0.038844
   5.883      0.038276
   5.887      0.037709
   5.892      0.037143
   5.896      0.036577
   5.900      0.036013
   5.905      0.035449
   5.909      0.034886
   5.914      0.034324
   5.918      0.033762
   5.923      0.033202
   5.927      0.032642
   5.932      0.032083
   5.936      0.031525
   5.941      0.030968
   5.945      0.030411
   5.950      0.029856
   5.954      0.029301
   5.959      0.028747
   5.963      0.028194
   5.967      0.027641
   5.972      0.027090
   5.976      0.026539
   5.981      0.025989
   5.985      0.025440
   5.990      0.024892
   5.994      0.024344
   5.999      0.023797
   6.003      0.023251
   6.008      0.022706
   6.012      0.022162
   6.017      0.021618
   6.021      0.021076
   6.026      0.020534
   6.030      0.019992
   6.034      0.019452
   6.039      0.018912
   6.043      0.018374
   6.048      0.017836
   6.052      0.017298
   6.057      0.016762
   6.061      0.016226
   6.066      0.015691
   6.070      0.015157
   6.075      0.014624
   6.079      0.014091
   6.084      0.013560
   6.088      0.013029
   6.093      0.012498
   6.097      0.011969
   6.101      0.011440
   6.106      0.010912
   6.110      0.010385
   6.115      0.009859
   6.119      0.009333
   6.124      0.008808
   6.128      0.008284
   6.133      0.007760
   6.137      0.007238
   6.142      0.006716
   6.146      0.006195
   6.151      0.005675
   6.155      0.005155
   6.160      0.004636
   6.164      0.004118
   6.168      0.003601
   6.173      0.003084
   6.177      0.002568
   6.182      0.002053
   6.186      0.001539
   6.191      0.001025
   6.195      0.000512
   6.200      0.000000
