   0.000      0.544516
   0.004      0.544516
   0.009      0.544516
   0.013      0.544516
   0.018      0.544516
   0.022      0.544516
   0.027      0.544516
   0.031      0.544516
   0.035      0.544516
   0.040      0.544516
   0.044      0.544516
   0.049      0.544516
   0.053      0.544516
   0.058      0.544516
   0.062      0.544516
   0.066      0.544516
   0.071      0.544516
   0.075      0.544516
   0.080      0.544516
   0.084      0.544516
   0.089      0.544516
   0.093      0.544516
   0.098      0.544516
   0.102      0.544516
   0.106      0.544516
   0.111      0.544516
   0.115      0.544515
   0.120      0.544515
   0.124      0.544515
   0.129      0.544515
   0.133      0.544515
   0.137      0.544515
   0.142      0.544514
   0.146      0.544514
   0.151      0.544514
   0.155      0.544514
   0.160      0.544513
   0.164      0.544513
   0.168      0.544512
   0.173      0.544512
   0.177      0.544512
   0.182      0.544511
   0.186      0.544510
   0.191      0.544510
   0.195      0.544509
   0.199      0.544509
   0.204      0.544508
   0.208      0.544507
   0.213      0.544506
   0.217      0.544505
   0.222      0.544505
   0.226      0.544504
   0.230      0.544502
   0.235      0.544501
   0.239      0.544500
   0.244      0.544499
   0.248      0.544498
   0.253      0.544496
   0.257      0.544495
   0.261      0.544493
   0.266      0.544492
   0.270      0.544490
   0.275      0.544488
   0.279      0.544486
   0.284      0.544484
   0.288      0.544482
   0.293      0.544480
   0.297      0.544477
   0.301      0.544475
   0.306      0.544472
   0.310      0.544470
   0.315      0.544467
   0.319      0.544464
   0.324      0.544461
   0.328      0.544458
   0.332      0.544455
   0.337      0.544451
   0.341      0.544447
   0.346      0.544444
   0.350      0.544440
   0.355      0.544436
   0.359      0.544432
   0.363      0.544427
   0.368      0.544423
   0.372      0.544418
   0.377      0.544413
   0.381      0.544408
   0.386      0.544402
   0.390      0.544397
   0.394      0.544391
   0.399      0.544385
   0.403      0.544379
   0.408      0.544373
   0.412      0.544366
   0.417      0.544359
   0.421      0.544352
   0.425      0.544345
   0.430      0.544337
   0.434      0.544329
   0.439      0.544321
   0.443      0.544313
   0.448      0.544304
   0.452      0.544295
   0.456      0.544286
   0.461      0.544277
   0.465      0.544267
   0.470      0.544257
   0.474      0.544246
   0.479      0.544236
   0.483      0.544225
   0.488      0.544213
   0.492      0.544201
   0.496      0.544189
   0.501      0.544177
   0.505      0.544164
   0.510      0.544151
   0.514      0.544137
   0.519      0.544123
   0.523      0.544109
   0.527      0.544094
   0.532      0.544079
   0.536      0.544063
   0.541      0.544047
   0.545      0.544030
   0.550      0.544013
   0.554      0.543996
   0.558      0.543978
   0.563      0.543959
   0.567      0.543941
   0.572      0.543921
   0.576      0.543901
   0.581      0.543881
   0.585      0.543860
   0.589      0.543838
   0.594      0.543816
   0.598      0.543794
   0.603      0.543771
   0.607      0.543747
   0.612      0.543723
   0.616      0.543698
   0.620      0.543672
   0.625      0.543646
   0.629      0.543619
   0.634      0.543592
   0.638      0.543564
   0.643      0.543535
   0.647      0.543505
   0.651      0.543475
   0.656      0.543445
   0.660      0.543413
   0.665      0.543381
   0.669      0.543348
   0.674      0.543314
   0.678      0.543280
   0.683      0.543244
   0.687      0.543208
   0.691      0.543172
   0.696      0.543134
   0.700      0.543096
   0.705      0.543056
   0.709      0.543016
   0.714      0.542975
   0.718      0.542933
   0.722      0.542891
   0.727      0.542847
   0.731      0.542803
   0.736      0.542757
   0.740      0.542711
   0.745      0.542663
   0.749      0.542615
   0.753      0.542566
   0.758      0.542516
   0.762      0.542465
   0.767      0.542412
   0.771      0.542359
   0.776      0.542305
   0.780      0.542249
   0.784      0.542193
   0.789      0.542136
   0.793      0.542077
   0.798      0.542017
   0.802      0.541957
   0.807      0.541895
   0.811      0.541832
   0.815      0.541767
   0.820      0.541702
   0.824      0.541635
   0.829      0.541568
   0.833      0.541499
   0.838      0.541428
   0.842      0.541357
   0.846      0.541284
   0.851      0.541210
   0.855      0.541135
   0.860      0.541058
   0.864      0.540980
   0.869      0.540901
   0.873      0.540821
   0.878      0.540739
   0.882      0.540655
   0.886      0.540571
   0.891      0.540485
   0.895      0.540397
   0.900      0.540308
   0.904      0.540218
   0.909      0.540126
   0.913      0.540033
   0.917      0.539938
   0.922      0.539842
   0.926      0.539744
   0.931      0.539645
   0.935      0.539544
   0.940      0.539442
   0.944      0.539338
   0.948      0.539233
   0.953      0.539125
   0.957      0.539017
   0.962      0.538907
   0.966      0.538795
   0.971      0.538681
   0.975      0.538566
   0.979      0.538449
   0.984      0.538331
   0.988      0.538210
   0.993      0.538089
   0.997      0.537965
   1.002      0.537840
   1.006      0.537712
   1.010      0.537584
   1.015      0.537453
   1.019      0.537321
   1.024      0.537186
   1.028      0.537050
   1.033      0.536913
   1.037      0.536773
   1.041      0.536632
   1.046      0.536488
   1.050      0.536343
   1.055      0.536196
   1.059      0.536047
   1.064      0.535896
   1.068      0.535744
   1.073      0.535589
   1.077      0.535432
   1.081      0.535274
   1.086      0.535114
   1.090      0.534951
   1.095      0.534787
   1.099      0.534620
   1.104      0.534452
   1.108      0.534282
   1.112      0.534110
   1.117      0.533935
   1.121      0.533759
   1.126      0.533580
   1.130      0.533400
   1.135      0.533218
   1.139      0.533033
   1.143      0.532846
   1.148      0.532658
   1.152      0.532467
   1.157      0.532274
   1.161      0.532079
   1.166      0.531882
   1.170      0.531683
   1.174      0.531481
   1.179      0.531278
   1.183      0.531072
   1.188      0.530865
   1.192      0.530655
   1.197      0.530443
   1.201      0.530228
   1.205      0.530012
   1.210      0.529793
   1.214      0.529573
   1.219      0.529350
   1.223      0.529124
   1.228      0.528897
   1.232      0.528668
   1.236      0.528436
   1.241      0.528202
   1.245      0.527966
   1.250      0.527727
   1.254      0.527487
   1.259      0.527244
   1.263      0.526999
   1.268      0.526751
   1.272      0.526502
   1.276      0.526250
   1.281      0.525996
   1.285      0.525739
   1.290      0.525481
   1.294      0.525220
   1.299      0.524956
   1.303      0.524691
   1.307      0.524423
   1.312      0.524153
   1.316      0.523881
   1.321      0.523607
   1.325      0.523330
   1.330      0.523051
   1.334      0.522769
   1.338      0.522486
   1.343      0.522200
   1.347      0.521912
   1.352      0.521621
   1.356      0.521329
   1.361      0.521034
   1.365      0.520736
   1.369      0.520437
   1.374      0.520135
   1.378      0.519831
   1.383      0.519524
   1.387      0.519216
   1.392      0.518905
   1.396      0.518591
   1.400      0.518276
   1.405      0.517958
   1.409      0.517638
   1.414      0.517316
   1.418      0.516991
   1.423      0.516664
   1.427      0.516335
   1.431      0.516004
   1.436      0.515670
   1.440      0.515334
   1.445      0.514996
   1.449      0.514656
   1.454      0.514313
   1.458      0.513969
   1.463      0.513622
   1.467      0.513272
   1.471      0.512921
   1.476      0.512567
   1.480      0.512211
   1.485      0.511853
   1.489      0.511493
   1.494      0.511130
   1.498      0.510765
   1.502      0.510398
   1.507      0.510029
   1.511      0.509658
   1.516      0.509284
   1.520      0.508909
   1.525      0.508531
   1.529      0.508151
   1.533      0.507769
   1.538      0.507385
   1.542      0.506998
   1.547      0.506610
   1.551      0.506219
   1.556      0.505826
   1.560      0.505431
   1.564      0.505034
   1.569      0.504635
   1.573      0.504234
   1.578      0.503831
   1.582      0.503426
   1.587      0.503018
   1.591      0.502609
   1.595      0.502198
   1.600      0.501784
   1.604      0.501369
   1.609      0.500951
   1.613      0.500532
   1.618      0.500110
   1.622      0.499687
   1.626      0.499261
   1.631      0.498834
   1.635      0.498404
   1.640      0.497973
   1.644      0.497539
   1.649      0.497104
   1.653      0.496667
   1.658      0.496228
   1.662      0.495787
   1.666      0.495344
   1.671      0.494899
   1.675      0.494453
   1.680      0.494004
   1.684      0.493554
   1.689      0.493101
   1.693      0.492647
   1.697      0.492192
   1.702      0.491734
   1.706      0.491274
   1.711      0.490813
   1.715      0.490350
   1.720      0.489885
   1.724      0.489419
   1.728      0.488950
   1.733      0.488480
   1.737      0.488009
   1.742      0.487535
   1.746      0.487060
   1.751      0.486583
   1.755      0.486105
   1.759      0.485625
   1.764      0.485143
   1.768      0.484659
   1.773      0.484174
   1.777      0.483688
   1.782      0.483199
   1.786      0.482709
   1.790      0.482218
   1.795      0.481725
   1.799      0.481230
   1.804      0.480734
   1.808      0.480237
   1.813      0.479738
   1.817      0.479237
   1.821      0.478735
   1.826      0.478231
   1.830      0.477726
   1.835      0.477220
   1.839      0.476712
   1.844      0.476203
   1.848      0.475692
   1.853      0.475180
   1.857      0.474666
   1.861      0.474152
   1.866      0.473635
   1.870      0.473118
   1.875      0.472599
   1.879      0.472079
   1.884      0.471557
   1.888      0.471035
   1.892      0.470511
   1.897      0.469985
   1.901      0.469459
   1.906      0.468931
   1.910      0.468402
   1.915      0.467872
   1.919      0.467341
   1.923      0.466808
   1.928      0.466274
   1.932      0.465739
   1.937      0.465203
   1.941      0.464666
   1.946      0.464128
   1.950      0.463589
   1.954      0.463049
   1.959      0.462507
   1.963      0.461965
   1.968      0.461421
   1.972      0.460877
   1.977      0.460331
   1.981      0.459785
   1.985      0.459237
   1.990      0.458689
   1.994      0.458139
   1.999      0.457589
   2.003      0.457038
   2.008      0.456485
   2.012      0.455932
   2.016      0.455378
   2.021      0.454824
   2.025      0.454268
   2.030      0.453711
   2.034      0.453154
   2.039      0.452596
   2.043      0.452037
   2.048      0.451477
   2.052      0.450917
   2.056      0.450356
   2.061      0.449794
   2.065      0.449231
   2.070      0.448667
   2.074      0.448103
   2.079      0.447538
   2.083      0.446973
   2.087      0.446407
   2.092      0.445840
   2.096      0.445273
   2.101      0.444705
   2.105      0.444136
   2.110      0.443567
   2.114      0.442997
   2.118      0.442427
   2.123      0.441856
   2.127      0.441285
   2.132      0.440713
   2.136      0.440140
   2.141      0.439567
   2.145      0.438994
   2.149      0.438420
   2.154      0.437846
   2.158      0.437271
   2.163      0.436696
   2.167      0.436120
   2.172      0.435544
   2.176      0.434968
   2.180      0.434391
   2.185      0.433814
   2.189      0.433237
   2.194      0.432659
   2.198      0.432081
   2.203      0.431502
   2.207      0.430924
   2.211      0.430345
   2.216      0.429765
   2.220      0.429186
   2.225      0.428606
   2.229      0.428026
   2.234      0.427446
   2.238      0.426866
   2.243      0.426285
   2.247      0.425705
   2.251      0.425124
   2.256      0.424543
   2.260      0.423962
   2.265      0.423380
   2.269      0.422799
   2.274      0.422217
   2.278      0.421636
   2.282      0.421054
   2.287      0.420473
   2.291      0.419891
   2.296      0.419309
   2.300      0.418727
   2.305      0.418145
   2.309      0.417564
   2.313      0.416982
   2.318      0.416400
   2.322      0.415818
   2.327      0.415236
   2.331      0.414655
   2.336      0.414073
   2.340      0.413492
   2.344      0.412910
   2.349      0.412329
   2.353      0.411748
   2.358      0.411167
   2.362      0.410586
   2.367      0.410005
   2.371      0.409424
   2.375      0.408844
   2.380      0.408263
   2.384      0.407683
   2.389      0.407104
   2.393      0.406524
   2.398      0.405944
   2.402      0.405365
   2.406      0.404786
   2.411      0.404208
   2.415      0.403629
   2.420      0.403051
   2.424      0.402473
   2.429      0.401896
   2.433      0.401318
   2.438      0.400741
   2.442      0.400165
   2.446      0.399589
   2.451      0.399013
   2.455      0.398437
   2.460      0.397862
   2.464      0.397287
   2.469      0.396713
   2.473      0.396139
   2.477      0.395565
   2.482      0.394992
   2.486      0.394419
   2.491      0.393847
   2.495      0.393275
   2.500      0.392704
   2.504      0.392133
   2.508      0.391562
   2.513      0.390992
   2.517      0.390423
   2.522      0.389854
   2.526      0.389285
   2.531      0.388718
   2.535      0.388150
   2.539      0.387583
   2.544      0.387017
   2.548      0.386451
   2.553      0.385886
   2.557      0.385321
   2.562      0.384757
   2.566      0.384194
   2.570      0.383631
   2.575      0.383069
   2.579      0.382507
   2.584      0.381946
   2.588      0.381385
   2.593      0.380826
   2.597      0.380266
   2.602      0.379708
   2.606      0.379150
   2.610      0.378593
   2.615      0.378036
   2.619      0.377481
   2.624      0.376926
   2.628      0.376371
   2.633      0.375817
   2.637      0.375264
   2.641      0.374712
   2.646      0.374160
   2.650      0.373610
   2.655      0.373059
   2.659      0.372510
   2.664      0.371961
   2.668      0.371414
   2.672      0.370866
   2.677      0.370320
   2.681      0.369775
   2.686      0.369230
   2.690      0.368686
   2.695      0.368143
   2.699      0.367600
   2.703      0.367059
   2.708      0.366518
   2.712      0.365978
   2.717      0.365439
   2.721      0.364900
   2.726      0.364363
   2.730      0.363826
   2.734      0.363290
   2.739      0.362755
   2.743      0.362221
   2.748      0.361688
   2.752      0.361156
   2.757      0.360624
   2.761      0.360094
   2.765      0.359564
   2.770      0.359035
   2.774      0.358507
   2.779      0.357980
   2.783      0.357454
   2.788      0.356929
   2.792      0.356404
   2.797      0.355881
   2.801      0.355358
   2.805      0.354837
   2.810      0.354316
   2.814      0.353796
   2.819      0.353278
   2.823      0.352760
   2.828      0.352243
   2.832      0.351727
   2.836      0.351212
   2.841      0.350698
   2.845      0.350185
   2.850      0.349673
   2.854      0.349162
   2.859      0.348651
   2.863      0.348142
   2.867      0.347634
   2.872      0.347127
   2.876      0.346620
   2.881      0.346115
   2.885      0.345611
   2.890      0.345107
   2.894      0.344605
   2.898      0.344104
   2.903      0.343603
   2.907      0.343104
   2.912      0.342606
   2.916      0.342108
   2.921      0.341612
   2.925      0.341117
   2.929      0.340623
   2.934      0.340129
   2.938      0.339637
   2.943      0.339146
   2.947      0.338656
   2.952      0.338167
   2.956      0.337678
   2.960      0.337191
   2.965      0.336705
   2.969      0.336220
   2.974      0.335736
   2.978      0.335253
   2.983      0.334772
   2.987      0.334291
   2.992      0.333811
   2.996      0.333332
   3.000      0.332854
   3.005      0.332378
   3.009      0.331902
   3.014      0.331428
   3.018      0.330954
   3.023      0.330482
   3.027      0.330010
   3.031      0.329540
   3.036      0.329071
   3.040      0.328602
   3.045      0.328135
   3.049      0.327669
   3.054      0.327204
   3.058      0.326740
   3.062      0.326277
   3.067      0.325815
   3.071      0.325354
   3.076      0.324895
   3.080      0.324436
   3.085      0.323978
   3.089      0.323522
   3.093      0.323066
   3.098      0.322612
   3.102      0.322159
   3.107      0.321706
   3.111      0.321255
   3.116      0.320805
   3.120      0.320356
   3.124      0.319908
   3.129      0.319461
   3.133      0.319015
   3.138      0.318570
   3.142      0.318127
   3.147      0.317684
   3.151      0.317242
   3.155      0.316802
   3.160      0.316362
   3.164      0.315924
   3.169      0.315486
   3.173      0.315050
   3.178      0.314615
   3.182      0.314181
   3.187      0.313748
   3.191      0.313316
   3.195      0.312885
   3.200      0.312455
   3.204      0.312026
   3.209      0.311598
   3.213      0.311171
   3.218      0.310746
   3.222      0.310321
   3.226      0.309897
   3.231      0.309475
   3.235      0.309053
   3.240      0.308633
   3.244      0.308213
   3.249      0.307795
   3.253      0.307378
   3.257      0.306961
   3.262      0.306546
   3.266      0.306132
   3.271      0.305719
   3.275      0.305307
   3.280      0.304896
   3.284      0.304486
   3.288      0.304077
   3.293      0.303669
   3.297      0.303262
   3.302      0.302856
   3.306      0.302451
   3.311      0.302047
   3.315      0.301644
   3.319      0.301243
   3.324      0.300842
   3.328      0.300442
   3.333      0.300043
   3.337      0.299645
   3.342      0.299249
   3.346      0.298853
   3.350      0.298458
   3.355      0.298064
   3.359      0.297672
   3.364      0.297280
   3.368      0.296889
   3.373      0.296500
   3.377      0.296111
   3.382      0.295723
   3.386      0.295336
   3.390      0.294951
   3.395      0.294566
   3.399      0.294182
   3.404      0.293799
   3.408      0.293417
   3.413      0.293036
   3.417      0.292656
   3.421      0.292278
   3.426      0.291900
   3.430      0.291523
   3.435      0.291147
   3.439      0.290771
   3.444      0.290397
   3.448      0.290024
   3.452      0.289652
   3.457      0.289281
   3.461      0.288910
   3.466      0.288541
   3.470      0.288172
   3.475      0.287805
   3.479      0.287438
   3.483      0.287072
   3.488      0.286708
   3.492      0.286344
   3.497      0.285981
   3.501      0.285619
   3.506      0.285258
   3.510      0.284898
   3.514      0.284538
   3.519      0.284180
   3.523      0.283823
   3.528      0.283466
   3.532      0.283110
   3.537      0.282756
   3.541      0.282402
   3.545      0.282049
