   0.000     -0.000259
   0.004      0.000129
   0.008      0.000518
   0.012      0.001164
   0.016      0.002070
   0.020      0.003234
   0.024      0.004655
   0.028      0.006335
   0.033      0.008272
   0.037      0.010466
   0.041      0.012916
   0.045      0.015622
   0.049      0.018583
   0.053      0.021799
   0.057      0.025269
   0.061      0.028992
   0.065      0.032968
   0.069      0.037195
   0.073      0.041672
   0.077      0.046399
   0.081      0.051374
   0.085      0.056596
   0.089      0.062065
   0.094      0.067778
   0.098      0.073736
   0.102      0.079935
   0.106      0.086375
   0.110      0.093055
   0.114      0.099973
   0.118      0.107127
   0.122      0.114515
   0.126      0.122137
   0.130      0.129990
   0.134      0.138072
   0.138      0.146381
   0.142      0.154917
   0.146      0.163675
   0.150      0.172656
   0.155      0.181856
   0.159      0.191274
   0.163      0.200907
   0.167      0.210753
   0.171      0.220810
   0.175      0.231075
   0.179      0.241547
   0.183      0.252222
   0.187      0.263099
   0.191      0.274175
   0.195      0.285447
   0.199      0.296913
   0.203      0.308570
   0.207      0.320415
   0.211      0.332447
   0.216      0.344661
   0.220      0.357056
   0.224      0.369628
   0.228      0.382375
   0.232      0.395293
   0.236      0.408380
   0.240      0.421633
   0.244      0.435049
   0.248      0.448625
   0.252      0.462356
   0.256      0.476242
   0.260      0.490278
   0.264      0.504461
   0.268      0.518787
   0.272      0.533255
   0.277      0.547860
   0.281      0.562598
   0.285      0.577468
   0.289      0.592465
   0.293      0.607585
   0.297      0.622827
   0.301      0.638185
   0.305      0.653657
   0.309      0.669239
   0.313      0.684927
   0.317      0.700718
   0.321      0.716609
   0.325      0.732596
   0.329      0.748675
   0.333      0.764842
   0.338      0.781095
   0.342      0.797429
   0.346      0.813840
   0.350      0.830326
   0.354      0.846881
   0.358      0.863503
   0.362      0.880188
   0.366      0.896933
   0.370      0.913732
   0.374      0.930583
   0.378      0.947482
   0.382      0.964425
   0.386      0.981409
   0.390      0.998428
   0.394      1.015481
   0.399      1.032563
   0.403      1.049670
   0.407      1.066798
   0.411      1.083944
   0.415      1.101104
   0.419      1.118274
   0.423      1.135451
   0.427      1.152630
   0.431      1.169808
   0.435      1.186981
   0.439      1.204145
   0.443      1.221297
   0.447      1.238434
   0.451      1.255550
   0.455      1.272643
   0.460      1.289709
   0.464      1.306744
   0.468      1.323745
   0.472      1.340708
   0.476      1.357629
   0.480      1.374505
   0.484      1.391332
   0.488      1.408106
   0.492      1.424825
   0.496      1.441485
   0.500      1.458082
   0.504      1.474613
   0.508      1.491073
   0.512      1.507461
   0.516      1.523773
   0.521      1.540004
   0.525      1.556153
   0.529      1.572215
   0.533      1.588188
   0.537      1.604067
   0.541      1.619851
   0.545      1.635536
   0.549      1.651118
   0.553      1.666596
   0.557      1.681964
   0.561      1.697222
   0.565      1.712365
   0.569      1.727391
   0.573      1.742297
   0.577      1.757080
   0.582      1.771738
   0.586      1.786267
   0.590      1.800665
   0.594      1.814929
   0.598      1.829057
   0.602      1.843045
   0.606      1.856893
   0.610      1.870596
   0.614      1.884153
   0.618      1.897561
   0.622      1.910818
   0.626      1.923922
   0.630      1.936870
   0.634      1.949660
   0.638      1.962290
   0.643      1.974758
   0.647      1.987063
   0.651      1.999201
   0.655      2.011171
   0.659      2.022972
   0.663      2.034601
   0.667      2.046057
   0.671      2.057337
   0.675      2.068441
   0.679      2.079367
   0.683      2.090112
   0.687      2.100676
   0.691      2.111058
   0.695      2.121255
   0.699      2.131267
   0.704      2.141092
   0.708      2.150729
   0.712      2.160177
   0.716      2.169435
   0.720      2.178502
   0.724      2.187376
   0.728      2.196057
   0.732      2.204545
   0.736      2.212837
   0.740      2.220934
   0.744      2.228834
   0.748      2.236537
   0.752      2.244043
   0.756      2.251351
   0.760      2.258460
   0.765      2.265371
   0.769      2.272081
   0.773      2.278593
   0.777      2.284904
   0.781      2.291015
   0.785      2.296926
   0.789      2.302636
   0.793      2.308146
   0.797      2.313456
   0.801      2.318565
   0.805      2.323474
   0.809      2.328183
   0.813      2.332692
   0.817      2.337001
   0.821      2.341111
   0.826      2.345022
   0.830      2.348735
   0.834      2.352249
   0.838      2.355566
   0.842      2.358686
   0.846      2.361610
   0.850      2.364338
   0.854      2.366871
   0.858      2.369209
   0.862      2.371354
   0.866      2.373307
   0.870      2.375068
   0.874      2.376638
   0.878      2.378017
   0.882      2.379208
   0.887      2.380212
   0.891      2.381028
   0.895      2.381659
   0.899      2.382105
   0.903      2.382368
   0.907      2.382448
   0.911      2.382348
   0.915      2.382068
   0.919      2.381610
   0.923      2.380976
   0.927      2.380165
   0.931      2.379181
   0.935      2.378024
   0.939      2.376696
   0.943      2.375199
   0.948      2.373534
   0.952      2.371702
   0.956      2.369705
   0.960      2.367546
   0.964      2.365225
   0.968      2.362744
   0.972      2.360105
   0.976      2.357310
   0.980      2.354360
   0.984      2.351257
   0.988      2.348004
   0.992      2.344601
   0.996      2.341051
   1.000      2.337356
   1.004      2.333517
   1.009      2.329536
   1.013      2.325416
   1.017      2.321158
   1.021      2.316764
   1.025      2.312236
   1.029      2.307577
   1.033      2.302787
   1.037      2.297869
   1.041      2.292826
   1.045      2.287658
   1.049      2.282369
   1.053      2.276960
   1.057      2.271432
   1.061      2.265789
   1.065      2.260033
   1.070      2.254164
   1.074      2.248186
   1.078      2.242100
   1.082      2.235909
   1.086      2.229614
   1.090      2.223217
   1.094      2.216721
   1.098      2.210128
   1.102      2.203440
   1.106      2.196658
   1.110      2.189786
   1.114      2.182824
   1.118      2.175775
   1.122      2.168641
   1.126      2.161424
   1.131      2.154126
   1.135      2.146749
   1.139      2.139295
   1.143      2.131766
   1.147      2.124164
   1.151      2.116492
   1.155      2.108750
   1.159      2.100942
   1.163      2.093068
   1.167      2.085131
   1.171      2.077133
   1.175      2.069076
   1.179      2.060962
   1.183      2.052793
   1.187      2.044569
   1.192      2.036295
   1.196      2.027970
   1.200      2.019598
   1.204      2.011179
   1.208      2.002716
   1.212      1.994211
   1.216      1.985665
   1.220      1.977080
   1.224      1.968458
   1.228      1.959801
   1.232      1.951110
   1.236      1.942387
   1.240      1.933633
   1.244      1.924851
   1.248      1.916042
   1.253      1.907208
   1.257      1.898349
   1.261      1.889469
   1.265      1.880568
   1.269      1.871648
   1.273      1.862710
   1.277      1.853757
   1.281      1.844788
   1.285      1.835807
   1.289      1.826814
   1.293      1.817811
   1.297      1.808800
   1.301      1.799781
   1.305      1.790756
   1.309      1.781726
   1.314      1.772693
   1.318      1.763658
   1.322      1.754622
   1.326      1.745587
   1.330      1.736554
   1.334      1.727523
   1.338      1.718497
   1.342      1.709476
   1.346      1.700462
   1.350      1.691456
   1.354      1.682458
   1.358      1.673470
   1.362      1.664493
   1.366      1.655529
   1.370      1.646577
   1.375      1.637640
   1.379      1.628717
   1.383      1.619811
   1.387      1.610922
   1.391      1.602050
   1.395      1.593198
   1.399      1.584365
   1.403      1.575553
   1.407      1.566763
   1.411      1.557994
   1.415      1.549249
   1.419      1.540528
   1.423      1.531831
   1.427      1.523160
   1.431      1.514516
   1.436      1.505898
   1.440      1.497307
   1.444      1.488745
   1.448      1.480212
   1.452      1.471708
   1.456      1.463235
   1.460      1.454792
   1.464      1.446381
   1.468      1.438002
   1.472      1.429655
   1.476      1.421341
   1.480      1.413061
   1.484      1.404815
   1.488      1.396604
   1.492      1.388427
   1.497      1.380286
   1.501      1.372181
   1.505      1.364112
   1.509      1.356079
   1.513      1.348084
   1.517      1.340126
   1.521      1.332207
   1.525      1.324325
   1.529      1.316482
   1.533      1.308677
   1.537      1.300912
   1.541      1.293186
   1.545      1.285499
   1.549      1.277852
   1.553      1.270246
   1.558      1.262680
   1.562      1.255154
   1.566      1.247670
   1.570      1.240226
   1.574      1.232823
   1.578      1.225462
   1.582      1.218142
   1.586      1.210863
   1.590      1.203627
   1.594      1.196432
   1.598      1.189279
   1.602      1.182168
   1.606      1.175099
   1.610      1.168072
   1.614      1.161088
   1.619      1.154146
   1.623      1.147246
   1.627      1.140389
   1.631      1.133574
   1.635      1.126801
   1.639      1.120071
   1.643      1.113383
   1.647      1.106738
   1.651      1.100135
   1.655      1.093574
   1.659      1.087055
   1.663      1.080579
   1.667      1.074145
   1.671      1.067753
   1.675      1.061404
   1.680      1.055096
   1.684      1.048830
   1.688      1.042606
   1.692      1.036424
   1.696      1.030283
   1.700      1.024183
   1.704      1.018126
   1.708      1.012109
   1.712      1.006133
   1.716      1.000199
   1.720      0.994305
   1.724      0.988452
   1.728      0.982640
   1.732      0.976868
   1.736      0.971136
   1.741      0.965444
   1.745      0.959793
   1.749      0.954181
   1.753      0.948608
   1.757      0.943075
   1.761      0.937581
   1.765      0.932126
   1.769      0.926710
   1.773      0.921332
   1.777      0.915993
   1.781      0.910692
   1.785      0.905429
   1.789      0.900204
   1.793      0.895016
   1.797      0.889865
   1.802      0.884752
   1.806      0.879676
   1.810      0.874636
   1.814      0.869633
   1.818      0.864666
   1.822      0.859734
   1.826      0.854839
   1.830      0.849979
   1.834      0.845154
   1.838      0.840365
   1.842      0.835610
   1.846      0.830890
   1.850      0.826204
   1.854      0.821552
   1.858      0.816933
   1.863      0.812349
   1.867      0.807798
   1.871      0.803279
   1.875      0.798794
   1.879      0.794341
   1.883      0.789920
   1.887      0.785532
   1.891      0.781175
   1.895      0.776850
   1.899      0.772556
   1.903      0.768293
   1.907      0.764061
   1.911      0.759859
   1.915      0.755688
   1.919      0.751547
   1.924      0.747435
   1.928      0.743353
   1.932      0.739300
   1.936      0.735277
   1.940      0.731282
   1.944      0.727315
   1.948      0.723377
   1.952      0.719467
   1.956      0.715584
   1.960      0.711729
   1.964      0.707901
   1.968      0.704100
   1.972      0.700326
   1.976      0.696579
   1.980      0.692857
   1.985      0.689162
   1.989      0.685493
   1.993      0.681849
   1.997      0.678230
   2.001      0.674636
   2.005      0.671067
   2.009      0.667523
   2.013      0.664003
   2.017      0.660507
   2.021      0.657035
   2.025      0.653587
   2.029      0.650162
   2.033      0.646760
   2.037      0.643381
   2.041      0.640025
   2.046      0.636692
   2.050      0.633380
   2.054      0.630091
   2.058      0.626824
   2.062      0.623578
   2.066      0.620353
   2.070      0.617150
   2.074      0.613968
   2.078      0.610806
   2.082      0.607666
   2.086      0.604545
   2.090      0.601445
   2.094      0.598364
   2.098      0.595303
   2.102      0.592262
   2.107      0.589240
   2.111      0.586238
   2.115      0.583254
   2.119      0.580289
   2.123      0.577343
   2.127      0.574415
   2.131      0.571506
   2.135      0.568614
   2.139      0.565740
   2.143      0.562884
   2.147      0.560046
   2.151      0.557225
   2.155      0.554421
   2.159      0.551634
   2.163      0.548863
   2.168      0.546110
   2.172      0.543373
   2.176      0.540652
   2.180      0.537948
   2.184      0.535259
   2.188      0.532587
   2.192      0.529930
   2.196      0.527289
   2.200      0.524663
   2.204      0.522053
   2.208      0.519458
   2.212      0.516877
   2.216      0.514312
   2.220      0.511761
   2.224      0.509225
   2.229      0.506704
   2.233      0.504197
   2.237      0.501704
   2.241      0.499225
   2.245      0.496760
   2.249      0.494309
   2.253      0.491872
   2.257      0.489448
   2.261      0.487038
   2.265      0.484641
   2.269      0.482258
   2.273      0.479887
   2.277      0.477530
   2.281      0.475186
   2.285      0.472854
   2.290      0.470536
   2.294      0.468230
   2.298      0.465936
   2.302      0.463655
   2.306      0.461387
   2.310      0.459130
   2.314      0.456886
   2.318      0.454654
   2.322      0.452434
   2.326      0.450226
   2.330      0.448029
   2.334      0.445845
   2.338      0.443672
   2.342      0.441511
   2.346      0.439361
   2.351      0.437222
   2.355      0.435095
   2.359      0.432980
   2.363      0.430875
   2.367      0.428782
   2.371      0.426699
   2.375      0.424628
   2.379      0.422568
   2.383      0.420518
   2.387      0.418479
   2.391      0.416451
   2.395      0.414434
   2.399      0.412427
   2.403      0.410431
   2.407      0.408445
   2.412      0.406470
   2.416      0.404505
   2.420      0.402550
   2.424      0.400605
   2.428      0.398671
   2.432      0.396747
   2.436      0.394832
   2.440      0.392928
   2.444      0.391034
   2.448      0.389149
   2.452      0.387274
   2.456      0.385409
   2.460      0.383554
   2.464      0.381708
   2.468      0.379872
   2.473      0.378045
   2.477      0.376228
   2.481      0.374420
   2.485      0.372622
   2.489      0.370832
   2.493      0.369052
   2.497      0.367282
   2.501      0.365520
   2.505      0.363767
   2.509      0.362024
   2.513      0.360289
   2.517      0.358563
   2.521      0.356846
   2.525      0.355138
   2.529      0.353439
   2.534      0.351748
   2.538      0.350066
   2.542      0.348392
   2.546      0.346727
   2.550      0.345071
   2.554      0.343423
   2.558      0.341783
   2.562      0.340152
   2.566      0.338529
   2.570      0.336914
   2.574      0.335308
   2.578      0.333709
   2.582      0.332119
   2.586      0.330537
   2.590      0.328962
   2.595      0.327396
   2.599      0.325838
   2.603      0.324287
   2.607      0.322744
   2.611      0.321209
   2.615      0.319682
   2.619      0.318163
   2.623      0.316651
   2.627      0.315146
   2.631      0.313649
   2.635      0.312160
   2.639      0.310678
   2.643      0.309204
   2.647      0.307737
   2.651      0.306277
   2.656      0.304825
   2.660      0.303379
   2.664      0.301941
   2.668      0.300510
   2.672      0.299087
   2.676      0.297670
   2.680      0.296260
   2.684      0.294858
   2.688      0.293462
   2.692      0.292073
   2.696      0.290691
   2.700      0.289316
   2.704      0.287948
   2.708      0.286586
   2.712      0.285231
   2.717      0.283883
   2.721      0.282542
   2.725      0.281207
   2.729      0.279879
   2.733      0.278557
   2.737      0.277241
   2.741      0.275932
   2.745      0.274630
   2.749      0.273334
   2.753      0.272044
   2.757      0.270761
   2.761      0.269483
   2.765      0.268212
   2.769      0.266947
   2.773      0.265689
   2.778      0.264436
   2.782      0.263190
   2.786      0.261949
   2.790      0.260715
   2.794      0.259487
   2.798      0.258264
   2.802      0.257048
   2.806      0.255837
   2.810      0.254632
   2.814      0.253433
   2.818      0.252240
   2.822      0.251053
   2.826      0.249871
   2.830      0.248695
   2.834      0.247525
   2.839      0.246360
   2.843      0.245201
   2.847      0.244047
   2.851      0.242899
   2.855      0.241756
   2.859      0.240619
   2.863      0.239487
   2.867      0.238361
   2.871      0.237240
   2.875      0.236124
   2.879      0.235014
   2.883      0.233909
   2.887      0.232809
   2.891      0.231715
   2.895      0.230625
   2.900      0.229541
   2.904      0.228462
   2.908      0.227388
   2.912      0.226319
   2.916      0.225255
   2.920      0.224196
   2.924      0.223143
   2.928      0.222094
   2.932      0.221050
   2.936      0.220011
   2.940      0.218976
   2.944      0.217947
   2.948      0.216923
   2.952      0.215903
   2.956      0.214888
   2.961      0.213878
   2.965      0.212872
   2.969      0.211872
   2.973      0.210875
   2.977      0.209884
   2.981      0.208897
   2.985      0.207915
   2.989      0.206937
   2.993      0.205964
   2.997      0.204995
   3.001      0.204031
   3.005      0.203071
   3.009      0.202116
   3.013      0.201165
   3.017      0.200219
   3.022      0.199277
   3.026      0.198339
   3.030      0.197406
   3.034      0.196476
   3.038      0.195551
   3.042      0.194631
   3.046      0.193714
   3.050      0.192802
   3.054      0.191894
   3.058      0.190990
   3.062      0.190090
   3.066      0.189195
   3.070      0.188303
   3.074      0.187416
   3.078      0.186532
   3.083      0.185653
   3.087      0.184777
   3.091      0.183906
   3.095      0.183038
   3.099      0.182175
   3.103      0.181315
   3.107      0.180459
   3.111      0.179607
   3.115      0.178759
   3.119      0.177915
   3.123      0.177074
   3.127      0.176238
   3.131      0.175405
   3.135      0.174575
   3.139      0.173750
   3.144      0.172928
   3.148      0.172110
   3.152      0.171296
   3.156      0.170485
   3.160      0.169678
   3.164      0.168874
   3.168      0.168074
   3.172      0.167278
   3.176      0.166485
   3.180      0.165695
   3.184      0.164910
   3.188      0.164127
   3.192      0.163348
   3.196      0.162573
   3.200      0.161801
   3.205      0.161032
   3.209      0.160267
   3.213      0.159505
   3.217      0.158747
   3.221      0.157991
   3.225      0.157240
   3.229      0.156491
   3.233      0.155746
   3.237      0.155004
   3.241      0.154265
   3.245      0.153529
   3.249      0.152797
   3.253      0.152068
   3.257      0.151342
   3.261      0.150619
   3.266      0.149900
   3.270      0.149183
   3.274      0.148470
   3.278      0.147759
   3.282      0.147052
   3.286      0.146348
   3.290      0.145647
   3.294      0.144949
   3.298      0.144254
   3.302      0.143562
   3.306      0.142873
   3.310      0.142186
   3.314      0.141503
   3.318      0.140823
   3.322      0.140146
   3.327      0.139471
   3.331      0.138800
   3.335      0.138131
   3.339      0.137465
   3.343      0.136802
   3.347      0.136142
   3.351      0.135485
   3.355      0.134830
   3.359      0.134178
   3.363      0.133529
   3.367      0.132883
   3.371      0.132240
   3.375      0.131599
   3.379      0.130961
   3.383      0.130325
   3.388      0.129692
   3.392      0.129062
   3.396      0.128435
   3.400      0.127810
   3.404      0.127188
   3.408      0.126568
   3.412      0.125951
   3.416      0.125337
   3.420      0.124725
   3.424      0.124116
   3.428      0.123509
   3.432      0.122905
   3.436      0.122303
   3.440      0.121704
   3.444      0.121107
   3.449      0.120513
   3.453      0.119921
   3.457      0.119332
   3.461      0.118745
   3.465      0.118161
   3.469      0.117579
   3.473      0.116999
   3.477      0.116422
   3.481      0.115847
   3.485      0.115274
   3.489      0.114704
   3.493      0.114136
   3.497      0.113570
   3.501      0.113007
   3.505      0.112446
   3.510      0.111888
   3.514      0.111331
   3.518      0.110777
   3.522      0.110225
   3.526      0.109675
   3.530      0.109128
   3.534      0.108583
   3.538      0.108040
   3.542      0.107499
   3.546      0.106960
   3.550      0.106424
   3.554      0.105889
   3.558      0.105357
   3.562      0.104827
   3.566      0.104299
   3.571      0.103773
   3.575      0.103249
   3.579      0.102728
   3.583      0.102208
   3.587      0.101691
   3.591      0.101175
   3.595      0.100662
   3.599      0.100150
   3.603      0.099641
   3.607      0.099134
   3.611      0.098628
   3.615      0.098125
   3.619      0.097624
   3.623      0.097124
   3.627      0.096627
   3.632      0.096131
   3.636      0.095638
   3.640      0.095146
   3.644      0.094656
   3.648      0.094168
   3.652      0.093682
   3.656      0.093198
   3.660      0.092716
   3.664      0.092236
   3.668      0.091758
   3.672      0.091281
   3.676      0.090806
   3.680      0.090333
   3.684      0.089862
   3.688      0.089393
   3.693      0.088925
   3.697      0.088460
   3.701      0.087996
   3.705      0.087534
   3.709      0.087073
   3.713      0.086615
   3.717      0.086158
   3.721      0.085703
   3.725      0.085249
   3.729      0.084798
   3.733      0.084348
   3.737      0.083899
   3.741      0.083453
   3.745      0.083008
   3.749      0.082565
   3.754      0.082123
   3.758      0.081683
   3.762      0.081245
   3.766      0.080808
   3.770      0.080373
   3.774      0.079940
   3.778      0.079508
   3.782      0.079078
   3.786      0.078649
   3.790      0.078222
   3.794      0.077797
   3.798      0.077373
   3.802      0.076951
   3.806      0.076530
   3.810      0.076111
   3.815      0.075693
   3.819      0.075277
   3.823      0.074862
   3.827      0.074449
   3.831      0.074038
   3.835      0.073627
   3.839      0.073219
   3.843      0.072812
   3.847      0.072406
   3.851      0.072002
   3.855      0.071599
   3.859      0.071198
   3.863      0.070798
   3.867      0.070400
   3.871      0.070003
   3.876      0.069607
   3.880      0.069213
   3.884      0.068820
   3.888      0.068429
   3.892      0.068039
   3.896      0.067651
   3.900      0.067263
   3.904      0.066878
   3.908      0.066493
   3.912      0.066110
   3.916      0.065728
   3.920      0.065348
   3.924      0.064969
   3.928      0.064591
   3.932      0.064215
   3.937      0.063839
   3.941      0.063466
   3.945      0.063093
   3.949      0.062722
   3.953      0.062352
   3.957      0.061983
   3.961      0.061616
   3.965      0.061250
   3.969      0.060885
   3.973      0.060521
   3.977      0.060159
   3.981      0.059798
   3.985      0.059438
   3.989      0.059079
   3.993      0.058722
   3.998      0.058365
   4.002      0.058010
   4.006      0.057656
   4.010      0.057304
   4.014      0.056952
   4.018      0.056602
   4.022      0.056253
   4.026      0.055905
   4.030      0.055558
   4.034      0.055212
   4.038      0.054868
   4.042      0.054524
   4.046      0.054182
   4.050      0.053841
   4.054      0.053501
   4.059      0.053162
   4.063      0.052824
   4.067      0.052488
   4.071      0.052152
   4.075      0.051818
   4.079      0.051484
   4.083      0.051152
   4.087      0.050821
   4.091      0.050491
   4.095      0.050162
   4.099      0.049834
   4.103      0.049507
   4.107      0.049181
   4.111      0.048856
   4.115      0.048532
   4.120      0.048209
   4.124      0.047888
   4.128      0.047567
   4.132      0.047247
   4.136      0.046928
   4.140      0.046611
   4.144      0.046294
   4.148      0.045978
   4.152      0.045663
   4.156      0.045350
   4.160      0.045037
   4.164      0.044725
   4.168      0.044414
   4.172      0.044104
   4.176      0.043795
   4.181      0.043487
   4.185      0.043180
   4.189      0.042874
   4.193      0.042569
   4.197      0.042265
   4.201      0.041961
   4.205      0.041659
   4.209      0.041357
   4.213      0.041057
   4.217      0.040757
   4.221      0.040458
   4.225      0.040161
   4.229      0.039864
   4.233      0.039567
   4.237      0.039272
   4.242      0.038978
   4.246      0.038684
   4.250      0.038392
   4.254      0.038100
   4.258      0.037809
   4.262      0.037519
   4.266      0.037230
   4.270      0.036942
   4.274      0.036654
   4.278      0.036367
   4.282      0.036082
   4.286      0.035797
   4.290      0.035512
   4.294      0.035229
   4.298      0.034946
   4.303      0.034665
   4.307      0.034384
   4.311      0.034103
   4.315      0.033824
   4.319      0.033545
   4.323      0.033268
   4.327      0.032991
   4.331      0.032714
   4.335      0.032439
   4.339      0.032164
   4.343      0.031890
   4.347      0.031617
   4.351      0.031345
   4.355      0.031073
   4.359      0.030802
   4.364      0.030532
   4.368      0.030262
   4.372      0.029994
   4.376      0.029726
   4.380      0.029458
   4.384      0.029192
   4.388      0.028926
   4.392      0.028661
   4.396      0.028396
   4.400      0.028133
   4.404      0.027870
   4.408      0.027607
   4.412      0.027346
   4.416      0.027085
   4.420      0.026825
   4.425      0.026565
   4.429      0.026306
   4.433      0.026048
   4.437      0.025790
   4.441      0.025534
   4.445      0.025277
   4.449      0.025022
   4.453      0.024767
   4.457      0.024513
   4.461      0.024259
   4.465      0.024006
   4.469      0.023754
   4.473      0.023502
   4.477      0.023251
   4.481      0.023001
   4.486      0.022751
   4.490      0.022502
   4.494      0.022253
   4.498      0.022006
   4.502      0.021758
   4.506      0.021512
   4.510      0.021266
   4.514      0.021020
   4.518      0.020775
   4.522      0.020531
   4.526      0.020287
   4.530      0.020044
   4.534      0.019802
   4.538      0.019560
   4.542      0.019318
   4.547      0.019078
   4.551      0.018837
   4.555      0.018598
   4.559      0.018359
   4.563      0.018120
   4.567      0.017882
   4.571      0.017645
   4.575      0.017408
   4.579      0.017172
   4.583      0.016936
   4.587      0.016701
   4.591      0.016466
   4.595      0.016232
   4.599      0.015999
   4.603      0.015766
   4.608      0.015533
   4.612      0.015301
   4.616      0.015070
   4.620      0.014839
   4.624      0.014608
   4.628      0.014378
   4.632      0.014149
   4.636      0.013920
   4.640      0.013692
   4.644      0.013464
   4.648      0.013236
   4.652      0.013010
   4.656      0.012783
   4.660      0.012557
   4.664      0.012332
   4.669      0.012107
   4.673      0.011882
   4.677      0.011659
   4.681      0.011435
   4.685      0.011212
   4.689      0.010989
   4.693      0.010767
   4.697      0.010546
   4.701      0.010325
   4.705      0.010104
   4.709      0.009884
   4.713      0.009664
   4.717      0.009445
   4.721      0.009226
   4.725      0.009007
   4.730      0.008789
   4.734      0.008572
   4.738      0.008355
   4.742      0.008138
   4.746      0.007922
   4.750      0.007706
   4.754      0.007491
   4.758      0.007276
   4.762      0.007061
   4.766      0.006847
   4.770      0.006633
   4.774      0.006420
   4.778      0.006207
   4.782      0.005995
   4.786      0.005783
   4.791      0.005571
   4.795      0.005360
   4.799      0.005149
   4.803      0.004938
   4.807      0.004728
   4.811      0.004519
   4.815      0.004309
   4.819      0.004101
   4.823      0.003892
   4.827      0.003684
   4.831      0.003476
   4.835      0.003269
   4.839      0.003062
   4.843      0.002855
   4.847      0.002649
   4.852      0.002443
   4.856      0.002237
   4.860      0.002032
   4.864      0.001828
   4.868      0.001623
   4.872      0.001419
   4.876      0.001215
   4.880      0.001012
   4.884      0.000809
   4.888      0.000606
   4.892      0.000404
   4.896      0.000202
   4.900      0.000000
