   0.000      0.312416
   0.004      0.312429
   0.008      0.312442
   0.012      0.312461
   0.016      0.312485
   0.020      0.312516
   0.024      0.312554
   0.028      0.312599
   0.033      0.312652
   0.037      0.312713
   0.041      0.312781
   0.045      0.312858
   0.049      0.312943
   0.053      0.313035
   0.057      0.313135
   0.061      0.313243
   0.065      0.313359
   0.069      0.313483
   0.073      0.313614
   0.077      0.313754
   0.081      0.313902
   0.085      0.314058
   0.089      0.314222
   0.094      0.314394
   0.098      0.314574
   0.102      0.314761
   0.106      0.314957
   0.110      0.315160
   0.114      0.315370
   0.118      0.315588
   0.122      0.315813
   0.126      0.316046
   0.130      0.316285
   0.134      0.316532
   0.138      0.316786
   0.142      0.317047
   0.146      0.317315
   0.150      0.317590
   0.155      0.317872
   0.159      0.318161
   0.163      0.318457
   0.167      0.318760
   0.171      0.319070
   0.175      0.319387
   0.179      0.319712
   0.183      0.320043
   0.187      0.320381
   0.191      0.320727
   0.195      0.321079
   0.199      0.321439
   0.203      0.321806
   0.207      0.322180
   0.211      0.322562
   0.216      0.322950
   0.220      0.323346
   0.224      0.323750
   0.228      0.324160
   0.232      0.324578
   0.236      0.325003
   0.240      0.325436
   0.244      0.325876
   0.248      0.326324
   0.252      0.326779
   0.256      0.327241
   0.260      0.327711
   0.264      0.328189
   0.268      0.328674
   0.272      0.329167
   0.277      0.329667
   0.281      0.330175
   0.285      0.330690
   0.289      0.331214
   0.293      0.331745
   0.297      0.332284
   0.301      0.332830
   0.305      0.333384
   0.309      0.333946
   0.313      0.334516
   0.317      0.335094
   0.321      0.335680
   0.325      0.336273
   0.329      0.336874
   0.333      0.337484
   0.338      0.338101
   0.342      0.338726
   0.346      0.339360
   0.350      0.340001
   0.354      0.340650
   0.358      0.341308
   0.362      0.341973
   0.366      0.342647
   0.370      0.343329
   0.374      0.344019
   0.378      0.344717
   0.382      0.345423
   0.386      0.346138
   0.390      0.346861
   0.394      0.347592
   0.399      0.348332
   0.403      0.349079
   0.407      0.349836
   0.411      0.350600
   0.415      0.351373
   0.419      0.352155
   0.423      0.352945
   0.427      0.353743
   0.431      0.354550
   0.435      0.355365
   0.439      0.356189
   0.443      0.357022
   0.447      0.357863
   0.451      0.358713
   0.455      0.359571
   0.460      0.360438
   0.464      0.361314
   0.468      0.362199
   0.472      0.363092
   0.476      0.363994
   0.480      0.364905
   0.484      0.365825
   0.488      0.366753
   0.492      0.367691
   0.496      0.368637
   0.500      0.369592
   0.504      0.370556
   0.508      0.371529
   0.512      0.372511
   0.516      0.373503
   0.521      0.374503
   0.525      0.375512
   0.529      0.376530
   0.533      0.377558
   0.537      0.378594
   0.541      0.379640
   0.545      0.380695
   0.549      0.381759
   0.553      0.382832
   0.557      0.383914
   0.561      0.385006
   0.565      0.386107
   0.569      0.387217
   0.573      0.388337
   0.577      0.389466
   0.582      0.390604
   0.586      0.391752
   0.590      0.392909
   0.594      0.394076
   0.598      0.395252
   0.602      0.396437
   0.606      0.397632
   0.610      0.398837
   0.614      0.400051
   0.618      0.401274
   0.622      0.402507
   0.626      0.403750
   0.630      0.405002
   0.634      0.406264
   0.638      0.407536
   0.643      0.408817
   0.647      0.410108
   0.651      0.411408
   0.655      0.412718
   0.659      0.414038
   0.663      0.415368
   0.667      0.416707
   0.671      0.418056
   0.675      0.419415
   0.679      0.420783
   0.683      0.422161
   0.687      0.423549
   0.691      0.424947
   0.695      0.426355
   0.699      0.427772
   0.704      0.429200
   0.708      0.430637
   0.712      0.432084
   0.716      0.433540
   0.720      0.435007
   0.724      0.436483
   0.728      0.437970
   0.732      0.439466
   0.736      0.440972
   0.740      0.442488
   0.744      0.444014
   0.748      0.445549
   0.752      0.447095
   0.756      0.448650
   0.760      0.450215
   0.765      0.451790
   0.769      0.453375
   0.773      0.454970
   0.777      0.456575
   0.781      0.458189
   0.785      0.459813
   0.789      0.461447
   0.793      0.463091
   0.797      0.464745
   0.801      0.466408
   0.805      0.468082
   0.809      0.469765
   0.813      0.471457
   0.817      0.473160
   0.821      0.474872
   0.826      0.476594
   0.830      0.478326
   0.834      0.480067
   0.838      0.481818
   0.842      0.483578
   0.846      0.485349
   0.850      0.487128
   0.854      0.488918
   0.858      0.490716
   0.862      0.492525
   0.866      0.494342
   0.870      0.496169
   0.874      0.498006
   0.878      0.499852
   0.882      0.501707
   0.887      0.503571
   0.891      0.505445
   0.895      0.507328
   0.899      0.509220
   0.903      0.511121
   0.907      0.513031
   0.911      0.514951
   0.915      0.516879
   0.919      0.518816
   0.923      0.520762
   0.927      0.522717
   0.931      0.524681
   0.935      0.526653
   0.939      0.528634
   0.943      0.530624
   0.948      0.532622
   0.952      0.534628
   0.956      0.536643
   0.960      0.538666
   0.964      0.540698
   0.968      0.542738
   0.972      0.544786
   0.976      0.546842
   0.980      0.548906
   0.984      0.550978
   0.988      0.553057
   0.992      0.555145
   0.996      0.557240
   1.000      0.559343
   1.004      0.561453
   1.009      0.563571
   1.013      0.565696
   1.017      0.567829
   1.021      0.569968
   1.025      0.572115
   1.029      0.574268
   1.033      0.576429
   1.037      0.578596
   1.041      0.580770
   1.045      0.582951
   1.049      0.585138
   1.053      0.587332
   1.057      0.589532
   1.061      0.591738
   1.065      0.593950
   1.070      0.596168
   1.074      0.598392
   1.078      0.600621
   1.082      0.602856
   1.086      0.605097
   1.090      0.607343
   1.094      0.609595
   1.098      0.611851
   1.102      0.614113
   1.106      0.616379
   1.110      0.618650
   1.114      0.620926
   1.118      0.623206
   1.122      0.625490
   1.126      0.627779
   1.131      0.630072
   1.135      0.632368
   1.139      0.634669
   1.143      0.636973
   1.147      0.639281
   1.151      0.641591
   1.155      0.643906
   1.159      0.646223
   1.163      0.648543
   1.167      0.650865
   1.171      0.653191
   1.175      0.655518
   1.179      0.657848
   1.183      0.660180
   1.187      0.662514
   1.192      0.664850
   1.196      0.667187
   1.200      0.669525
   1.204      0.671865
   1.208      0.674206
   1.212      0.676548
   1.216      0.678890
   1.220      0.681233
   1.224      0.683577
   1.228      0.685920
   1.232      0.688264
   1.236      0.690607
   1.240      0.692950
   1.244      0.695292
   1.248      0.697634
   1.253      0.699974
   1.257      0.702314
   1.261      0.704652
   1.265      0.706988
   1.269      0.709323
   1.273      0.711656
   1.277      0.713987
   1.281      0.716315
   1.285      0.718641
   1.289      0.720964
   1.293      0.723284
   1.297      0.725601
   1.301      0.727914
   1.305      0.730224
   1.309      0.732531
   1.314      0.734833
   1.318      0.737131
   1.322      0.739424
   1.326      0.741713
   1.330      0.743998
   1.334      0.746277
   1.338      0.748551
   1.342      0.750819
   1.346      0.753082
   1.350      0.755338
   1.354      0.757589
   1.358      0.759833
   1.362      0.762071
   1.366      0.764302
   1.370      0.766526
   1.375      0.768742
   1.379      0.770952
   1.383      0.773153
   1.387      0.775347
   1.391      0.777533
   1.395      0.779710
   1.399      0.781878
   1.403      0.784038
   1.407      0.786189
   1.411      0.788331
   1.415      0.790463
   1.419      0.792586
   1.423      0.794699
   1.427      0.796801
   1.431      0.798894
   1.436      0.800976
   1.440      0.803047
   1.444      0.805107
   1.448      0.807156
   1.452      0.809193
   1.456      0.811219
   1.460      0.813233
   1.464      0.815235
   1.468      0.817225
   1.472      0.819202
   1.476      0.821167
   1.480      0.823118
   1.484      0.825057
   1.488      0.826982
   1.492      0.828894
   1.497      0.830792
   1.501      0.832676
   1.505      0.834546
   1.509      0.836401
   1.513      0.838242
   1.517      0.840069
   1.521      0.841880
   1.525      0.843676
   1.529      0.845457
   1.533      0.847222
   1.537      0.848972
   1.541      0.850705
   1.545      0.852423
   1.549      0.854124
   1.553      0.855809
   1.558      0.857477
   1.562      0.859128
   1.566      0.860763
   1.570      0.862380
   1.574      0.863979
   1.578      0.865561
   1.582      0.867126
   1.586      0.868673
   1.590      0.870201
   1.594      0.871711
   1.598      0.873203
   1.602      0.874677
   1.606      0.876132
   1.610      0.877568
   1.614      0.878985
   1.619      0.880383
   1.623      0.881761
   1.627      0.883121
   1.631      0.884461
   1.635      0.885781
   1.639      0.887081
   1.643      0.888361
   1.647      0.889622
   1.651      0.890862
   1.655      0.892082
   1.659      0.893281
   1.663      0.894460
   1.667      0.895618
   1.671      0.896756
   1.675      0.897872
   1.680      0.898968
   1.684      0.900043
   1.688      0.901096
   1.692      0.902129
   1.696      0.903140
   1.700      0.904129
   1.704      0.905098
   1.708      0.906044
   1.712      0.906969
   1.716      0.907872
   1.720      0.908754
   1.724      0.909613
   1.728      0.910451
   1.732      0.911267
   1.736      0.912061
   1.741      0.912833
   1.745      0.913582
   1.749      0.914310
   1.753      0.915015
   1.757      0.915698
   1.761      0.916359
   1.765      0.916998
   1.769      0.917614
   1.773      0.918208
   1.777      0.918780
   1.781      0.919329
   1.785      0.919856
   1.789      0.920361
   1.793      0.920843
   1.797      0.921303
   1.802      0.921740
   1.806      0.922155
   1.810      0.922548
   1.814      0.922919
   1.818      0.923267
   1.822      0.923593
   1.826      0.923896
   1.830      0.924178
   1.834      0.924437
   1.838      0.924674
   1.842      0.924889
   1.846      0.925081
   1.850      0.925252
   1.854      0.925401
   1.858      0.925527
   1.863      0.925632
   1.867      0.925715
   1.871      0.925776
   1.875      0.925816
   1.879      0.925833
   1.883      0.925830
   1.887      0.925804
   1.891      0.925758
   1.895      0.925689
   1.899      0.925600
   1.903      0.925489
   1.907      0.925358
   1.911      0.925205
   1.915      0.925031
   1.919      0.924837
   1.924      0.924622
   1.928      0.924386
   1.932      0.924129
   1.936      0.923853
   1.940      0.923556
   1.944      0.923238
   1.948      0.922901
   1.952      0.922543
   1.956      0.922166
   1.960      0.921769
   1.964      0.921352
   1.968      0.920916
   1.972      0.920460
   1.976      0.919986
   1.980      0.919492
   1.985      0.918979
   1.989      0.918447
   1.993      0.917896
   1.997      0.917327
   2.001      0.916740
   2.005      0.916134
   2.009      0.915510
   2.013      0.914867
   2.017      0.914207
   2.021      0.913530
   2.025      0.912834
   2.029      0.912122
   2.033      0.911391
   2.037      0.910644
   2.041      0.909880
   2.046      0.909099
   2.050      0.908301
   2.054      0.907487
   2.058      0.906656
   2.062      0.905809
   2.066      0.904946
   2.070      0.904067
   2.074      0.903172
   2.078      0.902262
   2.082      0.901336
   2.086      0.900395
   2.090      0.899439
   2.094      0.898468
   2.098      0.897482
   2.102      0.896481
   2.107      0.895466
   2.111      0.894436
   2.115      0.893393
   2.119      0.892335
   2.123      0.891264
   2.127      0.890179
   2.131      0.889080
   2.135      0.887968
   2.139      0.886843
   2.143      0.885704
   2.147      0.884553
   2.151      0.883389
   2.155      0.882213
   2.159      0.881024
   2.163      0.879823
   2.168      0.878610
   2.172      0.877385
   2.176      0.876148
   2.180      0.874900
   2.184      0.873640
   2.188      0.872368
   2.192      0.871086
   2.196      0.869792
   2.200      0.868488
   2.204      0.867173
   2.208      0.865848
   2.212      0.864512
   2.216      0.863166
   2.220      0.861809
   2.224      0.860443
   2.229      0.859067
   2.233      0.857681
   2.237      0.856286
   2.241      0.854881
   2.245      0.853467
   2.249      0.852044
   2.253      0.850612
   2.257      0.849171
   2.261      0.847722
   2.265      0.846263
   2.269      0.844797
   2.273      0.843322
   2.277      0.841839
   2.281      0.840348
   2.285      0.838849
   2.290      0.837342
   2.294      0.835827
   2.298      0.834305
   2.302      0.832776
   2.306      0.831239
   2.310      0.829695
   2.314      0.828144
   2.318      0.826586
   2.322      0.825021
   2.326      0.823450
   2.330      0.821872
   2.334      0.820287
   2.338      0.818696
   2.342      0.817099
   2.346      0.815495
   2.351      0.813885
   2.355      0.812270
   2.359      0.810648
   2.363      0.809021
   2.367      0.807388
   2.371      0.805750
   2.375      0.804106
   2.379      0.802457
   2.383      0.800802
   2.387      0.799143
   2.391      0.797478
   2.395      0.795808
   2.399      0.794133
   2.403      0.792454
   2.407      0.790769
   2.412      0.789081
   2.416      0.787387
   2.420      0.785689
   2.424      0.783987
   2.428      0.782280
   2.432      0.780569
   2.436      0.778854
   2.440      0.777135
   2.444      0.775412
   2.448      0.773686
   2.452      0.771955
   2.456      0.770220
   2.460      0.768482
   2.464      0.766741
   2.468      0.764996
   2.473      0.763247
   2.477      0.761495
   2.481      0.759740
   2.485      0.757982
   2.489      0.756220
   2.493      0.754455
   2.497      0.752688
   2.501      0.750917
   2.505      0.749144
   2.509      0.747368
   2.513      0.745589
   2.517      0.743808
   2.521      0.742024
   2.525      0.740238
   2.529      0.738449
   2.534      0.736658
   2.538      0.734864
   2.542      0.733068
   2.546      0.731271
   2.550      0.729471
   2.554      0.727669
   2.558      0.725865
   2.562      0.724059
   2.566      0.722251
   2.570      0.720441
   2.574      0.718630
   2.578      0.716817
   2.582      0.715003
   2.586      0.713187
   2.590      0.711369
   2.595      0.709550
   2.599      0.707730
   2.603      0.705908
   2.607      0.704085
   2.611      0.702261
   2.615      0.700436
   2.619      0.698609
   2.623      0.696782
   2.627      0.694953
   2.631      0.693124
   2.635      0.691294
   2.639      0.689462
   2.643      0.687630
   2.647      0.685798
   2.651      0.683965
   2.656      0.682131
   2.660      0.680296
   2.664      0.678461
   2.668      0.676625
   2.672      0.674790
   2.676      0.672953
   2.680      0.671116
   2.684      0.669279
   2.688      0.667442
   2.692      0.665605
   2.696      0.663767
   2.700      0.661929
   2.704      0.660092
   2.708      0.658254
   2.712      0.656416
   2.717      0.654578
   2.721      0.652741
   2.725      0.650903
   2.729      0.649066
   2.733      0.647229
   2.737      0.645392
   2.741      0.643556
   2.745      0.641720
   2.749      0.639884
   2.753      0.638049
   2.757      0.636214
   2.761      0.634380
   2.765      0.632546
   2.769      0.630713
   2.773      0.628880
   2.778      0.627048
   2.782      0.625217
   2.786      0.623387
   2.790      0.621557
   2.794      0.619728
   2.798      0.617900
   2.802      0.616073
   2.806      0.614247
   2.810      0.612422
   2.814      0.610597
   2.818      0.608774
   2.822      0.606952
   2.826      0.605131
   2.830      0.603311
   2.834      0.601492
   2.839      0.599674
   2.843      0.597858
   2.847      0.596043
   2.851      0.594229
   2.855      0.592416
   2.859      0.590605
   2.863      0.588795
   2.867      0.586986
   2.871      0.585179
   2.875      0.583373
   2.879      0.581569
   2.883      0.579766
   2.887      0.577965
   2.891      0.576166
   2.895      0.574368
   2.900      0.572571
   2.904      0.570777
   2.908      0.568984
   2.912      0.567192
   2.916      0.565403
   2.920      0.563615
   2.924      0.561829
   2.928      0.560044
   2.932      0.558262
   2.936      0.556481
   2.940      0.554703
   2.944      0.552926
   2.948      0.551151
   2.952      0.549378
   2.956      0.547607
   2.961      0.545838
   2.965      0.544071
   2.969      0.542306
   2.973      0.540543
   2.977      0.538783
   2.981      0.537024
   2.985      0.535267
   2.989      0.533513
   2.993      0.531761
   2.997      0.530011
   3.001      0.528263
   3.005      0.526518
   3.009      0.524774
   3.013      0.523033
   3.017      0.521295
   3.022      0.519558
   3.026      0.517824
   3.030      0.516092
   3.034      0.514363
   3.038      0.512636
   3.042      0.510912
   3.046      0.509189
   3.050      0.507470
   3.054      0.505752
   3.058      0.504038
   3.062      0.502326
   3.066      0.500616
   3.070      0.498909
   3.074      0.497204
   3.078      0.495502
   3.083      0.493802
   3.087      0.492106
   3.091      0.490411
   3.095      0.488720
   3.099      0.487031
   3.103      0.485344
   3.107      0.483661
   3.111      0.481980
   3.115      0.480301
   3.119      0.478626
   3.123      0.476953
   3.127      0.475283
   3.131      0.473615
   3.135      0.471951
   3.139      0.470289
   3.144      0.468630
   3.148      0.466974
   3.152      0.465321
   3.156      0.463670
   3.160      0.462023
   3.164      0.460378
   3.168      0.458736
   3.172      0.457097
   3.176      0.455461
   3.180      0.453828
   3.184      0.452197
   3.188      0.450570
   3.192      0.448946
   3.196      0.447324
   3.200      0.445706
   3.205      0.444090
   3.209      0.442478
   3.213      0.440868
   3.217      0.439262
   3.221      0.437659
   3.225      0.436058
   3.229      0.434461
   3.233      0.432867
   3.237      0.431275
   3.241      0.429687
   3.245      0.428102
   3.249      0.426520
   3.253      0.424941
   3.257      0.423365
   3.261      0.421793
   3.266      0.420223
   3.270      0.418657
   3.274      0.417094
   3.278      0.415533
   3.282      0.413976
   3.286      0.412423
   3.290      0.410872
   3.294      0.409325
   3.298      0.407780
   3.302      0.406239
   3.306      0.404701
   3.310      0.403167
   3.314      0.401635
   3.318      0.400107
   3.322      0.398582
   3.327      0.397060
   3.331      0.395542
   3.335      0.394027
   3.339      0.392515
   3.343      0.391006
   3.347      0.389501
   3.351      0.387998
   3.355      0.386500
   3.359      0.385004
   3.363      0.383512
   3.367      0.382023
   3.371      0.380537
   3.375      0.379054
   3.379      0.377575
   3.383      0.376100
   3.388      0.374627
   3.392      0.373158
   3.396      0.371692
   3.400      0.370230
   3.404      0.368771
   3.408      0.367315
   3.412      0.365862
   3.416      0.364413
   3.420      0.362967
   3.424      0.361525
   3.428      0.360086
   3.432      0.358650
   3.436      0.357218
   3.440      0.355789
   3.444      0.354364
   3.449      0.352942
   3.453      0.351523
   3.457      0.350107
   3.461      0.348695
   3.465      0.347287
   3.469      0.345882
   3.473      0.344480
   3.477      0.343081
   3.481      0.341686
   3.485      0.340295
   3.489      0.338907
   3.493      0.337522
   3.497      0.336140
   3.501      0.334762
   3.505      0.333388
   3.510      0.332017
   3.514      0.330649
   3.518      0.329285
   3.522      0.327924
   3.526      0.326566
   3.530      0.325212
   3.534      0.323862
   3.538      0.322515
   3.542      0.321171
   3.546      0.319831
   3.550      0.318494
   3.554      0.317160
   3.558      0.315830
   3.562      0.314504
   3.566      0.313180
   3.571      0.311861
   3.575      0.310544
   3.579      0.309232
   3.583      0.307922
   3.587      0.306616
   3.591      0.305314
   3.595      0.304014
   3.599      0.302719
   3.603      0.301427
   3.607      0.300138
   3.611      0.298852
   3.615      0.297570
   3.619      0.296292
   3.623      0.295017
   3.627      0.293745
   3.632      0.292477
   3.636      0.291212
   3.640      0.289951
   3.644      0.288693
   3.648      0.287439
   3.652      0.286188
   3.656      0.284940
   3.660      0.283696
   3.664      0.282455
   3.668      0.281218
   3.672      0.279984
   3.676      0.278753
   3.680      0.277526
   3.684      0.276303
   3.688      0.275082
   3.693      0.273866
   3.697      0.272652
   3.701      0.271442
   3.705      0.270236
   3.709      0.269033
   3.713      0.267833
   3.717      0.266637
   3.721      0.265444
   3.725      0.264254
   3.729      0.263068
   3.733      0.261885
   3.737      0.260706
   3.741      0.259530
   3.745      0.258358
   3.749      0.257189
   3.754      0.256023
   3.758      0.254860
   3.762      0.253702
   3.766      0.252546
   3.770      0.251394
   3.774      0.250245
   3.778      0.249100
   3.782      0.247957
   3.786      0.246819
   3.790      0.245684
   3.794      0.244552
   3.798      0.243423
   3.802      0.242298
   3.806      0.241176
   3.810      0.240057
   3.815      0.238942
   3.819      0.237830
   3.823      0.236722
   3.827      0.235617
   3.831      0.234515
   3.835      0.233417
   3.839      0.232321
   3.843      0.231230
   3.847      0.230141
   3.851      0.229056
   3.855      0.227974
   3.859      0.226896
   3.863      0.225821
   3.867      0.224749
   3.871      0.223680
   3.876      0.222615
   3.880      0.221553
   3.884      0.220494
   3.888      0.219439
   3.892      0.218387
   3.896      0.217338
   3.900      0.216292
   3.904      0.215250
   3.908      0.214211
   3.912      0.213175
   3.916      0.212143
   3.920      0.211114
   3.924      0.210088
   3.928      0.209065
   3.932      0.208046
   3.937      0.207030
   3.941      0.206017
   3.945      0.205007
   3.949      0.204000
   3.953      0.202997
   3.957      0.201997
   3.961      0.201000
   3.965      0.200007
   3.969      0.199016
   3.973      0.198029
   3.977      0.197045
   3.981      0.196064
   3.985      0.195087
   3.989      0.194112
   3.993      0.193141
   3.998      0.192173
   4.002      0.191208
   4.006      0.190247
   4.010      0.189288
   4.014      0.188333
   4.018      0.187381
   4.022      0.186432
   4.026      0.185486
   4.030      0.184543
   4.034      0.183603
   4.038      0.182667
   4.042      0.181733
   4.046      0.180803
   4.050      0.179876
   4.054      0.178952
   4.059      0.178031
   4.063      0.177113
   4.067      0.176199
   4.071      0.175287
   4.075      0.174379
   4.079      0.173473
   4.083      0.172571
   4.087      0.171672
   4.091      0.170775
   4.095      0.169882
   4.099      0.168992
   4.103      0.168105
   4.107      0.167221
   4.111      0.166340
   4.115      0.165463
   4.120      0.164588
   4.124      0.163716
   4.128      0.162847
   4.132      0.161981
   4.136      0.161118
   4.140      0.160259
   4.144      0.159402
   4.148      0.158548
   4.152      0.157697
   4.156      0.156850
   4.160      0.156005
   4.164      0.155163
   4.168      0.154324
   4.172      0.153488
   4.176      0.152655
   4.181      0.151825
   4.185      0.150998
   4.189      0.150174
   4.193      0.149353
   4.197      0.148535
   4.201      0.147720
   4.205      0.146907
   4.209      0.146098
   4.213      0.145291
   4.217      0.144488
   4.221      0.143687
   4.225      0.142889
   4.229      0.142094
   4.233      0.141302
   4.237      0.140513
   4.242      0.139726
   4.246      0.138943
   4.250      0.138162
   4.254      0.137385
   4.258      0.136610
   4.262      0.135838
   4.266      0.135068
   4.270      0.134302
   4.274      0.133539
   4.278      0.132778
   4.282      0.132020
   4.286      0.131265
   4.290      0.130512
   4.294      0.129763
   4.298      0.129016
   4.303      0.128272
   4.307      0.127531
   4.311      0.126793
   4.315      0.126057
   4.319      0.125324
   4.323      0.124594
   4.327      0.123867
   4.331      0.123142
   4.335      0.122421
   4.339      0.121701
   4.343      0.120985
   4.347      0.120271
   4.351      0.119561
   4.355      0.118852
   4.359      0.118147
   4.364      0.117444
   4.368      0.116744
   4.372      0.116046
   4.376      0.115352
   4.380      0.114660
   4.384      0.113970
   4.388      0.113284
   4.392      0.112600
   4.396      0.111918
   4.400      0.111239
   4.404      0.110563
   4.408      0.109890
   4.412      0.109219
   4.416      0.108551
   4.420      0.107885
   4.425      0.107222
   4.429      0.106562
   4.433      0.105904
   4.437      0.105249
   4.441      0.104596
   4.445      0.103946
   4.449      0.103299
   4.453      0.102654
   4.457      0.102012
   4.461      0.101372
   4.465      0.100735
   4.469      0.100100
   4.473      0.099468
   4.477      0.098839
   4.481      0.098212
   4.486      0.097587
   4.490      0.096965
   4.494      0.096346
   4.498      0.095729
   4.502      0.095115
   4.506      0.094503
   4.510      0.093893
   4.514      0.093287
   4.518      0.092682
   4.522      0.092080
   4.526      0.091481
   4.530      0.090884
   4.534      0.090289
   4.538      0.089697
   4.542      0.089108
   4.547      0.088520
   4.551      0.087936
   4.555      0.087353
   4.559      0.086773
   4.563      0.086196
   4.567      0.085621
   4.571      0.085048
   4.575      0.084478
   4.579      0.083910
   4.583      0.083345
   4.587      0.082782
   4.591      0.082221
   4.595      0.081663
   4.599      0.081107
   4.603      0.080553
   4.608      0.080002
   4.612      0.079453
   4.616      0.078907
   4.620      0.078363
   4.624      0.077821
   4.628      0.077281
   4.632      0.076744
   4.636      0.076209
   4.640      0.075677
   4.644      0.075147
   4.648      0.074619
   4.652      0.074093
   4.656      0.073570
   4.660      0.073049
   4.664      0.072530
   4.669      0.072014
   4.673      0.071500
   4.677      0.070988
   4.681      0.070478
   4.685      0.069971
   4.689      0.069466
   4.693      0.068963
   4.697      0.068463
   4.701      0.067964
   4.705      0.067468
   4.709      0.066974
   4.713      0.066483
   4.717      0.065993
   4.721      0.065506
   4.725      0.065021
   4.730      0.064538
   4.734      0.064057
   4.738      0.063579
   4.742      0.063103
   4.746      0.062629
   4.750      0.062157
   4.754      0.061687
   4.758      0.061219
   4.762      0.060754
   4.766      0.060291
   4.770      0.059830
   4.774      0.059371
   4.778      0.058914
   4.782      0.058459
   4.786      0.058007
   4.791      0.057556
   4.795      0.057108
   4.799      0.056662
   4.803      0.056218
   4.807      0.055776
   4.811      0.055336
   4.815      0.054898
   4.819      0.054462
   4.823      0.054029
   4.827      0.053597
   4.831      0.053168
   4.835      0.052740
   4.839      0.052315
   4.843      0.051892
   4.847      0.051470
   4.852      0.051051
   4.856      0.050634
   4.860      0.050219
   4.864      0.049806
   4.868      0.049395
   4.872      0.048985
   4.876      0.048578
   4.880      0.048173
   4.884      0.047770
   4.888      0.047369
   4.892      0.046970
   4.896      0.046573
   4.900      0.046178
   4.904      0.045784
   4.908      0.045393
   4.913      0.045004
   4.917      0.044617
   4.921      0.044231
   4.925      0.043848
   4.929      0.043467
   4.933      0.043087
   4.937      0.042710
   4.941      0.042334
   4.945      0.041961
   4.949      0.041589
   4.953      0.041219
   4.957      0.040852
   4.961      0.040486
   4.965      0.040122
   4.969      0.039760
   4.974      0.039400
   4.978      0.039041
   4.982      0.038685
   4.986      0.038330
   4.990      0.037978
   4.994      0.037627
   4.998      0.037278
   5.002      0.036931
   5.006      0.036586
   5.010      0.036243
   5.014      0.035901
   5.018      0.035561
   5.022      0.035224
   5.026      0.034888
   5.030      0.034553
   5.035      0.034221
   5.039      0.033890
   5.043      0.033562
   5.047      0.033235
   5.051      0.032909
   5.055      0.032586
   5.059      0.032264
   5.063      0.031944
   5.067      0.031626
   5.071      0.031310
   5.075      0.030995
   5.079      0.030682
   5.083      0.030371
   5.087      0.030062
   5.091      0.029754
   5.096      0.029448
   5.100      0.029144
   5.104      0.028841
   5.108      0.028540
   5.112      0.028241
   5.116      0.027944
   5.120      0.027648
   5.124      0.027354
   5.128      0.027062
   5.132      0.026771
   5.136      0.026482
   5.140      0.026194
   5.144      0.025909
   5.148      0.025625
   5.152      0.025342
   5.157      0.025061
   5.161      0.024782
   5.165      0.024504
   5.169      0.024228
   5.173      0.023954
   5.177      0.023681
   5.181      0.023410
   5.185      0.023141
   5.189      0.022873
   5.193      0.022606
   5.197      0.022342
   5.201      0.022078
   5.205      0.021817
   5.209      0.021557
   5.213      0.021298
   5.218      0.021041
   5.222      0.020786
   5.226      0.020532
   5.230      0.020279
   5.234      0.020028
   5.238      0.019779
   5.242      0.019531
   5.246      0.019285
   5.250      0.019040
   5.254      0.018797
   5.258      0.018555
   5.262      0.018315
   5.266      0.018076
   5.270      0.017838
   5.274      0.017603
   5.279      0.017368
   5.283      0.017135
   5.287      0.016904
   5.291      0.016674
   5.295      0.016445
   5.299      0.016218
   5.303      0.015992
   5.307      0.015768
   5.311      0.015545
   5.315      0.015323
   5.319      0.015103
   5.323      0.014885
   5.327      0.014667
   5.331      0.014452
   5.335      0.014237
   5.340      0.014024
   5.344      0.013812
   5.348      0.013602
   5.352      0.013393
   5.356      0.013186
   5.360      0.012979
   5.364      0.012774
   5.368      0.012571
   5.372      0.012369
   5.376      0.012168
   5.380      0.011968
   5.384      0.011770
   5.388      0.011573
   5.392      0.011378
   5.396      0.011184
   5.401      0.010991
   5.405      0.010799
   5.409      0.010609
   5.413      0.010420
   5.417      0.010232
   5.421      0.010045
   5.425      0.009860
   5.429      0.009676
   5.433      0.009494
   5.437      0.009312
   5.441      0.009132
   5.445      0.008953
   5.449      0.008776
   5.453      0.008599
   5.457      0.008424
   5.462      0.008250
   5.466      0.008077
   5.470      0.007906
   5.474      0.007736
   5.478      0.007567
   5.482      0.007399
   5.486      0.007232
   5.490      0.007067
   5.494      0.006902
   5.498      0.006739
   5.502      0.006578
   5.506      0.006417
   5.510      0.006257
   5.514      0.006099
   5.518      0.005942
   5.523      0.005786
   5.527      0.005631
   5.531      0.005477
   5.535      0.005325
   5.539      0.005173
   5.543      0.005023
   5.547      0.004874
   5.551      0.004726
   5.555      0.004579
   5.559      0.004433
   5.563      0.004288
   5.567      0.004145
   5.571      0.004002
   5.575      0.003861
   5.579      0.003720
   5.584      0.003581
   5.588      0.003443
   5.592      0.003306
   5.596      0.003170
   5.600      0.003035
   5.604      0.002901
   5.608      0.002769
   5.612      0.002637
   5.616      0.002506
   5.620      0.002377
   5.624      0.002248
   5.628      0.002121
   5.632      0.001995
   5.636      0.001869
   5.640      0.001745
   5.645      0.001622
   5.649      0.001499
   5.653      0.001378
   5.657      0.001258
   5.661      0.001139
   5.665      0.001020
   5.669      0.000903
   5.673      0.000787
   5.677      0.000672
   5.681      0.000558
   5.685      0.000444
   5.689      0.000332
   5.693      0.000220
   5.697      0.000110
   5.701      0.000000
