   0.000      0.832416
   0.004      0.832416
   0.008      0.832415
   0.012      0.832414
   0.016      0.832412
   0.020      0.832409
   0.024      0.832406
   0.028      0.832403
   0.032      0.832399
   0.036      0.832395
   0.040      0.832389
   0.044      0.832384
   0.048      0.832378
   0.052      0.832371
   0.056      0.832364
   0.061      0.832356
   0.065      0.832348
   0.069      0.832339
   0.073      0.832329
   0.077      0.832319
   0.081      0.832309
   0.085      0.832298
   0.089      0.832286
   0.093      0.832274
   0.097      0.832261
   0.101      0.832248
   0.105      0.832234
   0.109      0.832219
   0.113      0.832204
   0.117      0.832188
   0.121      0.832172
   0.125      0.832155
   0.129      0.832137
   0.133      0.832119
   0.137      0.832101
   0.141      0.832081
   0.145      0.832061
   0.149      0.832040
   0.153      0.832019
   0.157      0.831997
   0.161      0.831974
   0.165      0.831951
   0.169      0.831927
   0.174      0.831903
   0.178      0.831877
   0.182      0.831851
   0.186      0.831825
   0.190      0.831797
   0.194      0.831769
   0.198      0.831740
   0.202      0.831710
   0.206      0.831680
   0.210      0.831649
   0.214      0.831617
   0.218      0.831585
   0.222      0.831551
   0.226      0.831517
   0.230      0.831482
   0.234      0.831446
   0.238      0.831409
   0.242      0.831372
   0.246      0.831334
   0.250      0.831294
   0.254      0.831254
   0.258      0.831213
   0.262      0.831172
   0.266      0.831129
   0.270      0.831085
   0.274      0.831040
   0.278      0.830995
   0.282      0.830948
   0.286      0.830901
   0.291      0.830852
   0.295      0.830803
   0.299      0.830752
   0.303      0.830701
   0.307      0.830648
   0.311      0.830594
   0.315      0.830539
   0.319      0.830483
   0.323      0.830426
   0.327      0.830368
   0.331      0.830309
   0.335      0.830248
   0.339      0.830186
   0.343      0.830123
   0.347      0.830059
   0.351      0.829993
   0.355      0.829926
   0.359      0.829858
   0.363      0.829789
   0.367      0.829718
   0.371      0.829646
   0.375      0.829572
   0.379      0.829497
   0.383      0.829420
   0.387      0.829342
   0.391      0.829263
   0.395      0.829182
   0.399      0.829099
   0.403      0.829015
   0.408      0.828929
   0.412      0.828842
   0.416      0.828752
   0.420      0.828662
   0.424      0.828569
   0.428      0.828475
   0.432      0.828378
   0.436      0.828281
   0.440      0.828181
   0.444      0.828079
   0.448      0.827975
   0.452      0.827870
   0.456      0.827762
   0.460      0.827653
   0.464      0.827541
   0.468      0.827427
   0.472      0.827311
   0.476      0.827193
   0.480      0.827073
   0.484      0.826950
   0.488      0.826825
   0.492      0.826698
   0.496      0.826569
   0.500      0.826437
   0.504      0.826302
   0.508      0.826165
   0.512      0.826026
   0.516      0.825884
   0.521      0.825739
   0.525      0.825592
   0.529      0.825442
   0.533      0.825289
   0.537      0.825133
   0.541      0.824974
   0.545      0.824813
   0.549      0.824648
   0.553      0.824481
   0.557      0.824310
   0.561      0.824137
   0.565      0.823960
   0.569      0.823780
   0.573      0.823597
   0.577      0.823410
   0.581      0.823220
   0.585      0.823026
   0.589      0.822829
   0.593      0.822629
   0.597      0.822425
   0.601      0.822217
   0.605      0.822005
   0.609      0.821790
   0.613      0.821571
   0.617      0.821348
   0.621      0.821121
   0.625      0.820890
   0.629      0.820655
   0.633      0.820415
   0.638      0.820172
   0.642      0.819924
   0.646      0.819672
   0.650      0.819416
   0.654      0.819155
   0.658      0.818890
   0.662      0.818620
   0.666      0.818345
   0.670      0.818066
   0.674      0.817782
   0.678      0.817493
   0.682      0.817199
   0.686      0.816900
   0.690      0.816596
   0.694      0.816287
   0.698      0.815973
   0.702      0.815654
   0.706      0.815330
   0.710      0.815000
   0.714      0.814664
   0.718      0.814324
   0.722      0.813977
   0.726      0.813625
   0.730      0.813268
   0.734      0.812905
   0.738      0.812536
   0.742      0.812161
   0.746      0.811780
   0.751      0.811393
   0.755      0.811000
   0.759      0.810601
   0.763      0.810196
   0.767      0.809785
   0.771      0.809367
   0.775      0.808943
   0.779      0.808513
   0.783      0.808076
   0.787      0.807633
   0.791      0.807183
   0.795      0.806727
   0.799      0.806264
   0.803      0.805794
   0.807      0.805317
   0.811      0.804834
   0.815      0.804344
   0.819      0.803847
   0.823      0.803343
   0.827      0.802832
   0.831      0.802314
   0.835      0.801789
   0.839      0.801257
   0.843      0.800717
   0.847      0.800171
   0.851      0.799617
   0.855      0.799056
   0.859      0.798488
   0.863      0.797912
   0.868      0.797329
   0.872      0.796739
   0.876      0.796141
   0.880      0.795536
   0.884      0.794923
   0.888      0.794303
   0.892      0.793676
   0.896      0.793041
   0.900      0.792398
   0.904      0.791748
   0.908      0.791090
   0.912      0.790425
   0.916      0.789753
   0.920      0.789072
   0.924      0.788384
   0.928      0.787689
   0.932      0.786986
   0.936      0.786275
   0.940      0.785557
   0.944      0.784832
   0.948      0.784098
   0.952      0.783358
   0.956      0.782609
   0.960      0.781853
   0.964      0.781090
   0.968      0.780319
   0.972      0.779541
   0.976      0.778755
   0.980      0.777962
   0.985      0.777162
   0.989      0.776354
   0.993      0.775539
   0.997      0.774716
   1.001      0.773886
   1.005      0.773049
   1.009      0.772205
   1.013      0.771354
   1.017      0.770495
   1.021      0.769629
   1.025      0.768757
   1.029      0.767877
   1.033      0.766990
   1.037      0.766097
   1.041      0.765196
   1.045      0.764289
   1.049      0.763375
   1.053      0.762454
   1.057      0.761527
   1.061      0.760593
   1.065      0.759652
   1.069      0.758705
   1.073      0.757752
   1.077      0.756792
   1.081      0.755826
   1.085      0.754854
   1.089      0.753875
   1.093      0.752891
   1.098      0.751900
   1.102      0.750903
   1.106      0.749901
   1.110      0.748892
   1.114      0.747878
   1.118      0.746858
   1.122      0.745833
   1.126      0.744802
   1.130      0.743765
   1.134      0.742723
   1.138      0.741676
   1.142      0.740623
   1.146      0.739565
   1.150      0.738502
   1.154      0.737434
   1.158      0.736361
   1.162      0.735283
   1.166      0.734201
   1.170      0.733113
   1.174      0.732021
   1.178      0.730925
   1.182      0.729823
   1.186      0.728718
   1.190      0.727608
   1.194      0.726493
   1.198      0.725375
   1.202      0.724252
   1.206      0.723126
   1.210      0.721995
   1.215      0.720861
   1.219      0.719722
   1.223      0.718580
   1.227      0.717435
   1.231      0.716286
   1.235      0.715133
   1.239      0.713977
   1.243      0.712817
   1.247      0.711654
   1.251      0.710488
   1.255      0.709319
   1.259      0.708147
   1.263      0.706972
   1.267      0.705794
   1.271      0.704613
   1.275      0.703430
   1.279      0.702243
   1.283      0.701055
   1.287      0.699863
   1.291      0.698670
   1.295      0.697474
   1.299      0.696275
   1.303      0.695075
   1.307      0.693872
   1.311      0.692667
   1.315      0.691460
   1.319      0.690251
   1.323      0.689041
   1.328      0.687828
   1.332      0.686614
   1.336      0.685398
   1.340      0.684181
   1.344      0.682962
   1.348      0.681742
   1.352      0.680520
   1.356      0.679297
   1.360      0.678073
   1.364      0.676847
   1.368      0.675620
   1.372      0.674393
   1.376      0.673164
   1.380      0.671934
   1.384      0.670704
   1.388      0.669473
   1.392      0.668241
   1.396      0.667008
   1.400      0.665775
   1.404      0.664541
   1.408      0.663306
   1.412      0.662072
   1.416      0.660836
   1.420      0.659601
   1.424      0.658365
   1.428      0.657129
   1.432      0.655893
   1.436      0.654657
   1.440      0.653420
   1.445      0.652184
   1.449      0.650948
   1.453      0.649712
   1.457      0.648476
   1.461      0.647240
   1.465      0.646004
   1.469      0.644769
   1.473      0.643534
   1.477      0.642300
   1.481      0.641066
   1.485      0.639832
   1.489      0.638600
   1.493      0.637367
   1.497      0.636136
   1.501      0.634905
   1.505      0.633675
   1.509      0.632445
   1.513      0.631217
   1.517      0.629989
   1.521      0.628762
   1.525      0.627537
   1.529      0.626312
   1.533      0.625088
   1.537      0.623865
   1.541      0.622644
   1.545      0.621423
   1.549      0.620204
   1.553      0.618986
   1.558      0.617770
   1.562      0.616554
   1.566      0.615341
   1.570      0.614128
   1.574      0.612917
   1.578      0.611707
   1.582      0.610499
   1.586      0.609292
   1.590      0.608087
   1.594      0.606884
   1.598      0.605682
   1.602      0.604482
   1.606      0.603283
   1.610      0.602086
   1.614      0.600891
   1.618      0.599698
   1.622      0.598506
   1.626      0.597317
   1.630      0.596129
   1.634      0.594943
   1.638      0.593759
   1.642      0.592577
   1.646      0.591397
   1.650      0.590219
   1.654      0.589043
   1.658      0.587869
   1.662      0.586697
   1.666      0.585527
   1.670      0.584360
   1.675      0.583194
   1.679      0.582031
   1.683      0.580870
   1.687      0.579711
   1.691      0.578554
   1.695      0.577400
   1.699      0.576247
   1.703      0.575098
   1.707      0.573950
   1.711      0.572805
   1.715      0.571662
   1.719      0.570521
   1.723      0.569383
   1.727      0.568247
   1.731      0.567114
   1.735      0.565983
   1.739      0.564855
   1.743      0.563729
   1.747      0.562605
   1.751      0.561484
   1.755      0.560365
   1.759      0.559249
   1.763      0.558136
   1.767      0.557025
   1.771      0.555917
   1.775      0.554811
   1.779      0.553708
   1.783      0.552607
   1.787      0.551509
   1.792      0.550414
   1.796      0.549321
   1.800      0.548231
   1.804      0.547144
   1.808      0.546059
   1.812      0.544977
   1.816      0.543898
   1.820      0.542821
   1.824      0.541747
   1.828      0.540676
   1.832      0.539608
   1.836      0.538542
   1.840      0.537479
   1.844      0.536418
   1.848      0.535361
   1.852      0.534306
   1.856      0.533254
   1.860      0.532205
   1.864      0.531158
   1.868      0.530114
   1.872      0.529073
   1.876      0.528035
   1.880      0.527000
   1.884      0.525967
   1.888      0.524938
   1.892      0.523911
   1.896      0.522887
   1.900      0.521865
   1.905      0.520847
   1.909      0.519831
   1.913      0.518818
   1.917      0.517808
   1.921      0.516801
   1.925      0.515796
   1.929      0.514795
   1.933      0.513796
   1.937      0.512800
   1.941      0.511807
   1.945      0.510817
   1.949      0.509830
   1.953      0.508845
   1.957      0.507863
   1.961      0.506884
   1.965      0.505908
   1.969      0.504935
   1.973      0.503965
   1.977      0.502997
   1.981      0.502033
   1.985      0.501071
   1.989      0.500112
   1.993      0.499156
   1.997      0.498202
   2.001      0.497252
   2.005      0.496304
   2.009      0.495359
   2.013      0.494417
   2.017      0.493478
   2.022      0.492541
   2.026      0.491608
   2.030      0.490677
   2.034      0.489749
   2.038      0.488824
   2.042      0.487902
   2.046      0.486982
   2.050      0.486065
   2.054      0.485151
   2.058      0.484240
   2.062      0.483332
   2.066      0.482426
   2.070      0.481523
   2.074      0.480623
   2.078      0.479726
   2.082      0.478831
   2.086      0.477940
   2.090      0.477051
   2.094      0.476164
   2.098      0.475281
   2.102      0.474400
   2.106      0.473522
   2.110      0.472647
   2.114      0.471774
   2.118      0.470904
   2.122      0.470037
   2.126      0.469173
   2.130      0.468311
   2.135      0.467452
   2.139      0.466596
   2.143      0.465742
   2.147      0.464891
   2.151      0.464043
   2.155      0.463197
   2.159      0.462355
   2.163      0.461514
   2.167      0.460677
   2.171      0.459842
   2.175      0.459009
   2.179      0.458180
   2.183      0.457353
   2.187      0.456528
   2.191      0.455706
   2.195      0.454887
   2.199      0.454070
   2.203      0.453256
   2.207      0.452445
   2.211      0.451636
   2.215      0.450830
   2.219      0.450026
   2.223      0.449225
   2.227      0.448426
   2.231      0.447630
   2.235      0.446836
   2.239      0.446045
   2.243      0.445257
   2.247      0.444471
   2.252      0.443687
   2.256      0.442906
   2.260      0.442128
   2.264      0.441352
   2.268      0.440578
   2.272      0.439807
   2.276      0.439038
   2.280      0.438272
   2.284      0.437509
   2.288      0.436747
   2.292      0.435988
   2.296      0.435232
   2.300      0.434478
   2.304      0.433726
   2.308      0.432977
   2.312      0.432230
   2.316      0.431486
   2.320      0.430744
   2.324      0.430004
   2.328      0.429267
   2.332      0.428532
   2.336      0.427799
   2.340      0.427069
   2.344      0.426341
   2.348      0.425615
   2.352      0.424892
   2.356      0.424171
   2.360      0.423452
   2.364      0.422735
   2.369      0.422021
   2.373      0.421309
   2.377      0.420599
   2.381      0.419892
   2.385      0.419187
   2.389      0.418484
   2.393      0.417783
   2.397      0.417085
   2.401      0.416388
   2.405      0.415694
   2.409      0.415003
   2.413      0.414313
   2.417      0.413625
   2.421      0.412940
   2.425      0.412257
   2.429      0.411576
   2.433      0.410897
   2.437      0.410220
   2.441      0.409546
   2.445      0.408873
   2.449      0.408203
   2.453      0.407535
   2.457      0.406869
   2.461      0.406204
   2.465      0.405543
   2.469      0.404883
   2.473      0.404225
   2.477      0.403569
   2.482      0.402915
   2.486      0.402264
   2.490      0.401614
   2.494      0.400967
   2.498      0.400321
   2.502      0.399677
   2.506      0.399036
   2.510      0.398396
   2.514      0.397759
   2.518      0.397123
   2.522      0.396490
   2.526      0.395858
   2.530      0.395228
   2.534      0.394600
   2.538      0.393975
   2.542      0.393351
   2.546      0.392729
   2.550      0.392109
   2.554      0.391491
   2.558      0.390875
   2.562      0.390260
   2.566      0.389648
   2.570      0.389037
   2.574      0.388429
   2.578      0.387822
   2.582      0.387217
   2.586      0.386614
   2.590      0.386012
   2.594      0.385413
   2.599      0.384815
   2.603      0.384220
   2.607      0.383626
   2.611      0.383034
   2.615      0.382443
   2.619      0.381855
   2.623      0.381268
   2.627      0.380683
   2.631      0.380100
   2.635      0.379518
   2.639      0.378938
   2.643      0.378360
   2.647      0.377784
   2.651      0.377210
   2.655      0.376637
   2.659      0.376066
   2.663      0.375497
   2.667      0.374929
   2.671      0.374363
   2.675      0.373799
   2.679      0.373236
   2.683      0.372675
   2.687      0.372116
   2.691      0.371558
   2.695      0.371002
   2.699      0.370448
   2.703      0.369896
   2.707      0.369345
   2.712      0.368795
   2.716      0.368247
   2.720      0.367701
   2.724      0.367157
   2.728      0.366614
   2.732      0.366072
   2.736      0.365533
   2.740      0.364995
   2.744      0.364458
   2.748      0.363923
   2.752      0.363389
   2.756      0.362858
   2.760      0.362327
   2.764      0.361798
   2.768      0.361271
   2.772      0.360745
   2.776      0.360221
   2.780      0.359698
   2.784      0.359177
   2.788      0.358657
   2.792      0.358139
   2.796      0.357623
   2.800      0.357107
   2.804      0.356594
   2.808      0.356081
   2.812      0.355570
   2.816      0.355061
   2.820      0.354553
   2.824      0.354047
   2.829      0.353542
   2.833      0.353038
   2.837      0.352536
   2.841      0.352035
   2.845      0.351536
   2.849      0.351038
   2.853      0.350542
   2.857      0.350046
   2.861      0.349553
   2.865      0.349060
   2.869      0.348570
   2.873      0.348080
   2.877      0.347592
   2.881      0.347105
   2.885      0.346620
   2.889      0.346135
   2.893      0.345653
   2.897      0.345171
   2.901      0.344691
   2.905      0.344212
   2.909      0.343735
   2.913      0.343259
   2.917      0.342784
   2.921      0.342311
   2.925      0.341839
   2.929      0.341368
   2.933      0.340898
   2.937      0.340430
   2.941      0.339963
   2.946      0.339497
   2.950      0.339033
   2.954      0.338570
   2.958      0.338108
   2.962      0.337647
   2.966      0.337188
   2.970      0.336730
   2.974      0.336273
   2.978      0.335817
   2.982      0.335363
   2.986      0.334909
   2.990      0.334458
   2.994      0.334007
   2.998      0.333557
   3.002      0.333109
   3.006      0.332662
   3.010      0.332216
   3.014      0.331771
   3.018      0.331328
   3.022      0.330885
   3.026      0.330444
   3.030      0.330004
   3.034      0.329565
   3.038      0.329128
   3.042      0.328691
   3.046      0.328256
   3.050      0.327821
   3.054      0.327388
   3.059      0.326956
   3.063      0.326526
   3.067      0.326096
   3.071      0.325668
   3.075      0.325240
   3.079      0.324814
   3.083      0.324389
   3.087      0.323965
   3.091      0.323542
   3.095      0.323120
   3.099      0.322699
   3.103      0.322280
   3.107      0.321861
   3.111      0.321444
   3.115      0.321027
   3.119      0.320612
   3.123      0.320198
   3.127      0.319785
   3.131      0.319372
   3.135      0.318961
   3.139      0.318551
   3.143      0.318143
   3.147      0.317735
   3.151      0.317328
   3.155      0.316922
   3.159      0.316517
   3.163      0.316114
   3.167      0.315711
   3.171      0.315309
   3.176      0.314909
   3.180      0.314509
   3.184      0.314110
   3.188      0.313713
   3.192      0.313316
   3.196      0.312920
   3.200      0.312526
   3.204      0.312132
   3.208      0.311740
   3.212      0.311348
   3.216      0.310957
   3.220      0.310568
   3.224      0.310179
   3.228      0.309791
