   0.000      1.297656
   0.004      1.297655
   0.008      1.297655
   0.012      1.297655
   0.016      1.297655
   0.020      1.297655
   0.024      1.297655
   0.028      1.297655
   0.032      1.297655
   0.036      1.297655
   0.040      1.297655
   0.044      1.297655
   0.048      1.297655
   0.052      1.297655
   0.056      1.297654
   0.061      1.297654
   0.065      1.297653
   0.069      1.297653
   0.073      1.297651
   0.077      1.297650
   0.081      1.297648
   0.085      1.297646
   0.089      1.297643
   0.093      1.297640
   0.097      1.297636
   0.101      1.297631
   0.105      1.297624
   0.109      1.297617
   0.113      1.297607
   0.117      1.297597
   0.121      1.297584
   0.125      1.297569
   0.129      1.297551
   0.133      1.297531
   0.137      1.297507
   0.141      1.297480
   0.145      1.297449
   0.149      1.297414
   0.153      1.297374
   0.157      1.297329
   0.161      1.297278
   0.165      1.297220
   0.169      1.297156
   0.174      1.297085
   0.178      1.297005
   0.182      1.296916
   0.186      1.296818
   0.190      1.296710
   0.194      1.296591
   0.198      1.296461
   0.202      1.296318
   0.206      1.296161
   0.210      1.295991
   0.214      1.295805
   0.218      1.295604
   0.222      1.295386
   0.226      1.295149
   0.230      1.294894
   0.234      1.294620
   0.238      1.294324
   0.242      1.294007
   0.246      1.293666
   0.250      1.293302
   0.254      1.292913
   0.258      1.292497
   0.262      1.292055
   0.266      1.291584
   0.270      1.291084
   0.274      1.290553
   0.278      1.289991
   0.282      1.289396
   0.286      1.288768
   0.291      1.288104
   0.295      1.287405
   0.299      1.286669
   0.303      1.285895
   0.307      1.285082
   0.311      1.284229
   0.315      1.283336
   0.319      1.282400
   0.323      1.281422
   0.327      1.280400
   0.331      1.279334
   0.335      1.278223
   0.339      1.277065
   0.343      1.275861
   0.347      1.274609
   0.351      1.273309
   0.355      1.271961
   0.359      1.270563
   0.363      1.269116
   0.367      1.267619
   0.371      1.266071
   0.375      1.264472
   0.379      1.262821
   0.383      1.261120
   0.387      1.259367
   0.391      1.257562
   0.395      1.255705
   0.399      1.253797
   0.403      1.251837
   0.408      1.249825
   0.412      1.247762
   0.416      1.245648
   0.420      1.243483
   0.424      1.241268
   0.428      1.239003
   0.432      1.236688
   0.436      1.234324
   0.440      1.231911
   0.444      1.229451
   0.448      1.226944
   0.452      1.224391
   0.456      1.221792
   0.460      1.219149
   0.464      1.216462
   0.468      1.213733
   0.472      1.210962
   0.476      1.208150
   0.480      1.205299
   0.484      1.202410
   0.488      1.199484
   0.492      1.196523
   0.496      1.193526
   0.500      1.190497
   0.504      1.187436
   0.508      1.184344
   0.512      1.181224
   0.516      1.178075
   0.521      1.174901
   0.525      1.171702
   0.529      1.168480
   0.533      1.165236
   0.537      1.161972
   0.541      1.158690
   0.545      1.155390
   0.549      1.152075
   0.553      1.148746
   0.557      1.145404
   0.561      1.142052
   0.565      1.138690
   0.569      1.135320
   0.573      1.131944
   0.577      1.128563
   0.581      1.125179
   0.585      1.121793
   0.589      1.118407
   0.593      1.115022
   0.597      1.111639
   0.601      1.108260
   0.605      1.104886
   0.609      1.101519
   0.613      1.098160
   0.617      1.094809
   0.621      1.091469
   0.625      1.088141
   0.629      1.084825
   0.633      1.081523
   0.638      1.078236
   0.642      1.074965
   0.646      1.071710
   0.650      1.068474
   0.654      1.065256
   0.658      1.062058
   0.662      1.058881
   0.666      1.055724
   0.670      1.052590
   0.674      1.049478
   0.678      1.046389
   0.682      1.043325
   0.686      1.040285
   0.690      1.037269
   0.694      1.034279
   0.698      1.031315
   0.702      1.028377
   0.706      1.025465
   0.710      1.022580
   0.714      1.019722
   0.718      1.016891
   0.722      1.014087
   0.726      1.011311
   0.730      1.008562
   0.734      1.005840
   0.738      1.003146
   0.742      1.000479
   0.746      0.997840
   0.751      0.995227
   0.755      0.992642
   0.759      0.990083
   0.763      0.987551
   0.767      0.985045
   0.771      0.982565
   0.775      0.980111
   0.779      0.977683
   0.783      0.975279
   0.787      0.972900
   0.791      0.970545
   0.795      0.968214
   0.799      0.965907
   0.803      0.963622
   0.807      0.961360
   0.811      0.959120
   0.815      0.956901
   0.819      0.954703
   0.823      0.952526
   0.827      0.950369
   0.831      0.948231
   0.835      0.946112
   0.839      0.944011
   0.843      0.941928
   0.847      0.939862
   0.851      0.937813
   0.855      0.935779
   0.859      0.933762
   0.863      0.931759
   0.868      0.929771
   0.872      0.927796
   0.876      0.925835
   0.880      0.923887
   0.884      0.921951
   0.888      0.920026
   0.892      0.918113
   0.896      0.916210
   0.900      0.914318
   0.904      0.912435
   0.908      0.910561
   0.912      0.908696
   0.916      0.906840
   0.920      0.904991
   0.924      0.903149
   0.928      0.901314
   0.932      0.899486
   0.936      0.897663
   0.940      0.895847
   0.944      0.894035
   0.948      0.892229
   0.952      0.890427
   0.956      0.888629
   0.960      0.886835
   0.964      0.885044
   0.968      0.883256
   0.972      0.881472
   0.976      0.879690
   0.980      0.877910
   0.985      0.876132
   0.989      0.874356
   0.993      0.872582
   0.997      0.870809
   1.001      0.869037
   1.005      0.867266
   1.009      0.865496
   1.013      0.863726
   1.017      0.861956
   1.021      0.860187
   1.025      0.858418
   1.029      0.856649
   1.033      0.854880
   1.037      0.853110
   1.041      0.851340
   1.045      0.849569
   1.049      0.847798
   1.053      0.846026
   1.057      0.844253
   1.061      0.842480
   1.065      0.840705
   1.069      0.838930
   1.073      0.837154
   1.077      0.835377
   1.081      0.833599
   1.085      0.831820
   1.089      0.830040
   1.093      0.828259
   1.098      0.826477
   1.102      0.824694
   1.106      0.822910
   1.110      0.821125
   1.114      0.819339
   1.118      0.817553
   1.122      0.815765
   1.126      0.813977
   1.130      0.812188
   1.134      0.810399
   1.138      0.808609
   1.142      0.806818
   1.146      0.805027
   1.150      0.803235
   1.154      0.801443
   1.158      0.799651
   1.162      0.797858
   1.166      0.796065
   1.170      0.794273
   1.174      0.792480
   1.178      0.790687
   1.182      0.788895
   1.186      0.787103
   1.190      0.785311
   1.194      0.783520
   1.198      0.781729
   1.202      0.779939
   1.206      0.778149
   1.210      0.776360
   1.215      0.774573
   1.219      0.772786
   1.223      0.771000
   1.227      0.769215
   1.231      0.767432
   1.235      0.765650
   1.239      0.763869
   1.243      0.762090
   1.247      0.760313
   1.251      0.758537
   1.255      0.756763
   1.259      0.754991
   1.263      0.753221
   1.267      0.751453
   1.271      0.749687
   1.275      0.747923
   1.279      0.746161
   1.283      0.744402
   1.287      0.742646
   1.291      0.740891
   1.295      0.739140
   1.299      0.737391
   1.303      0.735645
   1.307      0.733902
   1.311      0.732161
   1.315      0.730424
   1.319      0.728689
   1.323      0.726958
   1.328      0.725230
   1.332      0.723505
   1.336      0.721784
   1.340      0.720066
   1.344      0.718351
   1.348      0.716640
   1.352      0.714932
   1.356      0.713228
   1.360      0.711527
   1.364      0.709831
   1.368      0.708138
   1.372      0.706449
   1.376      0.704763
   1.380      0.703082
   1.384      0.701404
   1.388      0.699731
   1.392      0.698062
   1.396      0.696397
   1.400      0.694735
   1.404      0.693078
   1.408      0.691426
   1.412      0.689777
   1.416      0.688133
   1.420      0.686493
   1.424      0.684858
   1.428      0.683227
   1.432      0.681600
   1.436      0.679978
   1.440      0.678360
   1.445      0.676747
   1.449      0.675138
   1.453      0.673534
   1.457      0.671935
   1.461      0.670340
   1.465      0.668749
   1.469      0.667164
   1.473      0.665583
   1.477      0.664007
   1.481      0.662435
   1.485      0.660868
   1.489      0.659306
   1.493      0.657749
   1.497      0.656197
   1.501      0.654649
   1.505      0.653106
   1.509      0.651568
   1.513      0.650035
   1.517      0.648506
   1.521      0.646983
   1.525      0.645464
   1.529      0.643950
   1.533      0.642442
   1.537      0.640937
   1.541      0.639438
   1.545      0.637944
   1.549      0.636455
   1.553      0.634970
   1.558      0.633491
   1.562      0.632016
   1.566      0.630547
   1.570      0.629082
   1.574      0.627622
   1.578      0.626167
   1.582      0.624717
   1.586      0.623272
   1.590      0.621832
   1.594      0.620397
   1.598      0.618966
   1.602      0.617541
   1.606      0.616120
   1.610      0.614705
   1.614      0.613294
   1.618      0.611888
   1.622      0.610488
   1.626      0.609092
   1.630      0.607700
   1.634      0.606314
   1.638      0.604933
   1.642      0.603556
   1.646      0.602185
   1.650      0.600818
   1.654      0.599456
   1.658      0.598099
   1.662      0.596747
   1.666      0.595399
   1.670      0.594057
   1.675      0.592719
   1.679      0.591386
   1.683      0.590058
   1.687      0.588734
   1.691      0.587416
   1.695      0.586102
   1.699      0.584793
   1.703      0.583488
   1.707      0.582188
   1.711      0.580893
   1.715      0.579603
   1.719      0.578318
   1.723      0.577037
   1.727      0.575760
   1.731      0.574489
   1.735      0.573222
   1.739      0.571959
   1.743      0.570702
   1.747      0.569448
   1.751      0.568200
   1.755      0.566956
   1.759      0.565717
   1.763      0.564482
   1.767      0.563251
   1.771      0.562026
   1.775      0.560804
   1.779      0.559587
   1.783      0.558375
   1.787      0.557167
   1.792      0.555964
   1.796      0.554765
   1.800      0.553570
   1.804      0.552380
   1.808      0.551194
   1.812      0.550013
   1.816      0.548836
   1.820      0.547663
   1.824      0.546495
   1.828      0.545331
   1.832      0.544171
   1.836      0.543016
   1.840      0.541865
   1.844      0.540718
   1.848      0.539575
   1.852      0.538437
   1.856      0.537303
   1.860      0.536173
   1.864      0.535047
   1.868      0.533925
   1.872      0.532808
   1.876      0.531695
   1.880      0.530585
   1.884      0.529480
   1.888      0.528379
   1.892      0.527282
   1.896      0.526189
   1.900      0.525100
   1.905      0.524016
   1.909      0.522935
   1.913      0.521858
   1.917      0.520785
   1.921      0.519716
   1.925      0.518651
   1.929      0.517590
   1.933      0.516533
   1.937      0.515480
   1.941      0.514431
   1.945      0.513385
   1.949      0.512344
   1.953      0.511306
   1.957      0.510272
   1.961      0.509242
   1.965      0.508215
   1.969      0.507193
   1.973      0.506174
   1.977      0.505159
   1.981      0.504148
   1.985      0.503140
   1.989      0.502136
   1.993      0.501136
   1.997      0.500139
   2.001      0.499147
   2.005      0.498157
   2.009      0.497172
   2.013      0.496190
   2.017      0.495211
   2.022      0.494236
   2.026      0.493265
   2.030      0.492297
   2.034      0.491333
   2.038      0.490372
   2.042      0.489415
   2.046      0.488461
   2.050      0.487511
   2.054      0.486564
   2.058      0.485621
   2.062      0.484681
   2.066      0.483744
   2.070      0.482811
   2.074      0.481881
   2.078      0.480955
   2.082      0.480032
   2.086      0.479112
   2.090      0.478196
   2.094      0.477283
   2.098      0.476373
   2.102      0.475466
   2.106      0.474563
   2.110      0.473663
   2.114      0.472766
   2.118      0.471873
   2.122      0.470982
   2.126      0.470095
   2.130      0.469211
   2.135      0.468330
   2.139      0.467453
   2.143      0.466578
   2.147      0.465707
   2.151      0.464838
   2.155      0.463973
   2.159      0.463111
   2.163      0.462252
   2.167      0.461396
   2.171      0.460543
   2.175      0.459693
   2.179      0.458846
   2.183      0.458002
   2.187      0.457161
   2.191      0.456323
   2.195      0.455488
   2.199      0.454656
   2.203      0.453826
   2.207      0.453000
   2.211      0.452177
   2.215      0.451356
   2.219      0.450539
   2.223      0.449724
   2.227      0.448912
   2.231      0.448103
   2.235      0.447297
   2.239      0.446493
   2.243      0.445693
   2.247      0.444895
   2.252      0.444100
   2.256      0.443308
   2.260      0.442518
   2.264      0.441731
   2.268      0.440947
   2.272      0.440166
   2.276      0.439387
   2.280      0.438611
   2.284      0.437838
   2.288      0.437067
   2.292      0.436299
   2.296      0.435534
   2.300      0.434771
   2.304      0.434011
   2.308      0.433253
   2.312      0.432499
   2.316      0.431746
   2.320      0.430996
   2.324      0.430249
   2.328      0.429504
   2.332      0.428762
   2.336      0.428023
   2.340      0.427286
   2.344      0.426551
   2.348      0.425819
   2.352      0.425089
   2.356      0.424362
   2.360      0.423637
   2.364      0.422915
   2.369      0.422195
   2.373      0.421477
   2.377      0.420762
   2.381      0.420050
   2.385      0.419339
   2.389      0.418632
   2.393      0.417926
   2.397      0.417223
   2.401      0.416522
   2.405      0.415823
   2.409      0.415127
   2.413      0.414433
   2.417      0.413742
   2.421      0.413052
   2.425      0.412365
   2.429      0.411681
   2.433      0.410998
   2.437      0.410318
   2.441      0.409640
   2.445      0.408964
   2.449      0.408290
   2.453      0.407619
   2.457      0.406950
   2.461      0.406283
   2.465      0.405618
   2.469      0.404955
   2.473      0.404295
   2.477      0.403636
   2.482      0.402980
   2.486      0.402326
   2.490      0.401674
   2.494      0.401024
   2.498      0.400376
   2.502      0.399730
   2.506      0.399087
   2.510      0.398445
   2.514      0.397806
   2.518      0.397168
   2.522      0.396533
   2.526      0.395899
   2.530      0.395268
   2.534      0.394638
   2.538      0.394011
   2.542      0.393386
   2.546      0.392762
   2.550      0.392141
   2.554      0.391521
   2.558      0.390904
   2.562      0.390288
   2.566      0.389674
   2.570      0.389063
   2.574      0.388453
   2.578      0.387845
   2.582      0.387239
   2.586      0.386635
   2.590      0.386033
   2.594      0.385432
   2.599      0.384834
   2.603      0.384237
   2.607      0.383642
   2.611      0.383049
   2.615      0.382458
   2.619      0.381869
   2.623      0.381281
   2.627      0.380696
   2.631      0.380112
   2.635      0.379530
   2.639      0.378949
   2.643      0.378371
   2.647      0.377794
   2.651      0.377219
   2.655      0.376646
   2.659      0.376074
   2.663      0.375504
   2.667      0.374936
   2.671      0.374370
   2.675      0.373805
   2.679      0.373242
   2.683      0.372681
   2.687      0.372121
   2.691      0.371564
   2.695      0.371007
   2.699      0.370453
   2.703      0.369900
   2.707      0.369349
   2.712      0.368799
   2.716      0.368251
   2.720      0.367705
   2.724      0.367160
   2.728      0.366617
   2.732      0.366075
   2.736      0.365535
   2.740      0.364997
   2.744      0.364460
   2.748      0.363925
   2.752      0.363391
   2.756      0.362859
   2.760      0.362329
   2.764      0.361800
   2.768      0.361272
   2.772      0.360747
   2.776      0.360222
   2.780      0.359699
   2.784      0.359178
   2.788      0.358658
   2.792      0.358140
   2.796      0.357623
   2.800      0.357108
   2.804      0.356594
   2.808      0.356082
   2.812      0.355571
   2.816      0.355061
   2.820      0.354554
   2.824      0.354047
   2.829      0.353542
   2.833      0.353038
   2.837      0.352536
   2.841      0.352035
   2.845      0.351536
   2.849      0.351038
   2.853      0.350542
   2.857      0.350046
   2.861      0.349553
   2.865      0.349060
   2.869      0.348570
   2.873      0.348080
   2.877      0.347592
   2.881      0.347105
   2.885      0.346619
   2.889      0.346135
   2.893      0.345653
   2.897      0.345171
   2.901      0.344691
   2.905      0.344212
   2.909      0.343735
   2.913      0.343259
   2.917      0.342784
   2.921      0.342311
   2.925      0.341839
   2.929      0.341368
   2.933      0.340898
   2.937      0.340430
   2.941      0.339963
   2.946      0.339497
   2.950      0.339033
   2.954      0.338570
   2.958      0.338108
   2.962      0.337647
   2.966      0.337188
   2.970      0.336730
   2.974      0.336273
   2.978      0.335817
   2.982      0.335363
   2.986      0.334909
   2.990      0.334457
   2.994      0.334007
   2.998      0.333557
   3.002      0.333109
   3.006      0.332662
   3.010      0.332216
   3.014      0.331771
   3.018      0.331327
   3.022      0.330885
   3.026      0.330444
   3.030      0.330004
   3.034      0.329565
   3.038      0.329127
   3.042      0.328691
   3.046      0.328256
   3.050      0.327821
   3.054      0.327388
   3.059      0.326956
   3.063      0.326526
   3.067      0.326096
   3.071      0.325667
   3.075      0.325240
   3.079      0.324814
   3.083      0.324389
   3.087      0.323965
   3.091      0.323542
   3.095      0.323120
   3.099      0.322699
   3.103      0.322279
   3.107      0.321861
   3.111      0.321443
   3.115      0.321027
   3.119      0.320612
   3.123      0.320198
   3.127      0.319784
   3.131      0.319372
   3.135      0.318961
   3.139      0.318551
   3.143      0.318142
   3.147      0.317735
   3.151      0.317328
   3.155      0.316922
   3.159      0.316517
   3.163      0.316113
   3.167      0.315711
   3.171      0.315309
   3.176      0.314908
   3.180      0.314509
   3.184      0.314110
   3.188      0.313713
   3.192      0.313316
   3.196      0.312920
   3.200      0.312526
   3.204      0.312132
   3.208      0.311740
   3.212      0.311348
   3.216      0.310957
   3.220      0.310568
   3.224      0.310179
   3.228      0.309791
