   0.000      0.876499
   0.004      0.876499
   0.007      0.876499
   0.011      0.876499
   0.015      0.876499
   0.018      0.876499
   0.022      0.876499
   0.025      0.876499
   0.029      0.876499
   0.033      0.876499
   0.036      0.876499
   0.040      0.876499
   0.044      0.876499
   0.047      0.876499
   0.051      0.876499
   0.055      0.876499
   0.058      0.876499
   0.062      0.876499
   0.065      0.876499
   0.069      0.876499
   0.073      0.876499
   0.076      0.876499
   0.080      0.876499
   0.084      0.876499
   0.087      0.876499
   0.091      0.876499
   0.095      0.876499
   0.098      0.876499
   0.102      0.876499
   0.106      0.876499
   0.109      0.876499
   0.113      0.876499
   0.116      0.876498
   0.120      0.876498
   0.124      0.876498
   0.127      0.876498
   0.131      0.876498
   0.135      0.876498
   0.138      0.876498
   0.142      0.876498
   0.146      0.876497
   0.149      0.876497
   0.153      0.876497
   0.156      0.876497
   0.160      0.876496
   0.164      0.876496
   0.167      0.876496
   0.171      0.876495
   0.175      0.876495
   0.178      0.876494
   0.182      0.876493
   0.186      0.876493
   0.189      0.876492
   0.193      0.876491
   0.196      0.876490
   0.200      0.876489
   0.204      0.876488
   0.207      0.876487
   0.211      0.876486
   0.215      0.876484
   0.218      0.876483
   0.222      0.876481
   0.226      0.876479
   0.229      0.876477
   0.233      0.876475
   0.236      0.876473
   0.240      0.876471
   0.244      0.876468
   0.247      0.876465
   0.251      0.876462
   0.255      0.876459
   0.258      0.876455
   0.262      0.876452
   0.266      0.876448
   0.269      0.876443
   0.273      0.876439
   0.276      0.876434
   0.280      0.876429
   0.284      0.876423
   0.287      0.876418
   0.291      0.876411
   0.295      0.876405
   0.298      0.876398
   0.302      0.876390
   0.306      0.876382
   0.309      0.876374
   0.313      0.876365
   0.317      0.876356
   0.320      0.876346
   0.324      0.876335
   0.327      0.876324
   0.331      0.876313
   0.335      0.876300
   0.338      0.876288
   0.342      0.876274
   0.346      0.876260
   0.349      0.876245
   0.353      0.876229
   0.357      0.876212
   0.360      0.876195
   0.364      0.876177
   0.367      0.876158
   0.371      0.876138
   0.375      0.876117
   0.378      0.876095
   0.382      0.876072
   0.386      0.876048
   0.389      0.876023
   0.393      0.875997
   0.397      0.875969
   0.400      0.875941
   0.404      0.875911
   0.407      0.875880
   0.411      0.875848
   0.415      0.875814
   0.418      0.875779
   0.422      0.875743
   0.426      0.875705
   0.429      0.875665
   0.433      0.875624
   0.437      0.875582
   0.440      0.875537
   0.444      0.875491
   0.447      0.875444
   0.451      0.875394
   0.455      0.875343
   0.458      0.875289
   0.462      0.875234
   0.466      0.875177
   0.469      0.875118
   0.473      0.875057
   0.477      0.874993
   0.480      0.874928
   0.484      0.874860
   0.488      0.874789
   0.491      0.874717
   0.495      0.874642
   0.498      0.874564
   0.502      0.874485
   0.506      0.874402
   0.509      0.874317
   0.513      0.874229
   0.517      0.874138
   0.520      0.874045
   0.524      0.873949
   0.528      0.873849
   0.531      0.873747
   0.535      0.873642
   0.538      0.873533
   0.542      0.873422
   0.546      0.873307
   0.549      0.873189
   0.553      0.873067
   0.557      0.872942
   0.560      0.872814
   0.564      0.872682
   0.568      0.872546
   0.571      0.872407
   0.575      0.872264
   0.578      0.872117
   0.582      0.871966
   0.586      0.871811
   0.589      0.871653
   0.593      0.871490
   0.597      0.871323
   0.600      0.871152
   0.604      0.870977
   0.608      0.870797
   0.611      0.870613
   0.615      0.870424
   0.618      0.870231
   0.622      0.870033
   0.626      0.869831
   0.629      0.869624
   0.633      0.869412
   0.637      0.869195
   0.640      0.868973
   0.644      0.868747
   0.648      0.868515
   0.651      0.868278
   0.655      0.868036
   0.658      0.867789
   0.662      0.867536
   0.666      0.867278
   0.669      0.867015
   0.673      0.866746
   0.677      0.866472
   0.680      0.866192
   0.684      0.865906
   0.688      0.865614
   0.691      0.865317
   0.695      0.865014
   0.699      0.864705
   0.702      0.864390
   0.706      0.864069
   0.709      0.863742
   0.713      0.863409
   0.717      0.863069
   0.720      0.862724
   0.724      0.862372
   0.728      0.862013
   0.731      0.861648
   0.735      0.861277
   0.739      0.860899
   0.742      0.860515
   0.746      0.860124
   0.749      0.859727
   0.753      0.859322
   0.757      0.858911
   0.760      0.858493
   0.764      0.858069
   0.768      0.857637
   0.771      0.857199
   0.775      0.856753
   0.779      0.856301
   0.782      0.855841
   0.786      0.855375
   0.789      0.854901
   0.793      0.854420
   0.797      0.853932
   0.800      0.853437
   0.804      0.852934
   0.808      0.852425
   0.811      0.851907
   0.815      0.851383
   0.819      0.850851
   0.822      0.850312
   0.826      0.849765
   0.829      0.849211
   0.833      0.848650
   0.837      0.848081
   0.840      0.847504
   0.844      0.846920
   0.848      0.846328
   0.851      0.845729
   0.855      0.845122
   0.859      0.844508
   0.862      0.843886
   0.866      0.843257
   0.870      0.842619
   0.873      0.841975
   0.877      0.841322
   0.880      0.840662
   0.884      0.839995
   0.888      0.839319
   0.891      0.838636
   0.895      0.837946
   0.899      0.837247
   0.902      0.836542
   0.906      0.835828
   0.910      0.835107
   0.913      0.834378
   0.917      0.833642
   0.920      0.832898
   0.924      0.832147
   0.928      0.831387
   0.931      0.830621
   0.935      0.829847
   0.939      0.829065
   0.942      0.828276
   0.946      0.827479
   0.950      0.826675
   0.953      0.825863
   0.957      0.825044
   0.960      0.824218
   0.964      0.823384
   0.968      0.822543
   0.971      0.821695
   0.975      0.820839
   0.979      0.819976
   0.982      0.819106
   0.986      0.818229
   0.990      0.817344
   0.993      0.816452
   0.997      0.815554
   1.000      0.814648
   1.004      0.813735
   1.008      0.812816
   1.011      0.811889
   1.015      0.810956
   1.019      0.810016
   1.022      0.809068
   1.026      0.808115
   1.030      0.807154
   1.033      0.806187
   1.037      0.805214
   1.040      0.804233
   1.044      0.803247
   1.048      0.802253
   1.051      0.801254
   1.055      0.800248
   1.059      0.799236
   1.062      0.798218
   1.066      0.797193
   1.070      0.796163
   1.073      0.795126
   1.077      0.794083
   1.081      0.793035
   1.084      0.791981
   1.088      0.790920
   1.091      0.789854
   1.095      0.788783
   1.099      0.787706
   1.102      0.786623
   1.106      0.785534
   1.110      0.784441
   1.113      0.783342
   1.117      0.782237
   1.121      0.781128
   1.124      0.780013
   1.128      0.778893
   1.131      0.777769
   1.135      0.776639
   1.139      0.775504
   1.142      0.774365
   1.146      0.773221
   1.150      0.772072
   1.153      0.770918
   1.157      0.769760
   1.161      0.768598
   1.164      0.767431
   1.168      0.766260
   1.171      0.765085
   1.175      0.763905
   1.179      0.762722
   1.182      0.761534
   1.186      0.760343
   1.190      0.759147
   1.193      0.757948
   1.197      0.756745
   1.201      0.755538
   1.204      0.754328
   1.208      0.753114
   1.211      0.751897
   1.215      0.750677
   1.219      0.749453
   1.222      0.748226
   1.226      0.746996
   1.230      0.745763
   1.233      0.744527
   1.237      0.743288
   1.241      0.742046
   1.244      0.740801
   1.248      0.739554
   1.252      0.738304
   1.255      0.737052
   1.259      0.735797
   1.262      0.734539
   1.266      0.733280
   1.270      0.732018
   1.273      0.730753
   1.277      0.729487
   1.281      0.728219
   1.284      0.726949
   1.288      0.725677
   1.292      0.724403
   1.295      0.723127
   1.299      0.721850
   1.302      0.720571
   1.306      0.719290
   1.310      0.718008
   1.313      0.716724
   1.317      0.715440
   1.321      0.714154
   1.324      0.712866
   1.328      0.711578
   1.332      0.710289
   1.335      0.708998
   1.339      0.707707
   1.342      0.706415
   1.346      0.705121
   1.350      0.703828
   1.353      0.702533
   1.357      0.701238
   1.361      0.699942
   1.364      0.698646
   1.368      0.697350
   1.372      0.696053
   1.375      0.694756
   1.379      0.693458
   1.382      0.692161
   1.386      0.690863
   1.390      0.689565
   1.393      0.688267
   1.397      0.686969
   1.401      0.685672
   1.404      0.684374
   1.408      0.683077
   1.412      0.681780
   1.415      0.680484
   1.419      0.679187
   1.422      0.677892
   1.426      0.676596
   1.430      0.675301
   1.433      0.674007
   1.437      0.672714
   1.441      0.671421
   1.444      0.670129
   1.448      0.668838
   1.452      0.667548
   1.455      0.666258
   1.459      0.664970
   1.463      0.663682
   1.466      0.662396
   1.470      0.661110
   1.473      0.659826
   1.477      0.658543
   1.481      0.657262
   1.484      0.655981
   1.488      0.654702
   1.492      0.653424
   1.495      0.652148
   1.499      0.650873
   1.503      0.649599
   1.506      0.648327
   1.510      0.647057
   1.513      0.645788
   1.517      0.644521
   1.521      0.643256
   1.524      0.641992
   1.528      0.640730
   1.532      0.639470
   1.535      0.638212
   1.539      0.636956
   1.543      0.635701
   1.546      0.634448
   1.550      0.633198
   1.553      0.631949
   1.557      0.630703
   1.561      0.629458
   1.564      0.628216
   1.568      0.626976
   1.572      0.625737
   1.575      0.624502
   1.579      0.623268
   1.583      0.622036
   1.586      0.620807
   1.590      0.619580
   1.593      0.618356
   1.597      0.617134
   1.601      0.615914
   1.604      0.614697
   1.608      0.613482
   1.612      0.612269
   1.615      0.611059
   1.619      0.609852
   1.623      0.608647
   1.626      0.607444
   1.630      0.606244
   1.634      0.605047
   1.637      0.603853
   1.641      0.602661
   1.644      0.601471
   1.648      0.600284
   1.652      0.599100
   1.655      0.597919
   1.659      0.596741
   1.663      0.595565
   1.666      0.594392
   1.670      0.593221
   1.674      0.592054
   1.677      0.590889
   1.681      0.589727
   1.684      0.588568
   1.688      0.587412
   1.692      0.586259
   1.695      0.585108
   1.699      0.583961
   1.703      0.582816
   1.706      0.581674
   1.710      0.580535
   1.714      0.579400
   1.717      0.578267
   1.721      0.577137
   1.724      0.576010
   1.728      0.574886
   1.732      0.573765
   1.735      0.572647
   1.739      0.571531
   1.743      0.570419
   1.746      0.569310
   1.750      0.568204
   1.754      0.567101
   1.757      0.566002
   1.761      0.564905
   1.764      0.563811
   1.768      0.562720
   1.772      0.561632
   1.775      0.560548
   1.779      0.559466
   1.783      0.558388
   1.786      0.557312
   1.790      0.556240
   1.794      0.555171
   1.797      0.554105
   1.801      0.553042
   1.804      0.551982
   1.808      0.550925
   1.812      0.549871
   1.815      0.548820
   1.819      0.547773
   1.823      0.546728
   1.826      0.545687
   1.830      0.544649
   1.834      0.543614
   1.837      0.542582
   1.841      0.541553
   1.845      0.540527
   1.848      0.539504
   1.852      0.538484
   1.855      0.537468
   1.859      0.536454
   1.863      0.535444
   1.866      0.534437
   1.870      0.533433
   1.874      0.532432
   1.877      0.531434
   1.881      0.530439
   1.885      0.529447
   1.888      0.528458
   1.892      0.527473
   1.895      0.526490
   1.899      0.525511
   1.903      0.524534
   1.906      0.523561
   1.910      0.522591
   1.914      0.521623
   1.917      0.520659
   1.921      0.519698
   1.925      0.518740
   1.928      0.517785
   1.932      0.516833
   1.935      0.515884
   1.939      0.514938
   1.943      0.513995
   1.946      0.513055
   1.950      0.512118
   1.954      0.511184
   1.957      0.510253
   1.961      0.509324
   1.965      0.508399
   1.968      0.507477
   1.972      0.506558
   1.975      0.505642
   1.979      0.504729
   1.983      0.503818
   1.986      0.502911
   1.990      0.502006
   1.994      0.501105
   1.997      0.500206
   2.001      0.499311
   2.005      0.498418
   2.008      0.497528
   2.012      0.496641
   2.016      0.495757
   2.019      0.494875
   2.023      0.493997
   2.026      0.493121
   2.030      0.492248
   2.034      0.491378
   2.037      0.490511
   2.041      0.489647
   2.045      0.488785
   2.048      0.487927
   2.052      0.487071
   2.056      0.486217
   2.059      0.485367
   2.063      0.484519
   2.066      0.483674
   2.070      0.482832
   2.074      0.481993
   2.077      0.481156
   2.081      0.480322
   2.085      0.479491
   2.088      0.478662
   2.092      0.477837
   2.096      0.477013
   2.099      0.476193
   2.103      0.475375
   2.106      0.474560
   2.110      0.473747
   2.114      0.472937
   2.117      0.472130
   2.121      0.471325
   2.125      0.470523
   2.128      0.469724
   2.132      0.468927
   2.136      0.468132
   2.139      0.467341
   2.143      0.466551
   2.146      0.465765
   2.150      0.464981
   2.154      0.464199
   2.157      0.463420
   2.161      0.462643
   2.165      0.461869
   2.168      0.461098
   2.172      0.460329
   2.176      0.459562
   2.179      0.458798
   2.183      0.458036
   2.186      0.457277
   2.190      0.456520
   2.194      0.455765
   2.197      0.455013
   2.201      0.454264
   2.205      0.453517
   2.208      0.452772
   2.212      0.452029
   2.216      0.451289
   2.219      0.450551
   2.223      0.449816
   2.227      0.449083
   2.230      0.448352
   2.234      0.447624
   2.237      0.446898
   2.241      0.446174
   2.245      0.445452
   2.248      0.444733
   2.252      0.444016
   2.256      0.443302
   2.259      0.442589
   2.263      0.441879
   2.267      0.441171
   2.270      0.440465
   2.274      0.439762
   2.277      0.439060
   2.281      0.438361
   2.285      0.437664
   2.288      0.436969
   2.292      0.436277
   2.296      0.435586
   2.299      0.434898
   2.303      0.434212
   2.307      0.433528
   2.310      0.432846
   2.314      0.432166
   2.317      0.431489
   2.321      0.430813
   2.325      0.430140
   2.328      0.429468
   2.332      0.428799
   2.336      0.428131
   2.339      0.427466
   2.343      0.426803
   2.347      0.426142
   2.350      0.425483
   2.354      0.424826
   2.357      0.424171
   2.361      0.423517
   2.365      0.422866
   2.368      0.422217
   2.372      0.421570
   2.376      0.420925
   2.379      0.420282
   2.383      0.419640
   2.387      0.419001
   2.390      0.418364
   2.394      0.417728
   2.398      0.417094
   2.401      0.416463
   2.405      0.415833
   2.408      0.415205
   2.412      0.414579
   2.416      0.413955
   2.419      0.413333
   2.423      0.412712
   2.427      0.412094
   2.430      0.411477
   2.434      0.410862
   2.438      0.410249
   2.441      0.409638
   2.445      0.409029
   2.448      0.408421
   2.452      0.407815
   2.456      0.407211
   2.459      0.406609
   2.463      0.406008
   2.467      0.405410
   2.470      0.404813
   2.474      0.404218
   2.478      0.403624
   2.481      0.403032
   2.485      0.402442
   2.488      0.401854
   2.492      0.401268
   2.496      0.400683
   2.499      0.400100
   2.503      0.399518
   2.507      0.398938
   2.510      0.398360
   2.514      0.397784
   2.518      0.397209
   2.521      0.396636
   2.525      0.396064
   2.528      0.395495
   2.532      0.394926
   2.536      0.394360
   2.539      0.393795
   2.543      0.393232
   2.547      0.392670
   2.550      0.392110
   2.554      0.391551
   2.558      0.390994
   2.561      0.390439
   2.565      0.389885
   2.568      0.389333
   2.572      0.388782
   2.576      0.388233
   2.579      0.387686
   2.583      0.387140
   2.587      0.386595
   2.590      0.386052
   2.594      0.385511
   2.598      0.384971
   2.601      0.384432
   2.605      0.383896
   2.609      0.383360
   2.612      0.382826
   2.616      0.382294
   2.619      0.381763
   2.623      0.381233
   2.627      0.380705
   2.630      0.380179
   2.634      0.379654
   2.638      0.379130
   2.641      0.378608
   2.645      0.378087
   2.649      0.377568
   2.652      0.377050
   2.656      0.376533
   2.659      0.376018
   2.663      0.375505
   2.667      0.374992
   2.670      0.374481
   2.674      0.373972
   2.678      0.373464
   2.681      0.372957
   2.685      0.372452
   2.689      0.371948
   2.692      0.371445
   2.696      0.370944
   2.699      0.370444
   2.703      0.369945
   2.707      0.369448
   2.710      0.368952
   2.714      0.368458
   2.718      0.367964
   2.721      0.367472
   2.725      0.366982
   2.729      0.366492
   2.732      0.366004
   2.736      0.365518
   2.739      0.365032
   2.743      0.364548
   2.747      0.364065
   2.750      0.363584
   2.754      0.363103
   2.758      0.362624
   2.761      0.362147
   2.765      0.361670
   2.769      0.361195
   2.772      0.360721
   2.776      0.360248
   2.780      0.359777
   2.783      0.359306
   2.787      0.358837
   2.790      0.358369
   2.794      0.357903
   2.798      0.357437
   2.801      0.356973
   2.805      0.356510
   2.809      0.356048
   2.812      0.355588
   2.816      0.355128
   2.820      0.354670
   2.823      0.354213
   2.827      0.353757
   2.830      0.353303
   2.834      0.352849
   2.838      0.352397
   2.841      0.351945
   2.845      0.351495
   2.849      0.351046
   2.852      0.350599
   2.856      0.350152
   2.860      0.349707
   2.863      0.349262
   2.867      0.348819
   2.870      0.348377
   2.874      0.347936
   2.878      0.347496
   2.881      0.347057
   2.885      0.346620
   2.889      0.346183
   2.892      0.345748
   2.896      0.345313
   2.900      0.344880
   2.903      0.344448
   2.907      0.344017
   2.910      0.343587
