   0.000     -9.919796
   0.004     -8.278068
   0.007     -6.600739
   0.011     -5.167121
   0.015     -4.067731
   0.018     -3.231856
   0.022     -2.595826
   0.025     -2.108157
   0.029     -1.730512
   0.033     -1.434274
   0.036     -1.198699
   0.040     -1.009229
   0.044     -0.855324
   0.047     -0.729298
   0.051     -0.625399
   0.055     -0.539259
   0.058     -0.467723
   0.062     -0.408026
   0.065     -0.358166
   0.069     -0.316547
   0.073     -0.281900
   0.076     -0.253206
   0.080     -0.229598
   0.084     -0.210419
   0.087     -0.195054
   0.091     -0.183004
   0.095     -0.173852
   0.098     -0.167243
   0.102     -0.162877
   0.106     -0.160481
   0.109     -0.159825
   0.113     -0.160720
   0.116     -0.162966
   0.120     -0.166431
   0.124     -0.170963
   0.127     -0.176440
   0.131     -0.182775
   0.135     -0.189863
   0.138     -0.197617
   0.142     -0.205975
   0.146     -0.214859
   0.149     -0.224214
   0.153     -0.233983
   0.156     -0.244115
   0.160     -0.254577
   0.164     -0.265326
   0.167     -0.276324
   0.171     -0.287533
   0.175     -0.298926
   0.178     -0.310478
   0.182     -0.322160
   0.186     -0.333950
   0.189     -0.345830
   0.193     -0.357779
   0.196     -0.369776
   0.200     -0.381815
   0.204     -0.393874
   0.207     -0.405935
   0.211     -0.417989
   0.215     -0.430025
   0.218     -0.442027
   0.222     -0.453993
   0.226     -0.465906
   0.229     -0.477758
   0.233     -0.489543
   0.236     -0.501252
   0.240     -0.512880
   0.244     -0.524426
   0.247     -0.535901
   0.251     -0.547292
   0.255     -0.558615
   0.258     -0.569877
   0.262     -0.581086
   0.266     -0.592252
   0.269     -0.603381
   0.273     -0.614469
   0.276     -0.625521
   0.280     -0.636524
   0.284     -0.647474
   0.287     -0.658357
   0.291     -0.669152
   0.295     -0.679852
   0.298     -0.690440
   0.302     -0.700899
   0.306     -0.711224
   0.309     -0.721400
   0.313     -0.731415
   0.317     -0.741264
   0.320     -0.750942
   0.324     -0.760444
   0.327     -0.769762
   0.331     -0.778898
   0.335     -0.787849
   0.338     -0.796612
   0.342     -0.805188
   0.346     -0.813575
   0.349     -0.821770
   0.353     -0.829778
   0.357     -0.837599
   0.360     -0.845229
   0.364     -0.852673
   0.367     -0.859930
   0.371     -0.867002
   0.375     -0.873887
   0.378     -0.880586
   0.382     -0.887098
   0.386     -0.893430
   0.389     -0.899577
   0.393     -0.905539
   0.397     -0.911318
   0.400     -0.916915
   0.404     -0.922329
   0.407     -0.927562
   0.411     -0.932613
   0.415     -0.937482
   0.418     -0.942169
   0.422     -0.946675
   0.426     -0.951000
   0.429     -0.955145
   0.433     -0.959106
   0.437     -0.962887
   0.440     -0.966488
   0.444     -0.969907
   0.447     -0.973143
   0.451     -0.976200
   0.455     -0.979075
   0.458     -0.981770
   0.462     -0.984283
   0.466     -0.986614
   0.469     -0.988764
   0.473     -0.990734
   0.477     -0.992523
   0.480     -0.994132
   0.484     -0.995561
   0.488     -0.996810
   0.491     -0.997877
   0.495     -0.998766
   0.498     -0.999478
   0.502     -1.000011
   0.506     -1.000366
   0.509     -1.000546
   0.513     -1.000551
   0.517     -1.000381
   0.520     -1.000037
   0.524     -0.999520
   0.528     -0.998835
   0.531     -0.997980
   0.535     -0.996957
   0.538     -0.995770
   0.542     -0.994420
   0.546     -0.992906
   0.549     -0.991234
   0.553     -0.989404
   0.557     -0.987421
   0.560     -0.985288
   0.564     -0.983005
   0.568     -0.980577
   0.571     -0.978007
   0.575     -0.975296
   0.578     -0.972451
   0.582     -0.969474
   0.586     -0.966370
   0.589     -0.963141
   0.593     -0.959792
   0.597     -0.956328
   0.600     -0.952752
   0.604     -0.949070
   0.608     -0.945286
   0.611     -0.941404
   0.615     -0.937431
   0.618     -0.933371
   0.622     -0.929229
   0.626     -0.925008
   0.629     -0.920717
   0.633     -0.916359
   0.637     -0.911942
   0.640     -0.907468
   0.644     -0.902945
   0.648     -0.898380
   0.651     -0.893774
   0.655     -0.889138
   0.658     -0.884474
   0.662     -0.879788
   0.666     -0.875088
   0.669     -0.870378
   0.673     -0.865664
   0.677     -0.860953
   0.680     -0.856248
   0.684     -0.851557
   0.688     -0.846885
   0.691     -0.842237
   0.695     -0.837620
   0.699     -0.833038
   0.702     -0.828497
   0.706     -0.824004
   0.709     -0.819561
   0.713     -0.815178
   0.717     -0.810857
   0.720     -0.806603
   0.724     -0.802425
   0.728     -0.798326
   0.731     -0.794312
   0.735     -0.790389
   0.739     -0.786563
   0.742     -0.782843
   0.746     -0.779237
   0.749     -0.775751
   0.753     -0.772392
   0.757     -0.769170
   0.760     -0.766100
   0.764     -0.763196
   0.768     -0.760469
   0.771     -0.757945
   0.775     -0.755634
   0.779     -0.753541
   0.782     -0.751672
   0.786     -0.750044
   0.789     -0.748693
   0.793     -0.747615
   0.797     -0.746790
   0.800     -0.746204
   0.804     -0.745845
   0.808     -0.745680
   0.811     -0.745665
   0.815     -0.745809
   0.819     -0.746084
   0.822     -0.746469
   0.826     -0.746930
   0.829     -0.747410
   0.833     -0.747889
   0.837     -0.748377
   0.840     -0.748854
   0.844     -0.749306
   0.848     -0.749725
   0.851     -0.750103
   0.855     -0.750430
   0.859     -0.750696
   0.862     -0.750898
   0.866     -0.751028
   0.870     -0.751091
   0.873     -0.751086
   0.877     -0.751006
   0.880     -0.750846
   0.884     -0.750603
   0.888     -0.750277
   0.891     -0.749869
   0.895     -0.749379
   0.899     -0.748801
   0.902     -0.748137
   0.906     -0.747384
   0.910     -0.746542
   0.913     -0.745612
   0.917     -0.744596
   0.920     -0.743489
   0.924     -0.742292
   0.928     -0.741005
   0.931     -0.739628
   0.935     -0.738162
   0.939     -0.736607
   0.942     -0.734963
   0.946     -0.733230
   0.950     -0.731410
   0.953     -0.729499
   0.957     -0.727501
   0.960     -0.725417
   0.964     -0.723247
   0.968     -0.720990
   0.971     -0.718649
   0.975     -0.716224
   0.979     -0.713714
   0.982     -0.711120
   0.986     -0.708446
   0.990     -0.705691
   0.993     -0.702856
   0.997     -0.699944
   1.000     -0.696952
   1.004     -0.693884
   1.008     -0.690740
   1.011     -0.687521
   1.015     -0.684229
   1.019     -0.680866
   1.022     -0.677432
   1.026     -0.673929
   1.030     -0.670358
   1.033     -0.666720
   1.037     -0.663016
   1.040     -0.659249
   1.044     -0.655419
   1.048     -0.651529
   1.051     -0.647580
   1.055     -0.643573
   1.059     -0.639509
   1.062     -0.635390
   1.066     -0.631218
   1.070     -0.626994
   1.073     -0.622721
   1.077     -0.618399
   1.081     -0.614030
   1.084     -0.609617
   1.088     -0.605159
   1.091     -0.600660
   1.095     -0.596120
   1.099     -0.591542
   1.102     -0.586927
   1.106     -0.582277
   1.110     -0.577594
   1.113     -0.572879
   1.117     -0.568133
   1.121     -0.563358
   1.124     -0.558557
   1.128     -0.553731
   1.131     -0.548881
   1.135     -0.544009
   1.139     -0.539118
   1.142     -0.534207
   1.146     -0.529279
   1.150     -0.524336
   1.153     -0.519379
   1.157     -0.514411
   1.161     -0.509432
   1.164     -0.504444
   1.168     -0.499448
   1.171     -0.494446
   1.175     -0.489440
   1.179     -0.484431
   1.182     -0.479421
   1.186     -0.474411
   1.190     -0.469403
   1.193     -0.464398
   1.197     -0.459396
   1.201     -0.454401
   1.204     -0.449413
   1.208     -0.444434
   1.211     -0.439464
   1.215     -0.434506
   1.219     -0.429560
   1.222     -0.424628
   1.226     -0.419710
   1.230     -0.414809
   1.233     -0.409926
   1.237     -0.405060
   1.241     -0.400214
   1.244     -0.395390
   1.248     -0.390587
   1.252     -0.385806
   1.255     -0.381049
   1.259     -0.376318
   1.262     -0.371612
   1.266     -0.366933
   1.270     -0.362281
   1.273     -0.357658
   1.277     -0.353065
   1.281     -0.348502
   1.284     -0.343969
   1.288     -0.339468
   1.292     -0.335000
   1.295     -0.330565
   1.299     -0.326163
   1.302     -0.321796
   1.306     -0.317465
   1.310     -0.313169
   1.313     -0.308909
   1.317     -0.304686
   1.321     -0.300500
   1.324     -0.296352
   1.328     -0.292242
   1.332     -0.288171
   1.335     -0.284139
   1.339     -0.280146
   1.342     -0.276192
   1.346     -0.272279
   1.350     -0.268405
   1.353     -0.264573
   1.357     -0.260781
   1.361     -0.257030
   1.364     -0.253320
   1.368     -0.249651
   1.372     -0.246024
   1.375     -0.242438
   1.379     -0.238894
   1.382     -0.235391
   1.386     -0.231929
   1.390     -0.228510
   1.393     -0.225133
   1.397     -0.221796
   1.401     -0.218502
   1.404     -0.215249
   1.408     -0.212037
   1.412     -0.208867
   1.415     -0.205738
   1.419     -0.202649
   1.422     -0.199601
   1.426     -0.196594
   1.430     -0.193628
   1.433     -0.190701
   1.437     -0.187815
   1.441     -0.184969
   1.444     -0.182162
   1.448     -0.179395
   1.452     -0.176666
   1.455     -0.173976
   1.459     -0.171324
   1.463     -0.168710
   1.466     -0.166134
   1.470     -0.163595
   1.473     -0.161094
   1.477     -0.158629
   1.481     -0.156200
   1.484     -0.153808
   1.488     -0.151451
   1.492     -0.149129
   1.495     -0.146841
   1.499     -0.144588
   1.503     -0.142369
   1.506     -0.140184
   1.510     -0.138031
   1.513     -0.135912
   1.517     -0.133825
   1.521     -0.131770
   1.524     -0.129746
   1.528     -0.127753
   1.532     -0.125791
   1.535     -0.123859
   1.539     -0.121956
   1.543     -0.120083
   1.546     -0.118239
   1.550     -0.116424
   1.553     -0.114637
   1.557     -0.112877
   1.561     -0.111144
   1.564     -0.109438
   1.568     -0.107758
   1.572     -0.106104
   1.575     -0.104476
   1.579     -0.102873
   1.583     -0.101294
   1.586     -0.099741
   1.590     -0.098211
   1.593     -0.096704
   1.597     -0.095220
   1.601     -0.093759
   1.604     -0.092320
   1.608     -0.090904
   1.612     -0.089508
   1.615     -0.088134
   1.619     -0.086781
   1.623     -0.085449
   1.626     -0.084136
   1.630     -0.082843
   1.634     -0.081570
   1.637     -0.080316
   1.641     -0.079080
   1.644     -0.077863
   1.648     -0.076664
   1.652     -0.075483
   1.655     -0.074319
   1.659     -0.073172
   1.663     -0.072042
   1.666     -0.070929
   1.670     -0.069832
   1.674     -0.068751
   1.677     -0.067686
   1.681     -0.066636
   1.684     -0.065602
   1.688     -0.064582
   1.692     -0.063577
   1.695     -0.062587
   1.699     -0.061610
   1.703     -0.060648
   1.706     -0.059699
   1.710     -0.058764
   1.714     -0.057842
   1.717     -0.056933
   1.721     -0.056037
   1.724     -0.055154
   1.728     -0.054283
   1.732     -0.053425
   1.735     -0.052578
   1.739     -0.051744
   1.743     -0.050920
   1.746     -0.050109
   1.750     -0.049309
   1.754     -0.048520
   1.757     -0.047742
   1.761     -0.046974
   1.764     -0.046218
   1.768     -0.045472
   1.772     -0.044736
   1.775     -0.044011
   1.779     -0.043296
   1.783     -0.042591
   1.786     -0.041895
   1.790     -0.041209
   1.794     -0.040533
   1.797     -0.039866
   1.801     -0.039208
   1.804     -0.038559
   1.808     -0.037920
   1.812     -0.037290
   1.815     -0.036668
   1.819     -0.036055
   1.823     -0.035450
   1.826     -0.034855
   1.830     -0.034267
   1.834     -0.033687
   1.837     -0.033116
   1.841     -0.032553
   1.845     -0.031998
   1.848     -0.031451
   1.852     -0.030911
   1.855     -0.030380
   1.859     -0.029856
   1.863     -0.029339
   1.866     -0.028829
   1.870     -0.028328
   1.874     -0.027833
   1.877     -0.027345
   1.881     -0.026865
   1.885     -0.026391
   1.888     -0.025925
   1.892     -0.025465
   1.895     -0.025012
   1.899     -0.024566
   1.903     -0.024126
   1.906     -0.023693
   1.910     -0.023266
   1.914     -0.022846
   1.917     -0.022432
   1.921     -0.022024
   1.925     -0.021622
   1.928     -0.021226
   1.932     -0.020837
   1.935     -0.020453
   1.939     -0.020075
   1.943     -0.019703
   1.946     -0.019336
   1.950     -0.018975
   1.954     -0.018620
   1.957     -0.018271
   1.961     -0.017927
   1.965     -0.017588
   1.968     -0.017254
   1.972     -0.016926
   1.975     -0.016603
   1.979     -0.016286
   1.983     -0.015973
   1.986     -0.015665
   1.990     -0.015362
   1.994     -0.015064
   1.997     -0.014771
   2.001     -0.014483
   2.005     -0.014199
   2.008     -0.013920
   2.012     -0.013646
   2.016     -0.013376
   2.019     -0.013110
   2.023     -0.012849
   2.026     -0.012593
   2.030     -0.012340
   2.034     -0.012092
   2.037     -0.011848
   2.041     -0.011608
   2.045     -0.011373
   2.048     -0.011141
   2.052     -0.010913
   2.056     -0.010689
   2.059     -0.010469
   2.063     -0.010253
   2.066     -0.010040
   2.070     -0.009831
   2.074     -0.009626
   2.077     -0.009424
   2.081     -0.009226
   2.085     -0.009032
   2.088     -0.008841
   2.092     -0.008653
   2.096     -0.008469
   2.099     -0.008288
   2.103     -0.008110
   2.106     -0.007936
   2.110     -0.007764
   2.114     -0.007595
   2.117     -0.007431
   2.121     -0.007268
   2.125     -0.007109
   2.128     -0.006953
   2.132     -0.006799
   2.136     -0.006648
   2.139     -0.006501
   2.143     -0.006356
   2.146     -0.006213
   2.150     -0.006073
   2.154     -0.005937
   2.157     -0.005802
   2.161     -0.005670
   2.165     -0.005541
   2.168     -0.005414
   2.172     -0.005289
   2.176     -0.005167
   2.179     -0.005048
   2.183     -0.004930
   2.186     -0.004815
   2.190     -0.004702
   2.194     -0.004591
   2.197     -0.004483
   2.201     -0.004377
   2.205     -0.004272
   2.208     -0.004170
   2.212     -0.004070
   2.216     -0.003972
   2.219     -0.003876
   2.223     -0.003782
   2.227     -0.003690
   2.230     -0.003599
   2.234     -0.003510
   2.237     -0.003424
   2.241     -0.003338
   2.245     -0.003255
   2.248     -0.003174
   2.252     -0.003094
   2.256     -0.003016
   2.259     -0.002939
   2.263     -0.002864
   2.267     -0.002791
   2.270     -0.002719
   2.274     -0.002649
   2.277     -0.002580
   2.281     -0.002513
   2.285     -0.002447
   2.288     -0.002383
   2.292     -0.002320
   2.296     -0.002259
   2.299     -0.002198
   2.303     -0.002139
   2.307     -0.002082
   2.310     -0.002025
   2.314     -0.001970
   2.317     -0.001916
   2.321     -0.001864
   2.325     -0.001812
   2.328     -0.001762
   2.332     -0.001713
   2.336     -0.001665
   2.339     -0.001618
   2.343     -0.001572
   2.347     -0.001528
   2.350     -0.001484
   2.354     -0.001441
   2.357     -0.001400
   2.361     -0.001359
   2.365     -0.001319
   2.368     -0.001281
   2.372     -0.001242
   2.376     -0.001206
   2.379     -0.001170
   2.383     -0.001135
   2.387     -0.001101
   2.390     -0.001067
   2.394     -0.001034
   2.398     -0.001003
   2.401     -0.000972
   2.405     -0.000941
   2.408     -0.000912
   2.412     -0.000883
   2.416     -0.000855
   2.419     -0.000828
   2.423     -0.000801
   2.427     -0.000776
   2.430     -0.000750
   2.434     -0.000726
   2.438     -0.000702
   2.441     -0.000679
   2.445     -0.000657
   2.448     -0.000634
   2.452     -0.000613
   2.456     -0.000592
   2.459     -0.000572
   2.463     -0.000552
   2.467     -0.000533
   2.470     -0.000515
   2.474     -0.000497
   2.478     -0.000479
   2.481     -0.000462
   2.485     -0.000445
   2.488     -0.000429
   2.492     -0.000414
   2.496     -0.000399
   2.499     -0.000384
   2.503     -0.000370
   2.507     -0.000356
   2.510     -0.000342
   2.514     -0.000329
   2.518     -0.000317
   2.521     -0.000305
   2.525     -0.000293
   2.528     -0.000281
   2.532     -0.000270
   2.536     -0.000259
   2.539     -0.000249
   2.543     -0.000239
   2.547     -0.000229
   2.550     -0.000220
   2.554     -0.000211
   2.558     -0.000202
   2.561     -0.000193
   2.565     -0.000185
   2.568     -0.000177
   2.572     -0.000169
   2.576     -0.000162
   2.579     -0.000155
   2.583     -0.000148
   2.587     -0.000141
   2.590     -0.000135
   2.594     -0.000129
   2.598     -0.000123
   2.601     -0.000117
   2.605     -0.000112
   2.609     -0.000106
   2.612     -0.000101
   2.616     -0.000096
   2.619     -0.000091
   2.623     -0.000087
   2.627     -0.000082
   2.630     -0.000078
   2.634     -0.000074
   2.638     -0.000070
   2.641     -0.000067
   2.645     -0.000063
   2.649     -0.000060
   2.652     -0.000056
   2.656     -0.000053
   2.659     -0.000050
   2.663     -0.000047
   2.667     -0.000045
   2.670     -0.000042
   2.674     -0.000040
   2.678     -0.000037
   2.681     -0.000035
   2.685     -0.000033
   2.689     -0.000031
   2.692     -0.000029
   2.696     -0.000027
   2.699     -0.000026
   2.703     -0.000024
   2.707     -0.000022
   2.710     -0.000021
   2.714     -0.000019
   2.718     -0.000018
   2.721     -0.000017
   2.725     -0.000016
   2.729     -0.000015
   2.732     -0.000013
   2.736     -0.000012
   2.739     -0.000012
   2.743     -0.000011
   2.747     -0.000010
   2.750     -0.000009
   2.754     -0.000008
   2.758     -0.000008
   2.761     -0.000007
   2.765     -0.000006
   2.769     -0.000006
   2.772     -0.000005
   2.776     -0.000005
   2.780     -0.000005
   2.783     -0.000004
   2.787     -0.000004
   2.790     -0.000003
   2.794     -0.000003
   2.798     -0.000003
   2.801     -0.000002
   2.805     -0.000002
   2.809     -0.000002
   2.812     -0.000002
   2.816     -0.000001
   2.820     -0.000001
   2.823     -0.000001
   2.827     -0.000001
   2.830     -0.000001
   2.834     -0.000001
   2.838     -0.000001
   2.841      0.000000
   2.845      0.000000
   2.849      0.000000
   2.852      0.000000
   2.856      0.000000
   2.860      0.000000
   2.863      0.000000
   2.867      0.000000
   2.870      0.000000
   2.874      0.000000
   2.878      0.000000
   2.881      0.000000
   2.885      0.000000
   2.889      0.000000
   2.892      0.000000
   2.896      0.000000
   2.900      0.000000
   2.903      0.000000
   2.907      0.000000
   2.910      0.000000
