   0.000      0.888713
   0.004      0.888713
   0.007      0.888713
   0.011      0.888713
   0.015      0.888713
   0.018      0.888713
   0.022      0.888713
   0.025      0.888713
   0.029      0.888713
   0.033      0.888713
   0.036      0.888713
   0.040      0.888713
   0.044      0.888713
   0.047      0.888713
   0.051      0.888713
   0.055      0.888713
   0.058      0.888713
   0.062      0.888713
   0.065      0.888712
   0.069      0.888712
   0.073      0.888712
   0.076      0.888712
   0.080      0.888712
   0.084      0.888711
   0.087      0.888711
   0.091      0.888710
   0.095      0.888710
   0.098      0.888709
   0.102      0.888709
   0.106      0.888708
   0.109      0.888707
   0.113      0.888707
   0.116      0.888706
   0.120      0.888705
   0.124      0.888703
   0.127      0.888702
   0.131      0.888701
   0.135      0.888699
   0.138      0.888698
   0.142      0.888696
   0.146      0.888694
   0.149      0.888692
   0.153      0.888690
   0.156      0.888688
   0.160      0.888685
   0.164      0.888682
   0.167      0.888680
   0.171      0.888676
   0.175      0.888673
   0.178      0.888669
   0.182      0.888666
   0.186      0.888662
   0.189      0.888657
   0.193      0.888653
   0.196      0.888648
   0.200      0.888642
   0.204      0.888637
   0.207      0.888631
   0.211      0.888625
   0.215      0.888618
   0.218      0.888611
   0.222      0.888604
   0.226      0.888596
   0.229      0.888588
   0.233      0.888579
   0.236      0.888570
   0.240      0.888560
   0.244      0.888550
   0.247      0.888539
   0.251      0.888528
   0.255      0.888516
   0.258      0.888504
   0.262      0.888491
   0.266      0.888477
   0.269      0.888463
   0.273      0.888448
   0.276      0.888432
   0.280      0.888416
   0.284      0.888398
   0.287      0.888381
   0.291      0.888362
   0.295      0.888342
   0.298      0.888322
   0.302      0.888300
   0.306      0.888278
   0.309      0.888255
   0.313      0.888230
   0.317      0.888205
   0.320      0.888179
   0.324      0.888151
   0.327      0.888123
   0.331      0.888093
   0.335      0.888062
   0.338      0.888030
   0.342      0.887996
   0.346      0.887962
   0.349      0.887926
   0.353      0.887888
   0.357      0.887849
   0.360      0.887809
   0.364      0.887767
   0.367      0.887723
   0.371      0.887678
   0.375      0.887632
   0.378      0.887583
   0.382      0.887533
   0.386      0.887481
   0.389      0.887427
   0.393      0.887371
   0.397      0.887314
   0.400      0.887254
   0.404      0.887192
   0.407      0.887129
   0.411      0.887063
   0.415      0.886995
   0.418      0.886924
   0.422      0.886851
   0.426      0.886776
   0.429      0.886699
   0.433      0.886619
   0.437      0.886536
   0.440      0.886451
   0.444      0.886363
   0.447      0.886272
   0.451      0.886179
   0.455      0.886082
   0.458      0.885983
   0.462      0.885881
   0.466      0.885775
   0.469      0.885667
   0.473      0.885555
   0.477      0.885440
   0.480      0.885321
   0.484      0.885200
   0.488      0.885074
   0.491      0.884946
   0.495      0.884813
   0.498      0.884677
   0.502      0.884537
   0.506      0.884393
   0.509      0.884245
   0.513      0.884094
   0.517      0.883938
   0.520      0.883778
   0.524      0.883614
   0.528      0.883445
   0.531      0.883272
   0.535      0.883095
   0.538      0.882913
   0.542      0.882726
   0.546      0.882535
   0.549      0.882339
   0.553      0.882138
   0.557      0.881933
   0.560      0.881722
   0.564      0.881506
   0.568      0.881285
   0.571      0.881059
   0.575      0.880827
   0.578      0.880590
   0.582      0.880348
   0.586      0.880100
   0.589      0.879846
   0.593      0.879586
   0.597      0.879321
   0.600      0.879050
   0.604      0.878773
   0.608      0.878490
   0.611      0.878201
   0.615      0.877906
   0.618      0.877605
   0.622      0.877297
   0.626      0.876983
   0.629      0.876662
   0.633      0.876335
   0.637      0.876002
   0.640      0.875661
   0.644      0.875314
   0.648      0.874960
   0.651      0.874600
   0.655      0.874232
   0.658      0.873858
   0.662      0.873476
   0.666      0.873087
   0.669      0.872692
   0.673      0.872288
   0.677      0.871878
   0.680      0.871461
   0.684      0.871036
   0.688      0.870603
   0.691      0.870163
   0.695      0.869716
   0.699      0.869261
   0.702      0.868798
   0.706      0.868328
   0.709      0.867850
   0.713      0.867364
   0.717      0.866871
   0.720      0.866370
   0.724      0.865861
   0.728      0.865344
   0.731      0.864819
   0.735      0.864286
   0.739      0.863745
   0.742      0.863197
   0.746      0.862640
   0.749      0.862075
   0.753      0.861502
   0.757      0.860921
   0.760      0.860332
   0.764      0.859735
   0.768      0.859130
   0.771      0.858517
   0.775      0.857895
   0.779      0.857266
   0.782      0.856628
   0.786      0.855982
   0.789      0.855329
   0.793      0.854667
   0.797      0.853996
   0.800      0.853318
   0.804      0.852632
   0.808      0.851937
   0.811      0.851235
   0.815      0.850524
   0.819      0.849806
   0.822      0.849079
   0.826      0.848345
   0.829      0.847602
   0.833      0.846851
   0.837      0.846093
   0.840      0.845327
   0.844      0.844552
   0.848      0.843770
   0.851      0.842980
   0.855      0.842183
   0.859      0.841377
   0.862      0.840564
   0.866      0.839744
   0.870      0.838915
   0.873      0.838079
   0.877      0.837236
   0.880      0.836385
   0.884      0.835527
   0.888      0.834661
   0.891      0.833788
   0.895      0.832908
   0.899      0.832020
   0.902      0.831126
   0.906      0.830224
   0.910      0.829315
   0.913      0.828399
   0.917      0.827476
   0.920      0.826547
   0.924      0.825610
   0.928      0.824667
   0.931      0.823717
   0.935      0.822760
   0.939      0.821797
   0.942      0.820828
   0.946      0.819852
   0.950      0.818869
   0.953      0.817881
   0.957      0.816886
   0.960      0.815885
   0.964      0.814878
   0.968      0.813865
   0.971      0.812846
   0.975      0.811821
   0.979      0.810790
   0.982      0.809754
   0.986      0.808712
   0.990      0.807664
   0.993      0.806611
   0.997      0.805553
   1.000      0.804489
   1.004      0.803420
   1.008      0.802346
   1.011      0.801267
   1.015      0.800182
   1.019      0.799093
   1.022      0.797999
   1.026      0.796900
   1.030      0.795796
   1.033      0.794688
   1.037      0.793575
   1.040      0.792458
   1.044      0.791336
   1.048      0.790210
   1.051      0.789079
   1.055      0.787945
   1.059      0.786806
   1.062      0.785664
   1.066      0.784517
   1.070      0.783367
   1.073      0.782213
   1.077      0.781055
   1.081      0.779893
   1.084      0.778728
   1.088      0.777560
   1.091      0.776388
   1.095      0.775212
   1.099      0.774034
   1.102      0.772852
   1.106      0.771667
   1.110      0.770479
   1.113      0.769289
   1.117      0.768095
   1.121      0.766898
   1.124      0.765699
   1.128      0.764497
   1.131      0.763293
   1.135      0.762086
   1.139      0.760877
   1.142      0.759665
   1.146      0.758451
   1.150      0.757234
   1.153      0.756016
   1.157      0.754795
   1.161      0.753573
   1.164      0.752348
   1.168      0.751122
   1.171      0.749893
   1.175      0.748663
   1.179      0.747432
   1.182      0.746198
   1.186      0.744963
   1.190      0.743727
   1.193      0.742489
   1.197      0.741250
   1.201      0.740009
   1.204      0.738767
   1.208      0.737524
   1.211      0.736280
   1.215      0.735035
   1.219      0.733789
   1.222      0.732542
   1.226      0.731294
   1.230      0.730045
   1.233      0.728795
   1.237      0.727545
   1.241      0.726294
   1.244      0.725042
   1.248      0.723790
   1.252      0.722537
   1.255      0.721284
   1.259      0.720031
   1.262      0.718777
   1.266      0.717523
   1.270      0.716268
   1.273      0.715014
   1.277      0.713759
   1.281      0.712504
   1.284      0.711249
   1.288      0.709995
   1.292      0.708740
   1.295      0.707485
   1.299      0.706231
   1.302      0.704976
   1.306      0.703722
   1.310      0.702469
   1.313      0.701215
   1.317      0.699962
   1.321      0.698710
   1.324      0.697457
   1.328      0.696206
   1.332      0.694955
   1.335      0.693704
   1.339      0.692454
   1.342      0.691205
   1.346      0.689957
   1.350      0.688709
   1.353      0.687462
   1.357      0.686216
   1.361      0.684970
   1.364      0.683726
   1.368      0.682483
   1.372      0.681240
   1.375      0.679999
   1.379      0.678758
   1.382      0.677519
   1.386      0.676281
   1.390      0.675043
   1.393      0.673807
   1.397      0.672573
   1.401      0.671339
   1.404      0.670107
   1.408      0.668876
   1.412      0.667646
   1.415      0.666418
   1.419      0.665191
   1.422      0.663966
   1.426      0.662742
   1.430      0.661519
   1.433      0.660298
   1.437      0.659078
   1.441      0.657860
   1.444      0.656644
   1.448      0.655429
   1.452      0.654216
   1.455      0.653004
   1.459      0.651794
   1.463      0.650586
   1.466      0.649380
   1.470      0.648175
   1.473      0.646972
   1.477      0.645771
   1.481      0.644571
   1.484      0.643374
   1.488      0.642178
   1.492      0.640984
   1.495      0.639793
   1.499      0.638603
   1.503      0.637414
   1.506      0.636228
   1.510      0.635044
   1.513      0.633862
   1.517      0.632682
   1.521      0.631504
   1.524      0.630328
   1.528      0.629153
   1.532      0.627981
   1.535      0.626812
   1.539      0.625644
   1.543      0.624478
   1.546      0.623315
   1.550      0.622153
   1.553      0.620994
   1.557      0.619837
   1.561      0.618682
   1.564      0.617529
   1.568      0.616379
   1.572      0.615231
   1.575      0.614085
   1.579      0.612941
   1.583      0.611799
   1.586      0.610660
   1.590      0.609523
   1.593      0.608389
   1.597      0.607256
   1.601      0.606126
   1.604      0.604999
   1.608      0.603874
   1.612      0.602751
   1.615      0.601630
   1.619      0.600512
   1.623      0.599396
   1.626      0.598283
   1.630      0.597171
   1.634      0.596063
   1.637      0.594957
   1.641      0.593853
   1.644      0.592751
   1.648      0.591652
   1.652      0.590556
   1.655      0.589462
   1.659      0.588370
   1.663      0.587281
   1.666      0.586194
   1.670      0.585110
   1.674      0.584028
   1.677      0.582949
   1.681      0.581872
   1.684      0.580798
   1.688      0.579726
   1.692      0.578657
   1.695      0.577590
   1.699      0.576526
   1.703      0.575464
   1.706      0.574404
   1.710      0.573348
   1.714      0.572294
   1.717      0.571242
   1.721      0.570193
   1.724      0.569146
   1.728      0.568102
   1.732      0.567060
   1.735      0.566021
   1.739      0.564985
   1.743      0.563951
   1.746      0.562920
   1.750      0.561891
   1.754      0.560864
   1.757      0.559841
   1.761      0.558819
   1.764      0.557801
   1.768      0.556785
   1.772      0.555771
   1.775      0.554760
   1.779      0.553752
   1.783      0.552746
   1.786      0.551743
   1.790      0.550742
   1.794      0.549744
   1.797      0.548748
   1.801      0.547755
   1.804      0.546764
   1.808      0.545777
   1.812      0.544791
   1.815      0.543808
   1.819      0.542828
   1.823      0.541850
   1.826      0.540875
   1.830      0.539902
   1.834      0.538932
   1.837      0.537965
   1.841      0.537000
   1.845      0.536037
   1.848      0.535077
   1.852      0.534120
   1.855      0.533165
   1.859      0.532213
   1.863      0.531263
   1.866      0.530316
   1.870      0.529371
   1.874      0.528429
   1.877      0.527489
   1.881      0.526552
   1.885      0.525618
   1.888      0.524686
   1.892      0.523756
   1.895      0.522829
   1.899      0.521904
   1.903      0.520982
   1.906      0.520063
   1.910      0.519146
   1.914      0.518231
   1.917      0.517319
   1.921      0.516410
   1.925      0.515502
   1.928      0.514598
   1.932      0.513696
   1.935      0.512796
   1.939      0.511899
   1.943      0.511004
   1.946      0.510112
   1.950      0.509222
   1.954      0.508335
   1.957      0.507450
   1.961      0.506567
   1.965      0.505687
   1.968      0.504810
   1.972      0.503935
   1.975      0.503062
   1.979      0.502192
   1.983      0.501324
   1.986      0.500459
   1.990      0.499596
   1.994      0.498735
   1.997      0.497877
   2.001      0.497021
   2.005      0.496167
   2.008      0.495316
   2.012      0.494468
   2.016      0.493622
   2.019      0.492778
   2.023      0.491936
   2.026      0.491097
   2.030      0.490260
   2.034      0.489426
   2.037      0.488594
   2.041      0.487764
   2.045      0.486936
   2.048      0.486111
   2.052      0.485289
   2.056      0.484468
   2.059      0.483650
   2.063      0.482834
   2.066      0.482021
   2.070      0.481210
   2.074      0.480401
   2.077      0.479594
   2.081      0.478790
   2.085      0.477988
   2.088      0.477188
   2.092      0.476391
   2.096      0.475595
   2.099      0.474802
   2.103      0.474012
   2.106      0.473223
   2.110      0.472437
   2.114      0.471653
   2.117      0.470871
   2.121      0.470092
   2.125      0.469314
   2.128      0.468539
   2.132      0.467766
   2.136      0.466996
   2.139      0.466227
   2.143      0.465461
   2.146      0.464697
   2.150      0.463935
   2.154      0.463175
   2.157      0.462417
   2.161      0.461662
   2.165      0.460908
   2.168      0.460157
   2.172      0.459408
   2.176      0.458661
   2.179      0.457917
   2.183      0.457174
   2.186      0.456434
   2.190      0.455695
   2.194      0.454959
   2.197      0.454225
   2.201      0.453493
   2.205      0.452763
   2.208      0.452035
   2.212      0.451309
   2.216      0.450585
   2.219      0.449864
   2.223      0.449144
   2.227      0.448426
   2.230      0.447711
   2.234      0.446997
   2.237      0.446286
   2.241      0.445576
   2.245      0.444869
   2.248      0.444164
   2.252      0.443460
   2.256      0.442759
   2.259      0.442060
   2.263      0.441362
   2.267      0.440667
   2.270      0.439974
   2.274      0.439282
   2.277      0.438593
   2.281      0.437905
   2.285      0.437220
   2.288      0.436536
   2.292      0.435854
   2.296      0.435175
   2.299      0.434497
   2.303      0.433821
   2.307      0.433147
   2.310      0.432475
   2.314      0.431805
   2.317      0.431137
   2.321      0.430471
   2.325      0.429806
   2.328      0.429144
   2.332      0.428483
   2.336      0.427825
   2.339      0.427168
   2.343      0.426513
   2.347      0.425860
   2.350      0.425208
   2.354      0.424559
   2.357      0.423911
   2.361      0.423265
   2.365      0.422622
   2.368      0.421979
   2.372      0.421339
   2.376      0.420701
   2.379      0.420064
   2.383      0.419429
   2.387      0.418796
   2.390      0.418165
   2.394      0.417535
   2.398      0.416907
   2.401      0.416281
   2.405      0.415657
   2.408      0.415035
   2.412      0.414414
   2.416      0.413795
   2.419      0.413178
   2.423      0.412562
   2.427      0.411948
   2.430      0.411336
   2.434      0.410726
   2.438      0.410117
   2.441      0.409510
   2.445      0.408905
   2.448      0.408302
   2.452      0.407700
   2.456      0.407100
   2.459      0.406501
   2.463      0.405904
   2.467      0.405309
   2.470      0.404716
   2.474      0.404124
   2.478      0.403534
   2.481      0.402945
   2.485      0.402358
   2.488      0.401773
   2.492      0.401190
   2.496      0.400608
   2.499      0.400027
   2.503      0.399448
   2.507      0.398871
   2.510      0.398296
   2.514      0.397722
   2.518      0.397149
   2.521      0.396579
   2.525      0.396009
   2.528      0.395442
   2.532      0.394876
   2.536      0.394311
   2.539      0.393748
   2.543      0.393187
   2.547      0.392627
   2.550      0.392069
   2.554      0.391512
   2.558      0.390956
   2.561      0.390403
   2.565      0.389851
   2.568      0.389300
   2.572      0.388751
   2.576      0.388203
   2.579      0.387657
   2.583      0.387112
   2.587      0.386569
   2.590      0.386027
   2.594      0.385487
   2.598      0.384948
   2.601      0.384411
   2.605      0.383875
   2.609      0.383340
   2.612      0.382808
   2.616      0.382276
   2.619      0.381746
   2.623      0.381217
   2.627      0.380690
   2.630      0.380164
   2.634      0.379640
   2.638      0.379117
   2.641      0.378596
   2.645      0.378076
   2.649      0.377557
   2.652      0.377040
   2.656      0.376524
   2.659      0.376009
   2.663      0.375496
   2.667      0.374984
   2.670      0.374474
   2.674      0.373965
   2.678      0.373457
   2.681      0.372951
   2.685      0.372446
   2.689      0.371942
   2.692      0.371440
   2.696      0.370939
   2.699      0.370439
   2.703      0.369941
   2.707      0.369444
   2.710      0.368949
   2.714      0.368454
   2.718      0.367961
   2.721      0.367470
   2.725      0.366979
   2.729      0.366490
   2.732      0.366002
   2.736      0.365516
   2.739      0.365030
   2.743      0.364547
   2.747      0.364064
   2.750      0.363582
   2.754      0.363102
   2.758      0.362623
   2.761      0.362146
   2.765      0.361669
   2.769      0.361194
   2.772      0.360720
   2.776      0.360247
   2.780      0.359776
   2.783      0.359306
   2.787      0.358837
   2.790      0.358369
   2.794      0.357902
   2.798      0.357437
   2.801      0.356973
   2.805      0.356510
   2.809      0.356048
   2.812      0.355588
   2.816      0.355128
   2.820      0.354670
   2.823      0.354213
   2.827      0.353757
   2.830      0.353302
   2.834      0.352849
   2.838      0.352397
   2.841      0.351945
   2.845      0.351495
   2.849      0.351046
   2.852      0.350599
   2.856      0.350152
   2.860      0.349707
   2.863      0.349262
   2.867      0.348819
   2.870      0.348377
   2.874      0.347936
   2.878      0.347496
   2.881      0.347057
   2.885      0.346620
   2.889      0.346183
   2.892      0.345748
   2.896      0.345313
   2.900      0.344880
   2.903      0.344448
   2.907      0.344017
   2.910      0.343587
