   0.000      0.292674
   0.004      0.292702
   0.007      0.292729
   0.011      0.292776
   0.015      0.292841
   0.018      0.292925
   0.022      0.293027
   0.026      0.293147
   0.029      0.293286
   0.033      0.293442
   0.037      0.293618
   0.040      0.293811
   0.044      0.294023
   0.048      0.294253
   0.051      0.294502
   0.055      0.294769
   0.059      0.295054
   0.062      0.295358
   0.066      0.295680
   0.070      0.296021
   0.073      0.296380
   0.077      0.296758
   0.081      0.297155
   0.084      0.297570
   0.088      0.298004
   0.092      0.298456
   0.095      0.298927
   0.099      0.299417
   0.103      0.299926
   0.106      0.300453
   0.110      0.300999
   0.114      0.301564
   0.117      0.302148
   0.121      0.302751
   0.125      0.303373
   0.128      0.304015
   0.132      0.304675
   0.136      0.305354
   0.139      0.306053
   0.143      0.306770
   0.147      0.307507
   0.150      0.308264
   0.154      0.309040
   0.158      0.309835
   0.161      0.310650
   0.165      0.311484
   0.169      0.312338
   0.172      0.313211
   0.176      0.314105
   0.180      0.315018
   0.183      0.315951
   0.187      0.316904
   0.191      0.317877
   0.194      0.318870
   0.198      0.319883
   0.202      0.320916
   0.205      0.321970
   0.209      0.323044
   0.213      0.324138
   0.216      0.325253
   0.220      0.326389
   0.224      0.327545
   0.227      0.328722
   0.231      0.329920
   0.235      0.331138
   0.238      0.332378
   0.242      0.333638
   0.246      0.334920
   0.249      0.336223
   0.253      0.337547
   0.257      0.338893
   0.260      0.340260
   0.264      0.341649
   0.268      0.343060
   0.271      0.344492
   0.275      0.345946
   0.279      0.347422
   0.282      0.348920
   0.286      0.350440
   0.290      0.351983
   0.293      0.353547
   0.297      0.355135
   0.301      0.356744
   0.304      0.358377
   0.308      0.360032
   0.312      0.361710
   0.315      0.363410
   0.319      0.365134
   0.323      0.366881
   0.326      0.368651
   0.330      0.370444
   0.334      0.372261
   0.337      0.374102
   0.341      0.375966
   0.345      0.377853
   0.348      0.379765
   0.352      0.381700
   0.356      0.383660
   0.359      0.385643
   0.363      0.387651
   0.367      0.389683
   0.370      0.391739
   0.374      0.393821
   0.378      0.395926
   0.381      0.398057
   0.385      0.400212
   0.389      0.402392
   0.392      0.404597
   0.396      0.406827
   0.400      0.409083
   0.403      0.411364
   0.407      0.413670
   0.411      0.416002
   0.414      0.418359
   0.418      0.420742
   0.422      0.423151
   0.425      0.425586
   0.429      0.428047
   0.433      0.430534
   0.436      0.433047
   0.440      0.435586
   0.444      0.438152
   0.447      0.440744
   0.451      0.443362
   0.455      0.446008
   0.458      0.448679
   0.462      0.451378
   0.466      0.454103
   0.469      0.456856
   0.473      0.459635
   0.477      0.462442
   0.480      0.465275
   0.484      0.468136
   0.488      0.471024
   0.491      0.473940
   0.495      0.476882
   0.499      0.479853
   0.502      0.482850
   0.506      0.485876
   0.510      0.488929
   0.513      0.492009
   0.517      0.495117
   0.521      0.498253
   0.524      0.501417
   0.528      0.504609
   0.532      0.507828
   0.535      0.511075
   0.539      0.514350
   0.543      0.517653
   0.546      0.520983
   0.550      0.524342
   0.554      0.527728
   0.557      0.531142
   0.561      0.534584
   0.565      0.538054
   0.568      0.541552
   0.572      0.545077
   0.576      0.548630
   0.579      0.552211
   0.583      0.555820
   0.587      0.559456
   0.590      0.563119
   0.594      0.566811
   0.598      0.570529
   0.601      0.574275
   0.605      0.578049
   0.609      0.581849
   0.612      0.585677
   0.616      0.589532
   0.620      0.593414
   0.623      0.597323
   0.627      0.601258
   0.631      0.605221
   0.634      0.609210
   0.638      0.613225
   0.642      0.617267
   0.645      0.621335
   0.649      0.625429
   0.653      0.629549
   0.656      0.633696
   0.660      0.637867
   0.664      0.642064
   0.667      0.646287
   0.671      0.650535
   0.675      0.654808
   0.678      0.659105
   0.682      0.663428
   0.686      0.667774
   0.689      0.672145
   0.693      0.676540
   0.697      0.680959
   0.700      0.685402
   0.704      0.689868
   0.708      0.694357
   0.711      0.698869
   0.715      0.703403
   0.719      0.707960
   0.722      0.712539
   0.726      0.717140
   0.730      0.721763
   0.733      0.726407
   0.737      0.731071
   0.741      0.735757
   0.744      0.740463
   0.748      0.745189
   0.752      0.749934
   0.755      0.754699
   0.759      0.759483
   0.763      0.764286
   0.766      0.769107
   0.770      0.773946
   0.774      0.778802
   0.777      0.783676
   0.781      0.788567
   0.785      0.793474
   0.788      0.798397
   0.792      0.803335
   0.796      0.808289
   0.799      0.813258
   0.803      0.818240
   0.807      0.823237
   0.810      0.828247
   0.814      0.833270
   0.818      0.838305
   0.821      0.843353
   0.825      0.848412
   0.829      0.853482
   0.832      0.858562
   0.836      0.863652
   0.840      0.868752
   0.843      0.873861
   0.847      0.878978
   0.851      0.884104
   0.854      0.889236
   0.858      0.894375
   0.862      0.899521
   0.865      0.904672
   0.869      0.909828
   0.873      0.914989
   0.876      0.920154
   0.880      0.925322
   0.884      0.930492
   0.887      0.935665
   0.891      0.940840
   0.895      0.946015
   0.898      0.951191
   0.902      0.956366
   0.906      0.961540
   0.909      0.966713
   0.913      0.971883
   0.917      0.977051
   0.920      0.982215
   0.924      0.987374
   0.928      0.992529
   0.931      0.997679
   0.935      1.002822
   0.939      1.007958
   0.942      1.013087
   0.946      1.018207
   0.950      1.023319
   0.953      1.028420
   0.957      1.033512
   0.961      1.038593
   0.964      1.043662
   0.968      1.048718
   0.972      1.053762
   0.975      1.058791
   0.979      1.063807
   0.983      1.068807
   0.986      1.073791
   0.990      1.078759
   0.994      1.083709
   0.997      1.088642
   1.001      1.093555
   1.005      1.098450
   1.008      1.103324
   1.012      1.108178
   1.016      1.113010
   1.019      1.117820
   1.023      1.122607
   1.027      1.127371
   1.030      1.132110
   1.034      1.136825
   1.038      1.141514
   1.041      1.146176
   1.045      1.150812
   1.049      1.155420
   1.052      1.160000
   1.056      1.164551
   1.060      1.169072
   1.063      1.173563
   1.067      1.178023
   1.071      1.182451
   1.074      1.186847
   1.078      1.191210
   1.082      1.195540
   1.085      1.199836
   1.089      1.204097
   1.093      1.208323
   1.096      1.212512
   1.100      1.216665
   1.104      1.220782
   1.107      1.224860
   1.111      1.228900
   1.115      1.232901
   1.118      1.236863
   1.122      1.240785
   1.126      1.244667
   1.129      1.248507
   1.133      1.252306
   1.137      1.256063
   1.140      1.259778
   1.144      1.263449
   1.148      1.267077
   1.151      1.270660
   1.155      1.274200
   1.159      1.277694
   1.162      1.281143
   1.166      1.284547
   1.170      1.287904
   1.173      1.291214
   1.177      1.294478
   1.181      1.297694
   1.184      1.300862
   1.188      1.303982
   1.192      1.307053
   1.195      1.310076
   1.199      1.313050
   1.203      1.315974
   1.206      1.318848
   1.210      1.321672
   1.214      1.324445
   1.217      1.327168
   1.221      1.329840
   1.225      1.332461
   1.228      1.335031
   1.232      1.337549
   1.236      1.340014
   1.239      1.342428
   1.243      1.344790
   1.247      1.347099
   1.250      1.349356
   1.254      1.351560
   1.258      1.353711
   1.261      1.355808
   1.265      1.357853
   1.269      1.359845
   1.272      1.361783
   1.276      1.363668
   1.280      1.365499
   1.283      1.367277
   1.287      1.369001
   1.291      1.370672
   1.294      1.372289
   1.298      1.373852
   1.302      1.375362
   1.305      1.376818
   1.309      1.378221
   1.313      1.379569
   1.316      1.380865
   1.320      1.382107
   1.324      1.383295
   1.327      1.384430
   1.331      1.385512
   1.335      1.386541
   1.338      1.387517
   1.342      1.388440
   1.346      1.389310
   1.349      1.390127
   1.353      1.390892
   1.357      1.391604
   1.360      1.392265
   1.364      1.392873
   1.368      1.393430
   1.371      1.393935
   1.375      1.394388
   1.379      1.394791
   1.382      1.395142
   1.386      1.395443
   1.390      1.395693
   1.393      1.395893
   1.397      1.396043
   1.401      1.396143
   1.404      1.396194
   1.408      1.396195
   1.412      1.396148
   1.415      1.396051
   1.419      1.395907
   1.423      1.395714
   1.426      1.395474
   1.430      1.395187
   1.434      1.394852
   1.437      1.394470
   1.441      1.394042
   1.445      1.393568
   1.448      1.393048
   1.452      1.392483
   1.456      1.391872
   1.459      1.391217
   1.463      1.390518
   1.467      1.389774
   1.470      1.388987
   1.474      1.388157
   1.478      1.387283
   1.481      1.386367
   1.485      1.385410
   1.489      1.384410
   1.492      1.383369
   1.496      1.382287
   1.500      1.381164
   1.503      1.380001
   1.507      1.378798
   1.511      1.377556
   1.514      1.376275
   1.518      1.374956
   1.522      1.373598
   1.525      1.372202
   1.529      1.370769
   1.533      1.369299
   1.536      1.367793
   1.540      1.366250
   1.544      1.364672
   1.547      1.363058
   1.551      1.361409
   1.555      1.359726
   1.558      1.358009
   1.562      1.356258
   1.566      1.354474
   1.569      1.352657
   1.573      1.350808
   1.577      1.348926
   1.580      1.347013
   1.584      1.345069
   1.588      1.343094
   1.591      1.341089
   1.595      1.339054
   1.599      1.336989
   1.602      1.334895
   1.606      1.332772
   1.610      1.330621
   1.613      1.328443
   1.617      1.326236
   1.621      1.324003
   1.624      1.321743
   1.628      1.319456
   1.632      1.317144
   1.635      1.314807
   1.639      1.312444
   1.643      1.310056
   1.646      1.307644
   1.650      1.305209
   1.654      1.302749
   1.657      1.300267
   1.661      1.297762
   1.665      1.295234
   1.668      1.292685
   1.672      1.290114
   1.676      1.287521
   1.679      1.284908
   1.683      1.282274
   1.687      1.279621
   1.690      1.276947
   1.694      1.274254
   1.698      1.271542
   1.701      1.268811
   1.705      1.266062
   1.709      1.263295
   1.712      1.260510
   1.716      1.257708
   1.720      1.254889
   1.723      1.252054
   1.727      1.249202
   1.731      1.246334
   1.734      1.243451
   1.738      1.240552
   1.742      1.237639
   1.745      1.234710
   1.749      1.231768
   1.753      1.228812
   1.756      1.225841
   1.760      1.222858
   1.764      1.219862
   1.767      1.216852
   1.771      1.213831
   1.775      1.210797
   1.778      1.207751
   1.782      1.204694
   1.786      1.201626
   1.789      1.198546
   1.793      1.195456
   1.797      1.192356
   1.800      1.189245
   1.804      1.186125
   1.808      1.182995
   1.811      1.179856
   1.815      1.176707
   1.819      1.173550
   1.822      1.170385
   1.826      1.167211
   1.830      1.164029
   1.833      1.160840
   1.837      1.157643
   1.841      1.154439
   1.844      1.151227
   1.848      1.148009
   1.852      1.144785
   1.855      1.141554
   1.859      1.138318
   1.863      1.135075
   1.866      1.131827
   1.870      1.128574
   1.874      1.125315
   1.877      1.122052
   1.881      1.118784
   1.885      1.115511
   1.888      1.112234
   1.892      1.108953
   1.896      1.105668
   1.899      1.102380
   1.903      1.099088
   1.907      1.095793
   1.910      1.092495
   1.914      1.089194
   1.918      1.085891
   1.921      1.082584
   1.925      1.079276
   1.929      1.075966
   1.932      1.072653
   1.936      1.069339
   1.940      1.066024
   1.943      1.062707
   1.947      1.059389
   1.951      1.056069
   1.954      1.052749
   1.958      1.049428
   1.962      1.046107
   1.965      1.042785
   1.969      1.039463
   1.973      1.036141
   1.976      1.032820
   1.980      1.029498
   1.984      1.026177
   1.987      1.022856
   1.991      1.019536
   1.995      1.016217
   1.998      1.012898
   2.002      1.009581
   2.006      1.006265
   2.009      1.002951
   2.013      0.999638
   2.017      0.996327
   2.020      0.993017
   2.024      0.989710
   2.028      0.986404
   2.031      0.983101
   2.035      0.979800
   2.039      0.976501
   2.042      0.973205
   2.046      0.969911
   2.050      0.966620
   2.053      0.963333
   2.057      0.960048
   2.061      0.956766
   2.064      0.953487
   2.068      0.950212
   2.072      0.946940
   2.075      0.943671
   2.079      0.940407
   2.083      0.937145
   2.086      0.933888
   2.090      0.930635
   2.094      0.927385
   2.097      0.924140
   2.101      0.920899
   2.105      0.917662
   2.108      0.914430
   2.112      0.911202
   2.116      0.907978
   2.119      0.904759
   2.123      0.901545
   2.127      0.898336
   2.130      0.895132
   2.134      0.891932
   2.138      0.888737
   2.141      0.885548
   2.145      0.882364
   2.149      0.879185
   2.152      0.876011
   2.156      0.872843
   2.160      0.869680
   2.163      0.866523
   2.167      0.863371
   2.171      0.860225
   2.174      0.857085
   2.178      0.853950
   2.182      0.850822
   2.185      0.847699
   2.189      0.844582
   2.193      0.841471
   2.196      0.838367
   2.200      0.835268
   2.204      0.832176
   2.207      0.829090
   2.211      0.826010
   2.215      0.822937
   2.218      0.819870
   2.222      0.816809
   2.226      0.813755
   2.229      0.810707
   2.233      0.807667
   2.237      0.804632
   2.240      0.801605
   2.244      0.798584
   2.248      0.795570
   2.251      0.792563
   2.255      0.789562
   2.259      0.786569
   2.262      0.783582
   2.266      0.780603
   2.270      0.777630
   2.273      0.774664
   2.277      0.771706
   2.281      0.768755
   2.284      0.765811
   2.288      0.762874
   2.292      0.759944
   2.295      0.757021
   2.299      0.754106
   2.303      0.751198
   2.306      0.748298
   2.310      0.745404
   2.314      0.742518
   2.317      0.739640
   2.321      0.736769
   2.325      0.733906
   2.328      0.731050
   2.332      0.728201
   2.336      0.725360
   2.339      0.722527
   2.343      0.719701
   2.347      0.716883
   2.350      0.714072
   2.354      0.711269
   2.358      0.708474
   2.361      0.705686
   2.365      0.702906
   2.369      0.700134
   2.372      0.697370
   2.376      0.694613
   2.380      0.691864
   2.383      0.689123
   2.387      0.686389
   2.391      0.683664
   2.394      0.680946
   2.398      0.678236
   2.402      0.675534
   2.405      0.672840
   2.409      0.670153
   2.413      0.667475
   2.416      0.664804
   2.420      0.662141
   2.424      0.659486
   2.427      0.656839
   2.431      0.654200
   2.435      0.651569
   2.438      0.648946
   2.442      0.646330
   2.446      0.643723
   2.449      0.641124
   2.453      0.638532
   2.457      0.635949
   2.460      0.633373
   2.464      0.630805
   2.468      0.628246
   2.471      0.625694
   2.475      0.623150
   2.479      0.620614
   2.482      0.618087
   2.486      0.615567
   2.490      0.613055
   2.493      0.610551
   2.497      0.608055
   2.501      0.605567
   2.504      0.603087
   2.508      0.600615
   2.512      0.598151
   2.515      0.595695
   2.519      0.593246
   2.523      0.590806
   2.526      0.588374
   2.530      0.585949
   2.534      0.583533
   2.537      0.581124
   2.541      0.578724
   2.545      0.576331
   2.548      0.573947
   2.552      0.571570
   2.556      0.569201
   2.559      0.566840
   2.563      0.564487
   2.567      0.562141
   2.570      0.559804
   2.574      0.557475
   2.578      0.555153
   2.581      0.552839
   2.585      0.550533
   2.589      0.548235
   2.592      0.545945
   2.596      0.543663
   2.600      0.541388
   2.603      0.539121
   2.607      0.536862
   2.611      0.534611
   2.614      0.532368
   2.618      0.530132
   2.622      0.527904
   2.625      0.525684
   2.629      0.523472
   2.633      0.521267
   2.636      0.519070
   2.640      0.516881
   2.644      0.514699
   2.647      0.512525
   2.651      0.510359
   2.655      0.508200
   2.658      0.506049
   2.662      0.503906
   2.666      0.501770
   2.669      0.499642
   2.673      0.497521
   2.677      0.495408
   2.680      0.493303
   2.684      0.491205
   2.688      0.489114
   2.691      0.487032
   2.695      0.484956
   2.699      0.482888
   2.702      0.480828
   2.706      0.478775
   2.710      0.476729
   2.713      0.474691
   2.717      0.472661
   2.721      0.470637
   2.724      0.468622
   2.728      0.466613
   2.732      0.464612
   2.735      0.462618
   2.739      0.460631
   2.743      0.458652
   2.746      0.456680
   2.750      0.454716
   2.754      0.452758
   2.757      0.450808
   2.761      0.448865
   2.765      0.446929
   2.768      0.445001
   2.772      0.443079
   2.776      0.441165
   2.779      0.439258
   2.783      0.437358
   2.787      0.435465
   2.790      0.433579
   2.794      0.431701
   2.798      0.429829
   2.801      0.427964
   2.805      0.426107
   2.809      0.424256
   2.812      0.422412
   2.816      0.420576
   2.820      0.418746
   2.823      0.416923
   2.827      0.415107
   2.831      0.413298
   2.834      0.411496
   2.838      0.409700
   2.842      0.407912
   2.845      0.406130
   2.849      0.404355
   2.853      0.402587
   2.856      0.400826
   2.860      0.399071
   2.864      0.397323
   2.867      0.395582
   2.871      0.393848
   2.875      0.392120
   2.878      0.390399
   2.882      0.388684
   2.886      0.386976
   2.889      0.385275
   2.893      0.383580
   2.897      0.381892
   2.900      0.380210
   2.904      0.378535
   2.908      0.376866
   2.911      0.375204
   2.915      0.373548
   2.919      0.371899
   2.922      0.370256
   2.926      0.368619
   2.930      0.366989
   2.933      0.365365
   2.937      0.363748
   2.941      0.362137
   2.944      0.360532
   2.948      0.358934
   2.952      0.357341
   2.955      0.355755
   2.959      0.354175
   2.963      0.352602
   2.966      0.351034
   2.970      0.349473
   2.974      0.347918
   2.977      0.346369
   2.981      0.344826
   2.985      0.343289
   2.988      0.341759
   2.992      0.340234
   2.996      0.338715
   2.999      0.337203
   3.003      0.335696
   3.007      0.334195
   3.010      0.332701
   3.014      0.331212
   3.018      0.329729
   3.021      0.328252
   3.025      0.326781
   3.029      0.325316
   3.032      0.323856
   3.036      0.322402
   3.040      0.320955
   3.043      0.319513
   3.047      0.318076
   3.051      0.316646
   3.054      0.315221
   3.058      0.313802
   3.062      0.312388
   3.065      0.310980
   3.069      0.309578
   3.073      0.308182
   3.076      0.306791
   3.080      0.305405
   3.084      0.304026
   3.087      0.302651
   3.091      0.301283
   3.095      0.299919
   3.098      0.298562
   3.102      0.297209
   3.106      0.295863
   3.109      0.294521
   3.113      0.293185
   3.117      0.291854
   3.120      0.290529
   3.124      0.289209
   3.128      0.287895
   3.131      0.286586
   3.135      0.285282
   3.139      0.283983
   3.142      0.282689
   3.146      0.281401
   3.150      0.280118
   3.153      0.278841
   3.157      0.277568
   3.161      0.276300
   3.164      0.275038
   3.168      0.273781
   3.172      0.272529
   3.175      0.271282
   3.179      0.270040
   3.183      0.268803
   3.186      0.267571
   3.190      0.266345
   3.194      0.265123
   3.197      0.263906
   3.201      0.262694
   3.205      0.261487
   3.208      0.260285
   3.212      0.259088
   3.216      0.257896
   3.219      0.256708
   3.223      0.255526
   3.227      0.254348
   3.230      0.253175
   3.234      0.252007
   3.238      0.250844
   3.241      0.249685
   3.245      0.248531
   3.249      0.247382
   3.252      0.246238
   3.256      0.245098
   3.260      0.243963
   3.263      0.242832
   3.267      0.241707
   3.271      0.240585
   3.274      0.239469
   3.278      0.238357
   3.282      0.237249
   3.285      0.236146
   3.289      0.235048
   3.293      0.233954
   3.296      0.232865
   3.300      0.231780
   3.304      0.230699
   3.307      0.229623
   3.311      0.228552
   3.315      0.227485
   3.318      0.226422
   3.322      0.225363
   3.326      0.224309
   3.329      0.223259
   3.333      0.222214
   3.337      0.221173
   3.340      0.220136
   3.344      0.219103
   3.348      0.218075
   3.351      0.217051
   3.355      0.216031
   3.359      0.215015
   3.362      0.214004
   3.366      0.212996
   3.370      0.211993
   3.373      0.210994
   3.377      0.209999
   3.381      0.209008
   3.384      0.208021
   3.388      0.207039
   3.392      0.206060
   3.395      0.205085
   3.399      0.204115
   3.403      0.203148
   3.406      0.202185
   3.410      0.201227
   3.414      0.200272
   3.417      0.199321
   3.421      0.198374
   3.425      0.197431
   3.428      0.196492
   3.432      0.195557
   3.436      0.194626
   3.439      0.193698
   3.443      0.192775
   3.447      0.191855
   3.450      0.190939
   3.454      0.190026
   3.458      0.189118
   3.461      0.188213
   3.465      0.187312
   3.469      0.186415
   3.472      0.185521
   3.476      0.184631
   3.480      0.183745
   3.483      0.182862
   3.487      0.181983
   3.491      0.181108
   3.494      0.180236
   3.498      0.179368
   3.502      0.178503
   3.505      0.177642
   3.509      0.176785
   3.513      0.175931
   3.516      0.175080
   3.520      0.174234
   3.524      0.173390
   3.527      0.172550
   3.531      0.171714
   3.535      0.170881
   3.538      0.170051
   3.542      0.169225
   3.546      0.168402
   3.549      0.167583
   3.553      0.166767
   3.557      0.165954
   3.560      0.165145
   3.564      0.164339
   3.568      0.163536
   3.571      0.162737
   3.575      0.161941
   3.579      0.161148
   3.582      0.160358
   3.586      0.159572
   3.590      0.158789
   3.593      0.158009
   3.597      0.157233
   3.601      0.156459
   3.604      0.155689
   3.608      0.154922
   3.612      0.154158
   3.615      0.153397
   3.619      0.152639
   3.623      0.151885
   3.626      0.151133
   3.630      0.150385
   3.634      0.149640
   3.637      0.148897
   3.641      0.148158
   3.645      0.147422
   3.648      0.146689
   3.652      0.145959
   3.656      0.145232
   3.659      0.144507
   3.663      0.143786
   3.667      0.143068
   3.670      0.142353
   3.674      0.141640
   3.678      0.140931
   3.681      0.140224
   3.685      0.139520
   3.689      0.138820
   3.692      0.138122
   3.696      0.137427
   3.700      0.136734
   3.703      0.136045
   3.707      0.135358
   3.711      0.134674
   3.714      0.133993
   3.718      0.133315
   3.722      0.132639
   3.725      0.131967
   3.729      0.131297
   3.733      0.130629
   3.736      0.129965
   3.740      0.129303
   3.744      0.128644
   3.747      0.127987
   3.751      0.127333
   3.755      0.126682
   3.758      0.126034
   3.762      0.125388
   3.766      0.124745
   3.769      0.124104
   3.773      0.123466
   3.777      0.122830
   3.780      0.122197
   3.784      0.121567
   3.788      0.120939
   3.791      0.120314
   3.795      0.119691
   3.799      0.119071
   3.802      0.118453
   3.806      0.117838
   3.810      0.117225
   3.813      0.116615
   3.817      0.116007
   3.821      0.115402
   3.824      0.114799
   3.828      0.114198
   3.832      0.113600
   3.835      0.113004
   3.839      0.112411
   3.843      0.111820
   3.846      0.111231
   3.850      0.110645
   3.854      0.110061
   3.857      0.109480
   3.861      0.108901
   3.865      0.108324
   3.868      0.107749
   3.872      0.107177
   3.876      0.106607
   3.879      0.106039
   3.883      0.105474
   3.887      0.104910
   3.890      0.104350
   3.894      0.103791
   3.898      0.103234
   3.901      0.102680
   3.905      0.102128
   3.909      0.101578
   3.912      0.101030
   3.916      0.100485
   3.920      0.099941
   3.923      0.099400
   3.927      0.098861
   3.931      0.098324
   3.934      0.097789
   3.938      0.097256
   3.942      0.096726
   3.945      0.096197
   3.949      0.095671
   3.953      0.095146
   3.956      0.094624
   3.960      0.094104
   3.964      0.093586
   3.967      0.093069
   3.971      0.092555
   3.975      0.092043
   3.978      0.091533
   3.982      0.091025
   3.986      0.090518
   3.989      0.090014
   3.993      0.089512
   3.997      0.089012
   4.000      0.088513
   4.004      0.088017
   4.008      0.087522
   4.011      0.087030
   4.015      0.086539
   4.019      0.086050
   4.022      0.085564
   4.026      0.085079
   4.030      0.084595
   4.033      0.084114
   4.037      0.083635
   4.041      0.083157
   4.044      0.082682
   4.048      0.082208
   4.052      0.081736
   4.055      0.081265
   4.059      0.080797
   4.063      0.080330
   4.066      0.079865
   4.070      0.079402
   4.074      0.078941
   4.077      0.078482
   4.081      0.078024
   4.085      0.077568
   4.088      0.077113
   4.092      0.076661
   4.096      0.076210
   4.099      0.075761
   4.103      0.075313
   4.107      0.074867
   4.110      0.074423
   4.114      0.073981
   4.118      0.073540
   4.121      0.073101
   4.125      0.072663
   4.129      0.072228
   4.132      0.071793
   4.136      0.071361
   4.140      0.070930
   4.143      0.070501
   4.147      0.070073
   4.151      0.069647
   4.154      0.069222
   4.158      0.068799
   4.162      0.068378
   4.165      0.067958
   4.169      0.067539
   4.173      0.067123
   4.176      0.066707
   4.180      0.066294
   4.184      0.065882
   4.187      0.065471
   4.191      0.065062
   4.195      0.064654
   4.198      0.064248
   4.202      0.063843
   4.206      0.063440
   4.209      0.063038
   4.213      0.062638
   4.217      0.062239
   4.220      0.061842
   4.224      0.061446
   4.228      0.061051
   4.231      0.060658
   4.235      0.060267
   4.239      0.059876
   4.242      0.059487
   4.246      0.059100
   4.250      0.058714
   4.253      0.058329
   4.257      0.057946
   4.261      0.057564
   4.264      0.057183
   4.268      0.056804
   4.272      0.056426
   4.275      0.056050
   4.279      0.055674
   4.283      0.055300
   4.286      0.054928
   4.290      0.054557
   4.294      0.054187
   4.297      0.053818
   4.301      0.053450
   4.305      0.053084
   4.308      0.052719
   4.312      0.052356
   4.316      0.051994
   4.319      0.051632
   4.323      0.051273
   4.327      0.050914
   4.330      0.050557
   4.334      0.050201
   4.338      0.049846
   4.341      0.049492
   4.345      0.049139
   4.349      0.048788
   4.352      0.048438
   4.356      0.048089
   4.360      0.047741
   4.363      0.047395
   4.367      0.047050
   4.371      0.046705
   4.374      0.046362
   4.378      0.046020
   4.382      0.045680
   4.385      0.045340
   4.389      0.045001
   4.393      0.044664
   4.396      0.044328
   4.400      0.043993
   4.404      0.043659
   4.407      0.043326
   4.411      0.042994
   4.415      0.042663
   4.418      0.042333
   4.422      0.042005
   4.426      0.041677
   4.429      0.041351
   4.433      0.041025
   4.437      0.040701
   4.440      0.040378
   4.444      0.040055
   4.448      0.039734
   4.451      0.039414
   4.455      0.039095
   4.459      0.038776
   4.462      0.038459
   4.466      0.038143
   4.470      0.037828
   4.473      0.037514
   4.477      0.037200
   4.481      0.036888
   4.484      0.036577
   4.488      0.036267
   4.492      0.035957
   4.495      0.035649
   4.499      0.035341
   4.503      0.035035
   4.506      0.034729
   4.510      0.034425
   4.514      0.034121
   4.517      0.033818
   4.521      0.033516
   4.525      0.033215
   4.528      0.032915
   4.532      0.032616
   4.536      0.032318
   4.539      0.032021
   4.543      0.031724
   4.547      0.031429
   4.550      0.031134
   4.554      0.030840
   4.558      0.030547
   4.561      0.030255
   4.565      0.029964
   4.569      0.029673
   4.572      0.029384
   4.576      0.029095
   4.580      0.028807
   4.583      0.028520
   4.587      0.028234
   4.591      0.027948
   4.594      0.027664
   4.598      0.027380
   4.602      0.027097
   4.605      0.026815
   4.609      0.026533
   4.613      0.026252
   4.616      0.025973
   4.620      0.025693
   4.624      0.025415
   4.627      0.025138
   4.631      0.024861
   4.635      0.024585
   4.638      0.024309
   4.642      0.024035
   4.646      0.023761
   4.649      0.023488
   4.653      0.023215
   4.657      0.022944
   4.660      0.022673
   4.664      0.022403
   4.668      0.022133
   4.671      0.021864
   4.675      0.021596
   4.679      0.021329
   4.682      0.021062
   4.686      0.020796
   4.690      0.020531
   4.693      0.020266
   4.697      0.020002
   4.701      0.019739
   4.704      0.019476
   4.708      0.019214
   4.712      0.018953
   4.715      0.018692
   4.719      0.018432
   4.723      0.018173
   4.726      0.017914
   4.730      0.017656
   4.734      0.017398
   4.737      0.017141
   4.741      0.016885
   4.745      0.016629
   4.748      0.016374
   4.752      0.016120
   4.756      0.015866
   4.759      0.015613
   4.763      0.015360
   4.767      0.015108
   4.770      0.014856
   4.774      0.014605
   4.778      0.014355
   4.781      0.014105
   4.785      0.013856
   4.789      0.013607
   4.792      0.013359
   4.796      0.013112
   4.800      0.012865
   4.803      0.012618
   4.807      0.012372
   4.811      0.012127
   4.814      0.011882
   4.818      0.011637
   4.822      0.011394
   4.825      0.011150
   4.829      0.010907
   4.833      0.010665
   4.836      0.010423
   4.840      0.010182
   4.844      0.009941
   4.847      0.009701
   4.851      0.009461
   4.855      0.009222
   4.858      0.008983
   4.862      0.008745
   4.866      0.008507
   4.869      0.008269
   4.873      0.008032
   4.877      0.007796
   4.880      0.007560
   4.884      0.007324
   4.888      0.007089
   4.891      0.006854
   4.895      0.006620
   4.899      0.006386
   4.902      0.006153
   4.906      0.005920
   4.910      0.005687
   4.913      0.005455
   4.917      0.005223
   4.921      0.004992
   4.924      0.004761
   4.928      0.004531
   4.932      0.004301
   4.935      0.004071
   4.939      0.003842
   4.943      0.003613
   4.946      0.003384
   4.950      0.003156
   4.954      0.002928
   4.957      0.002701
   4.961      0.002474
   4.965      0.002247
   4.968      0.002021
   4.972      0.001795
   4.976      0.001569
   4.979      0.001344
   4.983      0.001119
   4.987      0.000895
   4.990      0.000671
   4.994      0.000447
   4.998      0.000223
   5.001      0.000000
