   0.000     -0.000281
   0.004      0.000141
   0.008      0.000563
   0.011      0.001266
   0.015      0.002250
   0.019      0.003515
   0.023      0.005061
   0.026      0.006886
   0.030      0.008992
   0.034      0.011377
   0.038      0.014041
   0.041      0.016984
   0.045      0.020204
   0.049      0.023701
   0.053      0.027475
   0.057      0.031524
   0.060      0.035847
   0.064      0.040444
   0.068      0.045314
   0.072      0.050456
   0.075      0.055868
   0.079      0.061550
   0.083      0.067500
   0.087      0.073717
   0.090      0.080199
   0.094      0.086946
   0.098      0.093956
   0.102      0.101226
   0.105      0.108756
   0.109      0.116545
   0.113      0.124589
   0.117      0.132889
   0.121      0.141441
   0.124      0.150244
   0.128      0.159296
   0.132      0.168595
   0.136      0.178139
   0.139      0.187926
   0.143      0.197954
   0.147      0.208220
   0.151      0.218723
   0.154      0.229460
   0.158      0.240429
   0.162      0.251627
   0.166      0.263052
   0.170      0.274702
   0.173      0.286574
   0.177      0.298664
   0.181      0.310972
   0.185      0.323493
   0.188      0.336226
   0.192      0.349167
   0.196      0.362313
   0.200      0.375663
   0.203      0.389212
   0.207      0.402957
   0.211      0.416897
   0.215      0.431027
   0.218      0.445345
   0.222      0.459847
   0.226      0.474531
   0.230      0.489392
   0.234      0.504428
   0.237      0.519635
   0.241      0.535011
   0.245      0.550551
   0.249      0.566252
   0.252      0.582111
   0.256      0.598125
   0.260      0.614289
   0.264      0.630600
   0.267      0.647054
   0.271      0.663648
   0.275      0.680379
   0.279      0.697242
   0.282      0.714233
   0.286      0.731350
   0.290      0.748587
   0.294      0.765942
   0.298      0.783410
   0.301      0.800988
   0.305      0.818672
   0.309      0.836457
   0.313      0.854340
   0.316      0.872317
   0.320      0.890383
   0.324      0.908535
   0.328      0.926769
   0.331      0.945081
   0.335      0.963466
   0.339      0.981921
   0.343      1.000441
   0.347      1.019022
   0.350      1.037660
   0.354      1.056352
   0.358      1.075092
   0.362      1.093876
   0.365      1.112701
   0.369      1.131562
   0.373      1.150455
   0.377      1.169376
   0.380      1.188321
   0.384      1.207285
   0.388      1.226263
   0.392      1.245253
   0.395      1.264250
   0.399      1.283248
   0.403      1.302245
   0.407      1.321236
   0.411      1.340217
   0.414      1.359183
   0.418      1.378130
   0.422      1.397055
   0.426      1.415952
   0.429      1.434817
   0.433      1.453648
   0.437      1.472438
   0.441      1.491184
   0.444      1.509882
   0.448      1.528528
   0.452      1.547118
   0.456      1.565646
   0.460      1.584110
   0.463      1.602506
   0.467      1.620828
   0.471      1.639074
   0.475      1.657238
   0.478      1.675318
   0.482      1.693308
   0.486      1.711205
   0.490      1.729006
   0.493      1.746706
   0.497      1.764300
   0.501      1.781787
   0.505      1.799160
   0.508      1.816417
   0.512      1.833555
   0.516      1.850568
   0.520      1.867453
   0.524      1.884207
   0.527      1.900826
   0.531      1.917307
   0.535      1.933645
   0.539      1.949837
   0.542      1.965880
   0.546      1.981770
   0.550      1.997503
   0.554      2.013077
   0.557      2.028487
   0.561      2.043731
   0.565      2.058805
   0.569      2.073706
   0.573      2.088431
   0.576      2.102976
   0.580      2.117338
   0.584      2.131515
   0.588      2.145503
   0.591      2.159299
   0.595      2.172900
   0.599      2.186303
   0.603      2.199506
   0.606      2.212505
   0.610      2.225298
   0.614      2.237882
   0.618      2.250255
   0.621      2.262413
   0.625      2.274355
   0.629      2.286077
   0.633      2.297577
   0.637      2.308853
   0.640      2.319902
   0.644      2.330722
   0.648      2.341311
   0.652      2.351666
   0.655      2.361786
   0.659      2.371668
   0.663      2.381310
   0.667      2.390710
   0.670      2.399867
   0.674      2.408778
   0.678      2.417441
   0.682      2.425854
   0.686      2.434017
   0.689      2.441927
   0.693      2.449583
   0.697      2.456982
   0.701      2.464124
   0.704      2.471008
   0.708      2.477630
   0.712      2.483992
   0.716      2.490090
   0.719      2.495924
   0.723      2.501492
   0.727      2.506795
   0.731      2.511829
   0.735      2.516595
   0.738      2.521092
   0.742      2.525318
   0.746      2.529273
   0.750      2.532955
   0.753      2.536366
   0.757      2.539502
   0.761      2.542365
   0.765      2.544953
   0.768      2.547266
   0.772      2.549304
   0.776      2.551065
   0.780      2.552551
   0.783      2.553759
   0.787      2.554692
   0.791      2.555347
   0.795      2.555725
   0.799      2.555826
   0.802      2.555650
   0.806      2.555197
   0.810      2.554467
   0.814      2.553460
   0.817      2.552177
   0.821      2.550617
   0.825      2.548782
   0.829      2.546670
   0.832      2.544284
   0.836      2.541623
   0.840      2.538687
   0.844      2.535478
   0.848      2.531996
   0.851      2.528242
   0.855      2.524216
   0.859      2.519919
   0.863      2.515352
   0.866      2.510516
   0.870      2.505412
   0.874      2.500041
   0.878      2.494403
   0.881      2.488501
   0.885      2.482334
   0.889      2.475904
   0.893      2.469213
   0.896      2.462262
   0.900      2.455051
   0.904      2.447583
   0.908      2.439859
   0.912      2.431879
   0.915      2.423647
   0.919      2.415162
   0.923      2.406428
   0.927      2.397444
   0.930      2.388214
   0.934      2.378739
   0.938      2.369020
   0.942      2.359060
   0.945      2.348860
   0.949      2.338422
   0.953      2.327748
   0.957      2.316840
   0.961      2.305700
   0.964      2.294330
   0.968      2.282733
   0.972      2.270910
   0.976      2.258863
   0.979      2.246596
   0.983      2.234109
   0.987      2.221405
   0.991      2.208488
   0.994      2.195358
   0.998      2.182019
   1.002      2.168472
   1.006      2.154722
   1.009      2.140769
   1.013      2.126616
   1.017      2.112267
   1.021      2.097723
   1.025      2.082988
   1.028      2.068063
   1.032      2.052953
   1.036      2.037659
   1.040      2.022185
   1.043      2.006532
   1.047      1.990705
   1.051      1.974706
   1.055      1.958537
   1.058      1.942203
   1.062      1.925705
   1.066      1.909047
   1.070      1.892232
   1.074      1.875262
   1.077      1.858142
   1.081      1.840873
   1.085      1.823460
   1.089      1.805905
   1.092      1.788211
   1.096      1.770383
   1.100      1.752422
   1.104      1.734332
   1.107      1.716116
   1.111      1.697778
   1.115      1.679322
   1.119      1.660749
   1.122      1.642064
   1.126      1.623270
   1.130      1.604370
   1.134      1.585367
   1.138      1.566266
   1.141      1.547069
   1.145      1.527780
   1.149      1.508401
   1.153      1.488938
   1.156      1.469392
   1.160      1.449768
   1.164      1.430068
   1.168      1.410297
   1.171      1.390458
   1.175      1.370553
   1.179      1.350588
   1.183      1.330564
   1.187      1.310485
   1.190      1.290356
   1.194      1.270179
   1.198      1.249957
   1.202      1.229695
   1.205      1.209396
   1.209      1.189062
   1.213      1.168698
   1.217      1.148306
   1.220      1.127891
   1.224      1.107455
   1.228      1.087002
   1.232      1.066536
   1.235      1.046059
   1.239      1.025575
   1.243      1.005088
   1.247      0.984599
   1.251      0.964114
   1.254      0.943635
   1.258      0.923165
   1.262      0.902708
   1.266      0.882266
   1.269      0.861843
   1.273      0.841443
   1.277      0.821067
   1.281      0.800720
   1.284      0.780405
   1.288      0.760123
   1.292      0.739879
   1.296      0.719676
   1.300      0.699516
   1.303      0.679402
   1.307      0.659338
   1.311      0.639326
   1.315      0.619369
   1.318      0.599469
   1.322      0.579631
   1.326      0.559855
   1.330      0.540146
   1.333      0.520506
   1.337      0.500936
   1.341      0.481441
   1.345      0.462023
   1.348      0.442683
   1.352      0.423426
   1.356      0.404252
   1.360      0.385165
   1.364      0.366167
   1.367      0.347260
   1.371      0.328446
   1.375      0.309729
   1.379      0.291109
   1.382      0.272590
   1.386      0.254173
   1.390      0.235860
   1.394      0.217655
   1.397      0.199557
   1.401      0.181570
   1.405      0.163696
   1.409      0.145936
   1.413      0.128292
   1.416      0.110766
   1.420      0.093359
   1.424      0.076075
   1.428      0.058913
   1.431      0.041876
   1.435      0.024965
   1.439      0.008182
   1.443     -0.008471
   1.446     -0.024994
   1.450     -0.041384
   1.454     -0.057641
   1.458     -0.073763
   1.461     -0.089749
   1.465     -0.105598
   1.469     -0.121308
   1.473     -0.136879
   1.477     -0.152308
   1.480     -0.167596
   1.484     -0.182741
   1.488     -0.197742
   1.492     -0.212599
   1.495     -0.227310
   1.499     -0.241874
   1.503     -0.256291
   1.507     -0.270560
   1.510     -0.284681
   1.514     -0.298652
   1.518     -0.312474
   1.522     -0.326144
   1.526     -0.339664
   1.529     -0.353032
   1.533     -0.366248
   1.537     -0.379311
   1.541     -0.392222
   1.544     -0.404979
   1.548     -0.417583
   1.552     -0.430033
   1.556     -0.442329
   1.559     -0.454471
   1.563     -0.466459
   1.567     -0.478292
   1.571     -0.489971
   1.574     -0.501494
   1.578     -0.512864
   1.582     -0.524079
   1.586     -0.535139
   1.590     -0.546045
   1.593     -0.556796
   1.597     -0.567394
   1.601     -0.577837
   1.605     -0.588127
   1.608     -0.598263
   1.612     -0.608247
   1.616     -0.618077
   1.620     -0.627755
   1.623     -0.637280
   1.627     -0.646654
   1.631     -0.655877
   1.635     -0.664949
   1.639     -0.673870
   1.642     -0.682642
   1.646     -0.691264
   1.650     -0.699738
   1.654     -0.708064
   1.657     -0.716242
   1.661     -0.724273
   1.665     -0.732158
   1.669     -0.739897
   1.672     -0.747492
   1.676     -0.754943
   1.680     -0.762250
   1.684     -0.769414
   1.687     -0.776437
   1.691     -0.783319
   1.695     -0.790061
   1.699     -0.796664
   1.703     -0.803128
   1.706     -0.809454
   1.710     -0.815644
   1.714     -0.821699
   1.718     -0.827618
   1.721     -0.833404
   1.725     -0.839056
   1.729     -0.844577
   1.733     -0.849967
   1.736     -0.855227
   1.740     -0.860358
   1.744     -0.865361
   1.748     -0.870237
   1.752     -0.874988
   1.755     -0.879614
   1.759     -0.884116
   1.763     -0.888495
   1.767     -0.892753
   1.770     -0.896891
   1.774     -0.900909
   1.778     -0.904809
   1.782     -0.908592
   1.785     -0.912259
   1.789     -0.915811
   1.793     -0.919250
   1.797     -0.922575
   1.800     -0.925790
   1.804     -0.928894
   1.808     -0.931889
   1.812     -0.934776
   1.816     -0.937557
   1.819     -0.940231
   1.823     -0.942802
   1.827     -0.945268
   1.831     -0.947633
   1.834     -0.949897
   1.838     -0.952061
   1.842     -0.954127
   1.846     -0.956095
   1.849     -0.957966
   1.853     -0.959743
   1.857     -0.961426
   1.861     -0.963016
   1.865     -0.964514
   1.868     -0.965922
   1.872     -0.967241
   1.876     -0.968471
   1.880     -0.969615
   1.883     -0.970673
   1.887     -0.971646
   1.891     -0.972536
   1.895     -0.973343
   1.898     -0.974069
   1.902     -0.974716
   1.906     -0.975283
   1.910     -0.975772
   1.913     -0.976185
   1.917     -0.976522
   1.921     -0.976785
   1.925     -0.976975
   1.929     -0.977092
   1.932     -0.977138
   1.936     -0.977115
   1.940     -0.977022
   1.944     -0.976861
   1.947     -0.976634
   1.951     -0.976341
   1.955     -0.975983
   1.959     -0.975561
   1.962     -0.975077
   1.966     -0.974531
   1.970     -0.973925
   1.974     -0.973260
   1.978     -0.972536
   1.981     -0.971754
   1.985     -0.970916
   1.989     -0.970022
   1.993     -0.969074
   1.996     -0.968073
   2.000     -0.967018
   2.004     -0.965912
   2.008     -0.964756
   2.011     -0.963550
   2.015     -0.962295
   2.019     -0.960992
   2.023     -0.959642
   2.026     -0.958246
   2.030     -0.956805
   2.034     -0.955320
   2.038     -0.953791
   2.042     -0.952219
   2.045     -0.950606
   2.049     -0.948953
   2.053     -0.947259
   2.057     -0.945526
   2.060     -0.943755
   2.064     -0.941946
   2.068     -0.940101
   2.072     -0.938220
   2.075     -0.936303
   2.079     -0.934353
   2.083     -0.932368
   2.087     -0.930351
   2.091     -0.928302
   2.094     -0.926222
   2.098     -0.924111
   2.102     -0.921970
   2.106     -0.919801
   2.109     -0.917602
   2.113     -0.915377
   2.117     -0.913124
   2.121     -0.910844
   2.124     -0.908540
   2.128     -0.906210
   2.132     -0.903856
   2.136     -0.901478
   2.139     -0.899077
   2.143     -0.896654
   2.147     -0.894209
   2.151     -0.891743
   2.155     -0.889256
   2.158     -0.886749
   2.162     -0.884223
   2.166     -0.881678
   2.170     -0.879115
   2.173     -0.876535
   2.177     -0.873937
   2.181     -0.871323
   2.185     -0.868693
   2.188     -0.866047
   2.192     -0.863386
   2.196     -0.860711
   2.200     -0.858022
   2.203     -0.855320
   2.207     -0.852605
   2.211     -0.849877
   2.215     -0.847138
   2.219     -0.844387
   2.222     -0.841625
   2.226     -0.838852
   2.230     -0.836070
   2.234     -0.833278
   2.237     -0.830476
   2.241     -0.827666
   2.245     -0.824848
   2.249     -0.822022
   2.252     -0.819188
   2.256     -0.816347
   2.260     -0.813500
   2.264     -0.810646
   2.268     -0.807787
   2.271     -0.804922
   2.275     -0.802051
   2.279     -0.799176
   2.283     -0.796297
   2.286     -0.793413
   2.290     -0.790526
   2.294     -0.787636
   2.298     -0.784742
   2.301     -0.781846
   2.305     -0.778947
   2.309     -0.776047
   2.313     -0.773144
   2.316     -0.770240
   2.320     -0.767335
   2.324     -0.764430
   2.328     -0.761523
   2.332     -0.758617
   2.335     -0.755711
   2.339     -0.752804
   2.343     -0.749899
   2.347     -0.746994
   2.350     -0.744091
   2.354     -0.741189
   2.358     -0.738288
   2.362     -0.735389
   2.365     -0.732493
   2.369     -0.729599
   2.373     -0.726707
   2.377     -0.723818
   2.381     -0.720932
   2.384     -0.718050
   2.388     -0.715171
   2.392     -0.712295
   2.396     -0.709423
   2.399     -0.706556
   2.403     -0.703692
   2.407     -0.700834
   2.411     -0.697979
   2.414     -0.695130
   2.418     -0.692285
   2.422     -0.689446
   2.426     -0.686612
   2.429     -0.683783
   2.433     -0.680960
   2.437     -0.678142
   2.441     -0.675331
   2.445     -0.672526
   2.448     -0.669726
   2.452     -0.666933
   2.456     -0.664147
   2.460     -0.661367
   2.463     -0.658594
   2.467     -0.655827
   2.471     -0.653068
   2.475     -0.650315
   2.478     -0.647570
   2.482     -0.644832
   2.486     -0.642101
   2.490     -0.639377
   2.494     -0.636661
   2.497     -0.633953
   2.501     -0.631253
   2.505     -0.628560
   2.509     -0.625875
   2.512     -0.623198
   2.516     -0.620528
   2.520     -0.617867
   2.524     -0.615214
   2.527     -0.612570
   2.531     -0.609933
   2.535     -0.607305
   2.539     -0.604685
   2.542     -0.602074
   2.546     -0.599471
   2.550     -0.596877
   2.554     -0.594291
   2.558     -0.591714
   2.561     -0.589145
   2.565     -0.586585
   2.569     -0.584034
   2.573     -0.581492
   2.576     -0.578958
   2.580     -0.576434
   2.584     -0.573918
   2.588     -0.571411
   2.591     -0.568913
   2.595     -0.566424
   2.599     -0.563943
   2.603     -0.561472
   2.607     -0.559010
   2.610     -0.556557
   2.614     -0.554112
   2.618     -0.551677
   2.622     -0.549251
   2.625     -0.546834
   2.629     -0.544426
   2.633     -0.542027
   2.637     -0.539637
   2.640     -0.537256
   2.644     -0.534884
   2.648     -0.532521
   2.652     -0.530168
   2.655     -0.527823
   2.659     -0.525488
   2.663     -0.523161
   2.667     -0.520844
   2.671     -0.518535
   2.674     -0.516236
   2.678     -0.513946
   2.682     -0.511665
   2.686     -0.509392
   2.689     -0.507129
   2.693     -0.504875
   2.697     -0.502630
   2.701     -0.500394
   2.704     -0.498166
   2.708     -0.495948
   2.712     -0.493738
   2.716     -0.491538
   2.720     -0.489346
   2.723     -0.487163
   2.727     -0.484990
   2.731     -0.482824
   2.735     -0.480668
   2.738     -0.478521
   2.742     -0.476382
   2.746     -0.474252
   2.750     -0.472131
   2.753     -0.470018
   2.757     -0.467914
   2.761     -0.465819
   2.765     -0.463732
   2.768     -0.461654
   2.772     -0.459585
   2.776     -0.457524
   2.780     -0.455472
   2.784     -0.453428
   2.787     -0.451392
   2.791     -0.449365
   2.795     -0.447347
   2.799     -0.445337
   2.802     -0.443335
   2.806     -0.441341
   2.810     -0.439356
   2.814     -0.437379
   2.817     -0.435410
   2.821     -0.433450
   2.825     -0.431498
   2.829     -0.429553
   2.833     -0.427617
   2.836     -0.425689
   2.840     -0.423770
   2.844     -0.421858
   2.848     -0.419954
   2.851     -0.418058
   2.855     -0.416170
   2.859     -0.414290
   2.863     -0.412418
   2.866     -0.410553
   2.870     -0.408696
   2.874     -0.406848
   2.878     -0.405007
   2.881     -0.403173
   2.885     -0.401347
   2.889     -0.399529
   2.893     -0.397719
   2.897     -0.395916
   2.900     -0.394120
   2.904     -0.392333
   2.908     -0.390552
   2.912     -0.388779
   2.915     -0.387014
   2.919     -0.385256
   2.923     -0.383505
   2.927     -0.381761
   2.930     -0.380025
   2.934     -0.378296
   2.938     -0.376574
   2.942     -0.374860
   2.946     -0.373152
   2.949     -0.371452
   2.953     -0.369759
   2.957     -0.368072
   2.961     -0.366393
   2.964     -0.364721
   2.968     -0.363056
   2.972     -0.361397
   2.976     -0.359746
   2.979     -0.358101
   2.983     -0.356463
   2.987     -0.354832
   2.991     -0.353208
   2.994     -0.351591
   2.998     -0.349980
   3.002     -0.348376
   3.006     -0.346778
   3.010     -0.345187
   3.013     -0.343603
   3.017     -0.342025
   3.021     -0.340454
   3.025     -0.338889
   3.028     -0.337330
   3.032     -0.335778
   3.036     -0.334233
   3.040     -0.332694
   3.043     -0.331161
   3.047     -0.329634
   3.051     -0.328113
   3.055     -0.326599
   3.059     -0.325091
   3.062     -0.323589
   3.066     -0.322094
   3.070     -0.320604
   3.074     -0.319121
   3.077     -0.317643
   3.081     -0.316172
   3.085     -0.314706
   3.089     -0.313247
   3.092     -0.311793
   3.096     -0.310345
   3.100     -0.308904
   3.104     -0.307468
   3.107     -0.306037
   3.111     -0.304613
   3.115     -0.303194
   3.119     -0.301781
   3.123     -0.300374
   3.126     -0.298973
   3.130     -0.297577
   3.134     -0.296186
   3.138     -0.294802
   3.141     -0.293423
   3.145     -0.292049
   3.149     -0.290681
   3.153     -0.289318
   3.156     -0.287961
   3.160     -0.286609
   3.164     -0.285263
   3.168     -0.283922
   3.172     -0.282586
   3.175     -0.281256
   3.179     -0.279930
   3.183     -0.278611
   3.187     -0.277296
   3.190     -0.275987
   3.194     -0.274682
   3.198     -0.273383
   3.202     -0.272089
   3.205     -0.270801
   3.209     -0.269517
   3.213     -0.268238
   3.217     -0.266964
   3.220     -0.265696
   3.224     -0.264432
   3.228     -0.263173
   3.232     -0.261920
   3.236     -0.260671
   3.239     -0.259427
   3.243     -0.258188
   3.247     -0.256953
   3.251     -0.255724
   3.254     -0.254499
   3.258     -0.253279
   3.262     -0.252064
   3.266     -0.250853
   3.269     -0.249647
   3.273     -0.248446
   3.277     -0.247250
   3.281     -0.246058
   3.285     -0.244871
   3.288     -0.243688
   3.292     -0.242510
   3.296     -0.241336
   3.300     -0.240167
   3.303     -0.239002
   3.307     -0.237842
   3.311     -0.236686
   3.315     -0.235535
   3.318     -0.234388
   3.322     -0.233245
   3.326     -0.232107
   3.330     -0.230973
   3.333     -0.229844
   3.337     -0.228718
   3.341     -0.227597
   3.345     -0.226480
   3.349     -0.225368
   3.352     -0.224259
   3.356     -0.223155
   3.360     -0.222055
   3.364     -0.220959
   3.367     -0.219868
   3.371     -0.218780
   3.375     -0.217696
   3.379     -0.216617
   3.382     -0.215541
   3.386     -0.214470
   3.390     -0.213402
   3.394     -0.212339
   3.398     -0.211279
   3.401     -0.210224
   3.405     -0.209172
   3.409     -0.208124
   3.413     -0.207080
   3.416     -0.206040
   3.420     -0.205004
   3.424     -0.203972
   3.428     -0.202943
   3.431     -0.201919
   3.435     -0.200898
   3.439     -0.199880
   3.443     -0.198867
   3.446     -0.197857
   3.450     -0.196851
   3.454     -0.195848
   3.458     -0.194850
   3.462     -0.193854
   3.465     -0.192863
   3.469     -0.191875
   3.473     -0.190891
   3.477     -0.189910
   3.480     -0.188933
   3.484     -0.187959
   3.488     -0.186989
   3.492     -0.186022
   3.495     -0.185059
   3.499     -0.184099
   3.503     -0.183143
   3.507     -0.182190
   3.511     -0.181241
   3.514     -0.180295
   3.518     -0.179352
   3.522     -0.178413
   3.526     -0.177477
   3.529     -0.176544
   3.533     -0.175615
   3.537     -0.174689
   3.541     -0.173767
   3.544     -0.172847
   3.548     -0.171931
   3.552     -0.171018
   3.556     -0.170108
   3.559     -0.169202
   3.563     -0.168298
   3.567     -0.167398
   3.571     -0.166501
   3.575     -0.165607
   3.578     -0.164716
   3.582     -0.163829
   3.586     -0.162944
   3.590     -0.162063
   3.593     -0.161184
   3.597     -0.160309
   3.601     -0.159437
   3.605     -0.158567
   3.608     -0.157701
   3.612     -0.156838
   3.616     -0.155977
   3.620     -0.155120
   3.624     -0.154266
   3.627     -0.153414
   3.631     -0.152566
   3.635     -0.151720
   3.639     -0.150877
   3.642     -0.150037
   3.646     -0.149200
   3.650     -0.148366
   3.654     -0.147534
   3.657     -0.146706
   3.661     -0.145880
   3.665     -0.145057
   3.669     -0.144237
   3.672     -0.143420
   3.676     -0.142605
   3.680     -0.141793
   3.684     -0.140984
   3.688     -0.140177
   3.691     -0.139373
   3.695     -0.138572
   3.699     -0.137774
   3.703     -0.136978
   3.706     -0.136185
   3.710     -0.135394
   3.714     -0.134606
   3.718     -0.133821
   3.721     -0.133038
   3.725     -0.132258
   3.729     -0.131481
   3.733     -0.130706
   3.737     -0.129933
   3.740     -0.129163
   3.744     -0.128396
   3.748     -0.127631
   3.752     -0.126868
   3.755     -0.126108
   3.759     -0.125351
   3.763     -0.124596
   3.767     -0.123843
   3.770     -0.123093
   3.774     -0.122345
   3.778     -0.121600
   3.782     -0.120857
   3.785     -0.120117
   3.789     -0.119378
   3.793     -0.118643
   3.797     -0.117909
   3.801     -0.117178
   3.804     -0.116449
   3.808     -0.115723
   3.812     -0.114998
   3.816     -0.114277
   3.819     -0.113557
   3.823     -0.112840
   3.827     -0.112125
   3.831     -0.111412
   3.834     -0.110701
   3.838     -0.109993
   3.842     -0.109287
   3.846     -0.108583
   3.850     -0.107881
   3.853     -0.107181
   3.857     -0.106484
   3.861     -0.105788
   3.865     -0.105095
   3.868     -0.104404
   3.872     -0.103716
   3.876     -0.103029
   3.880     -0.102344
   3.883     -0.101662
   3.887     -0.100981
   3.891     -0.100303
   3.895     -0.099627
   3.898     -0.098952
   3.902     -0.098280
   3.906     -0.097610
   3.910     -0.096942
   3.914     -0.096276
   3.917     -0.095611
   3.921     -0.094949
   3.925     -0.094289
   3.929     -0.093631
   3.932     -0.092975
   3.936     -0.092321
   3.940     -0.091668
   3.944     -0.091018
   3.947     -0.090369
   3.951     -0.089723
   3.955     -0.089078
   3.959     -0.088435
   3.963     -0.087795
   3.966     -0.087156
   3.970     -0.086518
   3.974     -0.085883
   3.978     -0.085250
   3.981     -0.084618
   3.985     -0.083989
   3.989     -0.083361
   3.993     -0.082735
   3.996     -0.082110
   4.000     -0.081488
   4.004     -0.080867
   4.008     -0.080248
   4.011     -0.079631
   4.015     -0.079015
   4.019     -0.078402
   4.023     -0.077790
   4.027     -0.077180
   4.030     -0.076571
   4.034     -0.075964
   4.038     -0.075359
   4.042     -0.074756
   4.045     -0.074154
   4.049     -0.073554
   4.053     -0.072956
   4.057     -0.072359
   4.060     -0.071764
   4.064     -0.071171
   4.068     -0.070579
   4.072     -0.069989
   4.076     -0.069401
   4.079     -0.068814
   4.083     -0.068228
   4.087     -0.067645
   4.091     -0.067063
   4.094     -0.066482
   4.098     -0.065903
   4.102     -0.065326
   4.106     -0.064750
   4.109     -0.064176
   4.113     -0.063603
   4.117     -0.063032
   4.121     -0.062462
   4.124     -0.061894
   4.128     -0.061327
   4.132     -0.060762
   4.136     -0.060198
   4.140     -0.059636
   4.143     -0.059075
   4.147     -0.058516
   4.151     -0.057958
   4.155     -0.057402
   4.158     -0.056847
   4.162     -0.056294
   4.166     -0.055742
   4.170     -0.055191
   4.173     -0.054642
   4.177     -0.054094
   4.181     -0.053547
   4.185     -0.053002
   4.189     -0.052459
   4.192     -0.051916
   4.196     -0.051376
   4.200     -0.050836
   4.204     -0.050298
   4.207     -0.049761
   4.211     -0.049226
   4.215     -0.048691
   4.219     -0.048159
   4.222     -0.047627
   4.226     -0.047097
   4.230     -0.046568
   4.234     -0.046040
   4.237     -0.045514
   4.241     -0.044989
   4.245     -0.044465
   4.249     -0.043943
   4.253     -0.043421
   4.256     -0.042901
   4.260     -0.042383
   4.264     -0.041865
   4.268     -0.041349
   4.271     -0.040834
   4.275     -0.040320
   4.279     -0.039807
   4.283     -0.039296
   4.286     -0.038786
   4.290     -0.038277
   4.294     -0.037769
   4.298     -0.037262
   4.302     -0.036757
   4.305     -0.036252
   4.309     -0.035749
   4.313     -0.035247
   4.317     -0.034746
   4.320     -0.034247
   4.324     -0.033748
   4.328     -0.033251
   4.332     -0.032754
   4.335     -0.032259
   4.339     -0.031765
   4.343     -0.031272
   4.347     -0.030780
   4.350     -0.030289
   4.354     -0.029799
   4.358     -0.029311
   4.362     -0.028823
   4.366     -0.028337
   4.369     -0.027851
   4.373     -0.027367
   4.377     -0.026883
   4.381     -0.026401
   4.384     -0.025920
   4.388     -0.025439
   4.392     -0.024960
   4.396     -0.024482
   4.399     -0.024005
   4.403     -0.023528
   4.407     -0.023053
   4.411     -0.022579
   4.415     -0.022106
   4.418     -0.021633
   4.422     -0.021162
   4.426     -0.020692
   4.430     -0.020222
   4.433     -0.019754
   4.437     -0.019286
   4.441     -0.018820
   4.445     -0.018354
   4.448     -0.017889
   4.452     -0.017426
   4.456     -0.016963
   4.460     -0.016501
   4.463     -0.016040
   4.467     -0.015580
   4.471     -0.015120
   4.475     -0.014662
   4.479     -0.014205
   4.482     -0.013748
   4.486     -0.013292
   4.490     -0.012837
   4.494     -0.012383
   4.497     -0.011930
   4.501     -0.011478
   4.505     -0.011027
   4.509     -0.010576
   4.512     -0.010126
   4.516     -0.009677
   4.520     -0.009229
   4.524     -0.008782
   4.528     -0.008336
   4.531     -0.007890
   4.535     -0.007445
   4.539     -0.007001
   4.543     -0.006558
   4.546     -0.006115
   4.550     -0.005674
   4.554     -0.005233
   4.558     -0.004792
   4.561     -0.004353
   4.565     -0.003914
   4.569     -0.003477
   4.573     -0.003039
   4.576     -0.002603
   4.580     -0.002167
   4.584     -0.001732
   4.588     -0.001298
   4.592     -0.000865
   4.595     -0.000432
   4.599      0.000000
