   0.000      4.192042
   0.004      4.192442
   0.007      4.192293
   0.011      4.192182
   0.015      4.192510
   0.019      4.193037
   0.022      4.193830
   0.026      4.195138
   0.030      4.197122
   0.034      4.199963
   0.037      4.203707
   0.041      4.208495
   0.045      4.214504
   0.049      4.221751
   0.052      4.230242
   0.056      4.239957
   0.060      4.250827
   0.064      4.262759
   0.067      4.275684
   0.071      4.289495
   0.075      4.304064
   0.078      4.319320
   0.082      4.335189
   0.086      4.351582
   0.090      4.368406
   0.093      4.385604
   0.097      4.403139
   0.101      4.420954
   0.105      4.438981
   0.108      4.457216
   0.112      4.475621
   0.116      4.494141
   0.120      4.512766
   0.123      4.531447
   0.127      4.550192
   0.131      4.568962
   0.135      4.587746
   0.138      4.606511
   0.142      4.625246
   0.146      4.643936
   0.149      4.662566
   0.153      4.681116
   0.157      4.699563
   0.161      4.717902
   0.164      4.736132
   0.168      4.754218
   0.172      4.772137
   0.176      4.789904
   0.179      4.807495
   0.183      4.824893
   0.187      4.842082
   0.191      4.859059
   0.194      4.875811
   0.198      4.892324
   0.202      4.908577
   0.206      4.924558
   0.209      4.940282
   0.213      4.955704
   0.217      4.970828
   0.221      4.985644
   0.224      5.000125
   0.228      5.014268
   0.232      5.028082
   0.235      5.041527
   0.239      5.054595
   0.243      5.067295
   0.247      5.079604
   0.250      5.091508
   0.254      5.102994
   0.258      5.114046
   0.262      5.124646
   0.265      5.134871
   0.269      5.144670
   0.273      5.154001
   0.277      5.162847
   0.280      5.171211
   0.284      5.179081
   0.288      5.186440
   0.292      5.193289
   0.295      5.199617
   0.299      5.205406
   0.303      5.210649
   0.306      5.215338
   0.310      5.219469
   0.314      5.223035
   0.318      5.226018
   0.321      5.228418
   0.325      5.230224
   0.329      5.231421
   0.333      5.232016
   0.336      5.231995
   0.340      5.231345
   0.344      5.230065
   0.348      5.228147
   0.351      5.225574
   0.355      5.222357
   0.359      5.218487
   0.363      5.213945
   0.366      5.208735
   0.370      5.202856
   0.374      5.196295
   0.377      5.189046
   0.381      5.181109
   0.385      5.172476
   0.389      5.163152
   0.392      5.153123
   0.396      5.142387
   0.400      5.130940
   0.404      5.118785
   0.407      5.105919
   0.411      5.092331
   0.415      5.078023
   0.419      5.063002
   0.422      5.047257
   0.426      5.030785
   0.430      5.013592
   0.434      4.995681
   0.437      4.977036
   0.441      4.957668
   0.445      4.937582
   0.448      4.916766
   0.452      4.895227
   0.456      4.872974
   0.460      4.850001
   0.463      4.826307
   0.467      4.801904
   0.471      4.776786
   0.475      4.750959
   0.478      4.724429
   0.482      4.697195
   0.486      4.669265
   0.490      4.640642
   0.493      4.611330
   0.497      4.581337
   0.501      4.550666
   0.505      4.519322
   0.508      4.487313
   0.512      4.454647
   0.516      4.421329
   0.519      4.387362
   0.523      4.352760
   0.527      4.317528
   0.531      4.281674
   0.534      4.245204
   0.538      4.208134
   0.542      4.170469
   0.546      4.132216
   0.549      4.093388
   0.553      4.053994
   0.557      4.014046
   0.561      3.973553
   0.564      3.932523
   0.568      3.890972
   0.572      3.848913
   0.576      3.806354
   0.579      3.763309
   0.583      3.719791
   0.587      3.675811
   0.590      3.631381
   0.594      3.586519
   0.598      3.541236
   0.602      3.495545
   0.605      3.449461
   0.609      3.402999
   0.613      3.356174
   0.617      3.308997
   0.620      3.261487
   0.624      3.213660
   0.628      3.165530
   0.632      3.117111
   0.635      3.068421
   0.639      3.019476
   0.643      2.970293
   0.647      2.920886
   0.650      2.871274
   0.654      2.821473
   0.658      2.771500
   0.662      2.721372
   0.665      2.671107
   0.669      2.620721
   0.673      2.570233
   0.676      2.519659
   0.680      2.469019
   0.684      2.418328
   0.688      2.367605
   0.691      2.316868
   0.695      2.266135
   0.699      2.215426
   0.703      2.164755
   0.706      2.114143
   0.710      2.063606
   0.714      2.013163
   0.718      1.962833
   0.721      1.912633
   0.725      1.862579
   0.729      1.812693
   0.733      1.762991
   0.736      1.713489
   0.740      1.664209
   0.744      1.615165
   0.747      1.566374
   0.751      1.517854
   0.755      1.469621
   0.759      1.421695
   0.762      1.374094
   0.766      1.326837
   0.770      1.279945
   0.774      1.233438
   0.777      1.187326
   0.781      1.141623
   0.785      1.096344
   0.789      1.051494
   0.792      1.007091
   0.796      0.963152
   0.800      0.919690
   0.804      0.876720
   0.807      0.834258
   0.811      0.792321
   0.815      0.750920
   0.818      0.710066
   0.822      0.669776
   0.826      0.630060
   0.830      0.590927
   0.833      0.552393
   0.837      0.514466
   0.841      0.477158
   0.845      0.440479
   0.848      0.404439
   0.852      0.369048
   0.856      0.334316
   0.860      0.300248
   0.863      0.266859
   0.867      0.234154
   0.871      0.202139
   0.875      0.170821
   0.878      0.140207
   0.882      0.110301
   0.886      0.081109
   0.889      0.052637
   0.893      0.024890
   0.897     -0.002130
   0.901     -0.028418
   0.904     -0.053971
   0.908     -0.078785
   0.912     -0.102860
   0.916     -0.126194
   0.919     -0.148789
   0.923     -0.170643
   0.927     -0.191755
   0.931     -0.212126
   0.934     -0.231760
   0.938     -0.250656
   0.942     -0.268817
   0.946     -0.286245
   0.949     -0.302941
   0.953     -0.318912
   0.957     -0.334162
   0.960     -0.348696
   0.964     -0.362519
   0.968     -0.375636
   0.972     -0.388055
   0.975     -0.399783
   0.979     -0.410826
   0.983     -0.421192
   0.987     -0.430890
   0.990     -0.439926
   0.994     -0.448309
   0.998     -0.456049
   1.002     -0.463158
   1.005     -0.469646
   1.009     -0.475524
   1.013     -0.480804
   1.017     -0.485495
   1.020     -0.489610
   1.024     -0.493161
   1.028     -0.496160
   1.031     -0.498626
   1.035     -0.500562
   1.039     -0.501986
   1.043     -0.502913
   1.046     -0.503358
   1.050     -0.503333
   1.054     -0.502855
   1.058     -0.501940
   1.061     -0.500600
   1.065     -0.498852
   1.069     -0.496711
   1.073     -0.494192
   1.076     -0.491310
   1.080     -0.488082
   1.084     -0.484528
   1.088     -0.480659
   1.091     -0.476494
   1.095     -0.472049
   1.099     -0.467338
   1.103     -0.462378
   1.106     -0.457188
   1.110     -0.451785
   1.114     -0.446184
   1.117     -0.440400
   1.121     -0.434447
   1.125     -0.428344
   1.129     -0.422106
   1.132     -0.415746
   1.136     -0.409288
   1.140     -0.402743
   1.144     -0.396124
   1.147     -0.389447
   1.151     -0.382727
   1.155     -0.375975
   1.159     -0.369205
   1.162     -0.362437
   1.166     -0.355684
   1.170     -0.348955
   1.174     -0.342262
   1.177     -0.335617
   1.181     -0.329030
   1.185     -0.322512
   1.188     -0.316074
   1.192     -0.309731
   1.196     -0.303492
   1.200     -0.297360
   1.203     -0.291343
   1.207     -0.285448
   1.211     -0.279682
   1.215     -0.274049
   1.218     -0.268555
   1.222     -0.263211
   1.226     -0.258017
   1.230     -0.252972
   1.233     -0.248076
   1.237     -0.243328
   1.241     -0.238728
   1.245     -0.234275
   1.248     -0.229964
   1.252     -0.225791
   1.256     -0.221751
   1.259     -0.217840
   1.263     -0.214052
   1.267     -0.210382
   1.271     -0.206820
   1.274     -0.203361
   1.278     -0.199991
   1.282     -0.196678
   1.286     -0.193391
   1.289     -0.190167
   1.293     -0.187000
   1.297     -0.183888
   1.301     -0.180825
   1.304     -0.177810
   1.308     -0.174840
   1.312     -0.171919
   1.316     -0.169052
   1.319     -0.166233
   1.323     -0.163457
   1.327     -0.160722
   1.330     -0.158027
   1.334     -0.155372
   1.338     -0.152757
   1.342     -0.150180
   1.345     -0.147648
   1.349     -0.145163
   1.353     -0.142719
   1.357     -0.140314
   1.360     -0.137948
   1.364     -0.135619
   1.368     -0.133329
   1.372     -0.131075
   1.375     -0.128857
   1.379     -0.126676
   1.383     -0.124529
   1.387     -0.122416
   1.390     -0.120338
   1.394     -0.118293
   1.398     -0.116281
   1.401     -0.114301
   1.405     -0.112352
   1.409     -0.110436
   1.413     -0.108550
   1.416     -0.106695
   1.420     -0.104870
   1.424     -0.103073
   1.428     -0.101306
   1.431     -0.099567
   1.435     -0.097856
   1.439     -0.096172
   1.443     -0.094517
   1.446     -0.092887
   1.450     -0.091283
   1.454     -0.089706
   1.458     -0.088153
   1.461     -0.086627
   1.465     -0.085124
   1.469     -0.083646
   1.473     -0.082192
   1.476     -0.080761
   1.480     -0.079353
   1.484     -0.077968
   1.487     -0.076606
   1.491     -0.075265
   1.495     -0.073946
   1.499     -0.072649
   1.502     -0.071373
   1.506     -0.070117
   1.510     -0.068881
   1.514     -0.067667
   1.517     -0.066471
   1.521     -0.065295
   1.525     -0.064138
   1.529     -0.063000
   1.532     -0.061880
   1.536     -0.060779
   1.540     -0.059696
   1.544     -0.058630
   1.547     -0.057581
   1.551     -0.056550
   1.555     -0.055537
   1.558     -0.054539
   1.562     -0.053557
   1.566     -0.052592
   1.570     -0.051643
   1.573     -0.050709
   1.577     -0.049790
   1.581     -0.048888
   1.585     -0.047999
   1.588     -0.047125
   1.592     -0.046265
   1.596     -0.045421
   1.600     -0.044590
   1.603     -0.043772
   1.607     -0.042969
   1.611     -0.042179
   1.615     -0.041401
   1.618     -0.040636
   1.622     -0.039885
   1.626     -0.039146
   1.629     -0.038419
   1.633     -0.037704
   1.637     -0.037001
   1.641     -0.036311
   1.644     -0.035631
   1.648     -0.034963
   1.652     -0.034307
   1.656     -0.033661
   1.659     -0.033026
   1.663     -0.032403
   1.667     -0.031788
   1.671     -0.031186
   1.674     -0.030593
   1.678     -0.030010
   1.682     -0.029437
   1.686     -0.028874
   1.689     -0.028321
   1.693     -0.027776
   1.697     -0.027242
   1.700     -0.026716
   1.704     -0.026200
   1.708     -0.025692
   1.712     -0.025192
   1.715     -0.024703
   1.719     -0.024221
   1.723     -0.023747
   1.727     -0.023282
   1.730     -0.022825
   1.734     -0.022376
   1.738     -0.021934
   1.742     -0.021500
   1.745     -0.021074
   1.749     -0.020655
   1.753     -0.020244
   1.757     -0.019840
   1.760     -0.019442
   1.764     -0.019052
   1.768     -0.018670
   1.771     -0.018293
   1.775     -0.017924
   1.779     -0.017560
   1.783     -0.017204
   1.786     -0.016854
   1.790     -0.016509
   1.794     -0.016171
   1.798     -0.015840
   1.801     -0.015514
   1.805     -0.015194
   1.809     -0.014880
   1.813     -0.014572
   1.816     -0.014269
   1.820     -0.013972
   1.824     -0.013680
   1.828     -0.013393
   1.831     -0.013112
   1.835     -0.012835
   1.839     -0.012564
   1.842     -0.012298
   1.846     -0.012037
   1.850     -0.011781
   1.854     -0.011529
   1.857     -0.011283
   1.861     -0.011040
   1.865     -0.010802
   1.869     -0.010569
   1.872     -0.010340
   1.876     -0.010115
   1.880     -0.009895
   1.884     -0.009679
   1.887     -0.009467
   1.891     -0.009259
   1.895     -0.009055
   1.899     -0.008855
   1.902     -0.008658
   1.906     -0.008466
   1.910     -0.008277
   1.914     -0.008092
   1.917     -0.007910
   1.921     -0.007732
   1.925     -0.007557
   1.928     -0.007386
   1.932     -0.007218
   1.936     -0.007054
   1.940     -0.006892
   1.943     -0.006735
   1.947     -0.006579
   1.951     -0.006427
   1.955     -0.006279
   1.958     -0.006133
   1.962     -0.005990
   1.966     -0.005850
   1.970     -0.005712
   1.973     -0.005578
   1.977     -0.005446
   1.981     -0.005317
   1.985     -0.005191
   1.988     -0.005067
   1.992     -0.004946
   1.996     -0.004827
   1.999     -0.004711
   2.003     -0.004597
   2.007     -0.004485
   2.011     -0.004376
   2.014     -0.004269
   2.018     -0.004165
   2.022     -0.004061
   2.026     -0.003961
   2.029     -0.003864
   2.033     -0.003767
   2.037     -0.003673
   2.041     -0.003581
   2.044     -0.003491
   2.048     -0.003403
   2.052     -0.003317
   2.056     -0.003232
   2.059     -0.003150
   2.063     -0.003070
   2.067     -0.002990
   2.070     -0.002913
   2.074     -0.002838
   2.078     -0.002764
   2.082     -0.002692
   2.085     -0.002622
   2.089     -0.002553
   2.093     -0.002485
   2.097     -0.002420
   2.100     -0.002355
   2.104     -0.002292
   2.108     -0.002230
   2.112     -0.002171
   2.115     -0.002112
   2.119     -0.002055
   2.123     -0.001999
   2.127     -0.001944
   2.130     -0.001890
   2.134     -0.001838
   2.138     -0.001787
   2.141     -0.001738
   2.145     -0.001689
   2.149     -0.001641
   2.153     -0.001595
   2.156     -0.001550
   2.160     -0.001506
   2.164     -0.001463
   2.168     -0.001422
   2.171     -0.001380
   2.175     -0.001340
   2.179     -0.001302
   2.183     -0.001264
   2.186     -0.001227
   2.190     -0.001191
   2.194     -0.001156
   2.198     -0.001121
   2.201     -0.001087
   2.205     -0.001055
   2.209     -0.001024
   2.212     -0.000992
   2.216     -0.000962
   2.220     -0.000933
   2.224     -0.000904
   2.227     -0.000877
   2.231     -0.000849
   2.235     -0.000822
   2.239     -0.000797
   2.242     -0.000771
   2.246     -0.000747
   2.250     -0.000724
   2.254     -0.000700
   2.257     -0.000678
   2.261     -0.000656
   2.265     -0.000635
   2.269     -0.000614
   2.272     -0.000594
   2.276     -0.000575
   2.280     -0.000555
   2.283     -0.000537
   2.287     -0.000519
   2.291     -0.000501
   2.295     -0.000484
   2.298     -0.000468
   2.302     -0.000452
   2.306     -0.000436
   2.310     -0.000421
   2.313     -0.000406
   2.317     -0.000391
   2.321     -0.000378
   2.325     -0.000364
   2.328     -0.000351
   2.332     -0.000338
   2.336     -0.000326
   2.340     -0.000314
   2.343     -0.000303
   2.347     -0.000291
   2.351     -0.000280
   2.355     -0.000270
   2.358     -0.000260
   2.362     -0.000249
   2.366     -0.000240
   2.369     -0.000231
   2.373     -0.000222
   2.377     -0.000213
   2.381     -0.000205
   2.384     -0.000197
   2.388     -0.000189
   2.392     -0.000181
   2.396     -0.000174
   2.399     -0.000167
   2.403     -0.000160
   2.407     -0.000153
   2.411     -0.000147
   2.414     -0.000140
   2.418     -0.000134
   2.422     -0.000129
   2.426     -0.000123
   2.429     -0.000118
   2.433     -0.000112
   2.437     -0.000107
   2.440     -0.000102
   2.444     -0.000098
   2.448     -0.000093
   2.452     -0.000089
   2.455     -0.000085
   2.459     -0.000081
   2.463     -0.000077
   2.467     -0.000073
   2.470     -0.000069
   2.474     -0.000066
   2.478     -0.000063
   2.482     -0.000059
   2.485     -0.000056
   2.489     -0.000053
   2.493     -0.000051
   2.497     -0.000048
   2.500     -0.000045
   2.504     -0.000043
   2.508     -0.000040
   2.511     -0.000038
   2.515     -0.000036
   2.519     -0.000034
   2.523     -0.000032
   2.526     -0.000030
   2.530     -0.000028
   2.534     -0.000027
   2.538     -0.000025
   2.541     -0.000023
   2.545     -0.000022
   2.549     -0.000021
   2.553     -0.000019
   2.556     -0.000018
   2.560     -0.000017
   2.564     -0.000016
   2.568     -0.000015
   2.571     -0.000014
   2.575     -0.000013
   2.579     -0.000012
   2.582     -0.000011
   2.586     -0.000010
   2.590     -0.000009
   2.594     -0.000009
   2.597     -0.000008
   2.601     -0.000007
   2.605     -0.000007
   2.609     -0.000006
   2.612     -0.000006
   2.616     -0.000005
   2.620     -0.000005
   2.624     -0.000004
   2.627     -0.000004
   2.631     -0.000004
   2.635     -0.000003
   2.639     -0.000003
   2.642     -0.000003
   2.646     -0.000002
   2.650     -0.000002
   2.653     -0.000002
   2.657     -0.000002
   2.661     -0.000002
   2.665     -0.000001
   2.668     -0.000001
   2.672     -0.000001
   2.676     -0.000001
   2.680     -0.000001
   2.683     -0.000001
   2.687     -0.000001
   2.691     -0.000001
   2.695     -0.000001
   2.698     -0.000001
   2.702     -0.000001
   2.706     -0.000001
   2.710      0.000000
   2.713      0.000000
   2.717      0.000000
   2.721      0.000000
   2.725      0.000000
   2.728      0.000000
   2.732      0.000000
   2.736      0.000000
   2.739      0.000000
   2.743      0.000000
   2.747      0.000000
   2.751      0.000000
   2.754      0.000000
   2.758      0.000000
   2.762      0.000000
   2.766      0.000000
   2.769      0.000000
   2.773      0.000000
   2.777      0.000000
   2.781      0.000000
   2.784      0.000000
   2.788      0.000000
   2.792      0.000000
   2.796      0.000000
   2.799      0.000000
   2.803      0.000000
   2.807      0.000000
   2.810      0.000000
   2.814      0.000000
   2.818      0.000000
   2.822      0.000000
   2.825      0.000000
   2.829      0.000000
   2.833      0.000000
   2.837      0.000000
   2.840      0.000000
   2.844      0.000000
   2.848      0.000000
   2.852      0.000000
   2.855      0.000000
   2.859      0.000000
   2.863      0.000000
   2.867      0.000000
   2.870      0.000000
   2.874      0.000000
   2.878      0.000000
   2.881      0.000000
   2.885      0.000000
   2.889      0.000000
   2.893      0.000000
   2.896      0.000000
   2.900      0.000000
   2.904      0.000000
   2.908      0.000000
   2.911      0.000000
   2.915      0.000000
   2.919      0.000000
   2.923      0.000000
   2.926      0.000000
   2.930      0.000000
   2.934      0.000000
   2.938      0.000000
   2.941      0.000000
   2.945      0.000000
   2.949      0.000000
   2.952      0.000000
   2.956      0.000000
   2.960      0.000000
   2.964      0.000000
   2.967      0.000000
   2.971      0.000000
   2.975      0.000000
   2.979      0.000000
   2.982      0.000000
   2.986      0.000000
   2.990      0.000000
