   0.000      1.287471
   0.003      1.287544
   0.006      1.287616
   0.009      1.287736
   0.013      1.287905
   0.016      1.288122
   0.019      1.288387
   0.022      1.288700
   0.025      1.289062
   0.028      1.289471
   0.031      1.289929
   0.034      1.290435
   0.038      1.290989
   0.041      1.291592
   0.044      1.292242
   0.047      1.292941
   0.050      1.293687
   0.053      1.294482
   0.056      1.295325
   0.060      1.296216
   0.063      1.297155
   0.066      1.298143
   0.069      1.299178
   0.072      1.300261
   0.075      1.301393
   0.078      1.302572
   0.081      1.303800
   0.085      1.305075
   0.088      1.306398
   0.091      1.307770
   0.094      1.309189
   0.097      1.310656
   0.100      1.312171
   0.103      1.313733
   0.107      1.315344
   0.110      1.317002
   0.113      1.318708
   0.116      1.320462
   0.119      1.322263
   0.122      1.324112
   0.125      1.326009
   0.128      1.327953
   0.132      1.329945
   0.135      1.331984
   0.138      1.334070
   0.141      1.336204
   0.144      1.338385
   0.147      1.340613
   0.150      1.342889
   0.154      1.345211
   0.157      1.347581
   0.160      1.349998
   0.163      1.352461
   0.166      1.354972
   0.169      1.357529
   0.172      1.360133
   0.175      1.362784
   0.179      1.365481
   0.182      1.368225
   0.185      1.371015
   0.188      1.373852
   0.191      1.376734
   0.194      1.379663
   0.197      1.382638
   0.201      1.385659
   0.204      1.388726
   0.207      1.391838
   0.210      1.394996
   0.213      1.398200
   0.216      1.401449
   0.219      1.404743
   0.222      1.408083
   0.226      1.411467
   0.229      1.414897
   0.232      1.418371
   0.235      1.421890
   0.238      1.425453
   0.241      1.429061
   0.244      1.432713
   0.248      1.436409
   0.251      1.440149
   0.254      1.443932
   0.257      1.447759
   0.260      1.451630
   0.263      1.455543
   0.266      1.459500
   0.269      1.463499
   0.273      1.467541
   0.276      1.471626
   0.279      1.475752
   0.282      1.479921
   0.285      1.484132
   0.288      1.488384
   0.291      1.492677
   0.295      1.497011
   0.298      1.501387
   0.301      1.505803
   0.304      1.510259
   0.307      1.514755
   0.310      1.519291
   0.313      1.523867
   0.316      1.528482
   0.320      1.533136
   0.323      1.537829
   0.326      1.542560
   0.329      1.547329
   0.332      1.552136
   0.335      1.556980
   0.338      1.561861
   0.342      1.566780
   0.345      1.571734
   0.348      1.576725
   0.351      1.581751
   0.354      1.586813
   0.357      1.591909
   0.360      1.597040
   0.363      1.602205
   0.367      1.607404
   0.370      1.612636
   0.373      1.617901
   0.376      1.623199
   0.379      1.628528
   0.382      1.633890
   0.385      1.639282
   0.389      1.644704
   0.392      1.650157
   0.395      1.655640
   0.398      1.661151
   0.401      1.666691
   0.404      1.672259
   0.407      1.677855
   0.410      1.683478
   0.414      1.689127
   0.417      1.694802
   0.420      1.700502
   0.423      1.706227
   0.426      1.711976
   0.429      1.717748
   0.432      1.723544
   0.436      1.729361
   0.439      1.735200
   0.442      1.741060
   0.445      1.746940
   0.448      1.752840
   0.451      1.758758
   0.454      1.764695
   0.457      1.770649
   0.461      1.776620
   0.464      1.782606
   0.467      1.788608
   0.470      1.794625
   0.473      1.800655
   0.476      1.806697
   0.479      1.812752
   0.483      1.818819
   0.486      1.824895
   0.489      1.830981
   0.492      1.837076
   0.495      1.843179
   0.498      1.849289
   0.501      1.855405
   0.504      1.861526
   0.508      1.867652
   0.511      1.873781
   0.514      1.879912
   0.517      1.886045
   0.520      1.892179
   0.523      1.898312
   0.526      1.904444
   0.530      1.910573
   0.533      1.916699
   0.536      1.922821
   0.539      1.928937
   0.542      1.935047
   0.545      1.941149
   0.548      1.947243
   0.551      1.953328
   0.555      1.959401
   0.558      1.965463
   0.561      1.971512
   0.564      1.977547
   0.567      1.983567
   0.570      1.989571
   0.573      1.995558
   0.577      2.001525
   0.580      2.007474
   0.583      2.013401
   0.586      2.019307
   0.589      2.025189
   0.592      2.031048
   0.595      2.036880
   0.598      2.042686
   0.602      2.048464
   0.605      2.054213
   0.608      2.059931
   0.611      2.065618
   0.614      2.071272
   0.617      2.076892
   0.620      2.082476
   0.624      2.088024
   0.627      2.093534
   0.630      2.099005
   0.633      2.104436
   0.636      2.109825
   0.639      2.115171
   0.642      2.120473
   0.645      2.125729
   0.649      2.130939
   0.652      2.136101
   0.655      2.141213
   0.658      2.146275
   0.661      2.151285
   0.664      2.156241
   0.667      2.161144
   0.671      2.165990
   0.674      2.170779
   0.677      2.175510
   0.680      2.180182
   0.683      2.184792
   0.686      2.189341
   0.689      2.193826
   0.692      2.198246
   0.696      2.202600
   0.699      2.206887
   0.702      2.211105
   0.705      2.215254
   0.708      2.219332
   0.711      2.223337
   0.714      2.227269
   0.718      2.231126
   0.721      2.234907
   0.724      2.238611
   0.727      2.242236
   0.730      2.245782
   0.733      2.249248
   0.736      2.252631
   0.739      2.255931
   0.743      2.259147
   0.746      2.262277
   0.749      2.265321
   0.752      2.268277
   0.755      2.271144
   0.758      2.273922
   0.761      2.276608
   0.765      2.279202
   0.768      2.281704
   0.771      2.284111
   0.774      2.286423
   0.777      2.288638
   0.780      2.290757
   0.783      2.292777
   0.786      2.294699
   0.790      2.296520
   0.793      2.298240
   0.796      2.299858
   0.799      2.301374
   0.802      2.302785
   0.805      2.304093
   0.808      2.305295
   0.812      2.306390
   0.815      2.307379
   0.818      2.308260
   0.821      2.309033
   0.824      2.309696
   0.827      2.310249
   0.830      2.310692
   0.833      2.311023
   0.837      2.311243
   0.840      2.311350
   0.843      2.311343
   0.846      2.311223
   0.849      2.310989
   0.852      2.310640
   0.855      2.310176
   0.859      2.309596
   0.862      2.308899
   0.865      2.308086
   0.868      2.307156
   0.871      2.306108
   0.874      2.304942
   0.877      2.303659
   0.880      2.302257
   0.884      2.300736
   0.887      2.299096
   0.890      2.297337
   0.893      2.295458
   0.896      2.293460
   0.899      2.291342
   0.902      2.289104
   0.906      2.286745
   0.909      2.284267
   0.912      2.281669
   0.915      2.278951
   0.918      2.276112
   0.921      2.273153
   0.924      2.270074
   0.927      2.266875
   0.931      2.263556
   0.934      2.260118
   0.937      2.256559
   0.940      2.252882
   0.943      2.249084
   0.946      2.245168
   0.949      2.241133
   0.953      2.236980
   0.956      2.232708
   0.959      2.228318
   0.962      2.223811
   0.965      2.219187
   0.968      2.214446
   0.971      2.209588
   0.974      2.204615
   0.978      2.199526
   0.981      2.194322
   0.984      2.189003
   0.987      2.183571
   0.990      2.178025
   0.993      2.172366
   0.996      2.166595
   1.000      2.160713
   1.003      2.154719
   1.006      2.148616
   1.009      2.142402
   1.012      2.136080
   1.015      2.129649
   1.018      2.123111
   1.021      2.116466
   1.025      2.109715
   1.028      2.102859
   1.031      2.095899
   1.034      2.088835
   1.037      2.081668
   1.040      2.074400
   1.043      2.067030
   1.047      2.059560
   1.050      2.051991
   1.053      2.044324
   1.056      2.036559
   1.059      2.028698
   1.062      2.020742
   1.065      2.012691
   1.068      2.004547
   1.072      1.996310
   1.075      1.987981
   1.078      1.979562
   1.081      1.971054
   1.084      1.962457
   1.087      1.953773
   1.090      1.945002
   1.094      1.936147
   1.097      1.927207
   1.100      1.918184
   1.103      1.909079
   1.106      1.899893
   1.109      1.890628
   1.112      1.881284
   1.115      1.871862
   1.119      1.862364
   1.122      1.852791
   1.125      1.843143
   1.128      1.833423
   1.131      1.823631
   1.134      1.813768
   1.137      1.803836
   1.141      1.793835
   1.144      1.783767
   1.147      1.773634
   1.150      1.763435
   1.153      1.753173
   1.156      1.742848
   1.159      1.732462
   1.162      1.722016
   1.166      1.711511
   1.169      1.700948
   1.172      1.690329
   1.175      1.679654
   1.178      1.668925
   1.181      1.658143
   1.184      1.647310
   1.188      1.636425
   1.191      1.625491
   1.194      1.614509
   1.197      1.603479
   1.200      1.592404
   1.203      1.581283
   1.206      1.570119
   1.209      1.558913
   1.213      1.547665
   1.216      1.536377
   1.219      1.525049
   1.222      1.513684
   1.225      1.502282
   1.228      1.490845
   1.231      1.479373
   1.235      1.467868
   1.238      1.456330
   1.241      1.444761
   1.244      1.433163
   1.247      1.421535
   1.250      1.409880
   1.253      1.398198
   1.256      1.386490
   1.260      1.374757
   1.263      1.363002
   1.266      1.351223
   1.269      1.339424
   1.272      1.327604
   1.275      1.315765
   1.278      1.303908
   1.282      1.292034
   1.285      1.280143
   1.288      1.268238
   1.291      1.256318
   1.294      1.244385
   1.297      1.232441
   1.300      1.220485
   1.303      1.208519
   1.307      1.196544
   1.310      1.184561
   1.313      1.172570
   1.316      1.160574
   1.319      1.148572
   1.322      1.136566
   1.325      1.124557
   1.329      1.112545
   1.332      1.100531
   1.335      1.088517
   1.338      1.076503
   1.341      1.064490
   1.344      1.052480
   1.347      1.040472
   1.350      1.028468
   1.354      1.016469
   1.357      1.004475
   1.360      0.992487
   1.363      0.980507
   1.366      0.968534
   1.369      0.956571
   1.372      0.944617
   1.376      0.932673
   1.379      0.920741
   1.382      0.908820
   1.385      0.896912
   1.388      0.885018
   1.391      0.873139
   1.394      0.861274
   1.397      0.849425
   1.401      0.837592
   1.404      0.825777
   1.407      0.813980
   1.410      0.802201
   1.413      0.790442
   1.416      0.778703
   1.419      0.766985
   1.423      0.755288
   1.426      0.743613
   1.429      0.731961
   1.432      0.720332
   1.435      0.708727
   1.438      0.697148
   1.441      0.685593
   1.444      0.674064
   1.448      0.662562
   1.451      0.651087
   1.454      0.639640
   1.457      0.628221
   1.460      0.616832
   1.463      0.605471
   1.466      0.594141
   1.470      0.582841
   1.473      0.571573
   1.476      0.560336
   1.479      0.549131
   1.482      0.537959
   1.485      0.526821
   1.488      0.515716
   1.491      0.504646
   1.495      0.493610
   1.498      0.482610
   1.501      0.471645
   1.504      0.460717
   1.507      0.449826
   1.510      0.438971
   1.513      0.428155
   1.517      0.417376
   1.520      0.406636
   1.523      0.395934
   1.526      0.385273
   1.529      0.374650
   1.532      0.364068
   1.535      0.353527
   1.538      0.343027
   1.542      0.332568
   1.545      0.322151
   1.548      0.311775
   1.551      0.301443
   1.554      0.291153
   1.557      0.280906
   1.560      0.270703
   1.564      0.260544
   1.567      0.250429
   1.570      0.240359
   1.573      0.230334
   1.576      0.220353
   1.579      0.210418
   1.582      0.200529
   1.585      0.190687
   1.589      0.180890
   1.592      0.171140
   1.595      0.161437
   1.598      0.151781
   1.601      0.142173
   1.604      0.132613
   1.607      0.123100
   1.611      0.113636
   1.614      0.104220
   1.617      0.094853
   1.620      0.085534
   1.623      0.076265
   1.626      0.067045
   1.629      0.057875
   1.632      0.048755
   1.636      0.039684
   1.639      0.030664
   1.642      0.021694
   1.645      0.012774
   1.648      0.003905
   1.651     -0.004913
   1.654     -0.013679
   1.658     -0.022395
   1.661     -0.031060
   1.664     -0.039672
   1.667     -0.048234
   1.670     -0.056743
   1.673     -0.065201
   1.676     -0.073606
   1.679     -0.081960
   1.683     -0.090261
   1.686     -0.098509
   1.689     -0.106706
   1.692     -0.114849
   1.695     -0.122940
   1.698     -0.130978
   1.701     -0.138964
   1.705     -0.146896
   1.708     -0.154776
   1.711     -0.162602
   1.714     -0.170375
   1.717     -0.178095
   1.720     -0.185761
   1.723     -0.193375
   1.726     -0.200934
   1.730     -0.208441
   1.733     -0.215894
   1.736     -0.223293
   1.739     -0.230639
   1.742     -0.237931
   1.745     -0.245170
   1.748     -0.252355
   1.752     -0.259486
   1.755     -0.266564
   1.758     -0.273588
   1.761     -0.280559
   1.764     -0.287476
   1.767     -0.294339
   1.770     -0.301149
   1.773     -0.307905
   1.777     -0.314607
   1.780     -0.321256
   1.783     -0.327851
   1.786     -0.334392
   1.789     -0.340881
   1.792     -0.347315
   1.795     -0.353697
   1.799     -0.360025
   1.802     -0.366299
   1.805     -0.372520
   1.808     -0.378688
   1.811     -0.384803
   1.814     -0.390865
   1.817     -0.396874
   1.820     -0.402829
   1.824     -0.408732
   1.827     -0.414582
   1.830     -0.420379
   1.833     -0.426124
   1.836     -0.431816
   1.839     -0.437455
   1.842     -0.443042
   1.846     -0.448576
   1.849     -0.454059
   1.852     -0.459489
   1.855     -0.464867
   1.858     -0.470193
   1.861     -0.475468
   1.864     -0.480690
   1.867     -0.485861
   1.871     -0.490981
   1.874     -0.496049
   1.877     -0.501066
   1.880     -0.506031
   1.883     -0.510946
   1.886     -0.515810
   1.889     -0.520623
   1.893     -0.525385
   1.896     -0.530097
   1.899     -0.534759
   1.902     -0.539370
   1.905     -0.543931
   1.908     -0.548442
   1.911     -0.552904
   1.914     -0.557316
   1.918     -0.561678
   1.921     -0.565991
   1.924     -0.570255
   1.927     -0.574470
   1.930     -0.578636
   1.933     -0.582753
   1.936     -0.586821
   1.940     -0.590842
   1.943     -0.594814
   1.946     -0.598738
   1.949     -0.602614
   1.952     -0.606442
   1.955     -0.610223
   1.958     -0.613956
   1.961     -0.617642
   1.965     -0.621282
   1.968     -0.624874
   1.971     -0.628420
   1.974     -0.631919
   1.977     -0.635372
   1.980     -0.638779
   1.983     -0.642140
   1.987     -0.645455
   1.990     -0.648725
   1.993     -0.651949
   1.996     -0.655129
   1.999     -0.658263
   2.002     -0.661353
   2.005     -0.664398
   2.008     -0.667398
   2.012     -0.670355
   2.015     -0.673267
   2.018     -0.676136
   2.021     -0.678961
   2.024     -0.681743
   2.027     -0.684481
   2.030     -0.687177
   2.034     -0.689830
   2.037     -0.692440
   2.040     -0.695009
   2.043     -0.697535
   2.046     -0.700019
   2.049     -0.702461
   2.052     -0.704862
   2.055     -0.707221
   2.059     -0.709540
   2.062     -0.711818
   2.065     -0.714055
   2.068     -0.716252
   2.071     -0.718408
   2.074     -0.720525
   2.077     -0.722601
   2.081     -0.724639
   2.084     -0.726636
   2.087     -0.728595
   2.090     -0.730515
   2.093     -0.732396
   2.096     -0.734239
   2.099     -0.736044
   2.102     -0.737810
   2.106     -0.739539
   2.109     -0.741230
   2.112     -0.742884
   2.115     -0.744501
   2.118     -0.746081
   2.121     -0.747624
   2.124     -0.749131
   2.128     -0.750602
   2.131     -0.752036
   2.134     -0.753435
   2.137     -0.754799
   2.140     -0.756127
   2.143     -0.757419
   2.146     -0.758678
   2.149     -0.759901
   2.153     -0.761090
   2.156     -0.762245
   2.159     -0.763366
   2.162     -0.764453
   2.165     -0.765507
   2.168     -0.766527
   2.171     -0.767514
   2.175     -0.768469
   2.178     -0.769391
   2.181     -0.770280
   2.184     -0.771138
   2.187     -0.771963
   2.190     -0.772757
   2.193     -0.773519
   2.196     -0.774250
   2.200     -0.774950
   2.203     -0.775620
   2.206     -0.776258
   2.209     -0.776867
   2.212     -0.777445
   2.215     -0.777993
   2.218     -0.778512
   2.222     -0.779001
   2.225     -0.779461
   2.228     -0.779892
   2.231     -0.780294
   2.234     -0.780668
   2.237     -0.781013
   2.240     -0.781331
   2.243     -0.781620
   2.247     -0.781882
   2.250     -0.782116
   2.253     -0.782323
   2.256     -0.782503
   2.259     -0.782656
   2.262     -0.782783
   2.265     -0.782883
   2.269     -0.782957
   2.272     -0.783005
   2.275     -0.783028
   2.278     -0.783025
   2.281     -0.782997
   2.284     -0.782943
   2.287     -0.782865
   2.290     -0.782762
   2.294     -0.782635
   2.297     -0.782484
   2.300     -0.782309
   2.303     -0.782109
   2.306     -0.781887
   2.309     -0.781641
   2.312     -0.781372
   2.316     -0.781080
   2.319     -0.780765
   2.322     -0.780427
   2.325     -0.780068
   2.328     -0.779686
   2.331     -0.779282
   2.334     -0.778857
   2.337     -0.778410
   2.341     -0.777942
   2.344     -0.777453
   2.347     -0.776943
   2.350     -0.776412
   2.353     -0.775861
   2.356     -0.775290
   2.359     -0.774698
   2.363     -0.774087
   2.366     -0.773456
   2.369     -0.772805
   2.372     -0.772135
   2.375     -0.771446
   2.378     -0.770738
   2.381     -0.770012
   2.384     -0.769267
   2.388     -0.768504
   2.391     -0.767722
   2.394     -0.766923
   2.397     -0.766106
   2.400     -0.765271
   2.403     -0.764419
   2.406     -0.763550
   2.410     -0.762664
   2.413     -0.761761
   2.416     -0.760841
   2.419     -0.759905
   2.422     -0.758953
   2.425     -0.757984
   2.428     -0.757000
   2.431     -0.756000
   2.435     -0.754985
   2.438     -0.753954
   2.441     -0.752908
   2.444     -0.751847
   2.447     -0.750771
   2.450     -0.749681
   2.453     -0.748576
   2.457     -0.747457
   2.460     -0.746323
   2.463     -0.745176
   2.466     -0.744015
   2.469     -0.742840
   2.472     -0.741652
   2.475     -0.740451
   2.478     -0.739236
   2.482     -0.738009
   2.485     -0.736768
   2.488     -0.735516
   2.491     -0.734250
   2.494     -0.732973
   2.497     -0.731683
   2.500     -0.730381
   2.504     -0.729068
   2.507     -0.727743
   2.510     -0.726406
   2.513     -0.725058
   2.516     -0.723699
   2.519     -0.722329
   2.522     -0.720948
   2.525     -0.719556
   2.529     -0.718153
   2.532     -0.716741
   2.535     -0.715318
   2.538     -0.713884
   2.541     -0.712441
   2.544     -0.710988
   2.547     -0.709526
   2.551     -0.708054
   2.554     -0.706572
   2.557     -0.705081
   2.560     -0.703581
   2.563     -0.702072
   2.566     -0.700555
   2.569     -0.699028
   2.572     -0.697493
   2.576     -0.695950
   2.579     -0.694398
   2.582     -0.692838
   2.585     -0.691271
   2.588     -0.689695
   2.591     -0.688112
   2.594     -0.686521
   2.598     -0.684922
   2.601     -0.683316
   2.604     -0.681703
   2.607     -0.680083
   2.610     -0.678456
   2.613     -0.676822
   2.616     -0.675181
   2.619     -0.673534
   2.623     -0.671881
   2.626     -0.670220
   2.629     -0.668554
   2.632     -0.666882
   2.635     -0.665203
   2.638     -0.663519
   2.641     -0.661829
   2.645     -0.660134
   2.648     -0.658432
   2.651     -0.656726
   2.654     -0.655014
   2.657     -0.653297
   2.660     -0.651575
   2.663     -0.649848
   2.666     -0.648116
   2.670     -0.646380
   2.673     -0.644638
   2.676     -0.642893
   2.679     -0.641143
   2.682     -0.639388
   2.685     -0.637629
   2.688     -0.635867
   2.692     -0.634100
   2.695     -0.632329
   2.698     -0.630555
   2.701     -0.628777
   2.704     -0.626995
   2.707     -0.625210
   2.710     -0.623421
   2.713     -0.621629
   2.717     -0.619834
   2.720     -0.618036
   2.723     -0.616235
   2.726     -0.614431
   2.729     -0.612624
   2.732     -0.610814
   2.735     -0.609002
   2.739     -0.607187
   2.742     -0.605370
   2.745     -0.603550
   2.748     -0.601728
   2.751     -0.599904
   2.754     -0.598077
   2.757     -0.596249
   2.760     -0.594418
   2.764     -0.592586
   2.767     -0.590752
   2.770     -0.588917
   2.773     -0.587079
   2.776     -0.585240
   2.779     -0.583400
   2.782     -0.581558
   2.786     -0.579715
   2.789     -0.577871
   2.792     -0.576026
   2.795     -0.574179
   2.798     -0.572332
   2.801     -0.570484
   2.804     -0.568634
   2.807     -0.566784
   2.811     -0.564934
   2.814     -0.563082
   2.817     -0.561230
   2.820     -0.559378
   2.823     -0.557525
   2.826     -0.555672
   2.829     -0.553818
   2.833     -0.551964
   2.836     -0.550111
   2.839     -0.548257
   2.842     -0.546402
   2.845     -0.544548
   2.848     -0.542694
   2.851     -0.540841
   2.854     -0.538987
   2.858     -0.537134
   2.861     -0.535281
   2.864     -0.533428
   2.867     -0.531576
   2.870     -0.529724
   2.873     -0.527873
   2.876     -0.526023
   2.880     -0.524173
   2.883     -0.522324
   2.886     -0.520476
   2.889     -0.518629
   2.892     -0.516782
   2.895     -0.514937
   2.898     -0.513092
   2.901     -0.511248
   2.905     -0.509406
   2.908     -0.507565
   2.911     -0.505725
   2.914     -0.503886
   2.917     -0.502049
   2.920     -0.500212
   2.923     -0.498378
   2.927     -0.496544
   2.930     -0.494712
   2.933     -0.492882
   2.936     -0.491053
   2.939     -0.489226
   2.942     -0.487401
   2.945     -0.485577
   2.948     -0.483755
   2.952     -0.481935
   2.955     -0.480117
   2.958     -0.478300
   2.961     -0.476486
   2.964     -0.474673
   2.967     -0.472862
   2.970     -0.471054
   2.974     -0.469247
   2.977     -0.467443
   2.980     -0.465640
   2.983     -0.463840
   2.986     -0.462042
   2.989     -0.460247
   2.992     -0.458453
   2.995     -0.456662
   2.999     -0.454874
   3.002     -0.453087
   3.005     -0.451303
   3.008     -0.449522
   3.011     -0.447743
   3.014     -0.445966
   3.017     -0.444192
   3.021     -0.442421
   3.024     -0.440652
   3.027     -0.438886
   3.030     -0.437123
   3.033     -0.435362
   3.036     -0.433604
   3.039     -0.431848
   3.042     -0.430096
   3.046     -0.428346
   3.049     -0.426599
   3.052     -0.424854
   3.055     -0.423113
   3.058     -0.421375
   3.061     -0.419639
   3.064     -0.417907
   3.068     -0.416177
   3.071     -0.414450
   3.074     -0.412727
   3.077     -0.411006
   3.080     -0.409289
   3.083     -0.407574
   3.086     -0.405863
   3.089     -0.404154
   3.093     -0.402449
   3.096     -0.400747
   3.099     -0.399048
   3.102     -0.397353
   3.105     -0.395660
   3.108     -0.393971
   3.111     -0.392285
   3.115     -0.390602
   3.118     -0.388923
   3.121     -0.387247
   3.124     -0.385574
   3.127     -0.383904
   3.130     -0.382238
   3.133     -0.380575
   3.136     -0.378916
   3.140     -0.377260
   3.143     -0.375607
   3.146     -0.373958
   3.149     -0.372312
   3.152     -0.370669
   3.155     -0.369030
   3.158     -0.367395
   3.162     -0.365762
   3.165     -0.364134
   3.168     -0.362509
   3.171     -0.360887
   3.174     -0.359269
   3.177     -0.357654
   3.180     -0.356043
   3.183     -0.354436
   3.187     -0.352832
   3.190     -0.351231
   3.193     -0.349634
   3.196     -0.348041
   3.199     -0.346451
   3.202     -0.344865
   3.205     -0.343283
   3.209     -0.341704
   3.212     -0.340128
   3.215     -0.338557
   3.218     -0.336989
   3.221     -0.335424
   3.224     -0.333863
   3.227     -0.332306
   3.230     -0.330753
   3.234     -0.329203
   3.237     -0.327657
   3.240     -0.326114
   3.243     -0.324575
   3.246     -0.323040
   3.249     -0.321509
   3.252     -0.319981
   3.256     -0.318457
   3.259     -0.316936
   3.262     -0.315420
   3.265     -0.313906
   3.268     -0.312397
   3.271     -0.310891
   3.274     -0.309389
   3.277     -0.307891
   3.281     -0.306396
   3.284     -0.304906
   3.287     -0.303418
   3.290     -0.301935
   3.293     -0.300455
   3.296     -0.298979
   3.299     -0.297507
   3.303     -0.296038
   3.306     -0.294573
   3.309     -0.293112
   3.312     -0.291654
   3.315     -0.290200
   3.318     -0.288750
   3.321     -0.287304
   3.324     -0.285861
   3.328     -0.284422
   3.331     -0.282987
   3.334     -0.281555
   3.337     -0.280127
   3.340     -0.278703
   3.343     -0.277282
   3.346     -0.275865
   3.350     -0.274452
   3.353     -0.273043
   3.356     -0.271637
   3.359     -0.270235
   3.362     -0.268836
   3.365     -0.267441
   3.368     -0.266050
   3.371     -0.264663
   3.375     -0.263279
   3.378     -0.261899
   3.381     -0.260522
   3.384     -0.259150
   3.387     -0.257780
   3.390     -0.256415
   3.393     -0.255053
   3.397     -0.253694
   3.400     -0.252340
   3.403     -0.250989
   3.406     -0.249641
   3.409     -0.248297
   3.412     -0.246957
   3.415     -0.245620
   3.418     -0.244287
   3.422     -0.242958
   3.425     -0.241632
   3.428     -0.240310
   3.431     -0.238991
   3.434     -0.237676
   3.437     -0.236364
   3.440     -0.235056
   3.444     -0.233751
   3.447     -0.232450
   3.450     -0.231153
   3.453     -0.229859
   3.456     -0.228569
   3.459     -0.227282
   3.462     -0.225998
   3.465     -0.224718
   3.469     -0.223442
   3.472     -0.222169
   3.475     -0.220899
   3.478     -0.219633
   3.481     -0.218371
   3.484     -0.217112
   3.487     -0.215856
   3.491     -0.214604
   3.494     -0.213355
   3.497     -0.212109
   3.500     -0.210867
   3.503     -0.209629
   3.506     -0.208394
   3.509     -0.207162
   3.512     -0.205933
   3.516     -0.204708
   3.519     -0.203486
   3.522     -0.202268
   3.525     -0.201053
   3.528     -0.199841
   3.531     -0.198633
   3.534     -0.197428
   3.538     -0.196226
   3.541     -0.195027
   3.544     -0.193832
   3.547     -0.192640
   3.550     -0.191452
   3.553     -0.190266
   3.556     -0.189084
   3.559     -0.187905
   3.563     -0.186730
   3.566     -0.185557
   3.569     -0.184388
   3.572     -0.183222
   3.575     -0.182059
   3.578     -0.180899
   3.581     -0.179743
   3.585     -0.178589
   3.588     -0.177439
   3.591     -0.176292
   3.594     -0.175148
   3.597     -0.174008
   3.600     -0.172870
   3.603     -0.171735
   3.606     -0.170604
   3.610     -0.169475
   3.613     -0.168350
   3.616     -0.167228
   3.619     -0.166109
   3.622     -0.164992
   3.625     -0.163879
   3.628     -0.162769
   3.632     -0.161662
   3.635     -0.160558
   3.638     -0.159457
   3.641     -0.158359
   3.644     -0.157264
   3.647     -0.156171
   3.650     -0.155082
   3.653     -0.153996
   3.657     -0.152912
   3.660     -0.151832
   3.663     -0.150754
   3.666     -0.149680
   3.669     -0.148608
   3.672     -0.147539
   3.675     -0.146473
   3.679     -0.145410
   3.682     -0.144349
   3.685     -0.143292
   3.688     -0.142237
   3.691     -0.141185
   3.694     -0.140136
   3.697     -0.139090
   3.700     -0.138046
   3.704     -0.137005
   3.707     -0.135967
   3.710     -0.134932
   3.713     -0.133899
   3.716     -0.132870
   3.719     -0.131842
   3.722     -0.130818
   3.726     -0.129796
   3.729     -0.128777
   3.732     -0.127761
   3.735     -0.126747
   3.738     -0.125736
   3.741     -0.124727
   3.744     -0.123722
   3.747     -0.122718
   3.751     -0.121718
   3.754     -0.120720
   3.757     -0.119724
   3.760     -0.118731
   3.763     -0.117741
   3.766     -0.116753
   3.769     -0.115768
   3.773     -0.114785
   3.776     -0.113805
   3.779     -0.112827
   3.782     -0.111852
   3.785     -0.110879
   3.788     -0.109909
   3.791     -0.108941
   3.794     -0.107976
   3.798     -0.107013
   3.801     -0.106052
   3.804     -0.105094
   3.807     -0.104138
   3.810     -0.103185
   3.813     -0.102234
   3.816     -0.101286
   3.820     -0.100339
   3.823     -0.099396
   3.826     -0.098454
   3.829     -0.097515
   3.832     -0.096578
   3.835     -0.095643
   3.838     -0.094711
   3.841     -0.093781
   3.845     -0.092853
   3.848     -0.091928
   3.851     -0.091004
   3.854     -0.090083
   3.857     -0.089165
   3.860     -0.088248
   3.863     -0.087334
   3.867     -0.086422
   3.870     -0.085512
   3.873     -0.084604
   3.876     -0.083698
   3.879     -0.082795
   3.882     -0.081893
   3.885     -0.080994
   3.888     -0.080097
   3.892     -0.079202
   3.895     -0.078309
   3.898     -0.077418
   3.901     -0.076529
   3.904     -0.075642
   3.907     -0.074758
   3.910     -0.073875
   3.914     -0.072995
   3.917     -0.072116
   3.920     -0.071239
   3.923     -0.070365
   3.926     -0.069492
   3.929     -0.068622
   3.932     -0.067753
   3.935     -0.066886
   3.939     -0.066022
   3.942     -0.065159
   3.945     -0.064298
   3.948     -0.063439
   3.951     -0.062582
   3.954     -0.061727
   3.957     -0.060873
   3.961     -0.060022
   3.964     -0.059172
   3.967     -0.058325
   3.970     -0.057479
   3.973     -0.056635
   3.976     -0.055792
   3.979     -0.054952
   3.982     -0.054113
   3.986     -0.053276
   3.989     -0.052441
   3.992     -0.051608
   3.995     -0.050776
   3.998     -0.049947
   4.001     -0.049119
   4.004     -0.048292
   4.008     -0.047467
   4.011     -0.046645
   4.014     -0.045823
   4.017     -0.045004
   4.020     -0.044186
   4.023     -0.043370
   4.026     -0.042555
   4.029     -0.041742
   4.033     -0.040931
   4.036     -0.040121
   4.039     -0.039313
   4.042     -0.038506
   4.045     -0.037701
   4.048     -0.036898
   4.051     -0.036096
   4.055     -0.035296
   4.058     -0.034497
   4.061     -0.033700
   4.064     -0.032905
   4.067     -0.032111
   4.070     -0.031318
   4.073     -0.030527
   4.076     -0.029737
   4.080     -0.028949
   4.083     -0.028163
   4.086     -0.027378
   4.089     -0.026594
   4.092     -0.025812
   4.095     -0.025031
   4.098     -0.024251
   4.102     -0.023473
   4.105     -0.022697
   4.108     -0.021921
   4.111     -0.021147
   4.114     -0.020375
   4.117     -0.019604
   4.120     -0.018834
   4.123     -0.018066
   4.127     -0.017299
   4.130     -0.016533
   4.133     -0.015768
   4.136     -0.015005
   4.139     -0.014243
   4.142     -0.013483
   4.145     -0.012723
   4.149     -0.011965
   4.152     -0.011208
   4.155     -0.010453
   4.158     -0.009698
   4.161     -0.008945
   4.164     -0.008193
   4.167     -0.007443
   4.170     -0.006693
   4.174     -0.005945
   4.177     -0.005198
   4.180     -0.004452
   4.183     -0.003707
   4.186     -0.002963
   4.189     -0.002221
   4.192     -0.001479
   4.196     -0.000739
   4.199      0.000000
