   0.000      1.278581
   0.003      1.278581
   0.006      1.278581
   0.009      1.278581
   0.012      1.278581
   0.016      1.278581
   0.019      1.278581
   0.022      1.278581
   0.025      1.278581
   0.028      1.278581
   0.031      1.278581
   0.034      1.278581
   0.037      1.278581
   0.040      1.278581
   0.044      1.278581
   0.047      1.278581
   0.050      1.278581
   0.053      1.278581
   0.056      1.278580
   0.059      1.278580
   0.062      1.278580
   0.065      1.278580
   0.068      1.278580
   0.072      1.278580
   0.075      1.278580
   0.078      1.278579
   0.081      1.278579
   0.084      1.278579
   0.087      1.278578
   0.090      1.278577
   0.093      1.278577
   0.096      1.278576
   0.099      1.278575
   0.103      1.278574
   0.106      1.278572
   0.109      1.278571
   0.112      1.278569
   0.115      1.278567
   0.118      1.278564
   0.121      1.278562
   0.124      1.278559
   0.127      1.278555
   0.131      1.278551
   0.134      1.278547
   0.137      1.278542
   0.140      1.278537
   0.143      1.278530
   0.146      1.278524
   0.149      1.278516
   0.152      1.278508
   0.155      1.278499
   0.159      1.278489
   0.162      1.278478
   0.165      1.278466
   0.168      1.278452
   0.171      1.278438
   0.174      1.278422
   0.177      1.278405
   0.180      1.278386
   0.183      1.278366
   0.187      1.278344
   0.190      1.278320
   0.193      1.278295
   0.196      1.278267
   0.199      1.278237
   0.202      1.278205
   0.205      1.278171
   0.208      1.278134
   0.211      1.278095
   0.215      1.278052
   0.218      1.278007
   0.221      1.277959
   0.224      1.277908
   0.227      1.277853
   0.230      1.277795
   0.233      1.277733
   0.236      1.277667
   0.239      1.277597
   0.242      1.277523
   0.246      1.277445
   0.249      1.277362
   0.252      1.277275
   0.255      1.277182
   0.258      1.277084
   0.261      1.276982
   0.264      1.276873
   0.267      1.276759
   0.270      1.276639
   0.274      1.276513
   0.277      1.276381
   0.280      1.276242
   0.283      1.276096
   0.286      1.275944
   0.289      1.275784
   0.292      1.275617
   0.295      1.275442
   0.298      1.275260
   0.302      1.275069
   0.305      1.274871
   0.308      1.274663
   0.311      1.274447
   0.314      1.274222
   0.317      1.273988
   0.320      1.273744
   0.323      1.273491
   0.326      1.273228
   0.330      1.272955
   0.333      1.272671
   0.336      1.272377
   0.339      1.272072
   0.342      1.271756
   0.345      1.271429
   0.348      1.271091
   0.351      1.270741
   0.354      1.270379
   0.358      1.270005
   0.361      1.269619
   0.364      1.269220
   0.367      1.268808
   0.370      1.268384
   0.373      1.267946
   0.376      1.267496
   0.379      1.267031
   0.382      1.266553
   0.386      1.266062
   0.389      1.265556
   0.392      1.265036
   0.395      1.264502
   0.398      1.263953
   0.401      1.263389
   0.404      1.262811
   0.407      1.262218
   0.410      1.261609
   0.413      1.260986
   0.417      1.260347
   0.420      1.259692
   0.423      1.259022
   0.426      1.258336
   0.429      1.257635
   0.432      1.256917
   0.435      1.256184
   0.438      1.255434
   0.441      1.254668
   0.445      1.253886
   0.448      1.253087
   0.451      1.252273
   0.454      1.251441
   0.457      1.250593
   0.460      1.249729
   0.463      1.248848
   0.466      1.247951
   0.469      1.247037
   0.473      1.246106
   0.476      1.245159
   0.479      1.244195
   0.482      1.243214
   0.485      1.242217
   0.488      1.241204
   0.491      1.240173
   0.494      1.239126
   0.497      1.238063
   0.501      1.236983
   0.504      1.235887
   0.507      1.234775
   0.510      1.233646
   0.513      1.232501
   0.516      1.231339
   0.519      1.230162
   0.522      1.228969
   0.525      1.227760
   0.529      1.226534
   0.532      1.225294
   0.535      1.224037
   0.538      1.222765
   0.541      1.221478
   0.544      1.220175
   0.547      1.218857
   0.550      1.217524
   0.553      1.216176
   0.556      1.214813
   0.560      1.213436
   0.563      1.212044
   0.566      1.210637
   0.569      1.209217
   0.572      1.207782
   0.575      1.206333
   0.578      1.204870
   0.581      1.203393
   0.584      1.201903
   0.588      1.200400
   0.591      1.198883
   0.594      1.197353
   0.597      1.195811
   0.600      1.194255
   0.603      1.192687
   0.606      1.191106
   0.609      1.189513
   0.612      1.187908
   0.616      1.186291
   0.619      1.184662
   0.622      1.183022
   0.625      1.181370
   0.628      1.179707
   0.631      1.178032
   0.634      1.176347
   0.637      1.174651
   0.640      1.172944
   0.644      1.171227
   0.647      1.169499
   0.650      1.167761
   0.653      1.166013
   0.656      1.164256
   0.659      1.162489
   0.662      1.160712
   0.665      1.158926
   0.668      1.157131
   0.672      1.155327
   0.675      1.153514
   0.678      1.151692
   0.681      1.149862
   0.684      1.148023
   0.687      1.146176
   0.690      1.144321
   0.693      1.142459
   0.696      1.140588
   0.700      1.138710
   0.703      1.136825
   0.706      1.134932
   0.709      1.133032
   0.712      1.131125
   0.715      1.129212
   0.718      1.127291
   0.721      1.125364
   0.724      1.123431
   0.727      1.121491
   0.731      1.119546
   0.734      1.117594
   0.737      1.115637
   0.740      1.113674
   0.743      1.111705
   0.746      1.109731
   0.749      1.107751
   0.752      1.105767
   0.755      1.103777
   0.759      1.101783
   0.762      1.099784
   0.765      1.097780
   0.768      1.095772
   0.771      1.093759
   0.774      1.091742
   0.777      1.089721
   0.780      1.087696
   0.783      1.085667
   0.787      1.083635
   0.790      1.081599
   0.793      1.079559
   0.796      1.077516
   0.799      1.075469
   0.802      1.073420
   0.805      1.071367
   0.808      1.069312
   0.811      1.067253
   0.815      1.065192
   0.818      1.063129
   0.821      1.061063
   0.824      1.058994
   0.827      1.056923
   0.830      1.054851
   0.833      1.052776
   0.836      1.050699
   0.839      1.048620
   0.843      1.046540
   0.846      1.044457
   0.849      1.042374
   0.852      1.040289
   0.855      1.038202
   0.858      1.036115
   0.861      1.034026
   0.864      1.031936
   0.867      1.029846
   0.870      1.027754
   0.874      1.025662
   0.877      1.023569
   0.880      1.021475
   0.883      1.019381
   0.886      1.017287
   0.889      1.015192
   0.892      1.013097
   0.895      1.011002
   0.898      1.008907
   0.902      1.006812
   0.905      1.004718
   0.908      1.002623
   0.911      1.000529
   0.914      0.998435
   0.917      0.996342
   0.920      0.994249
   0.923      0.992157
   0.926      0.990065
   0.930      0.987974
   0.933      0.985885
   0.936      0.983796
   0.939      0.981708
   0.942      0.979621
   0.945      0.977536
   0.948      0.975452
   0.951      0.973369
   0.954      0.971287
   0.958      0.969207
   0.961      0.967129
   0.964      0.965052
   0.967      0.962976
   0.970      0.960903
   0.973      0.958831
   0.976      0.956762
   0.979      0.954694
   0.982      0.952628
   0.986      0.950564
   0.989      0.948503
   0.992      0.946443
   0.995      0.944386
   0.998      0.942331
   1.001      0.940279
   1.004      0.938229
   1.007      0.936181
   1.010      0.934136
   1.014      0.932094
   1.017      0.930055
   1.020      0.928018
   1.023      0.925984
   1.026      0.923952
   1.029      0.921924
   1.032      0.919898
   1.035      0.917876
   1.038      0.915857
   1.041      0.913840
   1.045      0.911827
   1.048      0.909817
   1.051      0.907810
   1.054      0.905807
   1.057      0.903807
   1.060      0.901810
   1.063      0.899817
   1.066      0.897827
   1.069      0.895841
   1.073      0.893858
   1.076      0.891879
   1.079      0.889903
   1.082      0.887931
   1.085      0.885963
   1.088      0.883999
   1.091      0.882038
   1.094      0.880082
   1.097      0.878129
   1.101      0.876180
   1.104      0.874235
   1.107      0.872294
   1.110      0.870357
   1.113      0.868423
   1.116      0.866495
   1.119      0.864570
   1.122      0.862649
   1.125      0.860733
   1.129      0.858820
   1.132      0.856912
   1.135      0.855008
   1.138      0.853109
   1.141      0.851214
   1.144      0.849323
   1.147      0.847436
   1.150      0.845554
   1.153      0.843676
   1.157      0.841803
   1.160      0.839934
   1.163      0.838070
   1.166      0.836210
   1.169      0.834355
   1.172      0.832505
   1.175      0.830659
   1.178      0.828817
   1.181      0.826980
   1.184      0.825148
   1.188      0.823321
   1.191      0.821498
   1.194      0.819680
   1.197      0.817866
   1.200      0.816057
   1.203      0.814254
   1.206      0.812454
   1.209      0.810660
   1.212      0.808870
   1.216      0.807086
   1.219      0.805306
   1.222      0.803531
   1.225      0.801760
   1.228      0.799995
   1.231      0.798234
   1.234      0.796479
   1.237      0.794728
   1.240      0.792982
   1.244      0.791241
   1.247      0.789505
   1.250      0.787774
   1.253      0.786048
   1.256      0.784327
   1.259      0.782611
   1.262      0.780900
   1.265      0.779194
   1.268      0.777492
   1.272      0.775796
   1.275      0.774105
   1.278      0.772419
   1.281      0.770737
   1.284      0.769061
   1.287      0.767390
   1.290      0.765724
   1.293      0.764062
   1.296      0.762406
   1.300      0.760755
   1.303      0.759109
   1.306      0.757468
   1.309      0.755832
   1.312      0.754201
   1.315      0.752575
   1.318      0.750954
   1.321      0.749338
   1.324      0.747727
   1.328      0.746121
   1.331      0.744521
   1.334      0.742925
   1.337      0.741334
   1.340      0.739748
   1.343      0.738168
   1.346      0.736592
   1.349      0.735021
   1.352      0.733456
   1.355      0.731895
   1.359      0.730340
   1.362      0.728789
   1.365      0.727243
   1.368      0.725703
   1.371      0.724167
   1.374      0.722637
   1.377      0.721111
   1.380      0.719591
   1.383      0.718075
   1.387      0.716564
   1.390      0.715058
   1.393      0.713558
   1.396      0.712062
   1.399      0.710571
   1.402      0.709085
   1.405      0.707604
   1.408      0.706128
   1.411      0.704657
   1.415      0.703190
   1.418      0.701729
   1.421      0.700273
   1.424      0.698821
   1.427      0.697374
   1.430      0.695932
   1.433      0.694495
   1.436      0.693063
   1.439      0.691636
   1.443      0.690213
   1.446      0.688795
   1.449      0.687383
   1.452      0.685974
   1.455      0.684571
   1.458      0.683172
   1.461      0.681779
   1.464      0.680390
   1.467      0.679005
   1.471      0.677626
   1.474      0.676251
   1.477      0.674881
   1.480      0.673515
   1.483      0.672154
   1.486      0.670798
   1.489      0.669447
   1.492      0.668100
   1.495      0.666758
   1.498      0.665420
   1.502      0.664087
   1.505      0.662759
   1.508      0.661435
   1.511      0.660116
   1.514      0.658801
   1.517      0.657491
   1.520      0.656185
   1.523      0.654884
   1.526      0.653588
   1.530      0.652295
   1.533      0.651008
   1.536      0.649725
   1.539      0.648446
   1.542      0.647172
   1.545      0.645902
   1.548      0.644636
   1.551      0.643375
   1.554      0.642119
   1.558      0.640867
   1.561      0.639619
   1.564      0.638375
   1.567      0.637136
   1.570      0.635901
   1.573      0.634670
   1.576      0.633444
   1.579      0.632222
   1.582      0.631004
   1.586      0.629790
   1.589      0.628581
   1.592      0.627376
   1.595      0.626175
   1.598      0.624978
   1.601      0.623785
   1.604      0.622597
   1.607      0.621412
   1.610      0.620232
   1.614      0.619056
   1.617      0.617884
   1.620      0.616716
   1.623      0.615552
   1.626      0.614392
   1.629      0.613236
   1.632      0.612084
   1.635      0.610936
   1.638      0.609792
   1.642      0.608653
   1.645      0.607517
   1.648      0.606385
   1.651      0.605257
   1.654      0.604132
   1.657      0.603012
   1.660      0.601896
   1.663      0.600783
   1.666      0.599674
   1.669      0.598570
   1.673      0.597469
   1.676      0.596371
   1.679      0.595278
   1.682      0.594188
   1.685      0.593102
   1.688      0.592020
   1.691      0.590942
   1.694      0.589867
   1.697      0.588796
   1.701      0.587729
   1.704      0.586665
   1.707      0.585605
   1.710      0.584548
   1.713      0.583496
   1.716      0.582446
   1.719      0.581401
   1.722      0.580359
   1.725      0.579320
   1.729      0.578285
   1.732      0.577254
   1.735      0.576226
   1.738      0.575202
   1.741      0.574181
   1.744      0.573164
   1.747      0.572150
   1.750      0.571139
   1.753      0.570132
   1.757      0.569129
   1.760      0.568128
   1.763      0.567131
   1.766      0.566138
   1.769      0.565148
   1.772      0.564161
   1.775      0.563178
   1.778      0.562197
   1.781      0.561221
   1.785      0.560247
   1.788      0.559277
   1.791      0.558310
   1.794      0.557346
   1.797      0.556385
   1.800      0.555428
   1.803      0.554474
   1.806      0.553523
   1.809      0.552575
   1.812      0.551630
   1.816      0.550689
   1.819      0.549751
   1.822      0.548815
   1.825      0.547883
   1.828      0.546954
   1.831      0.546028
   1.834      0.545105
   1.837      0.544185
   1.840      0.543268
   1.844      0.542355
   1.847      0.541444
   1.850      0.540536
   1.853      0.539631
   1.856      0.538729
   1.859      0.537830
   1.862      0.536934
   1.865      0.536041
   1.868      0.535151
   1.872      0.534264
   1.875      0.533380
   1.878      0.532498
   1.881      0.531620
   1.884      0.530744
   1.887      0.529871
   1.890      0.529001
   1.893      0.528134
   1.896      0.527269
   1.900      0.526407
   1.903      0.525548
   1.906      0.524692
   1.909      0.523839
   1.912      0.522988
   1.915      0.522140
   1.918      0.521295
   1.921      0.520453
   1.924      0.519613
   1.928      0.518776
   1.931      0.517941
   1.934      0.517109
   1.937      0.516280
   1.940      0.515453
   1.943      0.514630
   1.946      0.513808
   1.949      0.512989
   1.952      0.512173
   1.956      0.511360
   1.959      0.510549
   1.962      0.509740
   1.965      0.508934
   1.968      0.508131
   1.971      0.507330
   1.974      0.506531
   1.977      0.505736
   1.980      0.504942
   1.983      0.504151
   1.987      0.503363
   1.990      0.502577
   1.993      0.501793
   1.996      0.501012
   1.999      0.500233
   2.002      0.499457
   2.005      0.498683
   2.008      0.497911
   2.011      0.497142
   2.015      0.496375
   2.018      0.495610
   2.021      0.494848
   2.024      0.494088
   2.027      0.493331
   2.030      0.492576
   2.033      0.491823
   2.036      0.491072
   2.039      0.490324
   2.043      0.489578
   2.046      0.488834
   2.049      0.488092
   2.052      0.487353
   2.055      0.486616
   2.058      0.485881
   2.061      0.485148
   2.064      0.484418
   2.067      0.483689
   2.071      0.482963
   2.074      0.482239
   2.077      0.481518
   2.080      0.480798
   2.083      0.480080
   2.086      0.479365
   2.089      0.478652
   2.092      0.477941
   2.095      0.477232
   2.099      0.476525
   2.102      0.475820
   2.105      0.475117
   2.108      0.474417
   2.111      0.473718
   2.114      0.473021
   2.117      0.472327
   2.120      0.471634
   2.123      0.470944
   2.126      0.470256
   2.130      0.469569
   2.133      0.468885
   2.136      0.468202
   2.139      0.467522
   2.142      0.466843
   2.145      0.466167
   2.148      0.465492
   2.151      0.464820
   2.154      0.464149
   2.158      0.463480
   2.161      0.462813
   2.164      0.462148
   2.167      0.461485
   2.170      0.460824
   2.173      0.460165
   2.176      0.459508
   2.179      0.458852
   2.182      0.458198
   2.186      0.457547
   2.189      0.456897
   2.192      0.456249
   2.195      0.455603
   2.198      0.454958
   2.201      0.454316
   2.204      0.453675
   2.207      0.453036
   2.210      0.452399
   2.214      0.451763
   2.217      0.451130
   2.220      0.450498
   2.223      0.449868
   2.226      0.449240
   2.229      0.448613
   2.232      0.447988
   2.235      0.447365
   2.238      0.446744
   2.242      0.446124
   2.245      0.445506
   2.248      0.444890
   2.251      0.444276
   2.254      0.443663
   2.257      0.443052
   2.260      0.442442
   2.263      0.441835
   2.266      0.441229
   2.270      0.440624
   2.273      0.440021
   2.276      0.439420
   2.279      0.438821
   2.282      0.438223
   2.285      0.437627
   2.288      0.437032
   2.291      0.436439
   2.294      0.435848
   2.297      0.435258
   2.301      0.434670
   2.304      0.434083
   2.307      0.433498
   2.310      0.432915
   2.313      0.432333
   2.316      0.431753
   2.319      0.431174
   2.322      0.430597
   2.325      0.430021
   2.329      0.429447
   2.332      0.428874
   2.335      0.428303
   2.338      0.427734
   2.341      0.427165
   2.344      0.426599
   2.347      0.426034
   2.350      0.425470
   2.353      0.424908
   2.357      0.424348
   2.360      0.423789
   2.363      0.423231
   2.366      0.422675
   2.369      0.422120
   2.372      0.421567
   2.375      0.421015
   2.378      0.420465
   2.381      0.419916
   2.385      0.419368
   2.388      0.418822
   2.391      0.418278
   2.394      0.417735
   2.397      0.417193
   2.400      0.416652
   2.403      0.416113
   2.406      0.415576
   2.409      0.415040
   2.413      0.414505
   2.416      0.413971
   2.419      0.413439
   2.422      0.412908
   2.425      0.412379
   2.428      0.411851
   2.431      0.411324
   2.434      0.410799
   2.437      0.410275
   2.440      0.409752
   2.444      0.409231
   2.447      0.408711
   2.450      0.408192
   2.453      0.407675
   2.456      0.407159
   2.459      0.406644
   2.462      0.406131
   2.465      0.405619
   2.468      0.405108
   2.472      0.404598
   2.475      0.404090
   2.478      0.403583
   2.481      0.403077
   2.484      0.402573
   2.487      0.402070
