   0.000     -0.000089
   0.003      0.000044
   0.006      0.000178
   0.009      0.000400
   0.013      0.000712
   0.016      0.001112
   0.019      0.001601
   0.022      0.002179
   0.025      0.002846
   0.028      0.003602
   0.031      0.004446
   0.034      0.005379
   0.038      0.006401
   0.041      0.007510
   0.044      0.008709
   0.047      0.009995
   0.050      0.011370
   0.053      0.012833
   0.056      0.014384
   0.060      0.016022
   0.063      0.017749
   0.066      0.019562
   0.069      0.021464
   0.072      0.023452
   0.075      0.025528
   0.078      0.027690
   0.081      0.029939
   0.085      0.032275
   0.088      0.034697
   0.091      0.037205
   0.094      0.039799
   0.097      0.042479
   0.100      0.045244
   0.103      0.048095
   0.107      0.051031
   0.110      0.054051
   0.113      0.057156
   0.116      0.060345
   0.119      0.063619
   0.122      0.066976
   0.125      0.070416
   0.128      0.073940
   0.132      0.077546
   0.135      0.081235
   0.138      0.085006
   0.141      0.088859
   0.144      0.092794
   0.147      0.096809
   0.150      0.100906
   0.154      0.105083
   0.157      0.109341
   0.160      0.113678
   0.163      0.118095
   0.166      0.122590
   0.169      0.127164
   0.172      0.131817
   0.175      0.136547
   0.179      0.141355
   0.182      0.146239
   0.185      0.151200
   0.188      0.156238
   0.191      0.161350
   0.194      0.166538
   0.197      0.171801
   0.201      0.177138
   0.204      0.182549
   0.207      0.188033
   0.210      0.193589
   0.213      0.199218
   0.216      0.204918
   0.219      0.210690
   0.222      0.216532
   0.226      0.222445
   0.229      0.228427
   0.232      0.234478
   0.235      0.240597
   0.238      0.246784
   0.241      0.253039
   0.244      0.259360
   0.248      0.265747
   0.251      0.272200
   0.254      0.278717
   0.257      0.285299
   0.260      0.291944
   0.263      0.298653
   0.266      0.305423
   0.269      0.312255
   0.273      0.319148
   0.276      0.326102
   0.279      0.333114
   0.282      0.340186
   0.285      0.347316
   0.288      0.354504
   0.291      0.361748
   0.295      0.369049
   0.298      0.376404
   0.301      0.383815
   0.304      0.391279
   0.307      0.398796
   0.310      0.406366
   0.313      0.413987
   0.316      0.421659
   0.320      0.429381
   0.323      0.437152
   0.326      0.444972
   0.329      0.452839
   0.332      0.460753
   0.335      0.468713
   0.338      0.476719
   0.342      0.484768
   0.345      0.492861
   0.348      0.500997
   0.351      0.509174
   0.354      0.517392
   0.357      0.525651
   0.360      0.533948
   0.363      0.542284
   0.367      0.550657
   0.370      0.559067
   0.373      0.567512
   0.376      0.575992
   0.379      0.584506
   0.382      0.593052
   0.385      0.601631
   0.389      0.610240
   0.392      0.618880
   0.395      0.627549
   0.398      0.636246
   0.401      0.644970
   0.404      0.653720
   0.407      0.662496
   0.410      0.671296
   0.414      0.680119
   0.417      0.688965
   0.420      0.697832
   0.423      0.706720
   0.426      0.715627
   0.429      0.724552
   0.432      0.733495
   0.436      0.742454
   0.439      0.751429
   0.442      0.760418
   0.445      0.769421
   0.448      0.778436
   0.451      0.787462
   0.454      0.796499
   0.457      0.805545
   0.461      0.814599
   0.464      0.823661
   0.467      0.832729
   0.470      0.841802
   0.473      0.850879
   0.476      0.859959
   0.479      0.869041
   0.483      0.878125
   0.486      0.887208
   0.489      0.896290
   0.492      0.905371
   0.495      0.914448
   0.498      0.923521
   0.501      0.932588
   0.504      0.941650
   0.508      0.950704
   0.511      0.959750
   0.514      0.968786
   0.517      0.977812
   0.520      0.986827
   0.523      0.995829
   0.526      1.004817
   0.530      1.013791
   0.533      1.022749
   0.536      1.031691
   0.539      1.040614
   0.542      1.049519
   0.545      1.058405
   0.548      1.067269
   0.551      1.076112
   0.555      1.084932
   0.558      1.093728
   0.561      1.102499
   0.564      1.111244
   0.567      1.119963
   0.570      1.128653
   0.573      1.137315
   0.577      1.145947
   0.580      1.154548
   0.583      1.163118
   0.586      1.171654
   0.589      1.180157
   0.592      1.188625
   0.595      1.197058
   0.598      1.205453
   0.602      1.213812
   0.605      1.222132
   0.608      1.230412
   0.611      1.238652
   0.614      1.246851
   0.617      1.255008
   0.620      1.263122
   0.624      1.271192
   0.627      1.279217
   0.630      1.287196
   0.633      1.295129
   0.636      1.303015
   0.639      1.310852
   0.642      1.318641
   0.645      1.326379
   0.649      1.334067
   0.652      1.341703
   0.655      1.349287
   0.658      1.356818
   0.661      1.364295
   0.664      1.371717
   0.667      1.379084
   0.671      1.386395
   0.674      1.393649
   0.677      1.400846
   0.680      1.407984
   0.683      1.415064
   0.686      1.422084
   0.689      1.429043
   0.692      1.435942
   0.696      1.442779
   0.699      1.449554
   0.702      1.456266
   0.705      1.462915
   0.708      1.469499
   0.711      1.476019
   0.714      1.482474
   0.718      1.488863
   0.721      1.495186
   0.724      1.501442
   0.727      1.507631
   0.730      1.513752
   0.733      1.519805
   0.736      1.525790
   0.739      1.531705
   0.743      1.537550
   0.746      1.543326
   0.749      1.549031
   0.752      1.554665
   0.755      1.560228
   0.758      1.565720
   0.761      1.571140
   0.765      1.576487
   0.768      1.581762
   0.771      1.586964
   0.774      1.592093
   0.777      1.597149
   0.780      1.602131
   0.783      1.607039
   0.786      1.611873
   0.790      1.616633
   0.793      1.621318
   0.796      1.625929
   0.799      1.630464
   0.802      1.634925
   0.805      1.639311
   0.808      1.643621
   0.812      1.647856
   0.815      1.652016
   0.818      1.656100
   0.821      1.660109
   0.824      1.664042
   0.827      1.667899
   0.830      1.671681
   0.833      1.675388
   0.837      1.679018
   0.840      1.682573
   0.843      1.686053
   0.846      1.689457
   0.849      1.692786
   0.852      1.696040
   0.855      1.699219
   0.859      1.702322
   0.862      1.705351
   0.865      1.708305
   0.868      1.711184
   0.871      1.713989
   0.874      1.716720
   0.877      1.719377
   0.880      1.721960
   0.884      1.724470
   0.887      1.726906
   0.890      1.729270
   0.893      1.731560
   0.896      1.733779
   0.899      1.735925
   0.902      1.737999
   0.906      1.740002
   0.909      1.741933
   0.912      1.743794
   0.915      1.745584
   0.918      1.747304
   0.921      1.748955
   0.924      1.750536
   0.927      1.752048
   0.931      1.753492
   0.934      1.754867
   0.937      1.756175
   0.940      1.757416
   0.943      1.758590
   0.946      1.759698
   0.949      1.760740
   0.953      1.761716
   0.956      1.762628
   0.959      1.763475
   0.962      1.764259
   0.965      1.764979
   0.968      1.765637
   0.971      1.766232
   0.974      1.766765
   0.978      1.767237
   0.981      1.767649
   0.984      1.768000
   0.987      1.768293
   0.990      1.768526
   0.993      1.768700
   0.996      1.768817
   1.000      1.768877
   1.003      1.768880
   1.006      1.768827
   1.009      1.768719
   1.012      1.768556
   1.015      1.768339
   1.018      1.768068
   1.021      1.767745
   1.025      1.767368
   1.028      1.766941
   1.031      1.766462
   1.034      1.765933
   1.037      1.765354
   1.040      1.764725
   1.043      1.764049
   1.047      1.763324
   1.050      1.762552
   1.053      1.761733
   1.056      1.760869
   1.059      1.759959
   1.062      1.759004
   1.065      1.758005
   1.068      1.756963
   1.072      1.755878
   1.075      1.754751
   1.078      1.753583
   1.081      1.752373
   1.084      1.751123
   1.087      1.749834
   1.090      1.748506
   1.094      1.747139
   1.097      1.745735
   1.100      1.744293
   1.103      1.742815
   1.106      1.741301
   1.109      1.739752
   1.112      1.738169
   1.115      1.736551
   1.119      1.734900
   1.122      1.733216
   1.125      1.731500
   1.128      1.729752
   1.131      1.727974
   1.134      1.726165
   1.137      1.724326
   1.141      1.722457
   1.144      1.720561
   1.147      1.718635
   1.150      1.716683
   1.153      1.714703
   1.156      1.712697
   1.159      1.710665
   1.162      1.708607
   1.166      1.706525
   1.169      1.704419
   1.172      1.702288
   1.175      1.700134
   1.178      1.697958
   1.181      1.695759
   1.184      1.693538
   1.188      1.691297
   1.191      1.689034
   1.194      1.686751
   1.197      1.684448
   1.200      1.682126
   1.203      1.679784
   1.206      1.677425
   1.209      1.675047
   1.213      1.672651
   1.216      1.670239
   1.219      1.667809
   1.222      1.665363
   1.225      1.662901
   1.228      1.660424
   1.231      1.657932
   1.235      1.655424
   1.238      1.652902
   1.241      1.650367
   1.244      1.647817
   1.247      1.645254
   1.250      1.642679
   1.253      1.640090
   1.256      1.637490
   1.260      1.634877
   1.263      1.632252
   1.266      1.629617
   1.269      1.626970
   1.272      1.624313
   1.275      1.621645
   1.278      1.618967
   1.282      1.616279
   1.285      1.613581
   1.288      1.610874
   1.291      1.608158
   1.294      1.605433
   1.297      1.602700
   1.300      1.599958
   1.303      1.597208
   1.307      1.594451
   1.310      1.591685
   1.313      1.588912
   1.316      1.586132
   1.319      1.583345
   1.322      1.580551
   1.325      1.577750
   1.329      1.574943
   1.332      1.572130
   1.335      1.569310
   1.338      1.566485
   1.341      1.563654
   1.344      1.560817
   1.347      1.557974
   1.350      1.555127
   1.354      1.552274
   1.357      1.549416
   1.360      1.546553
   1.363      1.543686
   1.366      1.540814
   1.369      1.537937
   1.372      1.535056
   1.376      1.532170
   1.379      1.529280
   1.382      1.526387
   1.385      1.523489
   1.388      1.520587
   1.391      1.517682
   1.394      1.514773
   1.397      1.511860
   1.401      1.508944
   1.404      1.506024
   1.407      1.503101
   1.410      1.500174
   1.413      1.497245
   1.416      1.494312
   1.419      1.491376
   1.423      1.488437
   1.426      1.485495
   1.429      1.482550
   1.432      1.479602
   1.435      1.476651
   1.438      1.473698
   1.441      1.470742
   1.444      1.467783
   1.448      1.464822
   1.451      1.461858
   1.454      1.458891
   1.457      1.455922
   1.460      1.452951
   1.463      1.449977
   1.466      1.447000
   1.470      1.444021
   1.473      1.441040
   1.476      1.438057
   1.479      1.435071
   1.482      1.432083
   1.485      1.429093
   1.488      1.426101
   1.491      1.423107
   1.495      1.420110
   1.498      1.417111
   1.501      1.414111
   1.504      1.411108
   1.507      1.408103
   1.510      1.405096
   1.513      1.402087
   1.517      1.399077
   1.520      1.396064
   1.523      1.393049
   1.526      1.390033
   1.529      1.387014
   1.532      1.383994
   1.535      1.380972
   1.538      1.377948
   1.542      1.374922
   1.545      1.371894
   1.548      1.368865
   1.551      1.365834
   1.554      1.362801
   1.557      1.359767
   1.560      1.356730
   1.564      1.353693
   1.567      1.350653
   1.570      1.347612
   1.573      1.344570
   1.576      1.341525
   1.579      1.338480
   1.582      1.335432
   1.585      1.332384
   1.589      1.329333
   1.592      1.326282
   1.595      1.323228
   1.598      1.320174
   1.601      1.317118
   1.604      1.314061
   1.607      1.311002
   1.611      1.307942
   1.614      1.304881
   1.617      1.301819
   1.620      1.298755
   1.623      1.295690
   1.626      1.292624
   1.629      1.289557
   1.632      1.286488
   1.636      1.283419
   1.639      1.280349
   1.642      1.277277
   1.645      1.274205
   1.648      1.271131
   1.651      1.268057
   1.654      1.264982
   1.658      1.261905
   1.661      1.258828
   1.664      1.255751
   1.667      1.252672
   1.670      1.249593
   1.673      1.246513
   1.676      1.243432
   1.679      1.240350
   1.683      1.237268
   1.686      1.234186
   1.689      1.231103
   1.692      1.228019
   1.695      1.224935
   1.698      1.221850
   1.701      1.218766
   1.705      1.215680
   1.708      1.212595
   1.711      1.209509
   1.714      1.206422
   1.717      1.203336
   1.720      1.200249
   1.723      1.197163
   1.726      1.194076
   1.730      1.190989
   1.733      1.187902
   1.736      1.184815
   1.739      1.181728
   1.742      1.178641
   1.745      1.175555
   1.748      1.172468
   1.752      1.169382
   1.755      1.166296
   1.758      1.163210
   1.761      1.160124
   1.764      1.157039
   1.767      1.153955
   1.770      1.150870
   1.773      1.147786
   1.777      1.144703
   1.780      1.141620
   1.783      1.138538
   1.786      1.135456
   1.789      1.132376
   1.792      1.129295
   1.795      1.126216
   1.799      1.123137
   1.802      1.120059
   1.805      1.116983
   1.808      1.113906
   1.811      1.110831
   1.814      1.107757
   1.817      1.104684
   1.820      1.101612
   1.824      1.098541
   1.827      1.095471
   1.830      1.092403
   1.833      1.089335
   1.836      1.086269
   1.839      1.083204
   1.842      1.080141
   1.846      1.077079
   1.849      1.074018
   1.852      1.070958
   1.855      1.067901
   1.858      1.064844
   1.861      1.061789
   1.864      1.058736
   1.867      1.055685
   1.871      1.052635
   1.874      1.049587
   1.877      1.046540
   1.880      1.043496
   1.883      1.040453
   1.886      1.037412
   1.889      1.034373
   1.893      1.031336
   1.896      1.028301
   1.899      1.025267
   1.902      1.022236
   1.905      1.019207
   1.908      1.016180
   1.911      1.013155
   1.914      1.010133
   1.918      1.007112
   1.921      1.004094
   1.924      1.001078
   1.927      0.998065
   1.930      0.995053
   1.933      0.992044
   1.936      0.989038
   1.940      0.986034
   1.943      0.983032
   1.946      0.980033
   1.949      0.977037
   1.952      0.974043
   1.955      0.971051
   1.958      0.968063
   1.961      0.965077
   1.965      0.962094
   1.968      0.959113
   1.971      0.956135
   1.974      0.953160
   1.977      0.950188
   1.980      0.947219
   1.983      0.944252
   1.987      0.941289
   1.990      0.938328
   1.993      0.935371
   1.996      0.932416
   1.999      0.929465
   2.002      0.926517
   2.005      0.923571
   2.008      0.920629
   2.012      0.917690
   2.015      0.914754
   2.018      0.911822
   2.021      0.908892
   2.024      0.905966
   2.027      0.903043
   2.030      0.900124
   2.034      0.897208
   2.037      0.894295
   2.040      0.891386
   2.043      0.888480
   2.046      0.885578
   2.049      0.882679
   2.052      0.879783
   2.055      0.876892
   2.059      0.874003
   2.062      0.871119
   2.065      0.868238
   2.068      0.865360
   2.071      0.862487
   2.074      0.859617
   2.077      0.856750
   2.081      0.853888
   2.084      0.851029
   2.087      0.848174
   2.090      0.845323
   2.093      0.842475
   2.096      0.839632
   2.099      0.836792
   2.102      0.833957
   2.106      0.831125
   2.109      0.828297
   2.112      0.825473
   2.115      0.822654
   2.118      0.819838
   2.121      0.817026
   2.124      0.814219
   2.128      0.811415
   2.131      0.808616
   2.134      0.805820
   2.137      0.803029
   2.140      0.800242
   2.143      0.797460
   2.146      0.794681
   2.149      0.791907
   2.153      0.789137
   2.156      0.786371
   2.159      0.783610
   2.162      0.780853
   2.165      0.778100
   2.168      0.775351
   2.171      0.772607
   2.175      0.769868
   2.178      0.767133
   2.181      0.764402
   2.184      0.761676
   2.187      0.758954
   2.190      0.756236
   2.193      0.753524
   2.196      0.750815
   2.200      0.748112
   2.203      0.745412
   2.206      0.742718
   2.209      0.740028
   2.212      0.737343
   2.215      0.734662
   2.218      0.731986
   2.222      0.729314
   2.225      0.726648
   2.228      0.723986
   2.231      0.721329
   2.234      0.718676
   2.237      0.716028
   2.240      0.713385
   2.243      0.710747
   2.247      0.708114
   2.250      0.705485
   2.253      0.702861
   2.256      0.700242
   2.259      0.697628
   2.262      0.695019
   2.265      0.692415
   2.269      0.689815
   2.272      0.687221
   2.275      0.684631
   2.278      0.682047
   2.281      0.679467
   2.284      0.676892
   2.287      0.674323
   2.290      0.671758
   2.294      0.669198
   2.297      0.666644
   2.300      0.664094
   2.303      0.661550
   2.306      0.659010
   2.309      0.656476
   2.312      0.653947
   2.316      0.651422
   2.319      0.648903
   2.322      0.646389
   2.325      0.643881
   2.328      0.641377
   2.331      0.638879
   2.334      0.636385
   2.337      0.633897
   2.341      0.631414
   2.344      0.628937
   2.347      0.626464
   2.350      0.623997
   2.353      0.621535
   2.356      0.619078
   2.359      0.616627
   2.363      0.614180
   2.366      0.611740
   2.369      0.609304
   2.372      0.606874
   2.375      0.604449
   2.378      0.602029
   2.381      0.599614
   2.384      0.597205
   2.388      0.594802
   2.391      0.592403
   2.394      0.590011
   2.397      0.587623
   2.400      0.585241
   2.403      0.582864
   2.406      0.580493
   2.410      0.578127
   2.413      0.575766
   2.416      0.573411
   2.419      0.571061
   2.422      0.568717
   2.425      0.566378
   2.428      0.564045
   2.431      0.561717
   2.435      0.559395
   2.438      0.557078
   2.441      0.554766
   2.444      0.552460
   2.447      0.550160
   2.450      0.547865
   2.453      0.545576
   2.457      0.543292
   2.460      0.541013
   2.463      0.538740
   2.466      0.536473
   2.469      0.534211
   2.472      0.531955
   2.475      0.529705
   2.478      0.527460
   2.482      0.525220
   2.485      0.522986
   2.488      0.520758
   2.491      0.518535
   2.494      0.516318
   2.497      0.514106
   2.500      0.511900
   2.504      0.509700
   2.507      0.507505
   2.510      0.505316
   2.513      0.503132
   2.516      0.500954
   2.519      0.498782
   2.522      0.496615
   2.525      0.494454
   2.529      0.492299
   2.532      0.490149
   2.535      0.488005
   2.538      0.485866
   2.541      0.483733
   2.544      0.481606
   2.547      0.479485
   2.551      0.477369
   2.554      0.475259
   2.557      0.473154
   2.560      0.471055
   2.563      0.468962
   2.566      0.466874
   2.569      0.464793
   2.572      0.462716
   2.576      0.460646
   2.579      0.458581
   2.582      0.456522
   2.585      0.454468
   2.588      0.452421
   2.591      0.450379
   2.594      0.448342
   2.598      0.446311
   2.601      0.444286
   2.604      0.442267
   2.607      0.440253
   2.610      0.438246
   2.613      0.436243
   2.616      0.434247
   2.619      0.432256
   2.623      0.430271
   2.626      0.428291
   2.629      0.426318
   2.632      0.424350
   2.635      0.422387
   2.638      0.420431
   2.641      0.418480
   2.645      0.416534
   2.648      0.414595
   2.651      0.412661
   2.654      0.410733
   2.657      0.408811
   2.660      0.406894
   2.663      0.404983
   2.666      0.403078
   2.670      0.401178
   2.673      0.399284
   2.676      0.397396
   2.679      0.395513
   2.682      0.393636
   2.685      0.391765
   2.688      0.389900
   2.692      0.388040
   2.695      0.386186
   2.698      0.384338
   2.701      0.382495
   2.704      0.380658
   2.707      0.378826
   2.710      0.377001
   2.713      0.375181
   2.717      0.373366
   2.720      0.371558
   2.723      0.369755
   2.726      0.367958
   2.729      0.366166
   2.732      0.364380
   2.735      0.362600
   2.739      0.360825
   2.742      0.359056
   2.745      0.357293
   2.748      0.355535
   2.751      0.353783
   2.754      0.352037
   2.757      0.350296
   2.760      0.348561
   2.764      0.346831
   2.767      0.345107
   2.770      0.343389
   2.773      0.341677
   2.776      0.339970
   2.779      0.338268
   2.782      0.336573
   2.786      0.334883
   2.789      0.333198
   2.792      0.331519
   2.795      0.329846
   2.798      0.328178
   2.801      0.326516
   2.804      0.324859
   2.807      0.323208
   2.811      0.321563
   2.814      0.319923
   2.817      0.318289
   2.820      0.316660
   2.823      0.315037
   2.826      0.313419
   2.829      0.311807
   2.833      0.310201
   2.836      0.308600
   2.839      0.307005
   2.842      0.305415
   2.845      0.303830
   2.848      0.302251
   2.851      0.300678
   2.854      0.299110
   2.858      0.297548
   2.861      0.295991
   2.864      0.294440
   2.867      0.292894
   2.870      0.291353
   2.873      0.289819
   2.876      0.288289
   2.880      0.286765
   2.883      0.285247
   2.886      0.283734
   2.889      0.282226
   2.892      0.280724
   2.895      0.279227
   2.898      0.277736
   2.901      0.276250
   2.905      0.274769
   2.908      0.273294
   2.911      0.271824
   2.914      0.270360
   2.917      0.268901
   2.920      0.267447
   2.923      0.265999
   2.927      0.264556
   2.930      0.263119
   2.933      0.261687
   2.936      0.260260
   2.939      0.258839
   2.942      0.257422
   2.945      0.256012
   2.948      0.254606
   2.952      0.253206
   2.955      0.251811
   2.958      0.250421
   2.961      0.249037
   2.964      0.247658
   2.967      0.246284
   2.970      0.244916
   2.974      0.243553
   2.977      0.242195
   2.980      0.240842
   2.983      0.239494
   2.986      0.238152
   2.989      0.236815
   2.992      0.235483
   2.995      0.234156
   2.999      0.232835
   3.002      0.231519
   3.005      0.230207
   3.008      0.228902
   3.011      0.227601
   3.014      0.226305
   3.017      0.225015
   3.021      0.223729
   3.024      0.222449
   3.027      0.221174
   3.030      0.219904
   3.033      0.218639
   3.036      0.217379
   3.039      0.216124
   3.042      0.214874
   3.046      0.213630
   3.049      0.212390
   3.052      0.211156
   3.055      0.209926
   3.058      0.208702
   3.061      0.207482
   3.064      0.206268
   3.068      0.205058
   3.071      0.203854
   3.074      0.202654
   3.077      0.201460
   3.080      0.200270
   3.083      0.199085
   3.086      0.197906
   3.089      0.196731
   3.093      0.195561
   3.096      0.194396
   3.099      0.193236
   3.102      0.192081
   3.105      0.190931
   3.108      0.189786
   3.111      0.188645
   3.115      0.187510
   3.118      0.186379
   3.121      0.185253
   3.124      0.184132
   3.127      0.183016
   3.130      0.181904
   3.133      0.180798
   3.136      0.179696
   3.140      0.178599
   3.143      0.177506
   3.146      0.176419
   3.149      0.175336
   3.152      0.174258
   3.155      0.173184
   3.158      0.172116
   3.162      0.171052
   3.165      0.169993
   3.168      0.168938
   3.171      0.167888
   3.174      0.166843
   3.177      0.165802
   3.180      0.164767
   3.183      0.163735
   3.187      0.162709
   3.190      0.161687
   3.193      0.160669
   3.196      0.159656
   3.199      0.158648
   3.202      0.157644
   3.205      0.156645
   3.209      0.155651
   3.212      0.154661
   3.215      0.153675
   3.218      0.152694
   3.221      0.151718
   3.224      0.150746
   3.227      0.149778
   3.230      0.148815
   3.234      0.147856
   3.237      0.146902
   3.240      0.145953
   3.243      0.145007
   3.246      0.144067
   3.249      0.143130
   3.252      0.142198
   3.256      0.141270
   3.259      0.140347
   3.262      0.139428
   3.265      0.138514
   3.268      0.137603
   3.271      0.136698
   3.274      0.135796
   3.277      0.134899
   3.281      0.134006
   3.284      0.133117
   3.287      0.132233
   3.290      0.131353
   3.293      0.130477
   3.296      0.129605
   3.299      0.128738
   3.303      0.127875
   3.306      0.127016
   3.309      0.126161
   3.312      0.125310
   3.315      0.124464
   3.318      0.123621
   3.321      0.122783
   3.324      0.121949
   3.328      0.121119
   3.331      0.120294
   3.334      0.119472
   3.337      0.118655
   3.340      0.117841
   3.343      0.117032
   3.346      0.116226
   3.350      0.115425
   3.353      0.114628
   3.356      0.113834
   3.359      0.113045
   3.362      0.112260
   3.365      0.111479
   3.368      0.110701
   3.371      0.109928
   3.375      0.109159
   3.378      0.108393
   3.381      0.107632
   3.384      0.106874
   3.387      0.106121
   3.390      0.105371
   3.393      0.104625
   3.397      0.103883
   3.400      0.103145
   3.403      0.102411
   3.406      0.101680
   3.409      0.100953
   3.412      0.100231
   3.415      0.099512
   3.418      0.098796
   3.422      0.098085
   3.425      0.097377
   3.428      0.096673
   3.431      0.095973
   3.434      0.095277
   3.437      0.094584
   3.440      0.093895
   3.444      0.093209
   3.447      0.092528
   3.450      0.091850
   3.453      0.091175
   3.456      0.090505
   3.459      0.089837
   3.462      0.089174
   3.465      0.088514
   3.469      0.087858
   3.472      0.087205
   3.475      0.086556
   3.478      0.085911
   3.481      0.085269
   3.484      0.084630
   3.487      0.083995
   3.491      0.083364
   3.494      0.082736
   3.497      0.082112
   3.500      0.081491
   3.503      0.080873
   3.506      0.080259
   3.509      0.079649
   3.512      0.079042
   3.516      0.078438
   3.519      0.077838
   3.522      0.077241
   3.525      0.076647
   3.528      0.076057
   3.531      0.075470
   3.534      0.074887
   3.538      0.074307
   3.541      0.073730
   3.544      0.073157
   3.547      0.072587
   3.550      0.072020
   3.553      0.071456
   3.556      0.070896
   3.559      0.070339
   3.563      0.069785
   3.566      0.069235
   3.569      0.068687
   3.572      0.068143
   3.575      0.067602
   3.578      0.067064
   3.581      0.066530
   3.585      0.065998
   3.588      0.065470
   3.591      0.064945
   3.594      0.064423
   3.597      0.063904
   3.600      0.063388
   3.603      0.062876
   3.606      0.062366
   3.610      0.061859
   3.613      0.061356
   3.616      0.060855
   3.619      0.060358
   3.622      0.059863
   3.625      0.059372
   3.628      0.058884
   3.632      0.058398
   3.635      0.057916
   3.638      0.057436
   3.641      0.056960
   3.644      0.056486
   3.647      0.056015
   3.650      0.055548
   3.653      0.055083
   3.657      0.054621
   3.660      0.054162
   3.663      0.053706
   3.666      0.053252
   3.669      0.052802
   3.672      0.052354
   3.675      0.051909
   3.679      0.051467
   3.682      0.051028
   3.685      0.050591
   3.688      0.050158
   3.691      0.049727
   3.694      0.049299
   3.697      0.048873
   3.700      0.048450
   3.704      0.048030
   3.707      0.047613
   3.710      0.047199
   3.713      0.046787
   3.716      0.046378
   3.719      0.045971
   3.722      0.045567
   3.726      0.045166
   3.729      0.044767
   3.732      0.044371
   3.735      0.043978
   3.738      0.043587
   3.741      0.043199
   3.744      0.042813
   3.747      0.042430
   3.751      0.042049
   3.754      0.041671
   3.757      0.041296
   3.760      0.040923
   3.763      0.040553
   3.766      0.040185
   3.769      0.039819
   3.773      0.039456
   3.776      0.039096
   3.779      0.038737
   3.782      0.038382
   3.785      0.038029
   3.788      0.037678
   3.791      0.037329
   3.794      0.036983
   3.798      0.036640
   3.801      0.036298
   3.804      0.035960
   3.807      0.035623
   3.810      0.035289
   3.813      0.034957
   3.816      0.034627
   3.820      0.034300
   3.823      0.033975
   3.826      0.033653
   3.829      0.033332
   3.832      0.033014
   3.835      0.032698
   3.838      0.032385
   3.841      0.032073
   3.845      0.031764
   3.848      0.031457
   3.851      0.031153
   3.854      0.030850
   3.857      0.030550
   3.860      0.030251
   3.863      0.029955
   3.867      0.029662
   3.870      0.029370
   3.873      0.029080
   3.876      0.028793
   3.879      0.028507
   3.882      0.028224
   3.885      0.027943
   3.888      0.027664
   3.892      0.027387
   3.895      0.027112
   3.898      0.026839
   3.901      0.026568
   3.904      0.026299
   3.907      0.026032
   3.910      0.025767
   3.914      0.025504
   3.917      0.025243
   3.920      0.024984
   3.923      0.024727
   3.926      0.024472
   3.929      0.024219
   3.932      0.023968
   3.935      0.023719
   3.939      0.023472
   3.942      0.023226
   3.945      0.022983
   3.948      0.022741
   3.951      0.022502
   3.954      0.022264
   3.957      0.022028
   3.961      0.021794
   3.964      0.021561
   3.967      0.021331
   3.970      0.021102
   3.973      0.020875
   3.976      0.020650
   3.979      0.020427
   3.982      0.020205
   3.986      0.019986
   3.989      0.019768
   3.992      0.019552
   3.995      0.019337
   3.998      0.019124
   4.001      0.018913
   4.004      0.018704
   4.008      0.018496
   4.011      0.018290
   4.014      0.018086
   4.017      0.017884
   4.020      0.017683
   4.023      0.017483
   4.026      0.017286
   4.029      0.017090
   4.033      0.016895
   4.036      0.016703
   4.039      0.016512
   4.042      0.016322
   4.045      0.016134
   4.048      0.015948
   4.051      0.015763
   4.055      0.015580
   4.058      0.015398
   4.061      0.015218
   4.064      0.015040
   4.067      0.014863
   4.070      0.014687
   4.073      0.014513
   4.076      0.014341
   4.080      0.014169
   4.083      0.014000
   4.086      0.013832
   4.089      0.013665
   4.092      0.013500
   4.095      0.013337
   4.098      0.013174
   4.102      0.013013
   4.105      0.012854
   4.108      0.012696
   4.111      0.012540
   4.114      0.012384
   4.117      0.012231
   4.120      0.012078
   4.123      0.011927
   4.127      0.011778
   4.130      0.011629
   4.133      0.011482
   4.136      0.011337
   4.139      0.011192
   4.142      0.011049
   4.145      0.010908
   4.149      0.010767
   4.152      0.010628
   4.155      0.010491
   4.158      0.010354
   4.161      0.010219
   4.164      0.010085
   4.167      0.009952
   4.170      0.009821
   4.174      0.009691
   4.177      0.009562
   4.180      0.009434
   4.183      0.009308
   4.186      0.009182
   4.189      0.009058
   4.192      0.008935
   4.196      0.008814
   4.199      0.008693
   4.202      0.008574
   4.205      0.008456
   4.208      0.008339
   4.211      0.008223
   4.214      0.008108
   4.217      0.007994
   4.221      0.007882
   4.224      0.007770
   4.227      0.007660
   4.230      0.007551
   4.233      0.007443
   4.236      0.007336
   4.239      0.007230
   4.243      0.007125
   4.246      0.007021
   4.249      0.006919
   4.252      0.006817
   4.255      0.006717
   4.258      0.006617
   4.261      0.006518
   4.264      0.006421
   4.268      0.006324
   4.271      0.006229
   4.274      0.006134
   4.277      0.006041
   4.280      0.005948
   4.283      0.005857
   4.286      0.005766
   4.290      0.005677
   4.293      0.005588
   4.296      0.005500
   4.299      0.005414
   4.302      0.005328
   4.305      0.005243
   4.308      0.005159
   4.311      0.005076
   4.315      0.004994
   4.318      0.004913
   4.321      0.004833
   4.324      0.004753
   4.327      0.004675
   4.330      0.004597
   4.333      0.004520
   4.337      0.004444
   4.340      0.004369
   4.343      0.004295
   4.346      0.004222
   4.349      0.004149
   4.352      0.004078
   4.355      0.004007
   4.358      0.003937
   4.362      0.003867
   4.365      0.003799
   4.368      0.003731
   4.371      0.003665
   4.374      0.003599
   4.377      0.003533
   4.380      0.003469
   4.384      0.003405
   4.387      0.003342
   4.390      0.003280
   4.393      0.003219
   4.396      0.003158
   4.399      0.003098
   4.402      0.003039
   4.405      0.002981
   4.409      0.002923
   4.412      0.002866
   4.415      0.002810
   4.418      0.002754
   4.421      0.002699
   4.424      0.002645
   4.427      0.002592
   4.431      0.002539
   4.434      0.002487
   4.437      0.002435
   4.440      0.002385
   4.443      0.002334
   4.446      0.002285
   4.449      0.002236
   4.452      0.002188
   4.456      0.002140
   4.459      0.002094
   4.462      0.002047
   4.465      0.002002
   4.468      0.001957
   4.471      0.001912
   4.474      0.001868
   4.478      0.001825
   4.481      0.001783
   4.484      0.001741
   4.487      0.001699
   4.490      0.001658
   4.493      0.001618
   4.496      0.001578
   4.499      0.001539
   4.503      0.001501
   4.506      0.001463
   4.509      0.001425
   4.512      0.001388
   4.515      0.001352
   4.518      0.001316
   4.521      0.001281
   4.525      0.001246
   4.528      0.001212
   4.531      0.001178
   4.534      0.001145
   4.537      0.001112
   4.540      0.001080
   4.543      0.001048
   4.546      0.001017
   4.550      0.000986
   4.553      0.000956
   4.556      0.000926
   4.559      0.000897
   4.562      0.000868
   4.565      0.000840
   4.568      0.000812
   4.572      0.000784
   4.575      0.000757
   4.578      0.000731
   4.581      0.000705
   4.584      0.000679
   4.587      0.000654
   4.590      0.000629
   4.593      0.000605
   4.597      0.000581
   4.600      0.000557
   4.603      0.000534
   4.606      0.000511
   4.609      0.000489
   4.612      0.000467
   4.615      0.000446
   4.619      0.000425
   4.622      0.000404
   4.625      0.000384
   4.628      0.000364
   4.631      0.000344
   4.634      0.000325
   4.637      0.000306
   4.640      0.000288
   4.644      0.000269
   4.647      0.000252
   4.650      0.000234
   4.653      0.000217
   4.656      0.000201
   4.659      0.000184
   4.662      0.000168
   4.666      0.000152
   4.669      0.000137
   4.672      0.000122
   4.675      0.000107
   4.678      0.000093
   4.681      0.000079
   4.684      0.000065
   4.687      0.000051
   4.691      0.000038
   4.694      0.000025
   4.697      0.000012
   4.700      0.000000
