   0.000      1.457555
   0.003      1.457555
   0.006      1.457555
   0.009      1.457555
   0.012      1.457555
   0.016      1.457554
   0.019      1.457554
   0.022      1.457554
   0.025      1.457554
   0.028      1.457553
   0.031      1.457552
   0.034      1.457551
   0.037      1.457549
   0.040      1.457547
   0.044      1.457545
   0.047      1.457542
   0.050      1.457538
   0.053      1.457533
   0.056      1.457528
   0.059      1.457521
   0.062      1.457513
   0.065      1.457505
   0.068      1.457494
   0.072      1.457483
   0.075      1.457469
   0.078      1.457454
   0.081      1.457437
   0.084      1.457418
   0.087      1.457396
   0.090      1.457372
   0.093      1.457346
   0.096      1.457317
   0.099      1.457284
   0.103      1.457249
   0.106      1.457210
   0.109      1.457168
   0.112      1.457121
   0.115      1.457071
   0.118      1.457017
   0.121      1.456958
   0.124      1.456894
   0.127      1.456825
   0.131      1.456752
   0.134      1.456672
   0.137      1.456587
   0.140      1.456496
   0.143      1.456399
   0.146      1.456295
   0.149      1.456184
   0.152      1.456066
   0.155      1.455941
   0.159      1.455808
   0.162      1.455667
   0.165      1.455517
   0.168      1.455359
   0.171      1.455192
   0.174      1.455016
   0.177      1.454829
   0.180      1.454633
   0.183      1.454427
   0.187      1.454210
   0.190      1.453981
   0.193      1.453742
   0.196      1.453490
   0.199      1.453227
   0.202      1.452951
   0.205      1.452662
   0.208      1.452360
   0.211      1.452044
   0.215      1.451714
   0.218      1.451370
   0.221      1.451011
   0.224      1.450637
   0.227      1.450247
   0.230      1.449842
   0.233      1.449420
   0.236      1.448981
   0.239      1.448525
   0.242      1.448051
   0.246      1.447560
   0.249      1.447050
   0.252      1.446522
   0.255      1.445974
   0.258      1.445407
   0.261      1.444819
   0.264      1.444212
   0.267      1.443583
   0.270      1.442934
   0.274      1.442262
   0.277      1.441569
   0.280      1.440854
   0.283      1.440116
   0.286      1.439354
   0.289      1.438570
   0.292      1.437761
   0.295      1.436928
   0.298      1.436070
   0.302      1.435188
   0.305      1.434280
   0.308      1.433346
   0.311      1.432386
   0.314      1.431400
   0.317      1.430387
   0.320      1.429347
   0.323      1.428280
   0.326      1.427185
   0.330      1.426062
   0.333      1.424911
   0.336      1.423731
   0.339      1.422523
   0.342      1.421285
   0.345      1.420018
   0.348      1.418721
   0.351      1.417395
   0.354      1.416038
   0.358      1.414651
   0.361      1.413234
   0.364      1.411786
   0.367      1.410307
   0.370      1.408797
   0.373      1.407256
   0.376      1.405684
   0.379      1.404080
   0.382      1.402445
   0.386      1.400778
   0.389      1.399080
   0.392      1.397349
   0.395      1.395587
   0.398      1.393793
   0.401      1.391968
   0.404      1.390110
   0.407      1.388220
   0.410      1.386299
   0.413      1.384346
   0.417      1.382361
   0.420      1.380344
   0.423      1.378296
   0.426      1.376216
   0.429      1.374105
   0.432      1.371962
   0.435      1.369788
   0.438      1.367584
   0.441      1.365349
   0.445      1.363083
   0.448      1.360786
   0.451      1.358460
   0.454      1.356104
   0.457      1.353718
   0.460      1.351302
   0.463      1.348858
   0.466      1.346385
   0.469      1.343883
   0.473      1.341353
   0.476      1.338795
   0.479      1.336210
   0.482      1.333598
   0.485      1.330959
   0.488      1.328294
   0.491      1.325603
   0.494      1.322886
   0.497      1.320144
   0.501      1.317378
   0.504      1.314587
   0.507      1.311773
   0.510      1.308936
   0.513      1.306076
   0.516      1.303193
   0.519      1.300289
   0.522      1.297363
   0.525      1.294417
   0.529      1.291451
   0.532      1.288465
   0.535      1.285460
   0.538      1.282436
   0.541      1.279395
   0.544      1.276335
   0.547      1.273259
   0.550      1.270167
   0.553      1.267059
   0.556      1.263936
   0.560      1.260798
   0.563      1.257647
   0.566      1.254481
   0.569      1.251303
   0.572      1.248113
   0.575      1.244912
   0.578      1.241699
   0.581      1.238476
   0.584      1.235243
   0.588      1.232001
   0.591      1.228750
   0.594      1.225491
   0.597      1.222225
   0.600      1.218951
   0.603      1.215672
   0.606      1.212387
   0.609      1.209097
   0.612      1.205802
   0.616      1.202504
   0.619      1.199202
   0.622      1.195897
   0.625      1.192590
   0.628      1.189281
   0.631      1.185972
   0.634      1.182661
   0.637      1.179351
   0.640      1.176041
   0.644      1.172733
   0.647      1.169425
   0.650      1.166120
   0.653      1.162818
   0.656      1.159518
   0.659      1.156222
   0.662      1.152931
   0.665      1.149643
   0.668      1.146361
   0.672      1.143085
   0.675      1.139814
   0.678      1.136549
   0.681      1.133292
   0.684      1.130042
   0.687      1.126799
   0.690      1.123564
   0.693      1.120338
   0.696      1.117121
   0.700      1.113913
   0.703      1.110714
   0.706      1.107526
   0.709      1.104348
   0.712      1.101180
   0.715      1.098024
   0.718      1.094879
   0.721      1.091745
   0.724      1.088624
   0.727      1.085514
   0.731      1.082418
   0.734      1.079333
   0.737      1.076262
   0.740      1.073205
   0.743      1.070161
   0.746      1.067130
   0.749      1.064114
   0.752      1.061112
   0.755      1.058124
   0.759      1.055151
   0.762      1.052192
   0.765      1.049249
   0.768      1.046321
   0.771      1.043408
   0.774      1.040510
   0.777      1.037628
   0.780      1.034762
   0.783      1.031912
   0.787      1.029078
   0.790      1.026259
   0.793      1.023457
   0.796      1.020671
   0.799      1.017902
   0.802      1.015149
   0.805      1.012412
   0.808      1.009692
   0.811      1.006988
   0.815      1.004301
   0.818      1.001631
   0.821      0.998977
   0.824      0.996340
   0.827      0.993720
   0.830      0.991116
   0.833      0.988529
   0.836      0.985959
   0.839      0.983405
   0.843      0.980868
   0.846      0.978348
   0.849      0.975844
   0.852      0.973357
   0.855      0.970887
   0.858      0.968432
   0.861      0.965995
   0.864      0.963573
   0.867      0.961168
   0.870      0.958779
   0.874      0.956406
   0.877      0.954049
   0.880      0.951708
   0.883      0.949383
   0.886      0.947074
   0.889      0.944781
   0.892      0.942503
   0.895      0.940240
   0.898      0.937993
   0.902      0.935761
   0.905      0.933544
   0.908      0.931343
   0.911      0.929156
   0.914      0.926984
   0.917      0.924827
   0.920      0.922684
   0.923      0.920555
   0.926      0.918441
   0.930      0.916341
   0.933      0.914255
   0.936      0.912183
   0.939      0.910125
   0.942      0.908080
   0.945      0.906048
   0.948      0.904030
   0.951      0.902025
   0.954      0.900033
   0.958      0.898054
   0.961      0.896088
   0.964      0.894134
   0.967      0.892193
   0.970      0.890263
   0.973      0.888346
   0.976      0.886441
   0.979      0.884548
   0.982      0.882666
   0.986      0.880796
   0.989      0.878937
   0.992      0.877090
   0.995      0.875253
   0.998      0.873428
   1.001      0.871613
   1.004      0.869808
   1.007      0.868015
   1.010      0.866231
   1.014      0.864458
   1.017      0.862694
   1.020      0.860941
   1.023      0.859197
   1.026      0.857463
   1.029      0.855738
   1.032      0.854022
   1.035      0.852316
   1.038      0.850619
   1.041      0.848930
   1.045      0.847251
   1.048      0.845579
   1.051      0.843917
   1.054      0.842262
   1.057      0.840616
   1.060      0.838978
   1.063      0.837348
   1.066      0.835725
   1.069      0.834111
   1.073      0.832503
   1.076      0.830904
   1.079      0.829311
   1.082      0.827726
   1.085      0.826147
   1.088      0.824576
   1.091      0.823012
   1.094      0.821454
   1.097      0.819903
   1.101      0.818358
   1.104      0.816820
   1.107      0.815288
   1.110      0.813762
   1.113      0.812242
   1.116      0.810728
   1.119      0.809220
   1.122      0.807718
   1.125      0.806221
   1.129      0.804730
   1.132      0.803244
   1.135      0.801764
   1.138      0.800289
   1.141      0.798820
   1.144      0.797355
   1.147      0.795895
   1.150      0.794441
   1.153      0.792991
   1.157      0.791546
   1.160      0.790106
   1.163      0.788670
   1.166      0.787239
   1.169      0.785812
   1.172      0.784390
   1.175      0.782972
   1.178      0.781558
   1.181      0.780149
   1.184      0.778743
   1.188      0.777342
   1.191      0.775945
   1.194      0.774551
   1.197      0.773162
   1.200      0.771776
   1.203      0.770395
   1.206      0.769016
   1.209      0.767642
   1.212      0.766271
   1.216      0.764904
   1.219      0.763540
   1.222      0.762180
   1.225      0.760823
   1.228      0.759469
   1.231      0.758119
   1.234      0.756772
   1.237      0.755428
   1.240      0.754087
   1.244      0.752750
   1.247      0.751416
   1.250      0.750085
   1.253      0.748756
   1.256      0.747431
   1.259      0.746109
   1.262      0.744790
   1.265      0.743474
   1.268      0.742160
   1.272      0.740850
   1.275      0.739542
   1.278      0.738237
   1.281      0.736935
   1.284      0.735635
   1.287      0.734339
   1.290      0.733045
   1.293      0.731753
   1.296      0.730465
   1.300      0.729179
   1.303      0.727895
   1.306      0.726614
   1.309      0.725336
   1.312      0.724060
   1.315      0.722787
   1.318      0.721517
   1.321      0.720248
   1.324      0.718983
   1.328      0.717720
   1.331      0.716459
   1.334      0.715201
   1.337      0.713945
   1.340      0.712692
   1.343      0.711441
   1.346      0.710192
   1.349      0.708946
   1.352      0.707702
   1.355      0.706461
   1.359      0.705222
   1.362      0.703985
   1.365      0.702751
   1.368      0.701519
   1.371      0.700289
   1.374      0.699062
   1.377      0.697837
   1.380      0.696614
   1.383      0.695394
   1.387      0.694176
   1.390      0.692960
   1.393      0.691747
   1.396      0.690536
   1.399      0.689327
   1.402      0.688121
   1.405      0.686916
   1.408      0.685715
   1.411      0.684515
   1.415      0.683318
   1.418      0.682123
   1.421      0.680930
   1.424      0.679739
   1.427      0.678551
   1.430      0.677365
   1.433      0.676182
   1.436      0.675000
   1.439      0.673821
   1.443      0.672645
   1.446      0.671470
   1.449      0.670298
   1.452      0.669128
   1.455      0.667960
   1.458      0.666795
   1.461      0.665632
   1.464      0.664471
   1.467      0.663313
   1.471      0.662157
   1.474      0.661003
   1.477      0.659851
   1.480      0.658702
   1.483      0.657555
   1.486      0.656410
   1.489      0.655268
   1.492      0.654128
   1.495      0.652990
   1.498      0.651855
   1.502      0.650722
   1.505      0.649591
   1.508      0.648462
   1.511      0.647336
   1.514      0.646212
   1.517      0.645091
   1.520      0.643972
   1.523      0.642855
   1.526      0.641740
   1.530      0.640628
   1.533      0.639518
   1.536      0.638410
   1.539      0.637305
   1.542      0.636202
   1.545      0.635102
   1.548      0.634004
   1.551      0.632908
   1.554      0.631814
   1.558      0.630723
   1.561      0.629635
   1.564      0.628548
   1.567      0.627464
   1.570      0.626382
   1.573      0.625303
   1.576      0.624226
   1.579      0.623152
   1.582      0.622079
   1.586      0.621010
   1.589      0.619942
   1.592      0.618877
   1.595      0.617814
   1.598      0.616754
   1.601      0.615696
   1.604      0.614640
   1.607      0.613587
   1.610      0.612536
   1.614      0.611488
   1.617      0.610442
   1.620      0.609398
   1.623      0.608357
   1.626      0.607318
   1.629      0.606282
   1.632      0.605248
   1.635      0.604216
   1.638      0.603187
   1.642      0.602160
   1.645      0.601135
   1.648      0.600113
   1.651      0.599093
   1.654      0.598076
   1.657      0.597061
   1.660      0.596049
   1.663      0.595039
   1.666      0.594031
   1.669      0.593026
   1.673      0.592023
   1.676      0.591022
   1.679      0.590024
   1.682      0.589028
   1.685      0.588035
   1.688      0.587044
   1.691      0.586055
   1.694      0.585069
   1.697      0.584085
   1.701      0.583104
   1.704      0.582125
   1.707      0.581149
   1.710      0.580174
   1.713      0.579203
   1.716      0.578233
   1.719      0.577266
   1.722      0.576301
   1.725      0.575339
   1.729      0.574379
   1.732      0.573422
   1.735      0.572467
   1.738      0.571514
   1.741      0.570564
   1.744      0.569616
   1.747      0.568670
   1.750      0.567727
   1.753      0.566786
   1.757      0.565848
   1.760      0.564912
   1.763      0.563978
   1.766      0.563047
   1.769      0.562118
   1.772      0.561191
   1.775      0.560267
   1.778      0.559345
   1.781      0.558425
   1.785      0.557508
   1.788      0.556593
   1.791      0.555680
   1.794      0.554770
   1.797      0.553862
   1.800      0.552957
   1.803      0.552054
   1.806      0.551153
   1.809      0.550254
   1.812      0.549358
   1.816      0.548464
   1.819      0.547573
   1.822      0.546683
   1.825      0.545797
   1.828      0.544912
   1.831      0.544030
   1.834      0.543150
   1.837      0.542272
   1.840      0.541396
   1.844      0.540523
   1.847      0.539653
   1.850      0.538784
   1.853      0.537918
   1.856      0.537054
   1.859      0.536192
   1.862      0.535333
   1.865      0.534475
   1.868      0.533621
   1.872      0.532768
   1.875      0.531918
   1.878      0.531069
   1.881      0.530224
   1.884      0.529380
   1.887      0.528538
   1.890      0.527699
   1.893      0.526862
   1.896      0.526028
   1.900      0.525195
   1.903      0.524365
   1.906      0.523537
   1.909      0.522711
   1.912      0.521887
   1.915      0.521066
   1.918      0.520247
   1.921      0.519430
   1.924      0.518615
   1.928      0.517802
   1.931      0.516992
   1.934      0.516183
   1.937      0.515377
   1.940      0.514573
   1.943      0.513772
   1.946      0.512972
   1.949      0.512174
   1.952      0.511379
   1.956      0.510586
   1.959      0.509795
   1.962      0.509006
   1.965      0.508219
   1.968      0.507434
   1.971      0.506652
   1.974      0.505871
   1.977      0.505093
   1.980      0.504317
   1.983      0.503543
   1.987      0.502771
   1.990      0.502001
   1.993      0.501233
   1.996      0.500467
   1.999      0.499703
   2.002      0.498942
   2.005      0.498182
   2.008      0.497424
   2.011      0.496669
   2.015      0.495916
   2.018      0.495164
   2.021      0.494415
   2.024      0.493668
   2.027      0.492922
   2.030      0.492179
   2.033      0.491438
   2.036      0.490699
   2.039      0.489961
   2.043      0.489226
   2.046      0.488493
   2.049      0.487762
   2.052      0.487033
   2.055      0.486305
   2.058      0.485580
   2.061      0.484857
   2.064      0.484135
   2.067      0.483416
   2.071      0.482699
   2.074      0.481983
   2.077      0.481270
   2.080      0.480558
   2.083      0.479848
   2.086      0.479141
   2.089      0.478435
   2.092      0.477731
   2.095      0.477029
   2.099      0.476329
   2.102      0.475631
   2.105      0.474935
   2.108      0.474240
   2.111      0.473548
   2.114      0.472857
   2.117      0.472169
   2.120      0.471482
   2.123      0.470797
   2.126      0.470114
   2.130      0.469432
   2.133      0.468753
   2.136      0.468075
   2.139      0.467400
   2.142      0.466726
   2.145      0.466054
   2.148      0.465383
   2.151      0.464715
   2.154      0.464048
   2.158      0.463383
   2.161      0.462720
   2.164      0.462059
   2.167      0.461400
   2.170      0.460742
   2.173      0.460086
   2.176      0.459432
   2.179      0.458780
   2.182      0.458129
   2.186      0.457480
   2.189      0.456833
   2.192      0.456188
   2.195      0.455545
   2.198      0.454903
   2.201      0.454263
   2.204      0.453624
   2.207      0.452988
   2.210      0.452353
   2.214      0.451719
   2.217      0.451088
   2.220      0.450458
   2.223      0.449830
   2.226      0.449203
   2.229      0.448579
   2.232      0.447956
   2.235      0.447334
   2.238      0.446714
   2.242      0.446096
   2.245      0.445480
   2.248      0.444865
   2.251      0.444252
   2.254      0.443640
   2.257      0.443030
   2.260      0.442422
   2.263      0.441816
   2.266      0.441211
   2.270      0.440607
   2.273      0.440005
   2.276      0.439405
   2.279      0.438807
   2.282      0.438210
   2.285      0.437614
   2.288      0.437020
   2.291      0.436428
   2.294      0.435837
   2.297      0.435248
   2.301      0.434661
   2.304      0.434075
   2.307      0.433490
   2.310      0.432907
   2.313      0.432326
   2.316      0.431746
   2.319      0.431168
   2.322      0.430591
   2.325      0.430016
   2.329      0.429442
   2.332      0.428870
   2.335      0.428299
   2.338      0.427730
   2.341      0.427162
   2.344      0.426596
   2.347      0.426031
   2.350      0.425468
   2.353      0.424906
   2.357      0.424346
   2.360      0.423787
   2.363      0.423229
   2.366      0.422673
   2.369      0.422119
   2.372      0.421566
   2.375      0.421014
   2.378      0.420464
   2.381      0.419915
   2.385      0.419368
   2.388      0.418822
   2.391      0.418277
   2.394      0.417734
   2.397      0.417192
   2.400      0.416652
   2.403      0.416113
   2.406      0.415575
   2.409      0.415039
   2.413      0.414504
   2.416      0.413971
   2.419      0.413439
   2.422      0.412908
   2.425      0.412379
   2.428      0.411851
   2.431      0.411324
   2.434      0.410799
   2.437      0.410275
   2.440      0.409752
   2.444      0.409231
   2.447      0.408711
   2.450      0.408192
   2.453      0.407675
   2.456      0.407159
   2.459      0.406644
   2.462      0.406131
   2.465      0.405619
   2.468      0.405108
   2.472      0.404598
   2.475      0.404090
   2.478      0.403583
   2.481      0.403077
   2.484      0.402573
   2.487      0.402070
