   0.000     -0.000587
   0.004      0.000294
   0.007      0.001175
   0.011      0.002643
   0.014      0.004697
   0.018      0.007337
   0.021      0.010563
   0.025      0.014372
   0.028      0.018765
   0.032      0.023739
   0.035      0.029293
   0.039      0.035425
   0.042      0.042133
   0.046      0.049416
   0.049      0.057271
   0.053      0.065696
   0.057      0.074688
   0.060      0.084243
   0.064      0.094361
   0.067      0.105036
   0.071      0.116266
   0.074      0.128048
   0.078      0.140377
   0.081      0.153250
   0.085      0.166663
   0.088      0.180612
   0.092      0.195092
   0.095      0.210099
   0.099      0.225629
   0.102      0.241676
   0.106      0.258236
   0.110      0.275303
   0.113      0.292872
   0.117      0.310938
   0.120      0.329495
   0.124      0.348538
   0.127      0.368060
   0.131      0.388056
   0.134      0.408518
   0.138      0.429442
   0.141      0.450820
   0.145      0.472646
   0.148      0.494913
   0.152      0.517615
   0.155      0.540743
   0.159      0.564292
   0.163      0.588253
   0.166      0.612620
   0.170      0.637385
   0.173      0.662540
   0.177      0.688077
   0.180      0.713988
   0.184      0.740267
   0.187      0.766903
   0.191      0.793890
   0.194      0.821219
   0.198      0.848881
   0.201      0.876868
   0.205      0.905171
   0.208      0.933782
   0.212      0.962691
   0.216      0.991890
   0.219      1.021370
   0.223      1.051122
   0.226      1.081137
   0.230      1.111405
   0.233      1.141917
   0.237      1.172663
   0.240      1.203635
   0.244      1.234823
   0.247      1.266217
   0.251      1.297808
   0.254      1.329586
   0.258      1.361541
   0.261      1.393663
   0.265      1.425943
   0.269      1.458372
   0.272      1.490938
   0.276      1.523632
   0.279      1.556445
   0.283      1.589365
   0.286      1.622385
   0.290      1.655492
   0.293      1.688677
   0.297      1.721931
   0.300      1.755244
   0.304      1.788604
   0.307      1.822003
   0.311      1.855430
   0.314      1.888875
   0.318      1.922328
   0.322      1.955780
   0.325      1.989220
   0.329      2.022638
   0.332      2.056025
   0.336      2.089370
   0.339      2.122664
   0.343      2.155898
   0.346      2.189060
   0.350      2.222142
   0.353      2.255134
   0.357      2.288027
   0.360      2.320810
   0.364      2.353475
   0.367      2.386011
   0.371      2.418410
   0.375      2.450662
   0.378      2.482759
   0.382      2.514690
   0.385      2.546447
   0.389      2.578022
   0.392      2.609404
   0.396      2.640586
   0.399      2.671559
   0.403      2.702314
   0.406      2.732842
   0.410      2.763136
   0.413      2.793187
   0.417      2.822987
   0.420      2.852528
   0.424      2.881801
   0.428      2.910801
   0.431      2.939517
   0.435      2.967944
   0.438      2.996073
   0.442      3.023898
   0.445      3.051410
   0.449      3.078604
   0.452      3.105473
   0.456      3.132008
   0.459      3.158205
   0.463      3.184057
   0.466      3.209557
   0.470      3.234699
   0.473      3.259477
   0.477      3.283885
   0.481      3.307919
   0.484      3.331571
   0.488      3.354837
   0.491      3.377712
   0.495      3.400190
   0.498      3.422268
   0.502      3.443939
   0.505      3.465199
   0.509      3.486045
   0.512      3.506471
   0.516      3.526475
   0.519      3.546051
   0.523      3.565197
   0.526      3.583909
   0.530      3.602183
   0.534      3.620016
   0.537      3.637406
   0.541      3.654349
   0.544      3.670842
   0.548      3.686885
   0.551      3.702473
   0.555      3.717605
   0.558      3.732279
   0.562      3.746493
   0.565      3.760246
   0.569      3.773536
   0.572      3.786362
   0.576      3.798722
   0.579      3.810617
   0.583      3.822045
   0.587      3.833005
   0.590      3.843497
   0.594      3.853521
   0.597      3.863077
   0.601      3.872165
   0.604      3.880785
   0.608      3.888938
   0.611      3.896624
   0.615      3.903844
   0.618      3.910599
   0.622      3.916889
   0.625      3.922717
   0.629      3.928083
   0.632      3.932989
   0.636      3.937437
   0.640      3.941429
   0.643      3.944965
   0.647      3.948049
   0.650      3.950683
   0.654      3.952870
   0.657      3.954610
   0.661      3.955909
   0.664      3.956767
   0.668      3.957188
   0.671      3.957175
   0.675      3.956732
   0.678      3.955861
   0.682      3.954566
   0.685      3.952850
   0.689      3.950717
   0.693      3.948172
   0.696      3.945216
   0.700      3.941856
   0.703      3.938094
   0.707      3.933935
   0.710      3.929382
   0.714      3.924442
   0.717      3.919117
   0.721      3.913412
   0.724      3.907333
   0.728      3.900882
   0.731      3.894067
   0.735      3.886890
   0.738      3.879358
   0.742      3.871475
   0.746      3.863246
   0.749      3.854676
   0.753      3.845770
   0.756      3.836535
   0.760      3.826974
   0.763      3.817093
   0.767      3.806898
   0.770      3.796394
   0.774      3.785586
   0.777      3.774480
   0.781      3.763082
   0.784      3.751396
   0.788      3.739430
   0.791      3.727187
   0.795      3.714675
   0.799      3.701897
   0.802      3.688861
   0.806      3.675572
   0.809      3.662036
   0.813      3.648257
   0.816      3.634243
   0.820      3.619998
   0.823      3.605529
   0.827      3.590841
   0.830      3.575940
   0.834      3.560831
   0.837      3.545521
   0.841      3.530014
   0.844      3.514317
   0.848      3.498436
   0.852      3.482375
   0.855      3.466141
   0.859      3.449738
   0.862      3.433174
   0.866      3.416453
   0.869      3.399580
   0.873      3.382562
   0.876      3.365403
   0.880      3.348110
   0.883      3.330687
   0.887      3.313139
   0.890      3.295473
   0.894      3.277693
   0.897      3.259804
   0.901      3.241812
   0.905      3.223722
   0.908      3.205539
   0.912      3.187268
   0.915      3.168913
   0.919      3.150481
   0.922      3.131974
   0.926      3.113400
   0.929      3.094761
   0.933      3.076063
   0.936      3.057311
   0.940      3.038509
   0.943      3.019661
   0.947      3.000773
   0.950      2.981847
   0.954      2.962890
   0.958      2.943904
   0.961      2.924895
   0.965      2.905866
   0.968      2.886821
   0.972      2.867765
   0.975      2.848701
   0.979      2.829633
   0.982      2.810565
   0.986      2.791501
   0.989      2.772444
   0.993      2.753398
   0.996      2.734367
   1.000      2.715354
   1.003      2.696362
   1.007      2.677394
   1.011      2.658455
   1.014      2.639547
   1.018      2.620673
   1.021      2.601836
   1.025      2.583039
   1.028      2.564286
   1.032      2.545578
   1.035      2.526920
   1.039      2.508313
   1.042      2.489760
   1.046      2.471263
   1.049      2.452826
   1.053      2.434451
   1.056      2.416139
   1.060      2.397894
   1.064      2.379718
   1.067      2.361612
   1.071      2.343579
   1.074      2.325621
   1.078      2.307740
   1.081      2.289937
   1.085      2.272216
   1.088      2.254577
   1.092      2.237022
   1.095      2.219552
   1.099      2.202171
   1.102      2.184878
   1.106      2.167676
   1.109      2.150566
   1.113      2.133550
   1.117      2.116628
   1.120      2.099802
   1.124      2.083074
   1.127      2.066443
   1.131      2.049913
   1.134      2.033483
   1.138      2.017154
   1.141      2.000928
   1.145      1.984806
   1.148      1.968788
   1.152      1.952875
   1.155      1.937068
   1.159      1.921367
   1.162      1.905774
   1.166      1.890289
   1.170      1.874913
   1.173      1.859645
   1.177      1.844487
   1.180      1.829439
   1.184      1.814502
   1.187      1.799675
   1.191      1.784960
   1.194      1.770355
   1.198      1.755863
   1.201      1.741483
   1.205      1.727215
   1.208      1.713059
   1.212      1.699015
   1.215      1.685084
   1.219      1.671266
   1.223      1.657560
   1.226      1.643967
   1.230      1.630486
   1.233      1.617118
   1.237      1.603862
   1.240      1.590718
   1.244      1.577687
   1.247      1.564767
   1.251      1.551960
   1.254      1.539263
   1.258      1.526678
   1.261      1.514204
   1.265      1.501840
   1.268      1.489587
   1.272      1.477444
   1.276      1.465411
   1.279      1.453486
   1.283      1.441671
   1.286      1.429964
   1.290      1.418365
   1.293      1.406873
   1.297      1.395488
   1.300      1.384210
   1.304      1.373038
   1.307      1.361972
   1.311      1.351010
   1.314      1.340153
   1.318      1.329400
   1.321      1.318750
   1.325      1.308203
   1.329      1.297757
   1.332      1.287414
   1.336      1.277171
   1.339      1.267028
   1.343      1.256984
   1.346      1.247040
   1.350      1.237194
   1.353      1.227445
   1.357      1.217793
   1.360      1.208238
   1.364      1.198777
   1.367      1.189412
   1.371      1.180140
   1.374      1.170962
   1.378      1.161877
   1.382      1.152883
   1.385      1.143981
   1.389      1.135169
   1.392      1.126446
   1.396      1.117813
   1.399      1.109268
   1.403      1.100810
   1.406      1.092438
   1.410      1.084153
   1.413      1.075953
   1.417      1.067837
   1.420      1.059805
   1.424      1.051855
   1.427      1.043988
   1.431      1.036202
   1.435      1.028496
   1.438      1.020871
   1.442      1.013324
   1.445      1.005855
   1.449      0.998464
   1.452      0.991150
   1.456      0.983912
   1.459      0.976748
   1.463      0.969659
   1.466      0.962644
   1.470      0.955702
   1.473      0.948832
   1.477      0.942033
   1.480      0.935304
   1.484      0.928646
   1.488      0.922056
   1.491      0.915535
   1.495      0.909082
   1.498      0.902695
   1.502      0.896375
   1.505      0.890120
   1.509      0.883929
   1.512      0.877803
   1.516      0.871739
   1.519      0.865738
   1.523      0.859799
   1.526      0.853921
   1.530      0.848103
   1.533      0.842345
   1.537      0.836645
   1.541      0.831004
   1.544      0.825420
   1.548      0.819893
   1.551      0.814422
   1.555      0.809007
   1.558      0.803646
   1.562      0.798340
   1.565      0.793087
   1.569      0.787886
   1.572      0.782738
   1.576      0.777641
   1.579      0.772595
   1.583      0.767599
   1.586      0.762653
   1.590      0.757756
   1.594      0.752906
   1.597      0.748105
   1.601      0.743350
   1.604      0.738642
   1.608      0.733980
   1.611      0.729363
   1.615      0.724790
   1.618      0.720262
   1.622      0.715776
   1.625      0.711334
   1.629      0.706934
   1.632      0.702576
   1.636      0.698259
   1.639      0.693982
   1.643      0.689746
   1.647      0.685549
   1.650      0.681391
   1.654      0.677271
   1.657      0.673189
   1.661      0.669145
   1.664      0.665137
   1.668      0.661166
   1.671      0.657231
   1.675      0.653331
   1.678      0.649466
   1.682      0.645635
   1.685      0.641838
   1.689      0.638075
   1.692      0.634344
   1.696      0.630646
   1.700      0.626980
   1.703      0.623345
   1.707      0.619742
   1.710      0.616169
   1.714      0.612627
   1.717      0.609114
   1.721      0.605631
   1.724      0.602177
   1.728      0.598751
   1.731      0.595353
   1.735      0.591984
   1.738      0.588641
   1.742      0.585326
   1.745      0.582037
   1.749      0.578774
   1.753      0.575537
   1.756      0.572326
   1.760      0.569140
   1.763      0.565978
   1.767      0.562841
   1.770      0.559728
   1.774      0.556639
   1.777      0.553573
   1.781      0.550530
   1.784      0.547510
   1.788      0.544513
   1.791      0.541537
   1.795      0.538584
   1.798      0.535652
   1.802      0.532741
   1.806      0.529851
   1.809      0.526982
   1.813      0.524133
   1.816      0.521305
   1.820      0.518496
   1.823      0.515707
   1.827      0.512937
   1.830      0.510186
   1.834      0.507454
   1.837      0.504741
   1.841      0.502046
   1.844      0.499369
   1.848      0.496710
   1.851      0.494069
   1.855      0.491445
   1.859      0.488839
   1.862      0.486249
   1.866      0.483677
   1.869      0.481121
   1.873      0.478581
   1.876      0.476058
   1.880      0.473551
   1.883      0.471060
   1.887      0.468585
   1.890      0.466125
   1.894      0.463680
   1.897      0.461251
   1.901      0.458837
   1.904      0.456438
   1.908      0.454053
   1.912      0.451684
   1.915      0.449328
   1.919      0.446987
   1.922      0.444661
   1.926      0.442348
   1.929      0.440049
   1.933      0.437764
   1.936      0.435493
   1.940      0.433235
   1.943      0.430991
   1.947      0.428760
   1.950      0.426543
   1.954      0.424338
   1.957      0.422147
   1.961      0.419968
   1.965      0.417803
   1.968      0.415650
   1.972      0.413509
   1.975      0.411381
   1.979      0.409266
   1.982      0.407163
   1.986      0.405072
   1.989      0.402993
   1.993      0.400927
   1.996      0.398872
   2.000      0.396829
   2.003      0.394798
   2.007      0.392779
   2.010      0.390772
   2.014      0.388776
   2.018      0.386791
   2.021      0.384818
   2.025      0.382857
   2.028      0.380907
   2.032      0.378967
   2.035      0.377039
   2.039      0.375123
   2.042      0.373217
   2.046      0.371322
   2.049      0.369437
   2.053      0.367564
   2.056      0.365701
   2.060      0.363849
   2.063      0.362007
   2.067      0.360176
   2.071      0.358355
   2.074      0.356545
   2.078      0.354745
   2.081      0.352955
   2.085      0.351175
   2.088      0.349405
   2.092      0.347645
   2.095      0.345895
   2.099      0.344155
   2.102      0.342425
   2.106      0.340704
   2.109      0.338993
   2.113      0.337292
   2.116      0.335600
   2.120      0.333918
   2.124      0.332245
   2.127      0.330582
   2.131      0.328927
   2.134      0.327282
   2.138      0.325646
   2.141      0.324020
   2.145      0.322402
   2.148      0.320793
   2.152      0.319193
   2.155      0.317602
   2.159      0.316020
   2.162      0.314447
   2.166      0.312882
   2.169      0.311326
   2.173      0.309778
   2.177      0.308239
   2.180      0.306709
   2.184      0.305187
   2.187      0.303673
   2.191      0.302168
   2.194      0.300670
   2.198      0.299181
   2.201      0.297701
   2.205      0.296228
   2.208      0.294763
   2.212      0.293306
   2.215      0.291857
   2.219      0.290417
   2.222      0.288983
   2.226      0.287558
   2.230      0.286141
   2.233      0.284731
   2.237      0.283328
   2.240      0.281934
   2.244      0.280546
   2.247      0.279167
   2.251      0.277795
   2.254      0.276430
   2.258      0.275072
   2.261      0.273722
   2.265      0.272379
   2.268      0.271043
   2.272      0.269715
   2.275      0.268393
   2.279      0.267079
   2.283      0.265772
   2.286      0.264471
   2.290      0.263178
   2.293      0.261891
   2.297      0.260611
   2.300      0.259338
   2.304      0.258072
   2.307      0.256813
   2.311      0.255560
   2.314      0.254314
   2.318      0.253074
   2.321      0.251842
   2.325      0.250615
   2.328      0.249395
   2.332      0.248181
   2.336      0.246974
   2.339      0.245773
   2.343      0.244579
   2.346      0.243391
   2.350      0.242209
   2.353      0.241033
   2.357      0.239863
   2.360      0.238700
   2.364      0.237542
   2.367      0.236391
   2.371      0.235245
   2.374      0.234106
   2.378      0.232972
   2.381      0.231845
   2.385      0.230723
   2.389      0.229607
   2.392      0.228497
   2.396      0.227392
   2.399      0.226294
   2.403      0.225201
   2.406      0.224113
   2.410      0.223031
   2.413      0.221955
   2.417      0.220885
   2.420      0.219819
   2.424      0.218760
   2.427      0.217706
   2.431      0.216657
   2.434      0.215613
   2.438      0.214575
   2.442      0.213542
   2.445      0.212515
   2.449      0.211492
   2.452      0.210475
   2.456      0.209463
   2.459      0.208457
   2.463      0.207455
   2.466      0.206458
   2.470      0.205467
   2.473      0.204480
   2.477      0.203499
   2.480      0.202522
   2.484      0.201551
   2.487      0.200584
   2.491      0.199622
   2.495      0.198666
   2.498      0.197713
   2.502      0.196766
   2.505      0.195823
   2.509      0.194886
   2.512      0.193952
   2.516      0.193024
   2.519      0.192100
   2.523      0.191181
   2.526      0.190266
   2.530      0.189356
   2.533      0.188451
   2.537      0.187550
   2.540      0.186653
   2.544      0.185761
   2.548      0.184874
   2.551      0.183990
   2.555      0.183111
   2.558      0.182237
   2.562      0.181367
   2.565      0.180501
   2.569      0.179639
   2.572      0.178782
   2.576      0.177929
   2.579      0.177080
   2.583      0.176235
   2.586      0.175395
   2.590      0.174558
   2.593      0.173726
   2.597      0.172898
   2.601      0.172073
   2.604      0.171253
   2.608      0.170437
   2.611      0.169625
   2.615      0.168817
   2.618      0.168012
   2.622      0.167212
   2.625      0.166415
   2.629      0.165623
   2.632      0.164834
   2.636      0.164049
   2.639      0.163268
   2.643      0.162490
   2.646      0.161717
   2.650      0.160947
   2.654      0.160181
   2.657      0.159418
   2.661      0.158660
   2.664      0.157904
   2.668      0.157153
   2.671      0.156405
   2.675      0.155661
   2.678      0.154920
   2.682      0.154183
   2.685      0.153449
   2.689      0.152719
   2.692      0.151992
   2.696      0.151269
   2.699      0.150549
   2.703      0.149833
   2.707      0.149120
   2.710      0.148410
   2.714      0.147704
   2.717      0.147001
   2.721      0.146302
   2.724      0.145605
   2.728      0.144913
   2.731      0.144223
   2.735      0.143537
   2.738      0.142853
   2.742      0.142173
   2.745      0.141497
   2.749      0.140823
   2.752      0.140153
   2.756      0.139485
   2.760      0.138821
   2.763      0.138160
   2.767      0.137502
   2.770      0.136848
   2.774      0.136196
   2.777      0.135547
   2.781      0.134901
   2.784      0.134259
   2.788      0.133619
   2.791      0.132982
   2.795      0.132348
   2.798      0.131717
   2.802      0.131090
   2.805      0.130464
   2.809      0.129842
   2.813      0.129223
   2.816      0.128607
   2.820      0.127993
   2.823      0.127382
   2.827      0.126774
   2.830      0.126169
   2.834      0.125567
   2.837      0.124967
   2.841      0.124370
   2.844      0.123776
   2.848      0.123185
   2.851      0.122596
   2.855      0.122010
   2.858      0.121427
   2.862      0.120846
   2.866      0.120268
   2.869      0.119693
   2.873      0.119120
   2.876      0.118550
   2.880      0.117982
   2.883      0.117417
   2.887      0.116854
   2.890      0.116294
   2.894      0.115737
   2.897      0.115182
   2.901      0.114630
   2.904      0.114080
   2.908      0.113532
   2.911      0.112987
   2.915      0.112445
   2.919      0.111905
   2.922      0.111367
   2.926      0.110832
   2.929      0.110299
   2.933      0.109768
   2.936      0.109240
   2.940      0.108714
   2.943      0.108191
   2.947      0.107669
   2.950      0.107151
   2.954      0.106634
   2.957      0.106120
   2.961      0.105608
   2.964      0.105098
   2.968      0.104591
   2.972      0.104086
   2.975      0.103583
   2.979      0.103082
   2.982      0.102583
   2.986      0.102087
   2.989      0.101593
   2.993      0.101101
   2.996      0.100611
   3.000      0.100123
   3.003      0.099637
   3.007      0.099154
   3.010      0.098673
   3.014      0.098193
   3.017      0.097716
   3.021      0.097241
   3.025      0.096768
   3.028      0.096297
   3.032      0.095828
   3.035      0.095361
   3.039      0.094896
   3.042      0.094433
   3.046      0.093973
   3.049      0.093514
   3.053      0.093057
   3.056      0.092602
   3.060      0.092149
   3.063      0.091698
   3.067      0.091249
   3.070      0.090801
   3.074      0.090356
   3.078      0.089913
   3.081      0.089471
   3.085      0.089032
   3.088      0.088594
   3.092      0.088158
   3.095      0.087724
   3.099      0.087292
   3.102      0.086862
   3.106      0.086433
   3.109      0.086007
   3.113      0.085582
   3.116      0.085159
   3.120      0.084737
   3.123      0.084318
   3.127      0.083900
   3.131      0.083484
   3.134      0.083070
   3.138      0.082657
   3.141      0.082246
   3.145      0.081837
   3.148      0.081430
   3.152      0.081024
   3.155      0.080620
   3.159      0.080218
   3.162      0.079818
   3.166      0.079419
   3.169      0.079021
   3.173      0.078626
   3.176      0.078232
   3.180      0.077839
   3.184      0.077449
   3.187      0.077060
   3.191      0.076672
   3.194      0.076286
   3.198      0.075902
   3.201      0.075519
   3.205      0.075138
   3.208      0.074758
   3.212      0.074380
   3.215      0.074004
   3.219      0.073629
   3.222      0.073255
   3.226      0.072883
   3.229      0.072513
   3.233      0.072144
   3.237      0.071777
   3.240      0.071411
   3.244      0.071046
   3.247      0.070683
   3.251      0.070322
   3.254      0.069962
   3.258      0.069603
   3.261      0.069246
   3.265      0.068891
   3.268      0.068536
   3.272      0.068183
   3.275      0.067832
   3.279      0.067482
   3.282      0.067133
   3.286      0.066786
   3.290      0.066440
   3.293      0.066096
   3.297      0.065753
   3.300      0.065411
   3.304      0.065071
   3.307      0.064732
   3.311      0.064394
   3.314      0.064058
   3.318      0.063723
   3.321      0.063389
   3.325      0.063057
   3.328      0.062726
   3.332      0.062396
   3.335      0.062067
   3.339      0.061740
   3.343      0.061414
   3.346      0.061090
   3.350      0.060766
   3.353      0.060444
   3.357      0.060123
   3.360      0.059804
   3.364      0.059485
   3.367      0.059168
   3.371      0.058852
   3.374      0.058538
   3.378      0.058224
   3.381      0.057912
   3.385      0.057601
   3.388      0.057291
   3.392      0.056982
   3.396      0.056675
   3.399      0.056369
   3.403      0.056064
   3.406      0.055760
   3.410      0.055457
   3.413      0.055155
   3.417      0.054855
   3.420      0.054555
   3.424      0.054257
   3.427      0.053960
   3.431      0.053664
   3.434      0.053369
   3.438      0.053076
   3.441      0.052783
   3.445      0.052491
   3.449      0.052201
   3.452      0.051912
   3.456      0.051623
   3.459      0.051336
   3.463      0.051050
   3.466      0.050765
   3.470      0.050481
   3.473      0.050198
   3.477      0.049916
   3.480      0.049635
   3.484      0.049356
   3.487      0.049077
   3.491      0.048799
   3.494      0.048522
   3.498      0.048247
   3.502      0.047972
   3.505      0.047698
   3.509      0.047426
   3.512      0.047154
   3.516      0.046883
   3.519      0.046614
   3.523      0.046345
   3.526      0.046077
   3.530      0.045811
   3.533      0.045545
   3.537      0.045280
   3.540      0.045016
   3.544      0.044753
   3.547      0.044491
   3.551      0.044230
   3.555      0.043970
   3.558      0.043711
   3.562      0.043453
   3.565      0.043195
   3.569      0.042939
   3.572      0.042683
   3.576      0.042429
   3.579      0.042175
   3.583      0.041922
   3.586      0.041671
   3.590      0.041420
   3.593      0.041169
   3.597      0.040920
   3.600      0.040672
   3.604      0.040424
   3.608      0.040178
   3.611      0.039932
   3.615      0.039687
   3.618      0.039443
   3.622      0.039200
   3.625      0.038957
   3.629      0.038716
   3.632      0.038475
   3.636      0.038235
   3.639      0.037996
   3.643      0.037758
   3.646      0.037521
   3.650      0.037284
   3.653      0.037048
   3.657      0.036813
   3.661      0.036579
   3.664      0.036346
   3.668      0.036113
   3.671      0.035882
   3.675      0.035651
   3.678      0.035420
   3.682      0.035191
   3.685      0.034962
   3.689      0.034734
   3.692      0.034507
   3.696      0.034281
   3.699      0.034055
   3.703      0.033830
   3.706      0.033606
   3.710      0.033383
   3.714      0.033160
   3.717      0.032938
   3.721      0.032717
   3.724      0.032497
   3.728      0.032277
   3.731      0.032058
   3.735      0.031840
   3.738      0.031622
   3.742      0.031405
   3.745      0.031189
   3.749      0.030974
   3.752      0.030759
   3.756      0.030545
   3.759      0.030331
   3.763      0.030119
   3.767      0.029907
   3.770      0.029695
   3.774      0.029485
   3.777      0.029275
   3.781      0.029065
   3.784      0.028857
   3.788      0.028649
   3.791      0.028441
   3.795      0.028235
   3.798      0.028029
   3.802      0.027823
   3.805      0.027618
   3.809      0.027414
   3.812      0.027211
   3.816      0.027008
   3.820      0.026806
   3.823      0.026604
   3.827      0.026403
   3.830      0.026203
   3.834      0.026003
   3.837      0.025804
   3.841      0.025606
   3.844      0.025408
   3.848      0.025210
   3.851      0.025014
   3.855      0.024818
   3.858      0.024622
   3.862      0.024427
   3.865      0.024233
   3.869      0.024039
   3.873      0.023846
   3.876      0.023653
   3.880      0.023461
   3.883      0.023270
   3.887      0.023079
   3.890      0.022889
   3.894      0.022699
   3.897      0.022510
   3.901      0.022321
   3.904      0.022133
   3.908      0.021946
   3.911      0.021759
   3.915      0.021572
   3.918      0.021386
   3.922      0.021201
   3.926      0.021016
   3.929      0.020832
   3.933      0.020648
   3.936      0.020465
   3.940      0.020282
   3.943      0.020100
   3.947      0.019918
   3.950      0.019737
   3.954      0.019556
   3.957      0.019376
   3.961      0.019196
   3.964      0.019017
   3.968      0.018839
   3.971      0.018660
   3.975      0.018483
   3.979      0.018306
   3.982      0.018129
   3.986      0.017953
   3.989      0.017777
   3.993      0.017602
   3.996      0.017427
   4.000      0.017253
   4.003      0.017079
   4.007      0.016906
   4.010      0.016733
   4.014      0.016560
   4.017      0.016388
   4.021      0.016217
   4.024      0.016046
   4.028      0.015875
   4.032      0.015705
   4.035      0.015535
   4.039      0.015366
   4.042      0.015197
   4.046      0.015029
   4.049      0.014861
   4.053      0.014693
   4.056      0.014526
   4.060      0.014360
   4.063      0.014193
   4.067      0.014028
   4.070      0.013862
   4.074      0.013697
   4.077      0.013533
   4.081      0.013368
   4.085      0.013205
   4.088      0.013041
   4.092      0.012879
   4.095      0.012716
   4.099      0.012554
   4.102      0.012392
   4.106      0.012231
   4.109      0.012070
   4.113      0.011910
   4.116      0.011749
   4.120      0.011590
   4.123      0.011430
   4.127      0.011271
   4.130      0.011113
   4.134      0.010954
   4.138      0.010797
   4.141      0.010639
   4.145      0.010482
   4.148      0.010325
   4.152      0.010169
   4.155      0.010013
   4.159      0.009857
   4.162      0.009702
   4.166      0.009547
   4.169      0.009392
   4.173      0.009238
   4.176      0.009084
   4.180      0.008931
   4.183      0.008778
   4.187      0.008625
   4.191      0.008472
   4.194      0.008320
   4.198      0.008168
   4.201      0.008017
   4.205      0.007866
   4.208      0.007715
   4.212      0.007564
   4.215      0.007414
   4.219      0.007264
   4.222      0.007115
   4.226      0.006965
   4.229      0.006816
   4.233      0.006668
   4.236      0.006520
   4.240      0.006372
   4.244      0.006224
   4.247      0.006077
   4.251      0.005930
   4.254      0.005783
   4.258      0.005636
   4.261      0.005490
   4.265      0.005344
   4.268      0.005199
   4.272      0.005053
   4.275      0.004908
   4.279      0.004764
   4.282      0.004619
   4.286      0.004475
   4.289      0.004331
   4.293      0.004188
   4.297      0.004044
   4.300      0.003901
   4.304      0.003759
   4.307      0.003616
   4.311      0.003474
   4.314      0.003332
   4.318      0.003190
   4.321      0.003049
   4.325      0.002908
   4.328      0.002767
   4.332      0.002626
   4.335      0.002486
   4.339      0.002346
   4.342      0.002206
   4.346      0.002066
   4.350      0.001927
   4.353      0.001788
   4.357      0.001649
   4.360      0.001510
   4.364      0.001372
   4.367      0.001233
   4.371      0.001095
   4.374      0.000958
   4.378      0.000820
   4.381      0.000683
   4.385      0.000546
   4.388      0.000409
   4.392      0.000272
   4.395      0.000136
   4.399      0.000000
