   0.000      0.446320
   0.004      0.446333
   0.007      0.446346
   0.011      0.446367
   0.014      0.446396
   0.018      0.446434
   0.021      0.446481
   0.025      0.446535
   0.028      0.446598
   0.032      0.446670
   0.035      0.446750
   0.039      0.446839
   0.042      0.446936
   0.046      0.447041
   0.049      0.447155
   0.053      0.447277
   0.057      0.447408
   0.060      0.447547
   0.064      0.447695
   0.067      0.447851
   0.071      0.448016
   0.074      0.448189
   0.078      0.448371
   0.081      0.448561
   0.085      0.448759
   0.088      0.448967
   0.092      0.449183
   0.095      0.449407
   0.099      0.449640
   0.102      0.449881
   0.106      0.450131
   0.110      0.450390
   0.113      0.450657
   0.117      0.450933
   0.120      0.451218
   0.124      0.451511
   0.127      0.451812
   0.131      0.452123
   0.134      0.452442
   0.138      0.452770
   0.141      0.453106
   0.145      0.453451
   0.148      0.453805
   0.152      0.454168
   0.155      0.454539
   0.159      0.454919
   0.163      0.455308
   0.166      0.455706
   0.170      0.456112
   0.173      0.456527
   0.177      0.456951
   0.180      0.457384
   0.184      0.457826
   0.187      0.458276
   0.191      0.458736
   0.194      0.459204
   0.198      0.459681
   0.201      0.460167
   0.205      0.460662
   0.208      0.461166
   0.212      0.461679
   0.216      0.462201
   0.219      0.462731
   0.223      0.463271
   0.226      0.463820
   0.230      0.464378
   0.233      0.464945
   0.237      0.465521
   0.240      0.466106
   0.244      0.466700
   0.247      0.467303
   0.251      0.467915
   0.254      0.468537
   0.258      0.469167
   0.261      0.469807
   0.265      0.470456
   0.269      0.471115
   0.272      0.471782
   0.276      0.472459
   0.279      0.473145
   0.283      0.473840
   0.286      0.474545
   0.290      0.475258
   0.293      0.475982
   0.297      0.476714
   0.300      0.477456
   0.304      0.478208
   0.307      0.478968
   0.311      0.479738
   0.314      0.480518
   0.318      0.481307
   0.322      0.482106
   0.325      0.482914
   0.329      0.483731
   0.332      0.484559
   0.336      0.485395
   0.339      0.486242
   0.343      0.487098
   0.346      0.487963
   0.350      0.488838
   0.353      0.489723
   0.357      0.490617
   0.360      0.491522
   0.364      0.492436
   0.367      0.493359
   0.371      0.494292
   0.375      0.495236
   0.378      0.496188
   0.382      0.497151
   0.385      0.498124
   0.389      0.499106
   0.392      0.500098
   0.396      0.501100
   0.399      0.502112
   0.403      0.503134
   0.406      0.504166
   0.410      0.505208
   0.413      0.506259
   0.417      0.507321
   0.420      0.508393
   0.424      0.509475
   0.428      0.510566
   0.431      0.511668
   0.435      0.512780
   0.438      0.513902
   0.442      0.515034
   0.445      0.516176
   0.449      0.517328
   0.452      0.518491
   0.456      0.519663
   0.459      0.520846
   0.463      0.522039
   0.466      0.523242
   0.470      0.524455
   0.473      0.525678
   0.477      0.526912
   0.481      0.528156
   0.484      0.529410
   0.488      0.530674
   0.491      0.531949
   0.495      0.533234
   0.498      0.534529
   0.502      0.535835
   0.505      0.537151
   0.509      0.538477
   0.512      0.539814
   0.516      0.541161
   0.519      0.542518
   0.523      0.543885
   0.526      0.545263
   0.530      0.546652
   0.534      0.548050
   0.537      0.549459
   0.541      0.550879
   0.544      0.552308
   0.548      0.553749
   0.551      0.555199
   0.555      0.556660
   0.558      0.558131
   0.562      0.559613
   0.565      0.561105
   0.569      0.562607
   0.572      0.564120
   0.576      0.565643
   0.579      0.567177
   0.583      0.568721
   0.587      0.570275
   0.590      0.571840
   0.594      0.573415
   0.597      0.575000
   0.601      0.576596
   0.604      0.578201
   0.608      0.579818
   0.611      0.581444
   0.615      0.583081
   0.618      0.584728
   0.622      0.586386
   0.625      0.588053
   0.629      0.589731
   0.632      0.591419
   0.636      0.593117
   0.640      0.594825
   0.643      0.596544
   0.647      0.598273
   0.650      0.600011
   0.654      0.601760
   0.657      0.603519
   0.661      0.605288
   0.664      0.607067
   0.668      0.608856
   0.671      0.610655
   0.675      0.612463
   0.678      0.614282
   0.682      0.616111
   0.685      0.617949
   0.689      0.619797
   0.693      0.621655
   0.696      0.623522
   0.700      0.625399
   0.703      0.627286
   0.707      0.629183
   0.710      0.631089
   0.714      0.633004
   0.717      0.634929
   0.721      0.636863
   0.724      0.638807
   0.728      0.640760
   0.731      0.642722
   0.735      0.644693
   0.738      0.646674
   0.742      0.648663
   0.746      0.650662
   0.749      0.652670
   0.753      0.654686
   0.756      0.656712
   0.760      0.658746
   0.763      0.660788
   0.767      0.662840
   0.770      0.664900
   0.774      0.666969
   0.777      0.669046
   0.781      0.671131
   0.784      0.673225
   0.788      0.675326
   0.791      0.677436
   0.795      0.679554
   0.799      0.681680
   0.802      0.683814
   0.806      0.685956
   0.809      0.688105
   0.813      0.690262
   0.816      0.692426
   0.820      0.694598
   0.823      0.696778
   0.827      0.698964
   0.830      0.701158
   0.834      0.703358
   0.837      0.705566
   0.841      0.707780
   0.844      0.710002
   0.848      0.712229
   0.852      0.714464
   0.855      0.716704
   0.859      0.718951
   0.862      0.721204
   0.866      0.723464
   0.869      0.725729
   0.873      0.728000
   0.876      0.730276
   0.880      0.732558
   0.883      0.734846
   0.887      0.737139
   0.890      0.739437
   0.894      0.741740
   0.897      0.744048
   0.901      0.746361
   0.905      0.748679
   0.908      0.751001
   0.912      0.753327
   0.915      0.755657
   0.919      0.757992
   0.922      0.760331
   0.926      0.762673
   0.929      0.765019
   0.933      0.767368
   0.936      0.769721
   0.940      0.772077
   0.943      0.774436
   0.947      0.776797
   0.950      0.779162
   0.954      0.781528
   0.958      0.783898
   0.961      0.786269
   0.965      0.788642
   0.968      0.791018
   0.972      0.793395
   0.975      0.795773
   0.979      0.798153
   0.982      0.800533
   0.986      0.802915
   0.989      0.805298
   0.993      0.807681
   0.996      0.810064
   1.000      0.812448
   1.003      0.814832
   1.007      0.817216
   1.011      0.819599
   1.014      0.821982
   1.018      0.824364
   1.021      0.826745
   1.025      0.829125
   1.028      0.831503
   1.032      0.833880
   1.035      0.836256
   1.039      0.838629
   1.042      0.841000
   1.046      0.843369
   1.049      0.845736
   1.053      0.848099
   1.056      0.850460
   1.060      0.852818
   1.064      0.855172
   1.067      0.857522
   1.071      0.859869
   1.074      0.862212
   1.078      0.864550
   1.081      0.866884
   1.085      0.869214
   1.088      0.871538
   1.092      0.873857
   1.095      0.876172
   1.099      0.878480
   1.102      0.880783
   1.106      0.883080
   1.109      0.885370
   1.113      0.887654
   1.117      0.889932
   1.120      0.892203
   1.124      0.894466
   1.127      0.896723
   1.131      0.898971
   1.134      0.901212
   1.138      0.903445
   1.141      0.905670
   1.145      0.907886
   1.148      0.910094
   1.152      0.912293
   1.155      0.914483
   1.159      0.916663
   1.162      0.918834
   1.166      0.920995
   1.170      0.923146
   1.173      0.925287
   1.177      0.927417
   1.180      0.929537
   1.184      0.931645
   1.187      0.933743
   1.191      0.935830
   1.194      0.937904
   1.198      0.939967
   1.201      0.942018
   1.205      0.944057
   1.208      0.946084
   1.212      0.948097
   1.215      0.950098
   1.219      0.952086
   1.223      0.954061
   1.226      0.956022
   1.230      0.957969
   1.233      0.959903
   1.237      0.961822
   1.240      0.963727
   1.244      0.965618
   1.247      0.967493
   1.251      0.969354
   1.254      0.971200
   1.258      0.973030
   1.261      0.974845
   1.265      0.976644
   1.268      0.978427
   1.272      0.980194
   1.276      0.981945
   1.279      0.983680
   1.283      0.985397
   1.286      0.987098
   1.290      0.988782
   1.293      0.990448
   1.297      0.992098
   1.300      0.993729
   1.304      0.995343
   1.307      0.996939
   1.311      0.998517
   1.314      1.000077
   1.318      1.001618
   1.321      1.003141
   1.325      1.004645
   1.329      1.006131
   1.332      1.007597
   1.336      1.009044
   1.339      1.010472
   1.343      1.011881
   1.346      1.013270
   1.350      1.014639
   1.353      1.015988
   1.357      1.017318
   1.360      1.018627
   1.364      1.019916
   1.367      1.021185
   1.371      1.022433
   1.374      1.023661
   1.378      1.024868
   1.382      1.026054
   1.385      1.027220
   1.389      1.028364
   1.392      1.029488
   1.396      1.030590
   1.399      1.031671
   1.403      1.032731
   1.406      1.033769
   1.410      1.034786
   1.413      1.035781
   1.417      1.036754
   1.420      1.037706
   1.424      1.038636
   1.427      1.039544
   1.431      1.040431
   1.435      1.041295
   1.438      1.042137
   1.442      1.042958
   1.445      1.043756
   1.449      1.044532
   1.452      1.045286
   1.456      1.046018
   1.459      1.046727
   1.463      1.047415
   1.466      1.048080
   1.470      1.048723
   1.473      1.049343
   1.477      1.049941
   1.480      1.050517
   1.484      1.051071
   1.488      1.051602
   1.491      1.052111
   1.495      1.052598
   1.498      1.053063
   1.502      1.053505
   1.505      1.053925
   1.509      1.054323
   1.512      1.054698
   1.516      1.055052
   1.519      1.055383
   1.523      1.055692
   1.526      1.055980
   1.530      1.056245
   1.533      1.056488
   1.537      1.056710
   1.541      1.056909
   1.544      1.057087
   1.548      1.057243
   1.551      1.057378
   1.555      1.057491
   1.558      1.057582
   1.562      1.057652
   1.565      1.057701
   1.569      1.057728
   1.572      1.057734
   1.576      1.057720
   1.579      1.057684
   1.583      1.057627
   1.586      1.057549
   1.590      1.057451
   1.594      1.057332
   1.597      1.057192
   1.601      1.057032
   1.604      1.056852
   1.608      1.056652
   1.611      1.056431
   1.615      1.056191
   1.618      1.055931
   1.622      1.055651
   1.625      1.055351
   1.629      1.055032
   1.632      1.054694
   1.636      1.054336
   1.639      1.053960
   1.643      1.053564
   1.647      1.053150
   1.650      1.052717
   1.654      1.052265
   1.657      1.051795
   1.661      1.051307
   1.664      1.050801
   1.668      1.050277
   1.671      1.049735
   1.675      1.049175
   1.678      1.048598
   1.682      1.048004
   1.685      1.047392
   1.689      1.046763
   1.692      1.046118
   1.696      1.045456
   1.700      1.044777
   1.703      1.044081
   1.707      1.043370
   1.710      1.042642
   1.714      1.041899
   1.717      1.041140
   1.721      1.040365
   1.724      1.039574
   1.728      1.038769
   1.731      1.037948
   1.735      1.037113
   1.738      1.036262
   1.742      1.035397
   1.745      1.034518
   1.749      1.033624
   1.753      1.032716
   1.756      1.031794
   1.760      1.030859
   1.763      1.029910
   1.767      1.028947
   1.770      1.027971
   1.774      1.026982
   1.777      1.025980
   1.781      1.024965
   1.784      1.023938
   1.788      1.022898
   1.791      1.021845
   1.795      1.020781
   1.798      1.019705
   1.802      1.018616
   1.806      1.017516
   1.809      1.016405
   1.813      1.015282
   1.816      1.014148
   1.820      1.013003
   1.823      1.011847
   1.827      1.010681
   1.830      1.009503
   1.834      1.008316
   1.837      1.007118
   1.841      1.005910
   1.844      1.004691
   1.848      1.003464
   1.851      1.002226
   1.855      1.000979
   1.859      0.999722
   1.862      0.998456
   1.866      0.997181
   1.869      0.995897
   1.873      0.994605
   1.876      0.993303
   1.880      0.991993
   1.883      0.990674
   1.887      0.989347
   1.890      0.988012
   1.894      0.986669
   1.897      0.985318
   1.901      0.983959
   1.904      0.982592
   1.908      0.981218
   1.912      0.979836
   1.915      0.978447
   1.919      0.977051
   1.922      0.975647
   1.926      0.974237
   1.929      0.972820
   1.933      0.971396
   1.936      0.969965
   1.940      0.968528
   1.943      0.967084
   1.947      0.965634
   1.950      0.964177
   1.954      0.962715
   1.957      0.961246
   1.961      0.959771
   1.965      0.958291
   1.968      0.956804
   1.972      0.955313
   1.975      0.953815
   1.979      0.952312
   1.982      0.950803
   1.986      0.949290
   1.989      0.947770
   1.993      0.946246
   1.996      0.944717
   2.000      0.943183
   2.003      0.941643
   2.007      0.940099
   2.010      0.938550
   2.014      0.936997
   2.018      0.935439
   2.021      0.933876
   2.025      0.932309
   2.028      0.930737
   2.032      0.929162
   2.035      0.927582
   2.039      0.925997
   2.042      0.924409
   2.046      0.922817
   2.049      0.921221
   2.053      0.919621
   2.056      0.918017
   2.060      0.916409
   2.063      0.914798
   2.067      0.913183
   2.071      0.911565
   2.074      0.909943
   2.078      0.908318
   2.081      0.906689
   2.085      0.905058
   2.088      0.903423
   2.092      0.901784
   2.095      0.900143
   2.099      0.898499
   2.102      0.896852
   2.106      0.895202
   2.109      0.893549
   2.113      0.891893
   2.116      0.890235
   2.120      0.888574
   2.124      0.886910
   2.127      0.885244
   2.131      0.883575
   2.134      0.881904
   2.138      0.880230
   2.141      0.878555
   2.145      0.876877
   2.148      0.875196
   2.152      0.873514
   2.155      0.871829
   2.159      0.870143
   2.162      0.868454
   2.166      0.866764
   2.169      0.865071
   2.173      0.863377
   2.177      0.861681
   2.180      0.859983
   2.184      0.858283
   2.187      0.856582
   2.191      0.854879
   2.194      0.853175
   2.198      0.851469
   2.201      0.849762
   2.205      0.848053
   2.208      0.846343
   2.212      0.844631
   2.215      0.842919
   2.219      0.841205
   2.222      0.839489
   2.226      0.837773
   2.230      0.836055
   2.233      0.834337
   2.237      0.832617
   2.240      0.830897
   2.244      0.829175
   2.247      0.827453
   2.251      0.825729
   2.254      0.824005
   2.258      0.822280
   2.261      0.820554
   2.265      0.818828
   2.268      0.817101
   2.272      0.815373
   2.275      0.813645
   2.279      0.811916
   2.283      0.810186
   2.286      0.808456
   2.290      0.806726
   2.293      0.804995
   2.297      0.803264
   2.300      0.801532
   2.304      0.799800
   2.307      0.798068
   2.311      0.796336
   2.314      0.794603
   2.318      0.792870
   2.321      0.791137
   2.325      0.789404
   2.328      0.787671
   2.332      0.785938
   2.336      0.784204
   2.339      0.782471
   2.343      0.780738
   2.346      0.779004
   2.350      0.777271
   2.353      0.775538
   2.357      0.773805
   2.360      0.772073
   2.364      0.770340
   2.367      0.768608
   2.371      0.766876
   2.374      0.765144
   2.378      0.763413
   2.381      0.761682
   2.385      0.759951
   2.389      0.758221
   2.392      0.756491
   2.396      0.754762
   2.399      0.753033
   2.403      0.751304
   2.406      0.749576
   2.410      0.747849
   2.413      0.746122
   2.417      0.744396
   2.420      0.742670
   2.424      0.740945
   2.427      0.739221
   2.431      0.737497
   2.434      0.735775
   2.438      0.734052
   2.442      0.732331
   2.445      0.730610
   2.449      0.728891
   2.452      0.727172
   2.456      0.725453
   2.459      0.723736
   2.463      0.722020
   2.466      0.720304
   2.470      0.718590
   2.473      0.716876
   2.477      0.715163
   2.480      0.713452
   2.484      0.711741
   2.487      0.710031
   2.491      0.708323
   2.495      0.706615
   2.498      0.704909
   2.502      0.703203
   2.505      0.701499
   2.509      0.699796
   2.512      0.698094
   2.516      0.696393
   2.519      0.694694
   2.523      0.692995
   2.526      0.691298
   2.530      0.689602
   2.533      0.687907
   2.537      0.686214
   2.540      0.684522
   2.544      0.682831
   2.548      0.681142
   2.551      0.679453
   2.555      0.677767
   2.558      0.676081
   2.562      0.674397
   2.565      0.672714
   2.569      0.671033
   2.572      0.669353
   2.576      0.667675
   2.579      0.665998
   2.583      0.664322
   2.586      0.662648
   2.590      0.660976
   2.593      0.659305
   2.597      0.657635
   2.601      0.655967
   2.604      0.654301
   2.608      0.652636
   2.611      0.650973
   2.615      0.649311
   2.618      0.647651
   2.622      0.645992
   2.625      0.644335
   2.629      0.642680
   2.632      0.641026
   2.636      0.639374
   2.639      0.637724
   2.643      0.636076
   2.646      0.634429
   2.650      0.632783
   2.654      0.631140
   2.657      0.629498
   2.661      0.627858
   2.664      0.626220
   2.668      0.624583
   2.671      0.622948
   2.675      0.621315
   2.678      0.619684
   2.682      0.618054
   2.685      0.616427
   2.689      0.614801
   2.692      0.613177
   2.696      0.611555
   2.699      0.609934
   2.703      0.608316
   2.707      0.606699
   2.710      0.605084
   2.714      0.603471
   2.717      0.601860
   2.721      0.600251
   2.724      0.598644
   2.728      0.597038
   2.731      0.595435
   2.735      0.593833
   2.738      0.592234
   2.742      0.590636
   2.745      0.589040
   2.749      0.587447
   2.752      0.585855
   2.756      0.584265
   2.760      0.582677
   2.763      0.581091
   2.767      0.579507
   2.770      0.577925
   2.774      0.576345
   2.777      0.574767
   2.781      0.573192
   2.784      0.571618
   2.788      0.570046
   2.791      0.568476
   2.795      0.566908
   2.798      0.565342
   2.802      0.563779
   2.805      0.562217
   2.809      0.560658
   2.813      0.559100
   2.816      0.557545
   2.820      0.555991
   2.823      0.554440
   2.827      0.552891
   2.830      0.551344
   2.834      0.549799
   2.837      0.548256
   2.841      0.546715
   2.844      0.545176
   2.848      0.543640
   2.851      0.542105
   2.855      0.540573
   2.858      0.539043
   2.862      0.537515
   2.866      0.535989
   2.869      0.534465
   2.873      0.532943
   2.876      0.531424
   2.880      0.529907
   2.883      0.528392
   2.887      0.526879
   2.890      0.525368
   2.894      0.523859
   2.897      0.522353
   2.901      0.520848
   2.904      0.519346
   2.908      0.517846
   2.911      0.516348
   2.915      0.514853
   2.919      0.513360
   2.922      0.511868
   2.926      0.510379
   2.929      0.508893
   2.933      0.507408
   2.936      0.505926
   2.940      0.504446
   2.943      0.502968
   2.947      0.501492
   2.950      0.500018
   2.954      0.498547
   2.957      0.497078
   2.961      0.495611
   2.964      0.494147
   2.968      0.492684
   2.972      0.491224
   2.975      0.489766
   2.979      0.488310
   2.982      0.486857
   2.986      0.485406
   2.989      0.483957
   2.993      0.482510
   2.996      0.481066
   3.000      0.479624
   3.003      0.478184
   3.007      0.476746
   3.010      0.475310
   3.014      0.473877
   3.017      0.472446
   3.021      0.471018
   3.025      0.469591
   3.028      0.468167
   3.032      0.466745
   3.035      0.465325
   3.039      0.463908
   3.042      0.462493
   3.046      0.461080
   3.049      0.459669
   3.053      0.458261
   3.056      0.456855
   3.060      0.455451
   3.063      0.454049
   3.067      0.452650
   3.070      0.451253
   3.074      0.449858
   3.078      0.448466
   3.081      0.447076
   3.085      0.445688
   3.088      0.444302
   3.092      0.442919
   3.095      0.441538
   3.099      0.440159
   3.102      0.438782
   3.106      0.437408
   3.109      0.436036
   3.113      0.434666
   3.116      0.433299
   3.120      0.431934
   3.123      0.430571
   3.127      0.429210
   3.131      0.427852
   3.134      0.426496
   3.138      0.425142
   3.141      0.423790
   3.145      0.422441
   3.148      0.421094
   3.152      0.419749
   3.155      0.418407
   3.159      0.417067
   3.162      0.415729
   3.166      0.414393
   3.169      0.413060
   3.173      0.411728
   3.176      0.410400
   3.180      0.409073
   3.184      0.407749
   3.187      0.406427
   3.191      0.405107
   3.194      0.403789
   3.198      0.402474
   3.201      0.401161
   3.205      0.399851
   3.208      0.398542
   3.212      0.397236
   3.215      0.395932
   3.219      0.394630
   3.222      0.393331
   3.226      0.392034
   3.229      0.390739
   3.233      0.389446
   3.237      0.388156
   3.240      0.386868
   3.244      0.385582
   3.247      0.384298
   3.251      0.383017
   3.254      0.381738
   3.258      0.380461
   3.261      0.379186
   3.265      0.377914
   3.268      0.376644
   3.272      0.375376
   3.275      0.374110
   3.279      0.372847
   3.282      0.371586
   3.286      0.370327
   3.290      0.369070
   3.293      0.367815
   3.297      0.366563
   3.300      0.365313
   3.304      0.364065
   3.307      0.362820
   3.311      0.361576
   3.314      0.360335
   3.318      0.359096
   3.321      0.357860
   3.325      0.356625
   3.328      0.355393
   3.332      0.354163
   3.335      0.352935
   3.339      0.351710
   3.343      0.350486
   3.346      0.349265
   3.350      0.348046
   3.353      0.346829
   3.357      0.345615
   3.360      0.344402
   3.364      0.343192
   3.367      0.341984
   3.371      0.340779
   3.374      0.339575
   3.378      0.338374
   3.381      0.337174
   3.385      0.335977
   3.388      0.334783
   3.392      0.333590
   3.396      0.332399
   3.399      0.331211
   3.403      0.330025
   3.406      0.328841
   3.410      0.327659
   3.413      0.326480
   3.417      0.325302
   3.420      0.324127
   3.424      0.322954
   3.427      0.321783
   3.431      0.320614
   3.434      0.319447
   3.438      0.318283
   3.441      0.317121
   3.445      0.315960
   3.449      0.314802
   3.452      0.313646
   3.456      0.312493
   3.459      0.311341
   3.463      0.310191
   3.466      0.309044
   3.470      0.307899
   3.473      0.306756
   3.477      0.305615
   3.480      0.304476
   3.484      0.303339
   3.487      0.302205
   3.491      0.301072
   3.494      0.299942
   3.498      0.298813
   3.502      0.297687
   3.505      0.296563
   3.509      0.295441
   3.512      0.294321
   3.516      0.293204
   3.519      0.292088
   3.523      0.290974
   3.526      0.289863
   3.530      0.288753
   3.533      0.287646
   3.537      0.286541
   3.540      0.285438
   3.544      0.284337
   3.547      0.283237
   3.551      0.282141
   3.555      0.281046
   3.558      0.279953
   3.562      0.278862
   3.565      0.277773
   3.569      0.276687
   3.572      0.275602
   3.576      0.274520
   3.579      0.273439
   3.583      0.272361
   3.586      0.271284
   3.590      0.270210
   3.593      0.269138
   3.597      0.268067
   3.600      0.266999
   3.604      0.265933
   3.608      0.264868
   3.611      0.263806
   3.615      0.262746
   3.618      0.261688
   3.622      0.260632
   3.625      0.259578
   3.629      0.258525
   3.632      0.257475
   3.636      0.256427
   3.639      0.255381
   3.643      0.254337
   3.646      0.253295
   3.650      0.252254
   3.653      0.251216
   3.657      0.250180
   3.661      0.249146
   3.664      0.248114
   3.668      0.247083
   3.671      0.246055
   3.675      0.245029
   3.678      0.244004
   3.682      0.242982
   3.685      0.241961
   3.689      0.240943
   3.692      0.239926
   3.696      0.238912
   3.699      0.237899
   3.703      0.236888
   3.706      0.235879
   3.710      0.234873
   3.714      0.233868
   3.717      0.232865
   3.721      0.231864
   3.724      0.230864
   3.728      0.229867
   3.731      0.228872
   3.735      0.227878
   3.738      0.226887
   3.742      0.225897
   3.745      0.224910
   3.749      0.223924
   3.752      0.222940
   3.756      0.221958
   3.759      0.220978
   3.763      0.220000
   3.767      0.219023
   3.770      0.218049
   3.774      0.217076
   3.777      0.216106
   3.781      0.215137
   3.784      0.214170
   3.788      0.213205
   3.791      0.212241
   3.795      0.211280
   3.798      0.210320
   3.802      0.209363
   3.805      0.208407
   3.809      0.207453
   3.812      0.206501
   3.816      0.205550
   3.820      0.204602
   3.823      0.203655
   3.827      0.202710
   3.830      0.201767
   3.834      0.200826
   3.837      0.199887
   3.841      0.198949
   3.844      0.198014
   3.848      0.197080
   3.851      0.196147
   3.855      0.195217
   3.858      0.194289
   3.862      0.193362
   3.865      0.192437
   3.869      0.191514
   3.873      0.190592
   3.876      0.189673
   3.880      0.188755
   3.883      0.187839
   3.887      0.186924
   3.890      0.186012
   3.894      0.185101
   3.897      0.184192
   3.901      0.183285
   3.904      0.182379
   3.908      0.181476
   3.911      0.180574
   3.915      0.179673
   3.918      0.178775
   3.922      0.177878
   3.926      0.176983
   3.929      0.176090
   3.933      0.175198
   3.936      0.174308
   3.940      0.173420
   3.943      0.172534
   3.947      0.171649
   3.950      0.170766
   3.954      0.169885
   3.957      0.169005
   3.961      0.168127
   3.964      0.167251
   3.968      0.166376
   3.971      0.165503
   3.975      0.164632
   3.979      0.163763
   3.982      0.162895
   3.986      0.162029
   3.989      0.161164
   3.993      0.160301
   3.996      0.159440
   4.000      0.158581
   4.003      0.157723
   4.007      0.156867
   4.010      0.156012
   4.014      0.155159
   4.017      0.154308
   4.021      0.153459
   4.024      0.152611
   4.028      0.151764
   4.032      0.150919
   4.035      0.150076
   4.039      0.149235
   4.042      0.148395
   4.046      0.147557
   4.049      0.146720
   4.053      0.145885
   4.056      0.145052
   4.060      0.144220
   4.063      0.143390
   4.067      0.142561
   4.070      0.141734
   4.074      0.140909
   4.077      0.140085
   4.081      0.139262
   4.085      0.138442
   4.088      0.137623
   4.092      0.136805
   4.095      0.135989
   4.099      0.135175
   4.102      0.134362
   4.106      0.133550
   4.109      0.132741
   4.113      0.131932
   4.116      0.131126
   4.120      0.130320
   4.123      0.129517
   4.127      0.128715
   4.130      0.127914
   4.134      0.127115
   4.138      0.126318
   4.141      0.125522
   4.145      0.124727
   4.148      0.123934
   4.152      0.123143
   4.155      0.122353
   4.159      0.121564
   4.162      0.120777
   4.166      0.119992
   4.169      0.119208
   4.173      0.118425
   4.176      0.117644
   4.180      0.116865
   4.183      0.116087
   4.187      0.115310
   4.191      0.114535
   4.194      0.113761
   4.198      0.112989
   4.201      0.112219
   4.205      0.111449
   4.208      0.110681
   4.212      0.109915
   4.215      0.109150
   4.219      0.108387
   4.222      0.107625
   4.226      0.106864
   4.229      0.106105
   4.233      0.105347
   4.236      0.104591
   4.240      0.103836
   4.244      0.103082
   4.247      0.102330
   4.251      0.101580
   4.254      0.100830
   4.258      0.100082
   4.261      0.099336
   4.265      0.098591
   4.268      0.097847
   4.272      0.097105
   4.275      0.096364
   4.279      0.095624
   4.282      0.094886
   4.286      0.094149
   4.289      0.093414
   4.293      0.092680
   4.297      0.091947
   4.300      0.091216
   4.304      0.090486
   4.307      0.089757
   4.311      0.089030
   4.314      0.088304
   4.318      0.087580
   4.321      0.086856
   4.325      0.086134
   4.328      0.085414
   4.332      0.084695
   4.335      0.083977
   4.339      0.083260
   4.342      0.082545
   4.346      0.081831
   4.350      0.081118
   4.353      0.080407
   4.357      0.079697
   4.360      0.078988
   4.364      0.078280
   4.367      0.077574
   4.371      0.076869
   4.374      0.076166
   4.378      0.075463
   4.381      0.074762
   4.385      0.074063
   4.388      0.073364
   4.392      0.072667
   4.395      0.071971
   4.399      0.071276
   4.403      0.070583
   4.406      0.069890
   4.410      0.069199
   4.413      0.068510
   4.417      0.067821
   4.420      0.067134
   4.424      0.066448
   4.427      0.065763
   4.431      0.065080
   4.434      0.064397
   4.438      0.063716
   4.441      0.063036
   4.445      0.062358
   4.448      0.061680
   4.452      0.061004
   4.456      0.060329
   4.459      0.059655
   4.463      0.058982
   4.466      0.058311
   4.470      0.057641
   4.473      0.056971
   4.477      0.056304
   4.480      0.055637
   4.484      0.054971
   4.487      0.054307
   4.491      0.053644
   4.494      0.052982
   4.498      0.052321
   4.501      0.051661
   4.505      0.051002
   4.509      0.050345
   4.512      0.049688
   4.516      0.049033
   4.519      0.048379
   4.523      0.047726
   4.526      0.047075
   4.530      0.046424
   4.533      0.045774
   4.537      0.045126
   4.540      0.044479
   4.544      0.043833
   4.547      0.043188
   4.551      0.042544
   4.554      0.041901
   4.558      0.041259
   4.562      0.040618
   4.565      0.039979
   4.569      0.039340
   4.572      0.038703
   4.576      0.038067
   4.579      0.037431
   4.583      0.036797
   4.586      0.036164
   4.590      0.035532
   4.593      0.034901
   4.597      0.034271
   4.600      0.033642
   4.604      0.033015
   4.607      0.032388
   4.611      0.031762
   4.615      0.031137
   4.618      0.030514
   4.622      0.029891
   4.625      0.029270
   4.629      0.028649
   4.632      0.028030
   4.636      0.027411
   4.639      0.026794
   4.643      0.026177
   4.646      0.025562
   4.650      0.024947
   4.653      0.024334
   4.657      0.023722
   4.660      0.023110
   4.664      0.022500
   4.668      0.021890
   4.671      0.021282
   4.675      0.020674
   4.678      0.020068
   4.682      0.019462
   4.685      0.018858
   4.689      0.018254
   4.692      0.017651
   4.696      0.017050
   4.699      0.016449
   4.703      0.015849
   4.706      0.015250
   4.710      0.014652
   4.713      0.014055
   4.717      0.013459
   4.721      0.012864
   4.724      0.012270
   4.728      0.011677
   4.731      0.011084
   4.735      0.010493
   4.738      0.009903
   4.742      0.009313
   4.745      0.008724
   4.749      0.008136
   4.752      0.007550
   4.756      0.006964
   4.759      0.006378
   4.763      0.005794
   4.766      0.005211
   4.770      0.004628
   4.774      0.004047
   4.777      0.003466
   4.781      0.002886
   4.784      0.002307
   4.788      0.001729
   4.791      0.001152
   4.795      0.000576
   4.798      0.000000
