   0.000     -1.270582
   0.004     -1.270472
   0.008     -1.270362
   0.012     -1.270175
   0.016     -1.269972
   0.019     -1.269824
   0.023     -1.269776
   0.027     -1.269841
   0.031     -1.270020
   0.035     -1.270304
   0.039     -1.270687
   0.043     -1.271165
   0.047     -1.271740
   0.051     -1.272419
   0.055     -1.273212
   0.059     -1.274127
   0.062     -1.275175
   0.066     -1.276360
   0.070     -1.277687
   0.074     -1.279154
   0.078     -1.280757
   0.082     -1.282489
   0.086     -1.284337
   0.090     -1.286289
   0.094     -1.288328
   0.098     -1.290438
   0.101     -1.292602
   0.105     -1.294802
   0.109     -1.297023
   0.113     -1.299249
   0.117     -1.301467
   0.121     -1.303664
   0.125     -1.305831
   0.129     -1.307959
   0.133     -1.310040
   0.136     -1.312070
   0.140     -1.314043
   0.144     -1.315957
   0.148     -1.317810
   0.152     -1.319601
   0.156     -1.321331
   0.160     -1.322999
   0.164     -1.324606
   0.168     -1.326156
   0.172     -1.327648
   0.175     -1.329085
   0.179     -1.330470
   0.183     -1.331806
   0.187     -1.333093
   0.191     -1.334336
   0.195     -1.335536
   0.199     -1.336697
   0.203     -1.337820
   0.207     -1.338907
   0.211     -1.339962
   0.214     -1.340986
   0.218     -1.341982
   0.222     -1.342951
   0.226     -1.343895
   0.230     -1.344817
   0.234     -1.345718
   0.238     -1.346599
   0.242     -1.347462
   0.246     -1.348309
   0.250     -1.349141
   0.253     -1.349959
   0.257     -1.350765
   0.261     -1.351559
   0.265     -1.352343
   0.269     -1.353117
   0.273     -1.353884
   0.277     -1.354642
   0.281     -1.355394
   0.285     -1.356141
   0.289     -1.356882
   0.292     -1.357619
   0.296     -1.358352
   0.300     -1.359081
   0.304     -1.359808
   0.308     -1.360533
   0.312     -1.361257
   0.316     -1.361979
   0.320     -1.362700
   0.324     -1.363422
   0.328     -1.364143
   0.331     -1.364865
   0.335     -1.365587
   0.339     -1.366310
   0.343     -1.367035
   0.347     -1.367762
   0.351     -1.368490
   0.355     -1.369220
   0.359     -1.369953
   0.363     -1.370688
   0.367     -1.371426
   0.371     -1.372167
   0.374     -1.372911
   0.378     -1.373659
   0.382     -1.374409
   0.386     -1.375163
   0.390     -1.375921
   0.394     -1.376682
   0.398     -1.377448
   0.402     -1.378217
   0.406     -1.378990
   0.410     -1.379768
   0.413     -1.380549
   0.417     -1.381335
   0.421     -1.382125
   0.425     -1.382920
   0.429     -1.383719
   0.433     -1.384522
   0.437     -1.385330
   0.441     -1.386142
   0.445     -1.386960
   0.449     -1.387781
   0.452     -1.388607
   0.456     -1.389438
   0.460     -1.390274
   0.464     -1.391114
   0.468     -1.391959
   0.472     -1.392808
   0.476     -1.393662
   0.480     -1.394521
   0.484     -1.395384
   0.488     -1.396252
   0.491     -1.397124
   0.495     -1.398001
   0.499     -1.398882
   0.503     -1.399768
   0.507     -1.400658
   0.511     -1.401553
   0.515     -1.402452
   0.519     -1.403355
   0.523     -1.404262
   0.527     -1.405174
   0.530     -1.406089
   0.534     -1.407009
   0.538     -1.407933
   0.542     -1.408860
   0.546     -1.409791
   0.550     -1.410727
   0.554     -1.411665
   0.558     -1.412608
   0.562     -1.413554
   0.566     -1.414503
   0.569     -1.415456
   0.573     -1.416411
   0.577     -1.417370
   0.581     -1.418332
   0.585     -1.419297
   0.589     -1.420265
   0.593     -1.421235
   0.597     -1.422208
   0.601     -1.423184
   0.605     -1.424162
   0.608     -1.425142
   0.612     -1.426124
   0.616     -1.427108
   0.620     -1.428094
   0.624     -1.429081
   0.628     -1.430071
   0.632     -1.431061
   0.636     -1.432053
   0.640     -1.433046
   0.644     -1.434040
   0.647     -1.435035
   0.651     -1.436031
   0.655     -1.437027
   0.659     -1.438024
   0.663     -1.439020
   0.667     -1.440017
   0.671     -1.441014
   0.675     -1.442011
   0.679     -1.443007
   0.683     -1.444002
   0.686     -1.444997
   0.690     -1.445991
   0.694     -1.446983
   0.698     -1.447975
   0.702     -1.448965
   0.706     -1.449953
   0.710     -1.450939
   0.714     -1.451924
   0.718     -1.452906
   0.722     -1.453886
   0.725     -1.454863
   0.729     -1.455837
   0.733     -1.456809
   0.737     -1.457777
   0.741     -1.458742
   0.745     -1.459704
   0.749     -1.460661
   0.753     -1.461615
   0.757     -1.462565
   0.761     -1.463510
   0.764     -1.464451
   0.768     -1.465387
   0.772     -1.466318
   0.776     -1.467244
   0.780     -1.468165
   0.784     -1.469080
   0.788     -1.469989
   0.792     -1.470892
   0.796     -1.471789
   0.800     -1.472680
   0.803     -1.473564
   0.807     -1.474442
   0.811     -1.475312
   0.815     -1.476175
   0.819     -1.477031
   0.823     -1.477879
   0.827     -1.478719
   0.831     -1.479551
   0.835     -1.480375
   0.839     -1.481191
   0.842     -1.481997
   0.846     -1.482795
   0.850     -1.483584
   0.854     -1.484363
   0.858     -1.485133
   0.862     -1.485893
   0.866     -1.486643
   0.870     -1.487383
   0.874     -1.488112
   0.878     -1.488831
   0.881     -1.489539
   0.885     -1.490236
   0.889     -1.490921
   0.893     -1.491595
   0.897     -1.492257
   0.901     -1.492908
   0.905     -1.493546
   0.909     -1.494172
   0.913     -1.494785
   0.917     -1.495385
   0.920     -1.495972
   0.924     -1.496546
   0.928     -1.497106
   0.932     -1.497652
   0.936     -1.498184
   0.940     -1.498701
   0.944     -1.499204
   0.948     -1.499692
   0.952     -1.500164
   0.956     -1.500621
   0.959     -1.501062
   0.963     -1.501487
   0.967     -1.501896
   0.971     -1.502287
   0.975     -1.502662
   0.979     -1.503020
   0.983     -1.503360
   0.987     -1.503682
   0.991     -1.503986
   0.995     -1.504272
   0.998     -1.504539
   1.002     -1.504787
   1.006     -1.505015
   1.010     -1.505225
   1.014     -1.505414
   1.018     -1.505584
   1.022     -1.505733
   1.026     -1.505862
   1.030     -1.505970
   1.034     -1.506058
   1.037     -1.506124
   1.041     -1.506168
   1.045     -1.506191
   1.049     -1.506193
   1.053     -1.506172
   1.057     -1.506129
   1.061     -1.506063
   1.065     -1.505975
   1.069     -1.505864
   1.073     -1.505730
   1.076     -1.505573
   1.080     -1.505392
   1.084     -1.505188
   1.088     -1.504959
   1.092     -1.504707
   1.096     -1.504431
   1.100     -1.504130
   1.104     -1.503805
   1.108     -1.503454
   1.112     -1.503079
   1.115     -1.502679
   1.119     -1.502253
   1.123     -1.501802
   1.127     -1.501325
   1.131     -1.500822
   1.135     -1.500293
   1.139     -1.499738
   1.143     -1.499157
   1.147     -1.498549
   1.151     -1.497914
   1.154     -1.497252
   1.158     -1.496563
   1.162     -1.495846
   1.166     -1.495102
   1.170     -1.494330
   1.174     -1.493531
   1.178     -1.492703
   1.182     -1.491847
   1.186     -1.490963
   1.190     -1.490050
   1.193     -1.489108
   1.197     -1.488138
   1.201     -1.487138
   1.205     -1.486108
   1.209     -1.485050
   1.213     -1.483961
   1.217     -1.482843
   1.221     -1.481695
   1.225     -1.480516
   1.229     -1.479307
   1.232     -1.478068
   1.236     -1.476798
   1.240     -1.475497
   1.244     -1.474164
   1.248     -1.472801
   1.252     -1.471406
   1.256     -1.469979
   1.260     -1.468521
   1.264     -1.467030
   1.268     -1.465508
   1.271     -1.463953
   1.275     -1.462366
   1.279     -1.460746
   1.283     -1.459093
   1.287     -1.457407
   1.291     -1.455688
   1.295     -1.453936
   1.299     -1.452150
   1.303     -1.450330
   1.307     -1.448477
   1.310     -1.446590
   1.314     -1.444668
   1.318     -1.442712
   1.322     -1.440722
   1.326     -1.438697
   1.330     -1.436637
   1.334     -1.434543
   1.338     -1.432413
   1.342     -1.430248
   1.346     -1.428047
   1.349     -1.425811
   1.353     -1.423539
   1.357     -1.421232
   1.361     -1.418888
   1.365     -1.416508
   1.369     -1.414092
   1.373     -1.411639
   1.377     -1.409150
   1.381     -1.406624
   1.385     -1.404061
   1.388     -1.401462
   1.392     -1.398825
   1.396     -1.396151
   1.400     -1.393439
   1.404     -1.390690
   1.408     -1.387904
   1.412     -1.385079
   1.416     -1.382217
   1.420     -1.379317
   1.424     -1.376379
   1.427     -1.373403
   1.431     -1.370388
   1.435     -1.367335
   1.439     -1.364244
   1.443     -1.361114
   1.447     -1.357946
   1.451     -1.354738
   1.455     -1.351492
   1.459     -1.348208
   1.463     -1.344884
   1.466     -1.341521
   1.470     -1.338119
   1.474     -1.334679
   1.478     -1.331199
   1.482     -1.327679
   1.486     -1.324121
   1.490     -1.320523
   1.494     -1.316886
   1.498     -1.313210
   1.502     -1.309494
   1.505     -1.305739
   1.509     -1.301945
   1.513     -1.298111
   1.517     -1.294238
   1.521     -1.290325
   1.525     -1.286373
   1.529     -1.282382
   1.533     -1.278351
   1.537     -1.274281
   1.541     -1.270172
   1.544     -1.266023
   1.548     -1.261836
   1.552     -1.257609
   1.556     -1.253343
   1.560     -1.249039
   1.564     -1.244695
   1.568     -1.240313
   1.572     -1.235892
   1.576     -1.231432
   1.580     -1.226934
   1.583     -1.222398
   1.587     -1.217823
   1.591     -1.213210
   1.595     -1.208560
   1.599     -1.203871
   1.603     -1.199145
   1.607     -1.194381
   1.611     -1.189581
   1.615     -1.184742
   1.619     -1.179868
   1.622     -1.174956
   1.626     -1.170008
   1.630     -1.165023
   1.634     -1.160003
   1.638     -1.154947
   1.642     -1.149855
   1.646     -1.144728
   1.650     -1.139565
   1.654     -1.134369
   1.658     -1.129137
   1.661     -1.123872
   1.665     -1.118573
   1.669     -1.113240
   1.673     -1.107874
   1.677     -1.102475
   1.681     -1.097044
   1.685     -1.091581
   1.689     -1.086086
   1.693     -1.080560
   1.697     -1.075002
   1.700     -1.069415
   1.704     -1.063797
   1.708     -1.058150
   1.712     -1.052473
   1.716     -1.046768
   1.720     -1.041034
   1.724     -1.035273
   1.728     -1.029484
   1.732     -1.023669
   1.736     -1.017827
   1.739     -1.011960
   1.743     -1.006067
   1.747     -1.000150
   1.751     -0.994209
   1.755     -0.988245
   1.759     -0.982257
   1.763     -0.976247
   1.767     -0.970216
   1.771     -0.964164
   1.775     -0.958091
   1.778     -0.951999
   1.782     -0.945887
   1.786     -0.939757
   1.790     -0.933610
   1.794     -0.927446
   1.798     -0.921265
   1.802     -0.915069
   1.806     -0.908858
   1.810     -0.902632
   1.814     -0.896394
   1.817     -0.890143
   1.821     -0.883880
   1.825     -0.877606
   1.829     -0.871322
   1.833     -0.865029
   1.837     -0.858727
   1.841     -0.852417
   1.845     -0.846100
   1.849     -0.839777
   1.853     -0.833448
   1.856     -0.827115
   1.860     -0.820778
   1.864     -0.814438
   1.868     -0.808096
   1.872     -0.801753
   1.876     -0.795409
   1.880     -0.789066
   1.884     -0.782724
   1.888     -0.776384
   1.892     -0.770047
   1.895     -0.763713
   1.899     -0.757384
   1.903     -0.751060
   1.907     -0.744742
   1.911     -0.738431
   1.915     -0.732128
   1.919     -0.725833
   1.923     -0.719547
   1.927     -0.713271
   1.931     -0.707005
   1.934     -0.700751
   1.938     -0.694509
   1.942     -0.688279
   1.946     -0.682062
   1.950     -0.675859
   1.954     -0.669671
   1.958     -0.663498
   1.962     -0.657340
   1.966     -0.651199
   1.970     -0.645074
   1.973     -0.638966
   1.977     -0.632877
   1.981     -0.626805
   1.985     -0.620751
   1.989     -0.614717
   1.993     -0.608701
   1.997     -0.602705
   2.001     -0.596729
   2.005     -0.590774
   2.009     -0.584838
   2.012     -0.578923
   2.016     -0.573029
   2.020     -0.567156
   2.024     -0.561304
   2.028     -0.555473
   2.032     -0.549663
   2.036     -0.543875
   2.040     -0.538107
   2.044     -0.532361
   2.048     -0.526637
   2.051     -0.520933
   2.055     -0.515250
   2.059     -0.509588
   2.063     -0.503947
   2.067     -0.498327
   2.071     -0.492727
   2.075     -0.487147
   2.079     -0.481586
   2.083     -0.476046
   2.087     -0.470525
   2.090     -0.465022
   2.094     -0.459539
   2.098     -0.454073
   2.102     -0.448626
   2.106     -0.443196
   2.110     -0.437783
   2.114     -0.432388
   2.118     -0.427008
   2.122     -0.421645
   2.125     -0.416297
   2.129     -0.410964
   2.133     -0.405646
   2.137     -0.400343
   2.141     -0.395053
   2.145     -0.389777
   2.149     -0.384514
   2.153     -0.379263
   2.157     -0.374025
   2.161     -0.368799
   2.164     -0.363585
   2.168     -0.358382
   2.172     -0.353190
   2.176     -0.348008
   2.180     -0.342837
   2.184     -0.337676
   2.188     -0.332525
   2.192     -0.327384
   2.196     -0.322252
   2.200     -0.317129
   2.203     -0.312016
   2.207     -0.306912
   2.211     -0.301816
   2.215     -0.296730
   2.219     -0.291652
   2.223     -0.286584
   2.227     -0.281524
   2.231     -0.276473
   2.235     -0.271431
   2.239     -0.266399
   2.242     -0.261375
   2.246     -0.256361
   2.250     -0.251356
   2.254     -0.246361
   2.258     -0.241376
   2.262     -0.236401
   2.266     -0.231436
   2.270     -0.226482
   2.274     -0.221539
   2.278     -0.216606
   2.281     -0.211685
   2.285     -0.206776
   2.289     -0.201879
   2.293     -0.196994
   2.297     -0.192121
   2.301     -0.187261
   2.305     -0.182415
   2.309     -0.177582
   2.313     -0.172763
   2.317     -0.167958
   2.320     -0.163168
   2.324     -0.158393
   2.328     -0.153632
   2.332     -0.148887
   2.336     -0.144158
   2.340     -0.139446
   2.344     -0.134749
   2.348     -0.130070
   2.352     -0.125407
   2.356     -0.120762
   2.359     -0.116134
   2.363     -0.111525
   2.367     -0.106933
   2.371     -0.102361
   2.375     -0.097806
   2.379     -0.093271
   2.383     -0.088755
   2.387     -0.084259
   2.391     -0.079782
   2.395     -0.075325
   2.398     -0.070888
   2.402     -0.066472
   2.406     -0.062076
   2.410     -0.057701
   2.414     -0.053346
   2.418     -0.049013
   2.422     -0.044701
   2.426     -0.040411
   2.430     -0.036142
   2.434     -0.031895
   2.437     -0.027670
   2.441     -0.023466
   2.445     -0.019285
   2.449     -0.015126
   2.453     -0.010989
   2.457     -0.006875
   2.461     -0.002784
   2.465      0.001285
   2.469      0.005332
   2.473      0.009355
   2.476      0.013356
   2.480      0.017333
   2.484      0.021288
   2.488      0.025219
   2.492      0.029128
   2.496      0.033013
   2.500      0.036875
   2.504      0.040713
   2.508      0.044529
   2.512      0.048320
   2.515      0.052089
   2.519      0.055834
   2.523      0.059556
   2.527      0.063254
   2.531      0.066928
   2.535      0.070579
   2.539      0.074207
   2.543      0.077811
   2.547      0.081392
   2.551      0.084949
   2.554      0.088482
   2.558      0.091992
   2.562      0.095479
   2.566      0.098941
   2.570      0.102381
   2.574      0.105797
   2.578      0.109189
   2.582      0.112558
   2.586      0.115904
   2.590      0.119226
   2.593      0.122525
   2.597      0.125800
   2.601      0.129052
   2.605      0.132281
   2.609      0.135486
   2.613      0.138669
   2.617      0.141828
   2.621      0.144964
   2.625      0.148076
   2.629      0.151166
   2.632      0.154233
   2.636      0.157276
   2.640      0.160297
   2.644      0.163294
   2.648      0.166269
   2.652      0.169221
   2.656      0.172150
   2.660      0.175057
   2.664      0.177941
   2.668      0.180802
   2.671      0.183640
   2.675      0.186456
   2.679      0.189250
   2.683      0.192021
   2.687      0.194769
   2.691      0.197496
   2.695      0.200200
   2.699      0.202882
   2.703      0.205542
   2.707      0.208179
   2.710      0.210795
   2.714      0.213389
   2.718      0.215960
   2.722      0.218510
   2.726      0.221039
   2.730      0.223545
   2.734      0.226030
   2.738      0.228493
   2.742      0.230935
   2.746      0.233355
   2.749      0.235754
   2.753      0.238132
   2.757      0.240488
   2.761      0.242823
   2.765      0.245137
   2.769      0.247430
   2.773      0.249702
   2.777      0.251953
   2.781      0.254183
   2.785      0.256393
   2.788      0.258582
   2.792      0.260750
   2.796      0.262898
   2.800      0.265025
   2.804      0.267131
   2.808      0.269218
   2.812      0.271284
   2.816      0.273330
   2.820      0.275356
   2.824      0.277362
   2.827      0.279348
   2.831      0.281314
   2.835      0.283260
   2.839      0.285186
   2.843      0.287093
   2.847      0.288980
   2.851      0.290848
   2.855      0.292697
   2.859      0.294525
   2.863      0.296335
   2.866      0.298126
   2.870      0.299897
   2.874      0.301649
   2.878      0.303383
   2.882      0.305097
   2.886      0.306793
   2.890      0.308470
   2.894      0.310128
   2.898      0.311768
   2.902      0.313389
   2.905      0.314992
   2.909      0.316577
   2.913      0.318143
   2.917      0.319691
   2.921      0.321221
   2.925      0.322733
   2.929      0.324227
   2.933      0.325703
   2.937      0.327162
   2.941      0.328602
   2.944      0.330025
   2.948      0.331431
   2.952      0.332819
   2.956      0.334190
   2.960      0.335543
   2.964      0.336880
   2.968      0.338199
   2.972      0.339501
   2.976      0.340786
   2.980      0.342054
   2.983      0.343306
   2.987      0.344541
   2.991      0.345759
   2.995      0.346960
   2.999      0.348145
   3.003      0.349314
   3.007      0.350466
   3.011      0.351602
   3.015      0.352722
   3.019      0.353826
   3.022      0.354914
   3.026      0.355986
   3.030      0.357042
   3.034      0.358082
   3.038      0.359107
   3.042      0.360116
   3.046      0.361109
   3.050      0.362087
   3.054      0.363050
   3.058      0.363997
   3.061      0.364930
   3.065      0.365847
   3.069      0.366749
   3.073      0.367636
   3.077      0.368508
   3.081      0.369366
   3.085      0.370208
   3.089      0.371036
   3.093      0.371850
   3.097      0.372649
   3.100      0.373434
   3.104      0.374204
   3.108      0.374960
   3.112      0.375702
   3.116      0.376430
   3.120      0.377143
   3.124      0.377843
   3.128      0.378529
   3.132      0.379202
   3.136      0.379860
   3.139      0.380505
   3.143      0.381136
   3.147      0.381754
   3.151      0.382359
   3.155      0.382950
   3.159      0.383528
   3.163      0.384093
   3.167      0.384645
   3.171      0.385183
   3.175      0.385709
   3.178      0.386222
   3.182      0.386722
   3.186      0.387210
   3.190      0.387685
   3.194      0.388147
   3.198      0.388597
   3.202      0.389034
   3.206      0.389459
   3.210      0.389872
   3.214      0.390273
   3.217      0.390661
   3.221      0.391038
   3.225      0.391402
   3.229      0.391755
   3.233      0.392096
   3.237      0.392425
   3.241      0.392743
   3.245      0.393049
   3.249      0.393343
   3.253      0.393626
   3.256      0.393898
   3.260      0.394158
   3.264      0.394407
   3.268      0.394645
   3.272      0.394872
   3.276      0.395087
   3.280      0.395292
   3.284      0.395486
   3.288      0.395670
   3.292      0.395842
   3.295      0.396004
   3.299      0.396155
   3.303      0.396296
   3.307      0.396426
   3.311      0.396546
   3.315      0.396655
   3.319      0.396755
   3.323      0.396844
   3.327      0.396923
   3.331      0.396992
   3.334      0.397051
   3.338      0.397100
   3.342      0.397139
   3.346      0.397169
   3.350      0.397188
   3.354      0.397198
   3.358      0.397199
   3.362      0.397190
   3.366      0.397172
   3.370      0.397144
   3.373      0.397107
   3.377      0.397061
   3.381      0.397005
   3.385      0.396941
   3.389      0.396867
   3.393      0.396784
   3.397      0.396693
   3.401      0.396592
   3.405      0.396483
   3.409      0.396365
   3.412      0.396239
   3.416      0.396103
   3.420      0.395960
   3.424      0.395807
   3.428      0.395647
   3.432      0.395478
   3.436      0.395300
   3.440      0.395115
   3.444      0.394921
   3.448      0.394719
   3.451      0.394510
   3.455      0.394292
   3.459      0.394066
   3.463      0.393832
   3.467      0.393591
   3.471      0.393341
   3.475      0.393085
   3.479      0.392820
   3.483      0.392548
   3.487      0.392268
   3.490      0.391981
   3.494      0.391686
   3.498      0.391385
   3.502      0.391075
   3.506      0.390759
   3.510      0.390435
   3.514      0.390105
   3.518      0.389767
   3.522      0.389422
   3.526      0.389070
   3.529      0.388712
   3.533      0.388346
   3.537      0.387974
   3.541      0.387595
   3.545      0.387209
   3.549      0.386817
   3.553      0.386418
   3.557      0.386013
   3.561      0.385601
   3.565      0.385183
   3.568      0.384758
   3.572      0.384327
   3.576      0.383890
   3.580      0.383447
   3.584      0.382997
   3.588      0.382542
   3.592      0.382080
   3.596      0.381612
   3.600      0.381139
   3.604      0.380659
   3.607      0.380174
   3.611      0.379683
   3.615      0.379186
   3.619      0.378683
   3.623      0.378175
   3.627      0.377662
   3.631      0.377142
   3.635      0.376617
   3.639      0.376087
   3.643      0.375551
   3.646      0.375010
   3.650      0.374464
   3.654      0.373913
   3.658      0.373356
   3.662      0.372794
   3.666      0.372227
   3.670      0.371655
   3.674      0.371078
   3.678      0.370496
   3.682      0.369909
   3.685      0.369317
   3.689      0.368720
   3.693      0.368118
   3.697      0.367512
   3.701      0.366901
   3.705      0.366285
   3.709      0.365665
   3.713      0.365040
   3.717      0.364411
   3.721      0.363777
   3.724      0.363139
   3.728      0.362496
   3.732      0.361849
   3.736      0.361198
   3.740      0.360542
   3.744      0.359882
   3.748      0.359218
   3.752      0.358550
   3.756      0.357878
   3.760      0.357202
   3.763      0.356521
   3.767      0.355837
   3.771      0.355149
   3.775      0.354457
   3.779      0.353761
   3.783      0.353061
   3.787      0.352357
   3.791      0.351650
   3.795      0.350939
   3.799      0.350224
   3.802      0.349506
   3.806      0.348784
   3.810      0.348059
   3.814      0.347330
   3.818      0.346598
   3.822      0.345862
   3.826      0.345122
   3.830      0.344380
   3.834      0.343634
   3.838      0.342885
   3.841      0.342133
   3.845      0.341377
   3.849      0.340618
   3.853      0.339856
   3.857      0.339091
   3.861      0.338323
   3.865      0.337552
   3.869      0.336778
   3.873      0.336001
   3.877      0.335221
   3.880      0.334438
   3.884      0.333653
   3.888      0.332864
   3.892      0.332073
   3.896      0.331279
   3.900      0.330482
   3.904      0.329683
   3.908      0.328881
   3.912      0.328076
   3.916      0.327269
   3.919      0.326459
   3.923      0.325647
   3.927      0.324832
   3.931      0.324015
   3.935      0.323195
   3.939      0.322373
   3.943      0.321548
   3.947      0.320722
   3.951      0.319893
   3.955      0.319061
   3.958      0.318228
   3.962      0.317392
   3.966      0.316554
   3.970      0.315714
   3.974      0.314872
   3.978      0.314028
   3.982      0.313181
   3.986      0.312333
   3.990      0.311483
   3.994      0.310631
   3.997      0.309776
   4.001      0.308920
   4.005      0.308062
   4.009      0.307203
   4.013      0.306341
   4.017      0.305478
   4.021      0.304612
   4.025      0.303746
   4.029      0.302877
   4.033      0.302007
   4.036      0.301135
   4.040      0.300261
   4.044      0.299386
   4.048      0.298509
   4.052      0.297631
   4.056      0.296751
   4.060      0.295870
   4.064      0.294987
   4.068      0.294103
   4.072      0.293217
   4.075      0.292331
   4.079      0.291442
   4.083      0.290553
   4.087      0.289662
   4.091      0.288769
   4.095      0.287876
   4.099      0.286981
   4.103      0.286085
   4.107      0.285188
   4.111      0.284290
   4.114      0.283390
   4.118      0.282490
   4.122      0.281588
   4.126      0.280685
   4.130      0.279782
   4.134      0.278877
   4.138      0.277971
   4.142      0.277064
   4.146      0.276157
   4.150      0.275248
   4.153      0.274339
   4.157      0.273428
   4.161      0.272517
   4.165      0.271605
   4.169      0.270692
   4.173      0.269778
   4.177      0.268864
   4.181      0.267949
   4.185      0.267033
   4.189      0.266116
   4.192      0.265199
   4.196      0.264281
   4.200      0.263362
   4.204      0.262443
   4.208      0.261523
   4.212      0.260603
   4.216      0.259682
   4.220      0.258760
   4.224      0.257838
   4.228      0.256916
   4.231      0.255993
   4.235      0.255069
   4.239      0.254145
   4.243      0.253221
   4.247      0.252296
   4.251      0.251371
   4.255      0.250446
   4.259      0.249520
   4.263      0.248594
   4.267      0.247667
   4.270      0.246741
   4.274      0.245814
   4.278      0.244886
   4.282      0.243959
   4.286      0.243031
   4.290      0.242103
   4.294      0.241175
   4.298      0.240247
   4.302      0.239319
   4.306      0.238390
   4.309      0.237462
   4.313      0.236533
   4.317      0.235604
   4.321      0.234676
   4.325      0.233747
   4.329      0.232818
   4.333      0.231889
   4.337      0.230960
   4.341      0.230032
   4.345      0.229103
   4.348      0.228174
   4.352      0.227246
   4.356      0.226317
   4.360      0.225389
   4.364      0.224461
   4.368      0.223533
   4.372      0.222605
   4.376      0.221677
   4.380      0.220749
   4.384      0.219822
   4.387      0.218895
   4.391      0.217968
   4.395      0.217041
   4.399      0.216115
   4.403      0.215189
   4.407      0.214263
   4.411      0.213337
   4.415      0.212412
   4.419      0.211487
   4.423      0.210563
   4.426      0.209639
   4.430      0.208715
   4.434      0.207792
   4.438      0.206869
   4.442      0.205946
   4.446      0.205024
   4.450      0.204103
   4.454      0.203181
   4.458      0.202261
   4.462      0.201341
   4.465      0.200421
   4.469      0.199502
   4.473      0.198583
   4.477      0.197665
   4.481      0.196747
   4.485      0.195831
   4.489      0.194914
   4.493      0.193998
   4.497      0.193083
   4.501      0.192169
   4.504      0.191255
   4.508      0.190341
   4.512      0.189429
   4.516      0.188517
   4.520      0.187605
   4.524      0.186695
   4.528      0.185785
   4.532      0.184876
   4.536      0.183967
   4.540      0.183059
   4.543      0.182152
   4.547      0.181246
   4.551      0.180340
   4.555      0.179436
   4.559      0.178532
   4.563      0.177629
   4.567      0.176726
   4.571      0.175825
   4.575      0.174924
   4.579      0.174024
   4.582      0.173125
   4.586      0.172227
   4.590      0.171330
   4.594      0.170433
   4.598      0.169538
   4.602      0.168643
   4.606      0.167749
   4.610      0.166857
   4.614      0.165965
   4.618      0.165074
   4.621      0.164184
   4.625      0.163295
   4.629      0.162406
   4.633      0.161519
   4.637      0.160633
   4.641      0.159748
   4.645      0.158863
   4.649      0.157980
   4.653      0.157098
   4.657      0.156217
   4.660      0.155337
   4.664      0.154457
   4.668      0.153579
   4.672      0.152702
   4.676      0.151826
   4.680      0.150951
   4.684      0.150077
   4.688      0.149204
   4.692      0.148332
   4.696      0.147462
   4.699      0.146592
   4.703      0.145723
   4.707      0.144856
   4.711      0.143989
   4.715      0.143124
   4.719      0.142260
   4.723      0.141397
   4.727      0.140535
   4.731      0.139674
   4.735      0.138814
   4.738      0.137956
   4.742      0.137099
   4.746      0.136242
   4.750      0.135387
   4.754      0.134533
   4.758      0.133680
   4.762      0.132829
   4.766      0.131978
   4.770      0.131129
   4.774      0.130281
   4.777      0.129434
   4.781      0.128588
   4.785      0.127744
   4.789      0.126900
   4.793      0.126058
   4.797      0.125217
   4.801      0.124377
   4.805      0.123538
   4.809      0.122701
   4.813      0.121864
   4.816      0.121029
   4.820      0.120195
   4.824      0.119363
   4.828      0.118531
   4.832      0.117701
   4.836      0.116872
   4.840      0.116044
   4.844      0.115217
   4.848      0.114391
   4.852      0.113567
   4.855      0.112744
   4.859      0.111922
   4.863      0.111101
   4.867      0.110282
   4.871      0.109463
   4.875      0.108646
   4.879      0.107830
   4.883      0.107015
   4.887      0.106202
   4.891      0.105389
   4.894      0.104578
   4.898      0.103768
   4.902      0.102960
   4.906      0.102152
   4.910      0.101345
   4.914      0.100540
   4.918      0.099736
   4.922      0.098933
   4.926      0.098132
   4.930      0.097331
   4.933      0.096532
   4.937      0.095734
   4.941      0.094937
   4.945      0.094141
   4.949      0.093346
   4.953      0.092553
   4.957      0.091761
   4.961      0.090970
   4.965      0.090180
   4.969      0.089391
   4.972      0.088603
   4.976      0.087817
   4.980      0.087032
   4.984      0.086248
   4.988      0.085465
   4.992      0.084683
   4.996      0.083902
   5.000      0.083123
   5.004      0.082345
   5.008      0.081567
   5.011      0.080791
   5.015      0.080015
   5.019      0.079240
   5.023      0.078466
   5.027      0.077693
   5.031      0.076921
   5.035      0.076150
   5.039      0.075379
   5.043      0.074610
   5.047      0.073841
   5.050      0.073074
   5.054      0.072307
   5.058      0.071541
   5.062      0.070776
   5.066      0.070012
   5.070      0.069249
   5.074      0.068487
   5.078      0.067726
   5.082      0.066966
   5.086      0.066207
   5.089      0.065449
   5.093      0.064691
   5.097      0.063935
   5.101      0.063179
   5.105      0.062425
   5.109      0.061671
   5.113      0.060919
   5.117      0.060167
   5.121      0.059417
   5.125      0.058667
   5.128      0.057919
   5.132      0.057171
   5.136      0.056424
   5.140      0.055679
   5.144      0.054934
   5.148      0.054190
   5.152      0.053448
   5.156      0.052706
   5.160      0.051965
   5.164      0.051226
   5.167      0.050487
   5.171      0.049749
   5.175      0.049013
   5.179      0.048277
   5.183      0.047542
   5.187      0.046809
   5.191      0.046076
   5.195      0.045345
   5.199      0.044614
   5.203      0.043884
   5.206      0.043156
   5.210      0.042428
   5.214      0.041702
   5.218      0.040977
   5.222      0.040252
   5.226      0.039529
   5.230      0.038807
   5.234      0.038085
   5.238      0.037365
   5.242      0.036646
   5.245      0.035928
   5.249      0.035211
   5.253      0.034495
   5.257      0.033780
   5.261      0.033066
   5.265      0.032353
   5.269      0.031641
   5.273      0.030930
   5.277      0.030221
   5.281      0.029512
   5.284      0.028804
   5.288      0.028098
   5.292      0.027392
   5.296      0.026688
   5.300      0.025984
   5.304      0.025282
   5.308      0.024580
   5.312      0.023880
   5.316      0.023180
   5.320      0.022482
   5.323      0.021785
   5.327      0.021088
   5.331      0.020393
   5.335      0.019699
   5.339      0.019006
   5.343      0.018313
   5.347      0.017622
   5.351      0.016932
   5.355      0.016243
   5.359      0.015555
   5.362      0.014868
   5.366      0.014181
   5.370      0.013496
   5.374      0.012812
   5.378      0.012129
   5.382      0.011447
   5.386      0.010766
   5.390      0.010086
   5.394      0.009406
   5.398      0.008728
   5.401      0.008051
   5.405      0.007375
   5.409      0.006700
   5.413      0.006026
   5.417      0.005352
   5.421      0.004680
   5.425      0.004009
   5.429      0.003338
   5.433      0.002669
   5.437      0.002000
   5.440      0.001333
   5.444      0.000666
   5.448      0.000000
