   0.000      0.803173
   0.004      0.803173
   0.008      0.803172
   0.012      0.803171
   0.015      0.803170
   0.019      0.803167
   0.023      0.803165
   0.027      0.803162
   0.031      0.803158
   0.035      0.803154
   0.039      0.803149
   0.043      0.803144
   0.046      0.803139
   0.050      0.803133
   0.054      0.803126
   0.058      0.803119
   0.062      0.803111
   0.066      0.803103
   0.070      0.803095
   0.074      0.803086
   0.077      0.803076
   0.081      0.803066
   0.085      0.803056
   0.089      0.803045
   0.093      0.803033
   0.097      0.803021
   0.101      0.803009
   0.104      0.802996
   0.108      0.802982
   0.112      0.802968
   0.116      0.802953
   0.120      0.802938
   0.124      0.802923
   0.128      0.802906
   0.132      0.802890
   0.135      0.802872
   0.139      0.802854
   0.143      0.802836
   0.147      0.802817
   0.151      0.802798
   0.155      0.802778
   0.159      0.802757
   0.163      0.802736
   0.166      0.802714
   0.170      0.802692
   0.174      0.802669
   0.178      0.802645
   0.182      0.802621
   0.186      0.802596
   0.190      0.802571
   0.193      0.802545
   0.197      0.802518
   0.201      0.802491
   0.205      0.802463
   0.209      0.802434
   0.213      0.802405
   0.217      0.802375
   0.221      0.802345
   0.224      0.802313
   0.228      0.802281
   0.232      0.802249
   0.236      0.802215
   0.240      0.802181
   0.244      0.802146
   0.248      0.802111
   0.252      0.802075
   0.255      0.802038
   0.259      0.802000
   0.263      0.801961
   0.267      0.801922
   0.271      0.801882
   0.275      0.801841
   0.279      0.801799
   0.282      0.801757
   0.286      0.801713
   0.290      0.801669
   0.294      0.801624
   0.298      0.801578
   0.302      0.801531
   0.306      0.801483
   0.310      0.801434
   0.313      0.801385
   0.317      0.801334
   0.321      0.801282
   0.325      0.801230
   0.329      0.801176
   0.333      0.801122
   0.337      0.801066
   0.341      0.801010
   0.344      0.800952
   0.348      0.800893
   0.352      0.800834
   0.356      0.800773
   0.360      0.800711
   0.364      0.800648
   0.368      0.800584
   0.371      0.800518
   0.375      0.800452
   0.379      0.800384
   0.383      0.800315
   0.387      0.800244
   0.391      0.800173
   0.395      0.800100
   0.399      0.800026
   0.402      0.799950
   0.406      0.799874
   0.410      0.799796
   0.414      0.799716
   0.418      0.799635
   0.422      0.799553
   0.426      0.799469
   0.430      0.799383
   0.433      0.799296
   0.437      0.799208
   0.441      0.799118
   0.445      0.799027
   0.449      0.798933
   0.453      0.798839
   0.457      0.798742
   0.460      0.798644
   0.464      0.798544
   0.468      0.798443
   0.472      0.798339
   0.476      0.798234
   0.480      0.798127
   0.484      0.798018
   0.488      0.797907
   0.491      0.797795
   0.495      0.797680
   0.499      0.797563
   0.503      0.797445
   0.507      0.797324
   0.511      0.797201
   0.515      0.797076
   0.519      0.796949
   0.522      0.796820
   0.526      0.796688
   0.530      0.796554
   0.534      0.796418
   0.538      0.796280
   0.542      0.796139
   0.546      0.795996
   0.549      0.795850
   0.553      0.795702
   0.557      0.795552
   0.561      0.795398
   0.565      0.795243
   0.569      0.795084
   0.573      0.794923
   0.577      0.794759
   0.580      0.794593
   0.584      0.794423
   0.588      0.794251
   0.592      0.794076
   0.596      0.793897
   0.600      0.793716
   0.604      0.793532
   0.608      0.793345
   0.611      0.793155
   0.615      0.792961
   0.619      0.792765
   0.623      0.792565
   0.627      0.792361
   0.631      0.792155
   0.635      0.791945
   0.638      0.791731
   0.642      0.791514
   0.646      0.791294
   0.650      0.791070
   0.654      0.790842
   0.658      0.790611
   0.662      0.790376
   0.666      0.790137
   0.669      0.789894
   0.673      0.789648
   0.677      0.789397
   0.681      0.789143
   0.685      0.788884
   0.689      0.788622
   0.693      0.788355
   0.697      0.788084
   0.700      0.787809
   0.704      0.787529
   0.708      0.787246
   0.712      0.786958
   0.716      0.786665
   0.720      0.786368
   0.724      0.786066
   0.727      0.785760
   0.731      0.785450
   0.735      0.785134
   0.739      0.784814
   0.743      0.784489
   0.747      0.784159
   0.751      0.783825
   0.755      0.783485
   0.758      0.783141
   0.762      0.782791
   0.766      0.782437
   0.770      0.782077
   0.774      0.781712
   0.778      0.781342
   0.782      0.780967
   0.786      0.780586
   0.789      0.780201
   0.793      0.779809
   0.797      0.779413
   0.801      0.779011
   0.805      0.778603
   0.809      0.778190
   0.813      0.777771
   0.816      0.777347
   0.820      0.776917
   0.824      0.776482
   0.828      0.776040
   0.832      0.775593
   0.836      0.775140
   0.840      0.774682
   0.844      0.774217
   0.847      0.773747
   0.851      0.773270
   0.855      0.772788
   0.859      0.772300
   0.863      0.771806
   0.867      0.771305
   0.871      0.770799
   0.875      0.770287
   0.878      0.769768
   0.882      0.769244
   0.886      0.768713
   0.890      0.768176
   0.894      0.767633
   0.898      0.767084
   0.902      0.766529
   0.905      0.765967
   0.909      0.765400
   0.913      0.764826
   0.917      0.764245
   0.921      0.763659
   0.925      0.763066
   0.929      0.762467
   0.933      0.761862
   0.936      0.761251
   0.940      0.760633
   0.944      0.760009
   0.948      0.759379
   0.952      0.758743
   0.956      0.758100
   0.960      0.757451
   0.964      0.756796
   0.967      0.756135
   0.971      0.755468
   0.975      0.754794
   0.979      0.754115
   0.983      0.753429
   0.987      0.752737
   0.991      0.752038
   0.994      0.751334
   0.998      0.750624
   1.002      0.749908
   1.006      0.749185
   1.010      0.748457
   1.014      0.747723
   1.018      0.746982
   1.022      0.746236
   1.025      0.745484
   1.029      0.744726
   1.033      0.743963
   1.037      0.743193
   1.041      0.742418
   1.045      0.741637
   1.049      0.740850
   1.053      0.740058
   1.056      0.739260
   1.060      0.738457
   1.064      0.737648
   1.068      0.736834
   1.072      0.736014
   1.076      0.735189
   1.080      0.734359
   1.083      0.733523
   1.087      0.732682
   1.091      0.731836
   1.095      0.730985
   1.099      0.730129
   1.103      0.729267
   1.107      0.728401
   1.111      0.727530
   1.114      0.726654
   1.118      0.725773
   1.122      0.724887
   1.126      0.723997
   1.130      0.723102
   1.134      0.722202
   1.138      0.721298
   1.142      0.720389
   1.145      0.719476
   1.149      0.718559
   1.153      0.717637
   1.157      0.716711
   1.161      0.715781
   1.165      0.714846
   1.169      0.713908
   1.172      0.712965
   1.176      0.712019
   1.180      0.711069
   1.184      0.710115
   1.188      0.709157
   1.192      0.708195
   1.196      0.707230
   1.200      0.706261
   1.203      0.705288
   1.207      0.704313
   1.211      0.703333
   1.215      0.702351
   1.219      0.701365
   1.223      0.700376
   1.227      0.699383
   1.231      0.698388
   1.234      0.697389
   1.238      0.696388
   1.242      0.695383
   1.246      0.694376
   1.250      0.693366
   1.254      0.692353
   1.258      0.691337
   1.261      0.690319
   1.265      0.689298
   1.269      0.688275
   1.273      0.687249
   1.277      0.686221
   1.281      0.685190
   1.285      0.684157
   1.289      0.683122
   1.292      0.682085
   1.296      0.681046
   1.300      0.680004
   1.304      0.678961
   1.308      0.677915
   1.312      0.676868
   1.316      0.675819
   1.320      0.674768
   1.323      0.673715
   1.327      0.672661
   1.331      0.671605
   1.335      0.670547
   1.339      0.669488
   1.343      0.668427
   1.347      0.667365
   1.350      0.666302
   1.354      0.665237
   1.358      0.664171
   1.362      0.663104
   1.366      0.662035
   1.370      0.660966
   1.374      0.659895
   1.378      0.658823
   1.381      0.657751
   1.385      0.656677
   1.389      0.655603
   1.393      0.654527
   1.397      0.653451
   1.401      0.652374
   1.405      0.651297
   1.409      0.650218
   1.412      0.649139
   1.416      0.648060
   1.420      0.646980
   1.424      0.645900
   1.428      0.644819
   1.432      0.643737
   1.436      0.642656
   1.439      0.641574
   1.443      0.640491
   1.447      0.639409
   1.451      0.638326
   1.455      0.637243
   1.459      0.636160
   1.463      0.635077
   1.467      0.633994
   1.470      0.632911
   1.474      0.631828
   1.478      0.630745
   1.482      0.629662
   1.486      0.628579
   1.490      0.627497
   1.494      0.626414
   1.498      0.625332
   1.501      0.624250
   1.505      0.623169
   1.509      0.622088
   1.513      0.621007
   1.517      0.619927
   1.521      0.618847
   1.525      0.617767
   1.528      0.616688
   1.532      0.615610
   1.536      0.614532
   1.540      0.613455
   1.544      0.612379
   1.548      0.611303
   1.552      0.610228
   1.556      0.609153
   1.559      0.608079
   1.563      0.607006
   1.567      0.605934
   1.571      0.604863
   1.575      0.603793
   1.579      0.602723
   1.583      0.601655
   1.587      0.600587
   1.590      0.599520
   1.594      0.598455
   1.598      0.597390
   1.602      0.596326
   1.606      0.595264
   1.610      0.594203
   1.614      0.593142
   1.617      0.592083
   1.621      0.591025
   1.625      0.589968
   1.629      0.588913
   1.633      0.587858
   1.637      0.586805
   1.641      0.585753
   1.645      0.584703
   1.648      0.583653
   1.652      0.582606
   1.656      0.581559
   1.660      0.580514
   1.664      0.579470
   1.668      0.578428
   1.672      0.577387
   1.676      0.576347
   1.679      0.575309
   1.683      0.574273
   1.687      0.573238
   1.691      0.572204
   1.695      0.571172
   1.699      0.570142
   1.703      0.569113
   1.706      0.568086
   1.710      0.567060
   1.714      0.566036
   1.718      0.565014
   1.722      0.563993
   1.726      0.562974
   1.730      0.561956
   1.734      0.560941
   1.737      0.559927
   1.741      0.558914
   1.745      0.557904
   1.749      0.556895
   1.753      0.555888
   1.757      0.554883
   1.761      0.553879
   1.765      0.552878
   1.768      0.551878
   1.772      0.550880
   1.776      0.549883
   1.780      0.548889
   1.784      0.547896
   1.788      0.546906
   1.792      0.545917
   1.795      0.544930
   1.799      0.543945
   1.803      0.542962
   1.807      0.541981
   1.811      0.541001
   1.815      0.540024
   1.819      0.539049
   1.823      0.538075
   1.826      0.537104
   1.830      0.536134
   1.834      0.535166
   1.838      0.534201
   1.842      0.533237
   1.846      0.532276
   1.850      0.531316
   1.854      0.530359
   1.857      0.529403
   1.861      0.528449
   1.865      0.527498
   1.869      0.526549
   1.873      0.525601
   1.877      0.524656
   1.881      0.523712
   1.884      0.522771
   1.888      0.521832
   1.892      0.520895
   1.896      0.519960
   1.900      0.519027
   1.904      0.518096
   1.908      0.517167
   1.912      0.516241
   1.915      0.515316
   1.919      0.514394
   1.923      0.513473
   1.927      0.512555
   1.931      0.511639
   1.935      0.510725
   1.939      0.509813
   1.943      0.508904
   1.946      0.507996
   1.950      0.507091
   1.954      0.506187
   1.958      0.505286
   1.962      0.504387
   1.966      0.503490
   1.970      0.502595
   1.973      0.501703
   1.977      0.500812
   1.981      0.499924
   1.985      0.499038
   1.989      0.498154
   1.993      0.497272
   1.997      0.496393
   2.001      0.495515
   2.004      0.494640
   2.008      0.493767
   2.012      0.492896
   2.016      0.492027
   2.020      0.491160
   2.024      0.490296
   2.028      0.489433
   2.032      0.488573
   2.035      0.487715
   2.039      0.486860
   2.043      0.486006
   2.047      0.485155
   2.051      0.484305
   2.055      0.483458
   2.059      0.482613
   2.063      0.481770
   2.066      0.480930
   2.070      0.480091
   2.074      0.479255
   2.078      0.478421
   2.082      0.477589
   2.086      0.476759
   2.090      0.475932
   2.093      0.475106
   2.097      0.474283
   2.101      0.473462
   2.105      0.472643
   2.109      0.471826
   2.113      0.471011
   2.117      0.470199
   2.121      0.469389
   2.124      0.468580
   2.128      0.467774
   2.132      0.466970
   2.136      0.466169
   2.140      0.465369
   2.144      0.464572
   2.148      0.463776
   2.152      0.462983
   2.155      0.462192
   2.159      0.461403
   2.163      0.460616
   2.167      0.459832
   2.171      0.459049
   2.175      0.458269
   2.179      0.457491
   2.182      0.456715
   2.186      0.455940
   2.190      0.455169
   2.194      0.454399
   2.198      0.453631
   2.202      0.452865
   2.206      0.452102
   2.210      0.451341
   2.213      0.450581
   2.217      0.449824
   2.221      0.449069
   2.225      0.448316
   2.229      0.447565
   2.233      0.446816
   2.237      0.446069
   2.241      0.445324
   2.244      0.444582
   2.248      0.443841
   2.252      0.443103
   2.256      0.442366
   2.260      0.441632
   2.264      0.440899
   2.268      0.440169
   2.271      0.439441
   2.275      0.438714
   2.279      0.437990
   2.283      0.437268
   2.287      0.436548
   2.291      0.435830
   2.295      0.435114
   2.299      0.434400
   2.302      0.433687
   2.306      0.432977
   2.310      0.432269
   2.314      0.431563
   2.318      0.430859
   2.322      0.430157
   2.326      0.429457
   2.330      0.428759
   2.333      0.428063
   2.337      0.427368
   2.341      0.426676
   2.345      0.425986
   2.349      0.425298
   2.353      0.424611
   2.357      0.423927
   2.360      0.423244
   2.364      0.422564
   2.368      0.421885
   2.372      0.421209
   2.376      0.420534
   2.380      0.419861
   2.384      0.419190
   2.388      0.418521
   2.391      0.417854
   2.395      0.417189
   2.399      0.416526
   2.403      0.415865
   2.407      0.415205
   2.411      0.414547
   2.415      0.413892
   2.419      0.413238
   2.422      0.412586
   2.426      0.411936
   2.430      0.411288
   2.434      0.410641
   2.438      0.409997
   2.442      0.409354
   2.446      0.408713
   2.449      0.408074
   2.453      0.407437
   2.457      0.406802
   2.461      0.406168
   2.465      0.405536
   2.469      0.404907
   2.473      0.404278
   2.477      0.403652
   2.480      0.403028
   2.484      0.402405
   2.488      0.401784
   2.492      0.401165
   2.496      0.400548
   2.500      0.399932
   2.504      0.399318
   2.508      0.398706
   2.511      0.398096
   2.515      0.397487
   2.519      0.396880
   2.523      0.396275
   2.527      0.395672
   2.531      0.395070
   2.535      0.394470
   2.538      0.393872
   2.542      0.393276
   2.546      0.392681
   2.550      0.392088
   2.554      0.391496
   2.558      0.390907
   2.562      0.390319
   2.566      0.389732
   2.569      0.389148
   2.573      0.388565
   2.577      0.387984
   2.581      0.387404
   2.585      0.386826
   2.589      0.386250
   2.593      0.385675
   2.597      0.385102
   2.600      0.384531
   2.604      0.383961
   2.608      0.383393
   2.612      0.382826
   2.616      0.382261
   2.620      0.381698
   2.624      0.381136
   2.627      0.380576
   2.631      0.380018
   2.635      0.379461
   2.639      0.378905
   2.643      0.378351
   2.647      0.377799
   2.651      0.377249
   2.655      0.376700
   2.658      0.376152
   2.662      0.375606
   2.666      0.375062
   2.670      0.374519
   2.674      0.373977
   2.678      0.373438
   2.682      0.372899
   2.686      0.372362
   2.689      0.371827
   2.693      0.371293
   2.697      0.370761
   2.701      0.370230
   2.705      0.369701
   2.709      0.369173
   2.713      0.368647
   2.716      0.368122
   2.720      0.367599
   2.724      0.367077
   2.728      0.366557
   2.732      0.366038
   2.736      0.365520
   2.740      0.365004
   2.744      0.364489
   2.747      0.363976
   2.751      0.363465
   2.755      0.362954
   2.759      0.362445
   2.763      0.361938
   2.767      0.361432
   2.771      0.360927
   2.775      0.360424
   2.778      0.359922
   2.782      0.359421
   2.786      0.358922
   2.790      0.358424
   2.794      0.357928
   2.798      0.357433
   2.802      0.356939
   2.805      0.356447
   2.809      0.355956
   2.813      0.355466
   2.817      0.354978
   2.821      0.354491
   2.825      0.354006
   2.829      0.353521
   2.833      0.353038
   2.836      0.352557
   2.840      0.352077
   2.844      0.351598
   2.848      0.351120
   2.852      0.350643
   2.856      0.350168
   2.860      0.349694
   2.864      0.349222
   2.867      0.348751
   2.871      0.348281
   2.875      0.347812
   2.879      0.347344
   2.883      0.346878
   2.887      0.346413
   2.891      0.345949
   2.894      0.345487
   2.898      0.345026
   2.902      0.344566
   2.906      0.344107
   2.910      0.343649
   2.914      0.343193
   2.918      0.342738
   2.922      0.342284
   2.925      0.341831
   2.929      0.341379
   2.933      0.340929
   2.937      0.340480
   2.941      0.340032
   2.945      0.339585
   2.949      0.339139
   2.953      0.338695
   2.956      0.338252
   2.960      0.337809
   2.964      0.337368
   2.968      0.336929
   2.972      0.336490
   2.976      0.336052
   2.980      0.335616
   2.983      0.335181
   2.987      0.334746
   2.991      0.334313
   2.995      0.333881
   2.999      0.333451
   3.003      0.333021
   3.007      0.332592
   3.011      0.332165
   3.014      0.331738
   3.018      0.331313
   3.022      0.330889
   3.026      0.330466
   3.030      0.330044
   3.034      0.329623
   3.038      0.329203
   3.042      0.328784
   3.045      0.328366
   3.049      0.327949
   3.053      0.327534
   3.057      0.327119
   3.061      0.326706
   3.065      0.326293
   3.069      0.325882
   3.072      0.325471
   3.076      0.325062
   3.080      0.324653
   3.084      0.324246
   3.088      0.323840
   3.092      0.323435
   3.096      0.323030
