   0.000      1.353049
   0.004      1.353049
   0.008      1.353049
   0.012      1.353049
   0.015      1.353049
   0.019      1.353049
   0.023      1.353049
   0.027      1.353049
   0.031      1.353049
   0.035      1.353049
   0.039      1.353049
   0.043      1.353049
   0.046      1.353049
   0.050      1.353049
   0.054      1.353049
   0.058      1.353049
   0.062      1.353048
   0.066      1.353048
   0.070      1.353048
   0.074      1.353048
   0.077      1.353047
   0.081      1.353046
   0.085      1.353046
   0.089      1.353045
   0.093      1.353043
   0.097      1.353042
   0.101      1.353040
   0.104      1.353038
   0.108      1.353035
   0.112      1.353032
   0.116      1.353029
   0.120      1.353024
   0.124      1.353019
   0.128      1.353014
   0.132      1.353007
   0.135      1.352999
   0.139      1.352990
   0.143      1.352980
   0.147      1.352968
   0.151      1.352955
   0.155      1.352940
   0.159      1.352923
   0.163      1.352905
   0.166      1.352883
   0.170      1.352860
   0.174      1.352834
   0.178      1.352805
   0.182      1.352773
   0.186      1.352737
   0.190      1.352698
   0.193      1.352655
   0.197      1.352608
   0.201      1.352557
   0.205      1.352501
   0.209      1.352440
   0.213      1.352373
   0.217      1.352301
   0.221      1.352222
   0.224      1.352138
   0.228      1.352046
   0.232      1.351947
   0.236      1.351841
   0.240      1.351727
   0.244      1.351604
   0.248      1.351473
   0.252      1.351332
   0.255      1.351182
   0.259      1.351021
   0.263      1.350850
   0.267      1.350668
   0.271      1.350474
   0.275      1.350268
   0.279      1.350050
   0.282      1.349819
   0.286      1.349574
   0.290      1.349314
   0.294      1.349041
   0.298      1.348752
   0.302      1.348448
   0.306      1.348127
   0.310      1.347790
   0.313      1.347435
   0.317      1.347063
   0.321      1.346672
   0.325      1.346263
   0.329      1.345834
   0.333      1.345385
   0.337      1.344916
   0.341      1.344426
   0.344      1.343914
   0.348      1.343380
   0.352      1.342824
   0.356      1.342245
   0.360      1.341642
   0.364      1.341015
   0.368      1.340364
   0.371      1.339687
   0.375      1.338985
   0.379      1.338258
   0.383      1.337503
   0.387      1.336722
   0.391      1.335914
   0.395      1.335078
   0.399      1.334214
   0.402      1.333321
   0.406      1.332400
   0.410      1.331449
   0.414      1.330469
   0.418      1.329459
   0.422      1.328419
   0.426      1.327349
   0.430      1.326247
   0.433      1.325115
   0.437      1.323951
   0.441      1.322756
   0.445      1.321529
   0.449      1.320270
   0.453      1.318979
   0.457      1.317656
   0.460      1.316300
   0.464      1.314912
   0.468      1.313491
   0.472      1.312038
   0.476      1.310552
   0.480      1.309033
   0.484      1.307482
   0.488      1.305897
   0.491      1.304280
   0.495      1.302630
   0.499      1.300947
   0.503      1.299232
   0.507      1.297485
   0.511      1.295704
   0.515      1.293892
   0.519      1.292047
   0.522      1.290171
   0.526      1.288263
   0.530      1.286323
   0.534      1.284351
   0.538      1.282349
   0.542      1.280316
   0.546      1.278252
   0.549      1.276158
   0.553      1.274034
   0.557      1.271880
   0.561      1.269696
   0.565      1.267484
   0.569      1.265243
   0.573      1.262973
   0.577      1.260676
   0.580      1.258351
   0.584      1.255999
   0.588      1.253620
   0.592      1.251215
   0.596      1.248784
   0.600      1.246327
   0.604      1.243845
   0.608      1.241339
   0.611      1.238809
   0.615      1.236255
   0.619      1.233678
   0.623      1.231078
   0.627      1.228457
   0.631      1.225813
   0.635      1.223149
   0.638      1.220464
   0.642      1.217758
   0.646      1.215033
   0.650      1.212289
   0.654      1.209527
   0.658      1.206746
   0.662      1.203948
   0.666      1.201132
   0.669      1.198301
   0.673      1.195453
   0.677      1.192590
   0.681      1.189712
   0.685      1.186819
   0.689      1.183913
   0.693      1.180993
   0.697      1.178061
   0.700      1.175116
   0.704      1.172159
   0.708      1.169191
   0.712      1.166212
   0.716      1.163223
   0.720      1.160224
   0.724      1.157216
   0.727      1.154199
   0.731      1.151174
   0.735      1.148141
   0.739      1.145100
   0.743      1.142052
   0.747      1.138998
   0.751      1.135938
   0.755      1.132873
   0.758      1.129802
   0.762      1.126727
   0.766      1.123647
   0.770      1.120564
   0.774      1.117477
   0.778      1.114387
   0.782      1.111295
   0.786      1.108200
   0.789      1.105104
   0.793      1.102006
   0.797      1.098907
   0.801      1.095808
   0.805      1.092708
   0.809      1.089608
   0.813      1.086509
   0.816      1.083410
   0.820      1.080313
   0.824      1.077217
   0.828      1.074122
   0.832      1.071030
   0.836      1.067940
   0.840      1.064852
   0.844      1.061768
   0.847      1.058686
   0.851      1.055608
   0.855      1.052534
   0.859      1.049464
   0.863      1.046398
   0.867      1.043337
   0.871      1.040280
   0.875      1.037228
   0.878      1.034182
   0.882      1.031141
   0.886      1.028106
   0.890      1.025076
   0.894      1.022053
   0.898      1.019035
   0.902      1.016025
   0.905      1.013020
   0.909      1.010023
   0.913      1.007033
   0.917      1.004049
   0.921      1.001073
   0.925      0.998105
   0.929      0.995144
   0.933      0.992191
   0.936      0.989246
   0.940      0.986308
   0.944      0.983379
   0.948      0.980458
   0.952      0.977546
   0.956      0.974642
   0.960      0.971747
   0.964      0.968860
   0.967      0.965982
   0.971      0.963114
   0.975      0.960254
   0.979      0.957403
   0.983      0.954562
   0.987      0.951729
   0.991      0.948906
   0.994      0.946093
   0.998      0.943289
   1.002      0.940494
   1.006      0.937709
   1.010      0.934934
   1.014      0.932169
   1.018      0.929413
   1.022      0.926667
   1.025      0.923931
   1.029      0.921205
   1.033      0.918489
   1.037      0.915783
   1.041      0.913087
   1.045      0.910400
   1.049      0.907724
   1.053      0.905058
   1.056      0.902403
   1.060      0.899757
   1.064      0.897122
   1.068      0.894496
   1.072      0.891881
   1.076      0.889276
   1.080      0.886682
   1.083      0.884097
   1.087      0.881523
   1.091      0.878959
   1.095      0.876406
   1.099      0.873862
   1.103      0.871329
   1.107      0.868806
   1.111      0.866294
   1.114      0.863791
   1.118      0.861299
   1.122      0.858817
   1.126      0.856345
   1.130      0.853884
   1.134      0.851433
   1.138      0.848991
   1.142      0.846561
   1.145      0.844140
   1.149      0.841729
   1.153      0.839329
   1.157      0.836938
   1.161      0.834558
   1.165      0.832188
   1.169      0.829827
   1.172      0.827477
   1.176      0.825137
   1.180      0.822807
   1.184      0.820486
   1.188      0.818176
   1.192      0.815876
   1.196      0.813585
   1.200      0.811304
   1.203      0.809033
   1.207      0.806772
   1.211      0.804521
   1.215      0.802279
   1.219      0.800048
   1.223      0.797825
   1.227      0.795613
   1.231      0.793410
   1.234      0.791216
   1.238      0.789033
   1.242      0.786858
   1.246      0.784693
   1.250      0.782538
   1.254      0.780392
   1.258      0.778256
   1.261      0.776128
   1.265      0.774010
   1.269      0.771902
   1.273      0.769802
   1.277      0.767712
   1.281      0.765631
   1.285      0.763559
   1.289      0.761496
   1.292      0.759443
   1.296      0.757398
   1.300      0.755362
   1.304      0.753336
   1.308      0.751318
   1.312      0.749309
   1.316      0.747309
   1.320      0.745318
   1.323      0.743335
   1.327      0.741361
   1.331      0.739396
   1.335      0.737440
   1.339      0.735492
   1.343      0.733553
   1.347      0.731622
   1.350      0.729700
   1.354      0.727786
   1.358      0.725881
   1.362      0.723984
   1.366      0.722096
   1.370      0.720215
   1.374      0.718343
   1.378      0.716480
   1.381      0.714624
   1.385      0.712777
   1.389      0.710938
   1.393      0.709107
   1.397      0.707283
   1.401      0.705468
   1.405      0.703661
   1.409      0.701862
   1.412      0.700071
   1.416      0.698288
   1.420      0.696512
   1.424      0.694744
   1.428      0.692984
   1.432      0.691232
   1.436      0.689487
   1.439      0.687750
   1.443      0.686021
   1.447      0.684299
   1.451      0.682584
   1.455      0.680878
   1.459      0.679178
   1.463      0.677486
   1.467      0.675802
   1.470      0.674124
   1.474      0.672454
   1.478      0.670792
   1.482      0.669136
   1.486      0.667488
   1.490      0.665847
   1.494      0.664212
   1.498      0.662586
   1.501      0.660966
   1.505      0.659353
   1.509      0.657747
   1.513      0.656148
   1.517      0.654556
   1.521      0.652970
   1.525      0.651392
   1.528      0.649820
   1.532      0.648256
   1.536      0.646698
   1.540      0.645146
   1.544      0.643601
   1.548      0.642063
   1.552      0.640532
   1.556      0.639007
   1.559      0.637488
   1.563      0.635976
   1.567      0.634471
   1.571      0.632972
   1.575      0.631479
   1.579      0.629993
   1.583      0.628512
   1.587      0.627039
   1.590      0.625571
   1.594      0.624110
   1.598      0.622655
   1.602      0.621206
   1.606      0.619763
   1.610      0.618326
   1.614      0.616896
   1.617      0.615471
   1.621      0.614052
   1.625      0.612640
   1.629      0.611233
   1.633      0.609832
   1.637      0.608437
   1.641      0.607048
   1.645      0.605665
   1.648      0.604287
   1.652      0.602915
   1.656      0.601549
   1.660      0.600189
   1.664      0.598834
   1.668      0.597485
   1.672      0.596142
   1.676      0.594804
   1.679      0.593471
   1.683      0.592144
   1.687      0.590823
   1.691      0.589507
   1.695      0.588196
   1.699      0.586891
   1.703      0.585592
   1.706      0.584297
   1.710      0.583008
   1.714      0.581724
   1.718      0.580446
   1.722      0.579172
   1.726      0.577904
   1.730      0.576641
   1.734      0.575383
   1.737      0.574130
   1.741      0.572883
   1.745      0.571640
   1.749      0.570402
   1.753      0.569170
   1.757      0.567942
   1.761      0.566720
   1.765      0.565502
   1.768      0.564289
   1.772      0.563081
   1.776      0.561878
   1.780      0.560680
   1.784      0.559487
   1.788      0.558298
   1.792      0.557114
   1.795      0.555935
   1.799      0.554760
   1.803      0.553590
   1.807      0.552425
   1.811      0.551265
   1.815      0.550109
   1.819      0.548957
   1.823      0.547810
   1.826      0.546668
   1.830      0.545530
   1.834      0.544397
   1.838      0.543268
   1.842      0.542144
   1.846      0.541024
   1.850      0.539908
   1.854      0.538797
   1.857      0.537690
   1.861      0.536587
   1.865      0.535489
   1.869      0.534395
   1.873      0.533305
   1.877      0.532220
   1.881      0.531138
   1.884      0.530061
   1.888      0.528988
   1.892      0.527920
   1.896      0.526855
   1.900      0.525794
   1.904      0.524738
   1.908      0.523685
   1.912      0.522637
   1.915      0.521592
   1.919      0.520552
   1.923      0.519515
   1.927      0.518483
   1.931      0.517454
   1.935      0.516430
   1.939      0.515409
   1.943      0.514392
   1.946      0.513379
   1.950      0.512370
   1.954      0.511364
   1.958      0.510363
   1.962      0.509365
   1.966      0.508371
   1.970      0.507380
   1.973      0.506394
   1.977      0.505411
   1.981      0.504431
   1.985      0.503456
   1.989      0.502484
   1.993      0.501515
   1.997      0.500551
   2.001      0.499589
   2.004      0.498632
   2.008      0.497678
   2.012      0.496727
   2.016      0.495780
   2.020      0.494837
   2.024      0.493897
   2.028      0.492960
   2.032      0.492027
   2.035      0.491097
   2.039      0.490171
   2.043      0.489248
   2.047      0.488328
   2.051      0.487412
   2.055      0.486499
   2.059      0.485589
   2.063      0.484683
   2.066      0.483780
   2.070      0.482880
   2.074      0.481984
   2.078      0.481091
   2.082      0.480201
   2.086      0.479314
   2.090      0.478430
   2.093      0.477550
   2.097      0.476673
   2.101      0.475799
   2.105      0.474928
   2.109      0.474060
   2.113      0.473195
   2.117      0.472333
   2.121      0.471474
   2.124      0.470619
   2.128      0.469766
   2.132      0.468917
   2.136      0.468070
   2.140      0.467227
   2.144      0.466386
   2.148      0.465548
   2.152      0.464714
   2.155      0.463882
   2.159      0.463053
   2.163      0.462227
   2.167      0.461404
   2.171      0.460584
   2.175      0.459767
   2.179      0.458952
   2.182      0.458140
   2.186      0.457332
   2.190      0.456526
   2.194      0.455722
   2.198      0.454922
   2.202      0.454124
   2.206      0.453329
   2.210      0.452537
   2.213      0.451747
   2.217      0.450961
   2.221      0.450176
   2.225      0.449395
   2.229      0.448616
   2.233      0.447840
   2.237      0.447067
   2.241      0.446296
   2.244      0.445528
   2.248      0.444762
   2.252      0.443999
   2.256      0.443239
   2.260      0.442481
   2.264      0.441726
   2.268      0.440973
   2.271      0.440223
   2.275      0.439475
   2.279      0.438730
   2.283      0.437987
   2.287      0.437247
   2.291      0.436509
   2.295      0.435774
   2.299      0.435041
   2.302      0.434310
   2.306      0.433582
   2.310      0.432857
   2.314      0.432134
   2.318      0.431413
   2.322      0.430695
   2.326      0.429979
   2.330      0.429265
   2.333      0.428554
   2.337      0.427845
   2.341      0.427138
   2.345      0.426433
   2.349      0.425731
   2.353      0.425032
   2.357      0.424334
   2.360      0.423639
   2.364      0.422946
   2.368      0.422255
   2.372      0.421567
   2.376      0.420881
   2.380      0.420197
   2.384      0.419515
   2.388      0.418835
   2.391      0.418158
   2.395      0.417482
   2.399      0.416809
   2.403      0.416138
   2.407      0.415470
   2.411      0.414803
   2.415      0.414138
   2.419      0.413476
   2.422      0.412816
   2.426      0.412157
   2.430      0.411501
   2.434      0.410847
   2.438      0.410195
   2.442      0.409545
   2.446      0.408897
   2.449      0.408252
   2.453      0.407608
   2.457      0.406966
   2.461      0.406326
   2.465      0.405688
   2.469      0.405053
   2.473      0.404419
   2.477      0.403787
   2.480      0.403157
   2.484      0.402529
   2.488      0.401903
   2.492      0.401279
   2.496      0.400657
   2.500      0.400037
   2.504      0.399419
   2.508      0.398802
   2.511      0.398188
   2.515      0.397575
   2.519      0.396965
   2.523      0.396356
   2.527      0.395749
   2.531      0.395144
   2.535      0.394541
   2.538      0.393939
   2.542      0.393340
   2.546      0.392742
   2.550      0.392146
   2.554      0.391552
   2.558      0.390959
   2.562      0.390369
   2.566      0.389780
   2.569      0.389193
   2.573      0.388608
   2.577      0.388024
   2.581      0.387443
   2.585      0.386863
   2.589      0.386284
   2.593      0.385708
   2.597      0.385133
   2.600      0.384560
   2.604      0.383988
   2.608      0.383419
   2.612      0.382851
   2.616      0.382284
   2.620      0.381720
   2.624      0.381157
   2.627      0.380595
   2.631      0.380036
   2.635      0.379477
   2.639      0.378921
   2.643      0.378366
   2.647      0.377813
   2.651      0.377262
   2.655      0.376712
   2.658      0.376163
   2.662      0.375617
   2.666      0.375071
   2.670      0.374528
   2.674      0.373986
   2.678      0.373445
   2.682      0.372906
   2.686      0.372369
   2.689      0.371833
   2.693      0.371299
   2.697      0.370766
   2.701      0.370235
   2.705      0.369706
   2.709      0.369177
   2.713      0.368651
   2.716      0.368126
   2.720      0.367602
   2.724      0.367080
   2.728      0.366559
   2.732      0.366040
   2.736      0.365522
   2.740      0.365006
   2.744      0.364491
   2.747      0.363978
   2.751      0.363466
   2.755      0.362955
   2.759      0.362446
   2.763      0.361939
   2.767      0.361432
   2.771      0.360928
   2.775      0.360424
   2.778      0.359922
   2.782      0.359422
   2.786      0.358922
   2.790      0.358425
   2.794      0.357928
   2.798      0.357433
   2.802      0.356939
   2.805      0.356447
   2.809      0.355956
   2.813      0.355467
   2.817      0.354978
   2.821      0.354491
   2.825      0.354006
   2.829      0.353521
   2.833      0.353038
   2.836      0.352557
   2.840      0.352077
   2.844      0.351598
   2.848      0.351120
   2.852      0.350643
   2.856      0.350168
   2.860      0.349694
   2.864      0.349222
   2.867      0.348751
   2.871      0.348281
   2.875      0.347812
   2.879      0.347344
   2.883      0.346878
   2.887      0.346413
   2.891      0.345949
   2.894      0.345487
   2.898      0.345026
   2.902      0.344566
   2.906      0.344107
   2.910      0.343649
   2.914      0.343193
   2.918      0.342738
   2.922      0.342284
   2.925      0.341831
   2.929      0.341379
   2.933      0.340929
   2.937      0.340480
   2.941      0.340032
   2.945      0.339585
   2.949      0.339139
   2.953      0.338695
   2.956      0.338252
   2.960      0.337809
   2.964      0.337368
   2.968      0.336929
   2.972      0.336490
   2.976      0.336052
   2.980      0.335616
   2.983      0.335181
   2.987      0.334746
   2.991      0.334313
   2.995      0.333881
   2.999      0.333451
   3.003      0.333021
   3.007      0.332592
   3.011      0.332165
   3.014      0.331738
   3.018      0.331313
   3.022      0.330889
   3.026      0.330466
   3.030      0.330044
   3.034      0.329623
   3.038      0.329203
   3.042      0.328784
   3.045      0.328366
   3.049      0.327949
   3.053      0.327534
   3.057      0.327119
   3.061      0.326706
   3.065      0.326293
   3.069      0.325882
   3.072      0.325471
   3.076      0.325062
   3.080      0.324653
   3.084      0.324246
   3.088      0.323840
   3.092      0.323434
   3.096      0.323030
