   0.000      0.000298
   0.003      0.003424
   0.006      0.006550
   0.010      0.009783
   0.013      0.013031
   0.016      0.016283
   0.019      0.019537
   0.023      0.022792
   0.026      0.026049
   0.029      0.029306
   0.032      0.032564
   0.036      0.035823
   0.039      0.039083
   0.042      0.042343
   0.045      0.045605
   0.048      0.048868
   0.052      0.052132
   0.055      0.055397
   0.058      0.058663
   0.061      0.061931
   0.065      0.065201
   0.068      0.068471
   0.071      0.071744
   0.074      0.075018
   0.078      0.078294
   0.081      0.081571
   0.084      0.084851
   0.087      0.088132
   0.091      0.091416
   0.094      0.094701
   0.097      0.097989
   0.100      0.101279
   0.103      0.104571
   0.107      0.107865
   0.110      0.111162
   0.113      0.114462
   0.116      0.117764
   0.120      0.121068
   0.123      0.124375
   0.126      0.127686
   0.129      0.130998
   0.133      0.134314
   0.136      0.137633
   0.139      0.140955
   0.142      0.144279
   0.146      0.147607
   0.149      0.150939
   0.152      0.154273
   0.155      0.157611
   0.158      0.160952
   0.162      0.164296
   0.165      0.167644
   0.168      0.170996
   0.171      0.174351
   0.175      0.177710
   0.178      0.181072
   0.181      0.184438
   0.184      0.187808
   0.188      0.191182
   0.191      0.194560
   0.194      0.197942
   0.197      0.201327
   0.200      0.204717
   0.204      0.208111
   0.207      0.211509
   0.210      0.214911
   0.213      0.218317
   0.217      0.221728
   0.220      0.225143
   0.223      0.228562
   0.226      0.231986
   0.230      0.235414
   0.233      0.238846
   0.236      0.242283
   0.239      0.245725
   0.243      0.249171
   0.246      0.252621
   0.249      0.256076
   0.252      0.259536
   0.255      0.263001
   0.259      0.266470
   0.262      0.269944
   0.265      0.273423
   0.268      0.276906
   0.272      0.280394
   0.275      0.283887
   0.278      0.287385
   0.281      0.290888
   0.285      0.294396
   0.288      0.297908
   0.291      0.301426
   0.294      0.304948
   0.297      0.308475
   0.301      0.312007
   0.304      0.315545
   0.307      0.319087
   0.310      0.322634
   0.314      0.326186
   0.317      0.329743
   0.320      0.333305
   0.323      0.336872
   0.327      0.340444
   0.330      0.344021
   0.333      0.347603
   0.336      0.351190
   0.339      0.354782
   0.343      0.358379
   0.346      0.361981
   0.349      0.365588
   0.352      0.369199
   0.356      0.372816
   0.359      0.376438
   0.362      0.380065
   0.365      0.383696
   0.369      0.387333
   0.372      0.390974
   0.375      0.394620
   0.378      0.398271
   0.382      0.401927
   0.385      0.405588
   0.388      0.409253
   0.391      0.412923
   0.394      0.416598
   0.398      0.420278
   0.401      0.423962
   0.404      0.427651
   0.407      0.431345
   0.411      0.435043
   0.414      0.438746
   0.417      0.442453
   0.420      0.446165
   0.424      0.449881
   0.427      0.453601
   0.430      0.457326
   0.433      0.461056
   0.436      0.464789
   0.440      0.468527
   0.443      0.472269
   0.446      0.476015
   0.449      0.479766
   0.453      0.483520
   0.456      0.487278
   0.459      0.491040
   0.462      0.494807
   0.466      0.498577
   0.469      0.502350
   0.472      0.506128
   0.475      0.509909
   0.479      0.513694
   0.482      0.517482
   0.485      0.521274
   0.488      0.525070
   0.491      0.528868
   0.495      0.532670
   0.498      0.536475
   0.501      0.540284
   0.504      0.544095
   0.508      0.547910
   0.511      0.551727
   0.514      0.555547
   0.517      0.559370
   0.521      0.563196
   0.524      0.567024
   0.527      0.570855
   0.530      0.574689
   0.533      0.578524
   0.537      0.582363
   0.540      0.586203
   0.543      0.590045
   0.546      0.593890
   0.550      0.597736
   0.553      0.601584
   0.556      0.605434
   0.559      0.609286
   0.563      0.613139
   0.566      0.616993
   0.569      0.620849
   0.572      0.624706
   0.576      0.628565
   0.579      0.632424
   0.582      0.636284
   0.585      0.640146
   0.588      0.644007
   0.592      0.647870
   0.595      0.651733
   0.598      0.655596
   0.601      0.659460
   0.605      0.663324
   0.608      0.667187
   0.611      0.671051
   0.614      0.674915
   0.618      0.678778
   0.621      0.682640
   0.624      0.686503
   0.627      0.690364
   0.630      0.694225
   0.634      0.698084
   0.637      0.701943
   0.640      0.705800
   0.643      0.709656
   0.647      0.713510
   0.650      0.717363
   0.653      0.721214
   0.656      0.725063
   0.660      0.728910
   0.663      0.732755
   0.666      0.736597
   0.669      0.740437
   0.673      0.744274
   0.676      0.748109
   0.679      0.751940
   0.682      0.755769
   0.685      0.759594
   0.689      0.763416
   0.692      0.767234
   0.695      0.771049
   0.698      0.774859
   0.702      0.778666
   0.705      0.782468
   0.708      0.786266
   0.711      0.790060
   0.715      0.793849
   0.718      0.797633
   0.721      0.801412
   0.724      0.805186
   0.727      0.808954
   0.731      0.812717
   0.734      0.816475
   0.737      0.820226
   0.740      0.823972
   0.744      0.827711
   0.747      0.831444
   0.750      0.835170
   0.753      0.838890
   0.757      0.842602
   0.760      0.846308
   0.763      0.850006
   0.766      0.853697
   0.770      0.857381
   0.773      0.861056
   0.776      0.864724
   0.779      0.868383
   0.782      0.872034
   0.786      0.875676
   0.789      0.879310
   0.792      0.882935
   0.795      0.886550
   0.799      0.890157
   0.802      0.893754
   0.805      0.897341
   0.808      0.900919
   0.812      0.904486
   0.815      0.908043
   0.818      0.911590
   0.821      0.915126
   0.824      0.918652
   0.828      0.922166
   0.831      0.925670
   0.834      0.929161
   0.837      0.932642
   0.841      0.936110
   0.844      0.939567
   0.847      0.943012
   0.850      0.946444
   0.854      0.949864
   0.857      0.953271
   0.860      0.956665
   0.863      0.960046
   0.867      0.963414
   0.870      0.966768
   0.873      0.970109
   0.876      0.973436
   0.879      0.976748
   0.883      0.980047
   0.886      0.983331
   0.889      0.986601
   0.892      0.989856
   0.896      0.993095
   0.899      0.996320
   0.902      0.999529
   0.905      1.002723
   0.909      1.005901
   0.912      1.009063
   0.915      1.012209
   0.918      1.015339
   0.921      1.018452
   0.925      1.021548
   0.928      1.024628
   0.931      1.027691
   0.934      1.030736
   0.938      1.033765
   0.941      1.036775
   0.944      1.039768
   0.947      1.042743
   0.951      1.045700
   0.954      1.048639
   0.957      1.051559
   0.960      1.054461
   0.964      1.057343
   0.967      1.060207
   0.970      1.063052
   0.973      1.065878
   0.976      1.068684
   0.980      1.071470
   0.983      1.074237
   0.986      1.076984
   0.989      1.079711
   0.993      1.082417
   0.996      1.085103
   0.999      1.087769
   1.002      1.090414
   1.006      1.093038
   1.009      1.095641
   1.012      1.098223
   1.015      1.100783
   1.018      1.103323
   1.022      1.105840
   1.025      1.108336
   1.028      1.110810
   1.031      1.113262
   1.035      1.115692
   1.038      1.118099
   1.041      1.120484
   1.044      1.122847
   1.048      1.125187
   1.051      1.127504
   1.054      1.129799
   1.057      1.132070
   1.061      1.134318
   1.064      1.136543
   1.067      1.138744
   1.070      1.140923
   1.073      1.143077
   1.077      1.145208
   1.080      1.147315
   1.083      1.149398
   1.086      1.151457
   1.090      1.153492
   1.093      1.155502
   1.096      1.157489
   1.099      1.159451
   1.103      1.161389
   1.106      1.163302
   1.109      1.165190
   1.112      1.167054
   1.115      1.168893
   1.119      1.170707
   1.122      1.172496
   1.125      1.174260
   1.128      1.175999
   1.132      1.177713
   1.135      1.179401
   1.138      1.181065
   1.141      1.182703
   1.145      1.184316
   1.148      1.185903
   1.151      1.187465
   1.154      1.189001
   1.158      1.190511
   1.161      1.191997
   1.164      1.193456
   1.167      1.194890
   1.170      1.196298
   1.174      1.197680
   1.177      1.199036
   1.180      1.200367
   1.183      1.201672
   1.187      1.202951
   1.190      1.204204
   1.193      1.205431
   1.196      1.206633
   1.200      1.207808
   1.203      1.208958
   1.206      1.210082
   1.209      1.211180
   1.213      1.212251
   1.216      1.213297
   1.219      1.214318
   1.222      1.215312
   1.225      1.216280
   1.229      1.217223
   1.232      1.218139
   1.235      1.219030
   1.238      1.219895
   1.242      1.220735
   1.245      1.221548
   1.248      1.222336
   1.251      1.223099
   1.255      1.223835
   1.258      1.224546
   1.261      1.225232
   1.264      1.225892
   1.267      1.226526
   1.271      1.227136
   1.274      1.227719
   1.277      1.228278
   1.280      1.228811
   1.284      1.229319
   1.287      1.229802
   1.290      1.230260
   1.293      1.230693
   1.297      1.231101
   1.300      1.231484
   1.303      1.231842
   1.306      1.232176
   1.310      1.232485
   1.313      1.232769
   1.316      1.233029
   1.319      1.233265
   1.322      1.233476
   1.326      1.233663
   1.329      1.233826
   1.332      1.233965
   1.335      1.234080
   1.339      1.234171
   1.342      1.234239
   1.345      1.234283
   1.348      1.234303
   1.352      1.234300
   1.355      1.234273
   1.358      1.234224
   1.361      1.234151
   1.364      1.234055
   1.368      1.233937
   1.371      1.233795
   1.374      1.233631
   1.377      1.233445
   1.381      1.233236
   1.384      1.233005
   1.387      1.232751
   1.390      1.232476
   1.394      1.232178
   1.397      1.231859
   1.400      1.231518
   1.403      1.231156
   1.407      1.230772
   1.410      1.230367
   1.413      1.229941
   1.416      1.229494
   1.419      1.229026
   1.423      1.228538
   1.426      1.228028
   1.429      1.227499
   1.432      1.226949
   1.436      1.226378
   1.439      1.225788
   1.442      1.225178
   1.445      1.224548
   1.449      1.223899
   1.452      1.223230
   1.455      1.222542
   1.458      1.221835
   1.461      1.221109
   1.465      1.220364
   1.468      1.219600
   1.471      1.218818
   1.474      1.218017
   1.478      1.217198
   1.481      1.216361
   1.484      1.215507
   1.487      1.214634
   1.491      1.213744
   1.494      1.212836
   1.497      1.211911
   1.500      1.210968
   1.504      1.210009
   1.507      1.209033
   1.510      1.208040
   1.513      1.207031
   1.516      1.206005
   1.520      1.204963
   1.523      1.203905
   1.526      1.202831
   1.529      1.201741
   1.533      1.200636
   1.536      1.199515
   1.539      1.198379
   1.542      1.197228
   1.546      1.196062
   1.549      1.194881
   1.552      1.193685
   1.555      1.192475
   1.558      1.191250
   1.562      1.190011
   1.565      1.188759
   1.568      1.187492
   1.571      1.186211
   1.575      1.184917
   1.578      1.183610
   1.581      1.182289
   1.584      1.180955
   1.588      1.179608
   1.591      1.178249
   1.594      1.176876
   1.597      1.175491
   1.601      1.174094
   1.604      1.172685
   1.607      1.171263
   1.610      1.169830
   1.613      1.168385
   1.617      1.166928
   1.620      1.165459
   1.623      1.163980
   1.626      1.162489
   1.630      1.160987
   1.633      1.159474
   1.636      1.157951
   1.639      1.156417
   1.643      1.154872
   1.646      1.153317
   1.649      1.151752
   1.652      1.150177
   1.655      1.148592
   1.659      1.146997
   1.662      1.145392
   1.665      1.143778
   1.668      1.142155
   1.672      1.140522
   1.675      1.138881
   1.678      1.137230
   1.681      1.135571
   1.685      1.133903
   1.688      1.132226
   1.691      1.130541
   1.694      1.128848
   1.698      1.127146
   1.701      1.125437
   1.704      1.123719
   1.707      1.121994
   1.710      1.120261
   1.714      1.118520
   1.717      1.116772
   1.720      1.115017
   1.723      1.113255
   1.727      1.111485
   1.730      1.109709
   1.733      1.107926
   1.736      1.106136
   1.740      1.104339
   1.743      1.102536
   1.746      1.100727
   1.749      1.098911
   1.752      1.097090
   1.756      1.095262
   1.759      1.093428
   1.762      1.091589
   1.765      1.089744
   1.769      1.087893
   1.772      1.086037
   1.775      1.084175
   1.778      1.082308
   1.782      1.080436
   1.785      1.078559
   1.788      1.076677
   1.791      1.074790
   1.795      1.072899
   1.798      1.071002
   1.801      1.069101
   1.804      1.067196
   1.807      1.065286
   1.811      1.063372
   1.814      1.061454
   1.817      1.059532
   1.820      1.057605
   1.824      1.055675
   1.827      1.053741
   1.830      1.051803
   1.833      1.049862
   1.837      1.047917
   1.840      1.045969
   1.843      1.044017
   1.846      1.042062
   1.849      1.040104
   1.853      1.038142
   1.856      1.036178
   1.859      1.034210
   1.862      1.032240
   1.866      1.030267
   1.869      1.028291
   1.872      1.026312
   1.875      1.024331
   1.879      1.022348
   1.882      1.020362
   1.885      1.018374
   1.888      1.016383
   1.892      1.014390
   1.895      1.012395
   1.898      1.010398
   1.901      1.008399
   1.904      1.006398
   1.908      1.004396
   1.911      1.002391
   1.914      1.000385
   1.917      0.998377
   1.921      0.996368
   1.924      0.994357
   1.927      0.992345
   1.930      0.990331
   1.934      0.988316
   1.937      0.986300
   1.940      0.984282
   1.943      0.982263
   1.946      0.980244
   1.950      0.978223
   1.953      0.976201
   1.956      0.974179
   1.959      0.972155
   1.963      0.970131
   1.966      0.968106
   1.969      0.966081
   1.972      0.964054
   1.976      0.962028
   1.979      0.960000
   1.982      0.957972
   1.985      0.955944
   1.989      0.953916
   1.992      0.951887
   1.995      0.949858
   1.998      0.947829
   2.001      0.945799
   2.005      0.943770
   2.008      0.941740
   2.011      0.939710
   2.014      0.937681
   2.018      0.935651
   2.021      0.933622
   2.024      0.931593
   2.027      0.929564
   2.031      0.927535
   2.034      0.925507
   2.037      0.923479
   2.040      0.921451
   2.043      0.919424
   2.047      0.917397
   2.050      0.915371
   2.053      0.913345
   2.056      0.911320
   2.060      0.909296
   2.063      0.907272
   2.066      0.905249
   2.069      0.903226
   2.073      0.901205
   2.076      0.899184
   2.079      0.897164
   2.082      0.895145
   2.086      0.893127
   2.089      0.891110
   2.092      0.889094
   2.095      0.887079
   2.098      0.885065
   2.102      0.883052
   2.105      0.881041
   2.108      0.879030
   2.111      0.877021
   2.115      0.875013
   2.118      0.873006
   2.121      0.871000
   2.124      0.868996
   2.128      0.866993
   2.131      0.864992
   2.134      0.862992
   2.137      0.860993
   2.140      0.858996
   2.144      0.857000
   2.147      0.855006
   2.150      0.853013
   2.153      0.851022
   2.157      0.849033
   2.160      0.847045
   2.163      0.845059
   2.166      0.843074
   2.170      0.841092
   2.173      0.839111
   2.176      0.837131
   2.179      0.835154
   2.183      0.833178
   2.186      0.831204
   2.189      0.829232
   2.192      0.827262
   2.195      0.825294
   2.199      0.823328
   2.202      0.821363
   2.205      0.819401
   2.208      0.817441
   2.212      0.815482
   2.215      0.813526
   2.218      0.811572
   2.221      0.809619
   2.225      0.807669
   2.228      0.805721
   2.231      0.803775
   2.234      0.801831
   2.237      0.799890
   2.241      0.797950
   2.244      0.796013
   2.247      0.794078
   2.250      0.792145
   2.254      0.790214
   2.257      0.788286
   2.260      0.786360
   2.263      0.784436
   2.267      0.782515
   2.270      0.780596
   2.273      0.778679
   2.276      0.776765
   2.280      0.774853
   2.283      0.772944
   2.286      0.771036
   2.289      0.769132
   2.292      0.767229
   2.296      0.765330
   2.299      0.763432
   2.302      0.761537
   2.305      0.759645
   2.309      0.757755
   2.312      0.755868
   2.315      0.753983
   2.318      0.752101
   2.322      0.750221
   2.325      0.748344
   2.328      0.746469
   2.331      0.744597
   2.334      0.742728
   2.338      0.740861
   2.341      0.738997
   2.344      0.737136
   2.347      0.735277
   2.351      0.733421
   2.354      0.731567
   2.357      0.729716
   2.360      0.727868
   2.364      0.726023
   2.367      0.724180
   2.370      0.722340
   2.373      0.720503
   2.377      0.718668
   2.380      0.716836
   2.383      0.715007
   2.386      0.713181
   2.389      0.711358
   2.393      0.709537
   2.396      0.707719
   2.399      0.705904
   2.402      0.704092
   2.406      0.702282
   2.409      0.700476
   2.412      0.698672
   2.415      0.696871
   2.419      0.695073
   2.422      0.693277
   2.425      0.691485
   2.428      0.689695
   2.431      0.687908
   2.435      0.686125
   2.438      0.684344
   2.441      0.682565
   2.444      0.680790
   2.448      0.679018
   2.451      0.677249
   2.454      0.675482
   2.457      0.673719
   2.461      0.671958
   2.464      0.670200
   2.467      0.668445
   2.470      0.666693
   2.474      0.664945
   2.477      0.663199
   2.480      0.661456
   2.483      0.659715
   2.486      0.657978
   2.490      0.656244
   2.493      0.654513
   2.496      0.652785
   2.499      0.651059
   2.503      0.649337
   2.506      0.647618
   2.509      0.645901
   2.512      0.644188
   2.516      0.642478
   2.519      0.640770
   2.522      0.639066
   2.525      0.637365
   2.528      0.635666
   2.532      0.633971
   2.535      0.632278
   2.538      0.630589
   2.541      0.628903
   2.545      0.627219
   2.548      0.625539
   2.551      0.623862
   2.554      0.622187
   2.558      0.620516
   2.561      0.618848
   2.564      0.617182
   2.567      0.615520
   2.570      0.613861
   2.574      0.612205
   2.577      0.610552
   2.580      0.608902
   2.583      0.607254
   2.587      0.605610
   2.590      0.603969
   2.593      0.602331
   2.596      0.600696
   2.600      0.599064
   2.603      0.597435
   2.606      0.595810
   2.609      0.594187
   2.613      0.592567
   2.616      0.590950
   2.619      0.589336
   2.622      0.587726
   2.625      0.586118
   2.629      0.584513
   2.632      0.582912
   2.635      0.581313
   2.638      0.579718
   2.642      0.578125
   2.645      0.576536
   2.648      0.574949
   2.651      0.573366
   2.655      0.571786
   2.658      0.570208
   2.661      0.568634
   2.664      0.567063
   2.667      0.565494
   2.671      0.563929
   2.674      0.562367
   2.677      0.560808
   2.680      0.559252
   2.684      0.557698
   2.687      0.556148
   2.690      0.554601
   2.693      0.553057
   2.697      0.551516
   2.700      0.549978
   2.703      0.548443
   2.706      0.546911
   2.710      0.545382
   2.713      0.543856
   2.716      0.542333
   2.719      0.540813
   2.722      0.539296
   2.726      0.537782
   2.729      0.536271
   2.732      0.534763
   2.735      0.533258
   2.739      0.531757
   2.742      0.530258
   2.745      0.528762
   2.748      0.527269
   2.752      0.525779
   2.755      0.524292
   2.758      0.522807
   2.761      0.521326
   2.764      0.519848
   2.768      0.518373
   2.771      0.516901
   2.774      0.515432
   2.777      0.513966
   2.781      0.512502
   2.784      0.511042
   2.787      0.509585
   2.790      0.508131
   2.794      0.506679
   2.797      0.505231
   2.800      0.503785
   2.803      0.502343
   2.807      0.500903
   2.810      0.499466
   2.813      0.498032
   2.816      0.496602
   2.819      0.495174
   2.823      0.493749
   2.826      0.492327
   2.829      0.490908
   2.832      0.489491
   2.836      0.488078
   2.839      0.486668
   2.842      0.485260
   2.845      0.483856
   2.849      0.482454
   2.852      0.481055
   2.855      0.479659
   2.858      0.478266
   2.861      0.476876
   2.865      0.475489
   2.868      0.474105
   2.871      0.472723
   2.874      0.471344
   2.878      0.469969
   2.881      0.468596
   2.884      0.467226
   2.887      0.465859
   2.891      0.464494
   2.894      0.463133
   2.897      0.461774
   2.900      0.460418
   2.904      0.459066
   2.907      0.457715
   2.910      0.456368
   2.913      0.455024
   2.916      0.453682
   2.920      0.452343
   2.923      0.451007
   2.926      0.449674
   2.929      0.448344
   2.933      0.447016
   2.936      0.445691
   2.939      0.444370
   2.942      0.443050
   2.946      0.441734
   2.949      0.440420
   2.952      0.439109
   2.955      0.437801
   2.958      0.436496
   2.962      0.435194
   2.965      0.433894
   2.968      0.432597
   2.971      0.431303
   2.975      0.430011
   2.978      0.428722
   2.981      0.427436
   2.984      0.426153
   2.988      0.424872
   2.991      0.423595
   2.994      0.422320
   2.997      0.421047
   3.001      0.419778
   3.004      0.418511
   3.007      0.417246
   3.010      0.415985
   3.013      0.414726
   3.017      0.413470
   3.020      0.412216
   3.023      0.410966
   3.026      0.409717
   3.030      0.408472
   3.033      0.407229
   3.036      0.405989
   3.039      0.404752
   3.043      0.403517
   3.046      0.402285
   3.049      0.401055
   3.052      0.399828
   3.055      0.398604
   3.059      0.397383
   3.062      0.396164
   3.065      0.394947
   3.068      0.393734
   3.072      0.392523
   3.075      0.391314
   3.078      0.390108
   3.081      0.388905
   3.085      0.387704
   3.088      0.386506
   3.091      0.385311
   3.094      0.384118
   3.098      0.382928
   3.101      0.381740
   3.104      0.380555
   3.107      0.379372
   3.110      0.378192
   3.114      0.377015
   3.117      0.375840
   3.120      0.374667
   3.123      0.373497
   3.127      0.372330
   3.130      0.371165
   3.133      0.370003
   3.136      0.368843
   3.140      0.367686
   3.143      0.366531
   3.146      0.365379
   3.149      0.364229
   3.152      0.363082
   3.156      0.361938
   3.159      0.360795
   3.162      0.359656
   3.165      0.358518
   3.169      0.357384
   3.172      0.356251
   3.175      0.355121
   3.178      0.353994
   3.182      0.352869
   3.185      0.351747
   3.188      0.350627
   3.191      0.349509
   3.195      0.348394
   3.198      0.347281
   3.201      0.346171
   3.204      0.345063
   3.207      0.343957
   3.211      0.342854
   3.214      0.341754
   3.217      0.340656
   3.220      0.339560
   3.224      0.338466
   3.227      0.337375
   3.230      0.336287
   3.233      0.335200
   3.237      0.334116
   3.240      0.333035
   3.243      0.331956
   3.246      0.330879
   3.249      0.329804
   3.253      0.328732
   3.256      0.327662
   3.259      0.326595
   3.262      0.325530
   3.266      0.324467
   3.269      0.323407
   3.272      0.322349
   3.275      0.321293
   3.279      0.320239
   3.282      0.319188
   3.285      0.318139
   3.288      0.317093
   3.292      0.316048
   3.295      0.315006
   3.298      0.313967
   3.301      0.312929
   3.304      0.311894
   3.308      0.310861
   3.311      0.309830
   3.314      0.308802
   3.317      0.307776
   3.321      0.306752
   3.324      0.305730
   3.327      0.304711
   3.330      0.303694
   3.334      0.302679
   3.337      0.301666
   3.340      0.300656
   3.343      0.299647
   3.346      0.298641
   3.350      0.297637
   3.353      0.296636
   3.356      0.295636
   3.359      0.294639
   3.363      0.293644
   3.366      0.292651
   3.369      0.291660
   3.372      0.290672
   3.376      0.289685
   3.379      0.288701
   3.382      0.287719
   3.385      0.286739
   3.389      0.285762
   3.392      0.284786
   3.395      0.283812
   3.398      0.282841
   3.401      0.281872
   3.405      0.280905
   3.408      0.279940
   3.411      0.278977
   3.414      0.278016
   3.418      0.277058
   3.421      0.276101
   3.424      0.275147
   3.427      0.274194
   3.431      0.273244
   3.434      0.272296
   3.437      0.271350
   3.440      0.270406
   3.443      0.269464
   3.447      0.268524
   3.450      0.267586
   3.453      0.266650
   3.456      0.265717
   3.460      0.264785
   3.463      0.263855
   3.466      0.262928
   3.469      0.262002
   3.473      0.261079
   3.476      0.260157
   3.479      0.259238
   3.482      0.258320
   3.486      0.257405
   3.489      0.256491
   3.492      0.255580
   3.495      0.254671
   3.498      0.253763
   3.502      0.252858
   3.505      0.251954
   3.508      0.251053
   3.511      0.250153
   3.515      0.249255
   3.518      0.248360
   3.521      0.247466
   3.524      0.246574
   3.528      0.245685
   3.531      0.244797
   3.534      0.243911
   3.537      0.243027
   3.540      0.242145
   3.544      0.241265
   3.547      0.240387
   3.550      0.239511
   3.553      0.238636
   3.557      0.237764
   3.560      0.236893
   3.563      0.236025
   3.566      0.235158
   3.570      0.234293
   3.573      0.233430
   3.576      0.232569
   3.579      0.231710
   3.583      0.230853
   3.586      0.229997
   3.589      0.229144
   3.592      0.228292
   3.595      0.227442
   3.599      0.226594
   3.602      0.225748
   3.605      0.224904
   3.608      0.224061
   3.612      0.223220
   3.615      0.222382
   3.618      0.221545
   3.621      0.220709
   3.625      0.219876
   3.628      0.219045
   3.631      0.218215
   3.634      0.217387
   3.637      0.216561
   3.641      0.215736
   3.644      0.214914
   3.647      0.214093
   3.650      0.213274
   3.654      0.212457
   3.657      0.211641
   3.660      0.210828
   3.663      0.210016
   3.667      0.209206
   3.670      0.208397
   3.673      0.207591
   3.676      0.206786
   3.680      0.205983
   3.683      0.205181
   3.686      0.204382
   3.689      0.203584
   3.692      0.202787
   3.696      0.201993
   3.699      0.201200
   3.702      0.200409
   3.705      0.199620
   3.709      0.198832
   3.712      0.198046
   3.715      0.197262
   3.718      0.196479
   3.722      0.195698
   3.725      0.194919
   3.728      0.194142
   3.731      0.193366
   3.734      0.192592
   3.738      0.191819
   3.741      0.191048
   3.744      0.190279
   3.747      0.189512
   3.751      0.188746
   3.754      0.187981
   3.757      0.187219
   3.760      0.186458
   3.764      0.185699
   3.767      0.184941
   3.770      0.184185
   3.773      0.183430
   3.777      0.182677
   3.780      0.181926
   3.783      0.181177
   3.786      0.180429
   3.789      0.179682
   3.793      0.178937
   3.796      0.178194
   3.799      0.177453
   3.802      0.176713
   3.806      0.175974
   3.809      0.175237
   3.812      0.174502
   3.815      0.173768
   3.819      0.173036
   3.822      0.172305
   3.825      0.171576
   3.828      0.170849
   3.831      0.170123
   3.835      0.169399
   3.838      0.168676
   3.841      0.167954
   3.844      0.167235
   3.848      0.166516
   3.851      0.165800
   3.854      0.165084
   3.857      0.164371
   3.861      0.163658
   3.864      0.162948
   3.867      0.162239
   3.870      0.161531
   3.874      0.160825
   3.877      0.160120
   3.880      0.159417
   3.883      0.158715
   3.886      0.158015
   3.890      0.157316
   3.893      0.156619
   3.896      0.155923
   3.899      0.155229
   3.903      0.154536
   3.906      0.153844
   3.909      0.153154
   3.912      0.152466
   3.916      0.151779
   3.919      0.151093
   3.922      0.150409
   3.925      0.149726
   3.928      0.149045
   3.932      0.148365
   3.935      0.147687
   3.938      0.147010
   3.941      0.146334
   3.945      0.145660
   3.948      0.144987
   3.951      0.144316
   3.954      0.143646
   3.958      0.142977
   3.961      0.142310
   3.964      0.141644
   3.967      0.140980
   3.971      0.140317
   3.974      0.139655
   3.977      0.138995
   3.980      0.138336
   3.983      0.137678
   3.987      0.137022
   3.990      0.136368
   3.993      0.135714
   3.996      0.135062
   4.000      0.134411
   4.003      0.133762
   4.006      0.133114
   4.009      0.132467
   4.013      0.131822
   4.016      0.131178
   4.019      0.130535
   4.022      0.129894
   4.025      0.129254
   4.029      0.128615
   4.032      0.127977
   4.035      0.127341
   4.038      0.126707
   4.042      0.126073
   4.045      0.125441
   4.048      0.124810
   4.051      0.124180
   4.055      0.123552
   4.058      0.122925
   4.061      0.122299
   4.064      0.121675
   4.068      0.121051
   4.071      0.120430
   4.074      0.119809
   4.077      0.119189
   4.080      0.118571
   4.084      0.117954
   4.087      0.117339
   4.090      0.116724
   4.093      0.116111
   4.097      0.115499
   4.100      0.114889
   4.103      0.114279
   4.106      0.113671
   4.110      0.113064
   4.113      0.112459
   4.116      0.111854
   4.119      0.111251
   4.122      0.110649
   4.126      0.110048
   4.129      0.109448
   4.132      0.108850
   4.135      0.108253
   4.139      0.107657
   4.142      0.107062
   4.145      0.106468
   4.148      0.105876
   4.152      0.105284
   4.155      0.104694
   4.158      0.104105
   4.161      0.103518
   4.165      0.102931
   4.168      0.102346
   4.171      0.101762
   4.174      0.101178
   4.177      0.100597
   4.181      0.100016
   4.184      0.099436
   4.187      0.098858
   4.190      0.098280
   4.194      0.097704
   4.197      0.097129
   4.200      0.096555
   4.203      0.095983
   4.207      0.095411
   4.210      0.094840
   4.213      0.094271
   4.216      0.093703
   4.219      0.093136
   4.223      0.092570
   4.226      0.092005
   4.229      0.091441
   4.232      0.090878
   4.236      0.090317
   4.239      0.089756
   4.242      0.089197
   4.245      0.088638
   4.249      0.088081
   4.252      0.087525
   4.255      0.086970
   4.258      0.086416
   4.262      0.085863
   4.265      0.085311
   4.268      0.084760
   4.271      0.084210
   4.274      0.083662
   4.278      0.083114
   4.281      0.082567
   4.284      0.082022
   4.287      0.081477
   4.291      0.080934
   4.294      0.080392
   4.297      0.079850
   4.300      0.079310
   4.304      0.078771
   4.307      0.078232
   4.310      0.077695
   4.313      0.077159
   4.316      0.076624
   4.320      0.076090
   4.323      0.075556
   4.326      0.075024
   4.329      0.074493
   4.333      0.073963
   4.336      0.073434
   4.339      0.072906
   4.342      0.072379
   4.346      0.071852
   4.349      0.071327
   4.352      0.070803
   4.355      0.070280
   4.359      0.069758
   4.362      0.069236
   4.365      0.068716
   4.368      0.068197
   4.371      0.067678
   4.375      0.067161
   4.378      0.066645
   4.381      0.066129
   4.384      0.065615
   4.388      0.065101
   4.391      0.064588
   4.394      0.064077
   4.397      0.063566
   4.401      0.063056
   4.404      0.062547
   4.407      0.062040
   4.410      0.061533
   4.413      0.061027
   4.417      0.060521
   4.420      0.060017
   4.423      0.059514
   4.426      0.059011
   4.430      0.058510
   4.433      0.058009
   4.436      0.057510
   4.439      0.057011
   4.443      0.056513
   4.446      0.056016
   4.449      0.055520
   4.452      0.055025
   4.456      0.054531
   4.459      0.054037
   4.462      0.053545
   4.465      0.053053
   4.468      0.052562
   4.472      0.052073
   4.475      0.051583
   4.478      0.051095
   4.481      0.050608
   4.485      0.050122
   4.488      0.049636
   4.491      0.049151
   4.494      0.048667
   4.498      0.048184
   4.501      0.047702
   4.504      0.047221
   4.507      0.046741
   4.510      0.046261
   4.514      0.045782
   4.517      0.045304
   4.520      0.044827
   4.523      0.044351
   4.527      0.043875
   4.530      0.043400
   4.533      0.042927
   4.536      0.042454
   4.540      0.041981
   4.543      0.041510
   4.546      0.041039
   4.549      0.040569
   4.553      0.040100
   4.556      0.039632
   4.559      0.039165
   4.562      0.038698
   4.565      0.038232
   4.569      0.037767
   4.572      0.037303
   4.575      0.036840
   4.578      0.036377
   4.582      0.035915
   4.585      0.035454
   4.588      0.034993
   4.591      0.034534
   4.595      0.034075
   4.598      0.033617
   4.601      0.033159
   4.604      0.032703
   4.607      0.032247
   4.611      0.031792
   4.614      0.031338
   4.617      0.030884
   4.620      0.030431
   4.624      0.029979
   4.627      0.029528
   4.630      0.029077
   4.633      0.028627
   4.637      0.028178
   4.640      0.027729
   4.643      0.027282
   4.646      0.026835
   4.650      0.026388
   4.653      0.025943
   4.656      0.025498
   4.659      0.025054
   4.662      0.024610
   4.666      0.024167
   4.669      0.023725
   4.672      0.023284
   4.675      0.022843
   4.679      0.022403
   4.682      0.021964
   4.685      0.021525
   4.688      0.021087
   4.692      0.020650
   4.695      0.020213
   4.698      0.019778
   4.701      0.019342
   4.704      0.018908
   4.708      0.018474
   4.711      0.018041
   4.714      0.017608
   4.717      0.017176
   4.721      0.016745
   4.724      0.016314
   4.727      0.015884
   4.730      0.015455
   4.734      0.015026
   4.737      0.014598
   4.740      0.014171
   4.743      0.013744
   4.747      0.013318
   4.750      0.012893
   4.753      0.012468
   4.756      0.012044
   4.759      0.011620
   4.763      0.011197
   4.766      0.010775
   4.769      0.010353
   4.772      0.009932
   4.776      0.009511
   4.779      0.009091
   4.782      0.008672
   4.785      0.008253
   4.789      0.007835
   4.792      0.007417
   4.795      0.007000
   4.798      0.006584
   4.801      0.006168
   4.805      0.005753
   4.808      0.005338
   4.811      0.004924
   4.814      0.004511
   4.818      0.004098
   4.821      0.003686
   4.824      0.003274
   4.827      0.002863
   4.831      0.002452
   4.834      0.002042
   4.837      0.001633
   4.840      0.001224
   4.844      0.000815
   4.847      0.000407
   4.850      0.000000
