   0.000      1.010411
   0.003      1.010411
   0.006      1.010411
   0.010      1.010411
   0.013      1.010411
   0.016      1.010411
   0.019      1.010411
   0.022      1.010411
   0.026      1.010411
   0.029      1.010411
   0.032      1.010411
   0.035      1.010411
   0.038      1.010411
   0.042      1.010411
   0.045      1.010411
   0.048      1.010410
   0.051      1.010410
   0.055      1.010410
   0.058      1.010409
   0.061      1.010409
   0.064      1.010408
   0.067      1.010408
   0.071      1.010407
   0.074      1.010406
   0.077      1.010405
   0.080      1.010404
   0.083      1.010403
   0.087      1.010401
   0.090      1.010399
   0.093      1.010398
   0.096      1.010396
   0.099      1.010393
   0.103      1.010391
   0.106      1.010388
   0.109      1.010385
   0.112      1.010382
   0.115      1.010379
   0.119      1.010375
   0.122      1.010371
   0.125      1.010366
   0.128      1.010361
   0.132      1.010356
   0.135      1.010350
   0.138      1.010344
   0.141      1.010338
   0.144      1.010331
   0.148      1.010323
   0.151      1.010315
   0.154      1.010307
   0.157      1.010298
   0.160      1.010288
   0.164      1.010278
   0.167      1.010267
   0.170      1.010255
   0.173      1.010243
   0.176      1.010229
   0.180      1.010216
   0.183      1.010201
   0.186      1.010186
   0.189      1.010169
   0.192      1.010152
   0.196      1.010134
   0.199      1.010115
   0.202      1.010095
   0.205      1.010074
   0.209      1.010052
   0.212      1.010029
   0.215      1.010004
   0.218      1.009979
   0.221      1.009952
   0.225      1.009924
   0.228      1.009895
   0.231      1.009865
   0.234      1.009833
   0.237      1.009800
   0.241      1.009765
   0.244      1.009729
   0.247      1.009691
   0.250      1.009652
   0.253      1.009611
   0.257      1.009568
   0.260      1.009524
   0.263      1.009478
   0.266      1.009430
   0.269      1.009381
   0.273      1.009329
   0.276      1.009275
   0.279      1.009220
   0.282      1.009162
   0.286      1.009102
   0.289      1.009041
   0.292      1.008976
   0.295      1.008910
   0.298      1.008841
   0.302      1.008770
   0.305      1.008697
   0.308      1.008621
   0.311      1.008542
   0.314      1.008461
   0.318      1.008377
   0.321      1.008290
   0.324      1.008201
   0.327      1.008109
   0.330      1.008014
   0.334      1.007915
   0.337      1.007814
   0.340      1.007710
   0.343      1.007602
   0.346      1.007492
   0.350      1.007378
   0.353      1.007260
   0.356      1.007139
   0.359      1.007015
   0.363      1.006887
   0.366      1.006756
   0.369      1.006620
   0.372      1.006481
   0.375      1.006339
   0.379      1.006192
   0.382      1.006041
   0.385      1.005886
   0.388      1.005727
   0.391      1.005564
   0.395      1.005397
   0.398      1.005225
   0.401      1.005049
   0.404      1.004869
   0.407      1.004683
   0.411      1.004494
   0.414      1.004299
   0.417      1.004100
   0.420      1.003896
   0.423      1.003687
   0.427      1.003473
   0.430      1.003254
   0.433      1.003030
   0.436      1.002801
   0.440      1.002566
   0.443      1.002326
   0.446      1.002081
   0.449      1.001830
   0.452      1.001573
   0.456      1.001311
   0.459      1.001043
   0.462      1.000770
   0.465      1.000490
   0.468      1.000205
   0.472      0.999914
   0.475      0.999616
   0.478      0.999313
   0.481      0.999003
   0.484      0.998687
   0.488      0.998365
   0.491      0.998036
   0.494      0.997701
   0.497      0.997360
   0.500      0.997012
   0.504      0.996657
   0.507      0.996295
   0.510      0.995927
   0.513      0.995552
   0.517      0.995169
   0.520      0.994780
   0.523      0.994384
   0.526      0.993981
   0.529      0.993571
   0.533      0.993153
   0.536      0.992729
   0.539      0.992297
   0.542      0.991857
   0.545      0.991411
   0.549      0.990957
   0.552      0.990495
   0.555      0.990026
   0.558      0.989549
   0.561      0.989064
   0.565      0.988572
   0.568      0.988073
   0.571      0.987565
   0.574      0.987050
   0.577      0.986527
   0.581      0.985996
   0.584      0.985457
   0.587      0.984910
   0.590      0.984355
   0.594      0.983792
   0.597      0.983222
   0.600      0.982643
   0.603      0.982056
   0.606      0.981461
   0.610      0.980858
   0.613      0.980246
   0.616      0.979627
   0.619      0.979000
   0.622      0.978364
   0.626      0.977720
   0.629      0.977068
   0.632      0.976407
   0.635      0.975739
   0.638      0.975062
   0.642      0.974377
   0.645      0.973684
   0.648      0.972982
   0.651      0.972273
   0.654      0.971555
   0.658      0.970828
   0.661      0.970094
   0.664      0.969351
   0.667      0.968601
   0.671      0.967842
   0.674      0.967075
   0.677      0.966299
   0.680      0.965516
   0.683      0.964724
   0.687      0.963924
   0.690      0.963116
   0.693      0.962301
   0.696      0.961477
   0.699      0.960645
   0.703      0.959805
   0.706      0.958957
   0.709      0.958101
   0.712      0.957237
   0.715      0.956366
   0.719      0.955486
   0.722      0.954599
   0.725      0.953704
   0.728      0.952802
   0.731      0.951891
   0.735      0.950973
   0.738      0.950048
   0.741      0.949115
   0.744      0.948174
   0.747      0.947226
   0.751      0.946270
   0.754      0.945308
   0.757      0.944338
   0.760      0.943360
   0.764      0.942376
   0.767      0.941384
   0.770      0.940385
   0.773      0.939379
   0.776      0.938367
   0.780      0.937347
   0.783      0.936320
   0.786      0.935287
   0.789      0.934247
   0.792      0.933200
   0.796      0.932147
   0.799      0.931087
   0.802      0.930021
   0.805      0.928948
   0.808      0.927869
   0.812      0.926783
   0.815      0.925691
   0.818      0.924594
   0.821      0.923490
   0.824      0.922380
   0.828      0.921264
   0.831      0.920142
   0.834      0.919015
   0.837      0.917881
   0.841      0.916742
   0.844      0.915598
   0.847      0.914448
   0.850      0.913292
   0.853      0.912131
   0.857      0.910965
   0.860      0.909793
   0.863      0.908617
   0.866      0.907435
   0.869      0.906248
   0.873      0.905057
   0.876      0.903860
   0.879      0.902659
   0.882      0.901453
   0.885      0.900242
   0.889      0.899026
   0.892      0.897807
   0.895      0.896582
   0.898      0.895354
   0.901      0.894121
   0.905      0.892884
   0.908      0.891642
   0.911      0.890397
   0.914      0.889148
   0.918      0.887895
   0.921      0.886638
   0.924      0.885377
   0.927      0.884112
   0.930      0.882844
   0.934      0.881572
   0.937      0.880297
   0.940      0.879018
   0.943      0.877736
   0.946      0.876451
   0.950      0.875163
   0.953      0.873871
   0.956      0.872576
   0.959      0.871279
   0.962      0.869978
   0.966      0.868675
   0.969      0.867369
   0.972      0.866060
   0.975      0.864748
   0.978      0.863434
   0.982      0.862117
   0.985      0.860798
   0.988      0.859477
   0.991      0.858153
   0.995      0.856827
   0.998      0.855499
   1.001      0.854168
   1.004      0.852836
   1.007      0.851502
   1.011      0.850165
   1.014      0.848827
   1.017      0.847487
   1.020      0.846145
   1.023      0.844802
   1.027      0.843457
   1.030      0.842110
   1.033      0.840762
   1.036      0.839413
   1.039      0.838062
   1.043      0.836709
   1.046      0.835356
   1.049      0.834001
   1.052      0.832645
   1.055      0.831288
   1.059      0.829930
   1.062      0.828571
   1.065      0.827211
   1.068      0.825851
   1.072      0.824489
   1.075      0.823127
   1.078      0.821764
   1.081      0.820400
   1.084      0.819035
   1.088      0.817671
   1.091      0.816305
   1.094      0.814939
   1.097      0.813573
   1.100      0.812206
   1.104      0.810839
   1.107      0.809472
   1.110      0.808105
   1.113      0.806737
   1.116      0.805369
   1.120      0.804002
   1.123      0.802634
   1.126      0.801266
   1.129      0.799898
   1.132      0.798530
   1.136      0.797163
   1.139      0.795796
   1.142      0.794429
   1.145      0.793062
   1.149      0.791695
   1.152      0.790329
   1.155      0.788964
   1.158      0.787598
   1.161      0.786234
   1.165      0.784869
   1.168      0.783506
   1.171      0.782142
   1.174      0.780780
   1.177      0.779418
   1.181      0.778057
   1.184      0.776697
   1.187      0.775337
   1.190      0.773978
   1.193      0.772621
   1.197      0.771264
   1.200      0.769907
   1.203      0.768552
   1.206      0.767198
   1.209      0.765845
   1.213      0.764493
   1.216      0.763142
   1.219      0.761792
   1.222      0.760443
   1.226      0.759096
   1.229      0.757750
   1.232      0.756404
   1.235      0.755061
   1.238      0.753718
   1.242      0.752377
   1.245      0.751037
   1.248      0.749699
   1.251      0.748362
   1.254      0.747026
   1.258      0.745692
   1.261      0.744359
   1.264      0.743028
   1.267      0.741698
   1.270      0.740370
   1.274      0.739044
   1.277      0.737719
   1.280      0.736396
   1.283      0.735074
   1.286      0.733754
   1.290      0.732436
   1.293      0.731120
   1.296      0.729805
   1.299      0.728492
   1.303      0.727181
   1.306      0.725871
   1.309      0.724564
   1.312      0.723258
   1.315      0.721955
   1.319      0.720653
   1.322      0.719353
   1.325      0.718055
   1.328      0.716759
   1.331      0.715464
   1.335      0.714172
   1.338      0.712882
   1.341      0.711594
   1.344      0.710308
   1.347      0.709024
   1.351      0.707742
   1.354      0.706462
   1.357      0.705185
   1.360      0.703909
   1.363      0.702635
   1.367      0.701364
   1.370      0.700095
   1.373      0.698828
   1.376      0.697563
   1.379      0.696300
   1.383      0.695040
   1.386      0.693782
   1.389      0.692526
   1.392      0.691272
   1.396      0.690021
   1.399      0.688772
   1.402      0.687525
   1.405      0.686281
   1.408      0.685038
   1.412      0.683799
   1.415      0.682561
   1.418      0.681326
   1.421      0.680093
   1.424      0.678863
   1.428      0.677635
   1.431      0.676409
   1.434      0.675186
   1.437      0.673965
   1.440      0.672746
   1.444      0.671530
   1.447      0.670317
   1.450      0.669106
   1.453      0.667897
   1.456      0.666691
   1.460      0.665487
   1.463      0.664286
   1.466      0.663087
   1.469      0.661891
   1.473      0.660697
   1.476      0.659505
   1.479      0.658317
   1.482      0.657130
   1.485      0.655947
   1.489      0.654765
   1.492      0.653587
   1.495      0.652411
   1.498      0.651237
   1.501      0.650066
   1.505      0.648897
   1.508      0.647731
   1.511      0.646568
   1.514      0.645407
   1.517      0.644249
   1.521      0.643093
   1.524      0.641940
   1.527      0.640790
   1.530      0.639642
   1.533      0.638496
   1.537      0.637354
   1.540      0.636213
   1.543      0.635076
   1.546      0.633941
   1.550      0.632809
   1.553      0.631679
   1.556      0.630552
   1.559      0.629427
   1.562      0.628305
   1.566      0.627186
   1.569      0.626070
   1.572      0.624956
   1.575      0.623844
   1.578      0.622735
   1.582      0.621629
   1.585      0.620526
   1.588      0.619425
   1.591      0.618327
   1.594      0.617231
   1.598      0.616138
   1.601      0.615048
   1.604      0.613960
   1.607      0.612875
   1.610      0.611793
   1.614      0.610713
   1.617      0.609636
   1.620      0.608561
   1.623      0.607489
   1.627      0.606420
   1.630      0.605353
   1.633      0.604289
   1.636      0.603228
   1.639      0.602169
   1.643      0.601113
   1.646      0.600059
   1.649      0.599009
   1.652      0.597960
   1.655      0.596915
   1.659      0.595872
   1.662      0.594831
   1.665      0.593794
   1.668      0.592759
   1.671      0.591726
   1.675      0.590696
   1.678      0.589669
   1.681      0.588644
   1.684      0.587622
   1.687      0.586603
   1.691      0.585586
   1.694      0.584572
   1.697      0.583560
   1.700      0.582551
   1.704      0.581545
   1.707      0.580541
   1.710      0.579540
   1.713      0.578541
   1.716      0.577545
   1.720      0.576552
   1.723      0.575561
   1.726      0.574572
   1.729      0.573587
   1.732      0.572604
   1.736      0.571623
   1.739      0.570645
   1.742      0.569670
   1.745      0.568697
   1.748      0.567726
   1.752      0.566759
   1.755      0.565793
   1.758      0.564831
   1.761      0.563871
   1.764      0.562913
   1.768      0.561958
   1.771      0.561006
   1.774      0.560056
   1.777      0.559108
   1.781      0.558163
   1.784      0.557221
   1.787      0.556281
   1.790      0.555343
   1.793      0.554409
   1.797      0.553476
   1.800      0.552546
   1.803      0.551619
   1.806      0.550694
   1.809      0.549771
   1.813      0.548852
   1.816      0.547934
   1.819      0.547019
   1.822      0.546106
   1.825      0.545196
   1.829      0.544289
   1.832      0.543384
   1.835      0.542481
   1.838      0.541581
   1.841      0.540683
   1.845      0.539787
   1.848      0.538894
   1.851      0.538004
   1.854      0.537116
   1.858      0.536230
   1.861      0.535347
   1.864      0.534466
   1.867      0.533587
   1.870      0.532711
   1.874      0.531837
   1.877      0.530966
   1.880      0.530097
   1.883      0.529230
   1.886      0.528366
   1.890      0.527504
   1.893      0.526645
   1.896      0.525788
   1.899      0.524933
   1.902      0.524081
   1.906      0.523230
   1.909      0.522383
   1.912      0.521537
   1.915      0.520694
   1.918      0.519853
   1.922      0.519015
   1.925      0.518179
   1.928      0.517345
   1.931      0.516513
   1.935      0.515684
   1.938      0.514857
   1.941      0.514032
   1.944      0.513210
   1.947      0.512389
   1.951      0.511571
   1.954      0.510756
   1.957      0.509942
   1.960      0.509131
   1.963      0.508322
   1.967      0.507515
   1.970      0.506711
   1.973      0.505909
   1.976      0.505109
   1.979      0.504311
   1.983      0.503515
   1.986      0.502722
   1.989      0.501931
   1.992      0.501142
   1.995      0.500355
   1.999      0.499570
   2.002      0.498787
   2.005      0.498007
   2.008      0.497229
   2.012      0.496453
   2.015      0.495679
   2.018      0.494907
   2.021      0.494138
   2.024      0.493370
   2.028      0.492605
   2.031      0.491842
   2.034      0.491081
   2.037      0.490322
   2.040      0.489565
   2.044      0.488810
   2.047      0.488057
   2.050      0.487307
   2.053      0.486558
   2.056      0.485812
   2.060      0.485067
   2.063      0.484325
   2.066      0.483585
   2.069      0.482847
   2.072      0.482110
   2.076      0.481376
   2.079      0.480644
   2.082      0.479914
   2.085      0.479186
   2.088      0.478460
   2.092      0.477736
   2.095      0.477014
   2.098      0.476294
   2.101      0.475576
   2.105      0.474860
   2.108      0.474146
   2.111      0.473434
   2.114      0.472724
   2.117      0.472016
   2.121      0.471309
   2.124      0.470605
   2.127      0.469903
   2.130      0.469203
   2.133      0.468504
   2.137      0.467808
   2.140      0.467113
   2.143      0.466420
   2.146      0.465730
   2.149      0.465041
   2.153      0.464354
   2.156      0.463669
   2.159      0.462986
   2.162      0.462305
   2.165      0.461625
   2.169      0.460948
   2.172      0.460272
   2.175      0.459598
   2.178      0.458926
   2.182      0.458256
   2.185      0.457588
   2.188      0.456922
   2.191      0.456257
   2.194      0.455594
   2.198      0.454933
   2.201      0.454274
   2.204      0.453617
   2.207      0.452961
   2.210      0.452308
   2.214      0.451656
   2.217      0.451006
   2.220      0.450357
   2.223      0.449711
   2.226      0.449066
   2.230      0.448423
   2.233      0.447781
   2.236      0.447142
   2.239      0.446504
   2.242      0.445868
   2.246      0.445234
   2.249      0.444601
   2.252      0.443970
   2.255      0.443341
   2.259      0.442714
   2.262      0.442088
   2.265      0.441464
   2.268      0.440841
   2.271      0.440221
   2.275      0.439602
   2.278      0.438985
   2.281      0.438369
   2.284      0.437755
   2.287      0.437143
   2.291      0.436532
   2.294      0.435923
   2.297      0.435316
   2.300      0.434710
   2.303      0.434106
   2.307      0.433503
   2.310      0.432903
   2.313      0.432303
   2.316      0.431706
   2.319      0.431110
   2.323      0.430516
   2.326      0.429923
   2.329      0.429332
   2.332      0.428742
   2.336      0.428154
   2.339      0.427567
   2.342      0.426983
   2.345      0.426399
   2.348      0.425818
   2.352      0.425237
   2.355      0.424659
   2.358      0.424082
   2.361      0.423506
   2.364      0.422932
   2.368      0.422359
   2.371      0.421788
   2.374      0.421219
   2.377      0.420651
   2.380      0.420085
   2.384      0.419520
   2.387      0.418956
   2.390      0.418394
   2.393      0.417834
   2.396      0.417275
   2.400      0.416717
   2.403      0.416161
   2.406      0.415607
   2.409      0.415053
   2.413      0.414502
   2.416      0.413952
   2.419      0.413403
   2.422      0.412855
   2.425      0.412309
   2.429      0.411765
   2.432      0.411222
   2.435      0.410680
   2.438      0.410140
   2.441      0.409601
   2.445      0.409064
   2.448      0.408528
   2.451      0.407993
   2.454      0.407460
   2.457      0.406928
   2.461      0.406398
   2.464      0.405869
   2.467      0.405341
   2.470      0.404815
   2.473      0.404290
   2.477      0.403766
   2.480      0.403244
   2.483      0.402723
   2.486      0.402203
   2.490      0.401685
   2.493      0.401168
   2.496      0.400652
   2.499      0.400138
   2.502      0.399625
   2.506      0.399113
   2.509      0.398603
   2.512      0.398094
   2.515      0.397586
   2.518      0.397080
   2.522      0.396574
   2.525      0.396071
   2.528      0.395568
   2.531      0.395067
   2.534      0.394566
   2.538      0.394068
   2.541      0.393570
   2.544      0.393074
   2.547      0.392579
   2.550      0.392085
   2.554      0.391592
   2.557      0.391101
   2.560      0.390611
   2.563      0.390122
   2.567      0.389634
