   0.000      0.000660
   0.003      0.007589
   0.006      0.014518
   0.010      0.021685
   0.013      0.028884
   0.016      0.036093
   0.019      0.043307
   0.023      0.050524
   0.026      0.057743
   0.029      0.064965
   0.032      0.072189
   0.036      0.079415
   0.039      0.086645
   0.042      0.093876
   0.045      0.101111
   0.048      0.108349
   0.052      0.115590
   0.055      0.122835
   0.058      0.130084
   0.061      0.137336
   0.065      0.144593
   0.068      0.151854
   0.071      0.159120
   0.074      0.166390
   0.078      0.173666
   0.081      0.180946
   0.084      0.188232
   0.087      0.195524
   0.091      0.202821
   0.094      0.210125
   0.097      0.217434
   0.100      0.224750
   0.103      0.232073
   0.107      0.239402
   0.110      0.246739
   0.113      0.254082
   0.116      0.261433
   0.120      0.268791
   0.123      0.276157
   0.126      0.283530
   0.129      0.290912
   0.133      0.298302
   0.136      0.305700
   0.139      0.313106
   0.142      0.320522
   0.146      0.327946
   0.149      0.335379
   0.152      0.342821
   0.155      0.350272
   0.158      0.357733
   0.162      0.365203
   0.165      0.372683
   0.168      0.380173
   0.171      0.387673
   0.175      0.395183
   0.178      0.402703
   0.181      0.410233
   0.184      0.417774
   0.188      0.425325
   0.191      0.432887
   0.194      0.440460
   0.197      0.448044
   0.200      0.455638
   0.204      0.463244
   0.207      0.470860
   0.210      0.478488
   0.213      0.486127
   0.217      0.493778
   0.220      0.501440
   0.223      0.509113
   0.226      0.516798
   0.230      0.524495
   0.233      0.532203
   0.236      0.539924
   0.239      0.547655
   0.243      0.555399
   0.246      0.563155
   0.249      0.570922
   0.252      0.578702
   0.255      0.586493
   0.259      0.594296
   0.262      0.602112
   0.265      0.609939
   0.268      0.617778
   0.272      0.625629
   0.275      0.633492
   0.278      0.641368
   0.281      0.649255
   0.285      0.657154
   0.288      0.665065
   0.291      0.672987
   0.294      0.680922
   0.297      0.688868
   0.301      0.696827
   0.304      0.704796
   0.307      0.712778
   0.310      0.720771
   0.314      0.728776
   0.317      0.736792
   0.320      0.744819
   0.323      0.752857
   0.327      0.760907
   0.330      0.768968
   0.333      0.777040
   0.336      0.785122
   0.339      0.793216
   0.343      0.801320
   0.346      0.809434
   0.349      0.817559
   0.352      0.825695
   0.356      0.833840
   0.359      0.841995
   0.362      0.850160
   0.365      0.858335
   0.369      0.866519
   0.372      0.874712
   0.375      0.882915
   0.378      0.891127
   0.382      0.899347
   0.385      0.907576
   0.388      0.915813
   0.391      0.924058
   0.394      0.932312
   0.398      0.940573
   0.401      0.948842
   0.404      0.957118
   0.407      0.965400
   0.411      0.973690
   0.414      0.981987
   0.417      0.990289
   0.420      0.998598
   0.424      1.006912
   0.427      1.015232
   0.430      1.023557
   0.433      1.031888
   0.436      1.040222
   0.440      1.048562
   0.443      1.056905
   0.446      1.065252
   0.449      1.073602
   0.453      1.081955
   0.456      1.090312
   0.459      1.098670
   0.462      1.107031
   0.466      1.115394
   0.469      1.123758
   0.472      1.132123
   0.475      1.140488
   0.479      1.148854
   0.482      1.157220
   0.485      1.165585
   0.488      1.173950
   0.491      1.182313
   0.495      1.190675
   0.498      1.199034
   0.501      1.207391
   0.504      1.215745
   0.508      1.224096
   0.511      1.232443
   0.514      1.240786
   0.517      1.249124
   0.521      1.257457
   0.524      1.265784
   0.527      1.274105
   0.530      1.282420
   0.533      1.290728
   0.537      1.299028
   0.540      1.307320
   0.543      1.315604
   0.546      1.323878
   0.550      1.332143
   0.553      1.340398
   0.556      1.348643
   0.559      1.356876
   0.563      1.365098
   0.566      1.373307
   0.569      1.381504
   0.572      1.389687
   0.576      1.397856
   0.579      1.406012
   0.582      1.414152
   0.585      1.422276
   0.588      1.430384
   0.592      1.438476
   0.595      1.446550
   0.598      1.454606
   0.601      1.462643
   0.605      1.470662
   0.608      1.478660
   0.611      1.486638
   0.614      1.494595
   0.618      1.502530
   0.621      1.510443
   0.624      1.518332
   0.627      1.526198
   0.630      1.534040
   0.634      1.541857
   0.637      1.549648
   0.640      1.557412
   0.643      1.565150
   0.647      1.572860
   0.650      1.580541
   0.653      1.588194
   0.656      1.595816
   0.660      1.603409
   0.663      1.610970
   0.666      1.618499
   0.669      1.625995
   0.673      1.633458
   0.676      1.640887
   0.679      1.648282
   0.682      1.655640
   0.685      1.662963
   0.689      1.670249
   0.692      1.677496
   0.695      1.684706
   0.698      1.691876
   0.702      1.699006
   0.705      1.706096
   0.708      1.713144
   0.711      1.720151
   0.715      1.727114
   0.718      1.734033
   0.721      1.740908
   0.724      1.747738
   0.727      1.754522
   0.731      1.761259
   0.734      1.767949
   0.737      1.774590
   0.740      1.781183
   0.744      1.787725
   0.747      1.794217
   0.750      1.800658
   0.753      1.807047
   0.757      1.813383
   0.760      1.819665
   0.763      1.825893
   0.766      1.832066
   0.770      1.838183
   0.773      1.844243
   0.776      1.850246
   0.779      1.856191
   0.782      1.862077
   0.786      1.867903
   0.789      1.873669
   0.792      1.879374
   0.795      1.885016
   0.799      1.890596
   0.802      1.896113
   0.805      1.901566
   0.808      1.906953
   0.812      1.912275
   0.815      1.917531
   0.818      1.922720
   0.821      1.927841
   0.824      1.932893
   0.828      1.937876
   0.831      1.942789
   0.834      1.947632
   0.837      1.952403
   0.841      1.957103
   0.844      1.961729
   0.847      1.966283
   0.850      1.970762
   0.854      1.975167
   0.857      1.979496
   0.860      1.983749
   0.863      1.987926
   0.867      1.992025
   0.870      1.996046
   0.873      1.999989
   0.876      2.003853
   0.879      2.007637
   0.883      2.011340
   0.886      2.014963
   0.889      2.018504
   0.892      2.021963
   0.896      2.025339
   0.899      2.028632
   0.902      2.031841
   0.905      2.034965
   0.909      2.038005
   0.912      2.040960
   0.915      2.043828
   0.918      2.046610
   0.921      2.049305
   0.925      2.051913
   0.928      2.054433
   0.931      2.056865
   0.934      2.059208
   0.938      2.061462
   0.941      2.063626
   0.944      2.065700
   0.947      2.067683
   0.951      2.069576
   0.954      2.071378
   0.957      2.073088
   0.960      2.074706
   0.964      2.076232
   0.967      2.077665
   0.970      2.079005
   0.973      2.080252
   0.976      2.081406
   0.980      2.082465
   0.983      2.083431
   0.986      2.084302
   0.989      2.085079
   0.993      2.085761
   0.996      2.086348
   0.999      2.086840
   1.002      2.087236
   1.006      2.087537
   1.009      2.087742
   1.012      2.087851
   1.015      2.087864
   1.018      2.087781
   1.022      2.087601
   1.025      2.087325
   1.028      2.086953
   1.031      2.086485
   1.035      2.085919
   1.038      2.085258
   1.041      2.084499
   1.044      2.083644
   1.048      2.082693
   1.051      2.081644
   1.054      2.080499
   1.057      2.079258
   1.061      2.077920
   1.064      2.076486
   1.067      2.074956
   1.070      2.073329
   1.073      2.071606
   1.077      2.069787
   1.080      2.067873
   1.083      2.065863
   1.086      2.063757
   1.090      2.061556
   1.093      2.059260
   1.096      2.056869
   1.099      2.054383
   1.103      2.051803
   1.106      2.049129
   1.109      2.046360
   1.112      2.043499
   1.115      2.040543
   1.119      2.037495
   1.122      2.034354
   1.125      2.031121
   1.128      2.027796
   1.132      2.024378
   1.135      2.020870
   1.138      2.017271
   1.141      2.013581
   1.145      2.009801
   1.148      2.005931
   1.151      2.001972
   1.154      1.997924
   1.158      1.993788
   1.161      1.989563
   1.164      1.985252
   1.167      1.980853
   1.170      1.976368
   1.174      1.971797
   1.177      1.967140
   1.180      1.962398
   1.183      1.957572
   1.187      1.952663
   1.190      1.947670
   1.193      1.942594
   1.196      1.937436
   1.200      1.932197
   1.203      1.926876
   1.206      1.921476
   1.209      1.915995
   1.213      1.910436
   1.216      1.904798
   1.219      1.899083
   1.222      1.893290
   1.225      1.887421
   1.229      1.881475
   1.232      1.875455
   1.235      1.869361
   1.238      1.863192
   1.242      1.856951
   1.245      1.850637
   1.248      1.844251
   1.251      1.837795
   1.255      1.831268
   1.258      1.824672
   1.261      1.818008
   1.264      1.811275
   1.267      1.804475
   1.271      1.797608
   1.274      1.790676
   1.277      1.783679
   1.280      1.776618
   1.284      1.769493
   1.287      1.762306
   1.290      1.755056
   1.293      1.747746
   1.297      1.740376
   1.300      1.732946
   1.303      1.725457
   1.306      1.717910
   1.310      1.710307
   1.313      1.702647
   1.316      1.694931
   1.319      1.687162
   1.322      1.679338
   1.326      1.671461
   1.329      1.663532
   1.332      1.655552
   1.335      1.647521
   1.339      1.639440
   1.342      1.631311
   1.345      1.623133
   1.348      1.614909
   1.352      1.606638
   1.355      1.598321
   1.358      1.589960
   1.361      1.581554
   1.364      1.573106
   1.368      1.564615
   1.371      1.556083
   1.374      1.547511
   1.377      1.538898
   1.381      1.530247
   1.384      1.521558
   1.387      1.512831
   1.390      1.504068
   1.394      1.495269
   1.397      1.486436
   1.400      1.477568
   1.403      1.468667
   1.407      1.459734
   1.410      1.450770
   1.413      1.441775
   1.416      1.432750
   1.419      1.423695
   1.423      1.414613
   1.426      1.405503
   1.429      1.396366
   1.432      1.387204
   1.436      1.378016
   1.439      1.368804
   1.442      1.359569
   1.445      1.350311
   1.449      1.341030
   1.452      1.331729
   1.455      1.322408
   1.458      1.313066
   1.461      1.303706
   1.465      1.294328
   1.468      1.284933
   1.471      1.275521
   1.474      1.266093
   1.478      1.256650
   1.481      1.247193
   1.484      1.237722
   1.487      1.228239
   1.491      1.218743
   1.494      1.209236
   1.497      1.199719
   1.500      1.190191
   1.504      1.180654
   1.507      1.171109
   1.510      1.161556
   1.513      1.151995
   1.516      1.142429
   1.520      1.132856
   1.523      1.123279
   1.526      1.113697
   1.529      1.104111
   1.533      1.094523
   1.536      1.084932
   1.539      1.075339
   1.542      1.065745
   1.546      1.056151
   1.549      1.046557
   1.552      1.036964
   1.555      1.027373
   1.558      1.017783
   1.562      1.008196
   1.565      0.998613
   1.568      0.989034
   1.571      0.979459
   1.575      0.969889
   1.578      0.960325
   1.581      0.950768
   1.584      0.941217
   1.588      0.931674
   1.591      0.922139
   1.594      0.912612
   1.597      0.903095
   1.601      0.893588
   1.604      0.884091
   1.607      0.874604
   1.610      0.865129
   1.613      0.855666
   1.617      0.846216
   1.620      0.836778
   1.623      0.827354
   1.626      0.817943
   1.630      0.808548
   1.633      0.799167
   1.636      0.789802
   1.639      0.780452
   1.643      0.771119
   1.646      0.761803
   1.649      0.752505
   1.652      0.743224
   1.655      0.733961
   1.659      0.724717
   1.662      0.715493
   1.665      0.706288
   1.668      0.697103
   1.672      0.687939
   1.675      0.678795
   1.678      0.669673
   1.681      0.660573
   1.685      0.651495
   1.688      0.642439
   1.691      0.633406
   1.694      0.624397
   1.698      0.615412
   1.701      0.606450
   1.704      0.597513
   1.707      0.588601
   1.710      0.579715
   1.714      0.570854
   1.717      0.562019
   1.720      0.553210
   1.723      0.544428
   1.727      0.535672
   1.730      0.526945
   1.733      0.518244
   1.736      0.509572
   1.740      0.500928
   1.743      0.492313
   1.746      0.483727
   1.749      0.475170
   1.752      0.466642
   1.756      0.458145
   1.759      0.449677
   1.762      0.441240
   1.765      0.432833
   1.769      0.424458
   1.772      0.416114
   1.775      0.407801
   1.778      0.399520
   1.782      0.391271
   1.785      0.383054
   1.788      0.374870
   1.791      0.366718
   1.795      0.358600
   1.798      0.350514
   1.801      0.342463
   1.804      0.334444
   1.807      0.326460
   1.811      0.318510
   1.814      0.310594
   1.817      0.302713
   1.820      0.294866
   1.824      0.287055
   1.827      0.279278
   1.830      0.271537
   1.833      0.263831
   1.837      0.256161
   1.840      0.248527
   1.843      0.240929
   1.846      0.233366
   1.849      0.225841
   1.853      0.218352
   1.856      0.210899
   1.859      0.203483
   1.862      0.196104
   1.866      0.188763
   1.869      0.181458
   1.872      0.174191
   1.875      0.166961
   1.879      0.159769
   1.882      0.152615
   1.885      0.145499
   1.888      0.138420
   1.892      0.131380
   1.895      0.124378
   1.898      0.117414
   1.901      0.110488
   1.904      0.103601
   1.908      0.096753
   1.911      0.089943
   1.914      0.083172
   1.917      0.076440
   1.921      0.069747
   1.924      0.063093
   1.927      0.056478
   1.930      0.049902
   1.934      0.043365
   1.937      0.036868
   1.940      0.030409
   1.943      0.023991
   1.946      0.017611
   1.950      0.011271
   1.953      0.004971
   1.956     -0.001290
   1.959     -0.007511
   1.963     -0.013693
   1.966     -0.019835
   1.969     -0.025937
   1.972     -0.032000
   1.976     -0.038023
   1.979     -0.044006
   1.982     -0.049949
   1.985     -0.055853
   1.989     -0.061716
   1.992     -0.067540
   1.995     -0.073325
   1.998     -0.079069
   2.001     -0.084773
   2.005     -0.090438
   2.008     -0.096063
   2.011     -0.101648
   2.014     -0.107194
   2.018     -0.112699
   2.021     -0.118165
   2.024     -0.123591
   2.027     -0.128978
   2.031     -0.134325
   2.034     -0.139632
   2.037     -0.144899
   2.040     -0.150127
   2.043     -0.155316
   2.047     -0.160465
   2.050     -0.165574
   2.053     -0.170644
   2.056     -0.175675
   2.060     -0.180666
   2.063     -0.185618
   2.066     -0.190531
   2.069     -0.195405
   2.073     -0.200239
   2.076     -0.205035
   2.079     -0.209791
   2.082     -0.214509
   2.086     -0.219187
   2.089     -0.223827
   2.092     -0.228428
   2.095     -0.232991
   2.098     -0.237515
   2.102     -0.242000
   2.105     -0.246447
   2.108     -0.250856
   2.111     -0.255226
   2.115     -0.259558
   2.118     -0.263852
   2.121     -0.268108
   2.124     -0.272326
   2.128     -0.276506
   2.131     -0.280649
   2.134     -0.284754
   2.137     -0.288821
   2.140     -0.292851
   2.144     -0.296843
   2.147     -0.300798
   2.150     -0.304716
   2.153     -0.308597
   2.157     -0.312441
   2.160     -0.316248
   2.163     -0.320019
   2.166     -0.323753
   2.170     -0.327450
   2.173     -0.331111
   2.176     -0.334735
   2.179     -0.338324
   2.183     -0.341876
   2.186     -0.345393
   2.189     -0.348873
   2.192     -0.352318
   2.195     -0.355727
   2.199     -0.359101
   2.202     -0.362440
   2.205     -0.365743
   2.208     -0.369011
   2.212     -0.372245
   2.215     -0.375443
   2.218     -0.378607
   2.221     -0.381736
   2.225     -0.384831
   2.228     -0.387892
   2.231     -0.390918
   2.234     -0.393910
   2.237     -0.396869
   2.241     -0.399793
   2.244     -0.402685
   2.247     -0.405542
   2.250     -0.408366
   2.254     -0.411158
   2.257     -0.413916
   2.260     -0.416641
   2.263     -0.419333
   2.267     -0.421993
   2.270     -0.424620
   2.273     -0.427215
   2.276     -0.429778
   2.280     -0.432309
   2.283     -0.434808
   2.286     -0.437275
   2.289     -0.439710
   2.292     -0.442114
   2.296     -0.444487
   2.299     -0.446829
   2.302     -0.449139
   2.305     -0.451419
   2.309     -0.453668
   2.312     -0.455887
   2.315     -0.458075
   2.318     -0.460233
   2.322     -0.462361
   2.325     -0.464459
   2.328     -0.466528
   2.331     -0.468566
   2.334     -0.470575
   2.338     -0.472555
   2.341     -0.474506
   2.344     -0.476428
   2.347     -0.478321
   2.351     -0.480185
   2.354     -0.482021
   2.357     -0.483829
   2.360     -0.485608
   2.364     -0.487360
   2.367     -0.489083
   2.370     -0.490779
   2.373     -0.492447
   2.377     -0.494088
   2.380     -0.495701
   2.383     -0.497288
   2.386     -0.498847
   2.389     -0.500380
   2.393     -0.501887
   2.396     -0.503366
   2.399     -0.504820
   2.402     -0.506248
   2.406     -0.507649
   2.409     -0.509025
   2.412     -0.510375
   2.415     -0.511700
   2.419     -0.512999
   2.422     -0.514273
   2.425     -0.515523
   2.428     -0.516747
   2.431     -0.517947
   2.435     -0.519122
   2.438     -0.520273
   2.441     -0.521400
   2.444     -0.522503
   2.448     -0.523582
   2.451     -0.524637
   2.454     -0.525669
   2.457     -0.526677
   2.461     -0.527662
   2.464     -0.528624
   2.467     -0.529563
   2.470     -0.530480
   2.474     -0.531374
   2.477     -0.532245
   2.480     -0.533094
   2.483     -0.533921
   2.486     -0.534726
   2.490     -0.535510
   2.493     -0.536271
   2.496     -0.537012
   2.499     -0.537731
   2.503     -0.538428
   2.506     -0.539105
   2.509     -0.539761
   2.512     -0.540396
   2.516     -0.541011
   2.519     -0.541605
   2.522     -0.542180
   2.525     -0.542734
   2.528     -0.543268
   2.532     -0.543782
   2.535     -0.544277
   2.538     -0.544752
   2.541     -0.545208
   2.545     -0.545645
   2.548     -0.546063
   2.551     -0.546462
   2.554     -0.546842
   2.558     -0.547204
   2.561     -0.547547
   2.564     -0.547873
   2.567     -0.548180
   2.570     -0.548469
   2.574     -0.548740
   2.577     -0.548994
   2.580     -0.549230
   2.583     -0.549449
   2.587     -0.549650
   2.590     -0.549835
   2.593     -0.550002
   2.596     -0.550153
   2.600     -0.550287
   2.603     -0.550405
   2.606     -0.550506
   2.609     -0.550592
   2.613     -0.550661
   2.616     -0.550714
   2.619     -0.550751
   2.622     -0.550773
   2.625     -0.550779
   2.629     -0.550770
   2.632     -0.550746
   2.635     -0.550707
   2.638     -0.550652
   2.642     -0.550583
   2.645     -0.550499
   2.648     -0.550401
   2.651     -0.550288
   2.655     -0.550161
   2.658     -0.550020
   2.661     -0.549865
   2.664     -0.549696
   2.667     -0.549513
   2.671     -0.549317
   2.674     -0.549107
   2.677     -0.548884
   2.680     -0.548648
   2.684     -0.548399
   2.687     -0.548136
   2.690     -0.547861
   2.693     -0.547573
   2.697     -0.547273
   2.700     -0.546960
   2.703     -0.546635
   2.706     -0.546298
   2.710     -0.545948
   2.713     -0.545587
   2.716     -0.545214
   2.719     -0.544829
   2.722     -0.544433
   2.726     -0.544025
   2.729     -0.543606
   2.732     -0.543175
   2.735     -0.542734
   2.739     -0.542281
   2.742     -0.541818
   2.745     -0.541344
   2.748     -0.540859
   2.752     -0.540364
   2.755     -0.539858
   2.758     -0.539342
   2.761     -0.538816
   2.764     -0.538280
   2.768     -0.537734
   2.771     -0.537178
   2.774     -0.536613
   2.777     -0.536038
   2.781     -0.535453
   2.784     -0.534859
   2.787     -0.534256
   2.790     -0.533643
   2.794     -0.533022
   2.797     -0.532391
   2.800     -0.531752
   2.803     -0.531104
   2.807     -0.530447
   2.810     -0.529782
   2.813     -0.529108
   2.816     -0.528426
   2.819     -0.527736
   2.823     -0.527037
   2.826     -0.526331
   2.829     -0.525617
   2.832     -0.524894
   2.836     -0.524164
   2.839     -0.523427
   2.842     -0.522682
   2.845     -0.521929
   2.849     -0.521170
   2.852     -0.520402
   2.855     -0.519628
   2.858     -0.518847
   2.861     -0.518059
   2.865     -0.517263
   2.868     -0.516462
   2.871     -0.515653
   2.874     -0.514838
   2.878     -0.514016
   2.881     -0.513188
   2.884     -0.512353
   2.887     -0.511513
   2.891     -0.510666
   2.894     -0.509813
   2.897     -0.508954
   2.900     -0.508089
   2.904     -0.507218
   2.907     -0.506342
   2.910     -0.505460
   2.913     -0.504573
   2.916     -0.503679
   2.920     -0.502781
   2.923     -0.501877
   2.926     -0.500968
   2.929     -0.500054
   2.933     -0.499135
   2.936     -0.498211
   2.939     -0.497281
   2.942     -0.496347
   2.946     -0.495409
   2.949     -0.494465
   2.952     -0.493517
   2.955     -0.492564
   2.958     -0.491607
   2.962     -0.490646
   2.965     -0.489680
   2.968     -0.488710
   2.971     -0.487735
   2.975     -0.486757
   2.978     -0.485775
   2.981     -0.484788
   2.984     -0.483798
   2.988     -0.482804
   2.991     -0.481806
   2.994     -0.480804
   2.997     -0.479799
   3.001     -0.478791
   3.004     -0.477778
   3.007     -0.476763
   3.010     -0.475744
   3.013     -0.474721
   3.017     -0.473696
   3.020     -0.472667
   3.023     -0.471635
   3.026     -0.470600
   3.030     -0.469562
   3.033     -0.468521
   3.036     -0.467478
   3.039     -0.466431
   3.043     -0.465382
   3.046     -0.464330
   3.049     -0.463275
   3.052     -0.462218
   3.055     -0.461158
   3.059     -0.460096
   3.062     -0.459032
   3.065     -0.457965
   3.068     -0.456896
   3.072     -0.455824
   3.075     -0.454750
   3.078     -0.453675
   3.081     -0.452597
   3.085     -0.451517
   3.088     -0.450435
   3.091     -0.449351
   3.094     -0.448266
   3.098     -0.447178
   3.101     -0.446089
   3.104     -0.444998
   3.107     -0.443905
   3.110     -0.442811
   3.114     -0.441715
   3.117     -0.440617
   3.120     -0.439518
   3.123     -0.438418
   3.127     -0.437316
   3.130     -0.436213
   3.133     -0.435109
   3.136     -0.434003
   3.140     -0.432896
   3.143     -0.431788
   3.146     -0.430679
   3.149     -0.429568
   3.152     -0.428457
   3.156     -0.427345
   3.159     -0.426231
   3.162     -0.425117
   3.165     -0.424002
   3.169     -0.422886
   3.172     -0.421769
   3.175     -0.420652
   3.178     -0.419533
   3.182     -0.418414
   3.185     -0.417295
   3.188     -0.416175
   3.191     -0.415054
   3.195     -0.413932
   3.198     -0.412811
   3.201     -0.411688
   3.204     -0.410566
   3.207     -0.409442
   3.211     -0.408319
   3.214     -0.407195
   3.217     -0.406071
   3.220     -0.404947
   3.224     -0.403822
   3.227     -0.402697
   3.230     -0.401572
   3.233     -0.400447
   3.237     -0.399322
   3.240     -0.398196
   3.243     -0.397071
   3.246     -0.395946
   3.249     -0.394821
   3.253     -0.393695
   3.256     -0.392570
   3.259     -0.391445
   3.262     -0.390320
   3.266     -0.389195
   3.269     -0.388071
   3.272     -0.386946
   3.275     -0.385822
   3.279     -0.384698
   3.282     -0.383575
   3.285     -0.382452
   3.288     -0.381329
   3.292     -0.380206
   3.295     -0.379084
   3.298     -0.377963
   3.301     -0.376841
   3.304     -0.375721
   3.308     -0.374601
   3.311     -0.373481
   3.314     -0.372362
   3.317     -0.371243
   3.321     -0.370125
   3.324     -0.369008
   3.327     -0.367891
   3.330     -0.366775
   3.334     -0.365659
   3.337     -0.364545
   3.340     -0.363431
   3.343     -0.362318
   3.346     -0.361205
   3.350     -0.360093
   3.353     -0.358982
   3.356     -0.357872
   3.359     -0.356763
   3.363     -0.355655
   3.366     -0.354547
   3.369     -0.353441
   3.372     -0.352335
   3.376     -0.351230
   3.379     -0.350126
   3.382     -0.349023
   3.385     -0.347922
   3.389     -0.346821
   3.392     -0.345721
   3.395     -0.344622
   3.398     -0.343524
   3.401     -0.342428
   3.405     -0.341332
   3.408     -0.340237
   3.411     -0.339144
   3.414     -0.338052
   3.418     -0.336960
   3.421     -0.335870
   3.424     -0.334781
   3.427     -0.333694
   3.431     -0.332607
   3.434     -0.331522
   3.437     -0.330438
   3.440     -0.329355
   3.443     -0.328273
   3.447     -0.327193
   3.450     -0.326114
   3.453     -0.325036
   3.456     -0.323960
   3.460     -0.322885
   3.463     -0.321811
   3.466     -0.320738
   3.469     -0.319667
   3.473     -0.318597
   3.476     -0.317529
   3.479     -0.316462
   3.482     -0.315396
   3.486     -0.314331
   3.489     -0.313269
   3.492     -0.312207
   3.495     -0.311147
   3.498     -0.310088
   3.502     -0.309031
   3.505     -0.307975
   3.508     -0.306921
   3.511     -0.305868
   3.515     -0.304817
   3.518     -0.303767
   3.521     -0.302718
   3.524     -0.301671
   3.528     -0.300626
   3.531     -0.299582
   3.534     -0.298539
   3.537     -0.297499
   3.540     -0.296459
   3.544     -0.295422
   3.547     -0.294385
   3.550     -0.293351
   3.553     -0.292317
   3.557     -0.291286
   3.560     -0.290256
   3.563     -0.289228
   3.566     -0.288201
   3.570     -0.287176
   3.573     -0.286152
   3.576     -0.285130
   3.579     -0.284110
   3.583     -0.283091
   3.586     -0.282074
   3.589     -0.281058
   3.592     -0.280044
   3.595     -0.279032
   3.599     -0.278021
   3.602     -0.277012
   3.605     -0.276005
   3.608     -0.274999
   3.612     -0.273995
   3.615     -0.272993
   3.618     -0.271992
   3.621     -0.270993
   3.625     -0.269996
   3.628     -0.269000
   3.631     -0.268006
   3.634     -0.267014
   3.637     -0.266023
   3.641     -0.265034
   3.644     -0.264047
   3.647     -0.263061
   3.650     -0.262077
   3.654     -0.261095
   3.657     -0.260115
   3.660     -0.259136
   3.663     -0.258159
   3.667     -0.257184
   3.670     -0.256210
   3.673     -0.255238
   3.676     -0.254268
   3.680     -0.253299
   3.683     -0.252333
   3.686     -0.251367
   3.689     -0.250404
   3.692     -0.249443
   3.696     -0.248483
   3.699     -0.247524
   3.702     -0.246568
   3.705     -0.245613
   3.709     -0.244660
   3.712     -0.243709
   3.715     -0.242760
   3.718     -0.241812
   3.722     -0.240866
   3.725     -0.239921
   3.728     -0.238979
   3.731     -0.238038
   3.734     -0.237099
   3.738     -0.236162
   3.741     -0.235226
   3.744     -0.234292
   3.747     -0.233360
   3.751     -0.232429
   3.754     -0.231501
   3.757     -0.230574
   3.760     -0.229649
   3.764     -0.228725
   3.767     -0.227803
   3.770     -0.226883
   3.773     -0.225965
   3.777     -0.225049
   3.780     -0.224134
   3.783     -0.223221
   3.786     -0.222309
   3.789     -0.221400
   3.793     -0.220492
   3.796     -0.219586
   3.799     -0.218681
   3.802     -0.217779
   3.806     -0.216878
   3.809     -0.215978
   3.812     -0.215081
   3.815     -0.214185
   3.819     -0.213291
   3.822     -0.212399
   3.825     -0.211508
   3.828     -0.210619
   3.831     -0.209732
   3.835     -0.208847
   3.838     -0.207963
   3.841     -0.207081
   3.844     -0.206200
   3.848     -0.205322
   3.851     -0.204445
   3.854     -0.203570
   3.857     -0.202696
   3.861     -0.201824
   3.864     -0.200954
   3.867     -0.200086
   3.870     -0.199219
   3.874     -0.198354
   3.877     -0.197491
   3.880     -0.196629
   3.883     -0.195770
   3.886     -0.194911
   3.890     -0.194055
   3.893     -0.193200
   3.896     -0.192347
   3.899     -0.191495
   3.903     -0.190645
   3.906     -0.189797
   3.909     -0.188951
   3.912     -0.188106
   3.916     -0.187263
   3.919     -0.186421
   3.922     -0.185582
   3.925     -0.184743
   3.928     -0.183907
   3.932     -0.183072
   3.935     -0.182239
   3.938     -0.181407
   3.941     -0.180578
   3.945     -0.179749
   3.948     -0.178923
   3.951     -0.178098
   3.954     -0.177274
   3.958     -0.176453
   3.961     -0.175633
   3.964     -0.174814
   3.967     -0.173998
   3.971     -0.173182
   3.974     -0.172369
   3.977     -0.171557
   3.980     -0.170747
   3.983     -0.169938
   3.987     -0.169131
   3.990     -0.168325
   3.993     -0.167521
   3.996     -0.166719
   4.000     -0.165918
   4.003     -0.165119
   4.006     -0.164322
   4.009     -0.163526
   4.013     -0.162731
   4.016     -0.161939
   4.019     -0.161147
   4.022     -0.160358
   4.025     -0.159570
   4.029     -0.158783
   4.032     -0.157998
   4.035     -0.157215
   4.038     -0.156433
   4.042     -0.155653
   4.045     -0.154874
   4.048     -0.154097
   4.051     -0.153322
   4.055     -0.152548
   4.058     -0.151775
   4.061     -0.151004
   4.064     -0.150235
   4.068     -0.149467
   4.071     -0.148700
   4.074     -0.147936
   4.077     -0.147172
   4.080     -0.146410
   4.084     -0.145650
   4.087     -0.144891
   4.090     -0.144134
   4.093     -0.143378
   4.097     -0.142624
   4.100     -0.141871
   4.103     -0.141120
   4.106     -0.140370
   4.110     -0.139621
   4.113     -0.138875
   4.116     -0.138129
   4.119     -0.137385
   4.122     -0.136643
   4.126     -0.135902
   4.129     -0.135162
   4.132     -0.134424
   4.135     -0.133688
   4.139     -0.132952
   4.142     -0.132219
   4.145     -0.131486
   4.148     -0.130756
   4.152     -0.130026
   4.155     -0.129298
   4.158     -0.128572
   4.161     -0.127847
   4.165     -0.127123
   4.168     -0.126401
   4.171     -0.125680
   4.174     -0.124961
   4.177     -0.124242
   4.181     -0.123526
   4.184     -0.122811
   4.187     -0.122097
   4.190     -0.121384
   4.194     -0.120673
   4.197     -0.119964
   4.200     -0.119256
   4.203     -0.118549
   4.207     -0.117843
   4.210     -0.117139
   4.213     -0.116436
   4.216     -0.115735
   4.219     -0.115035
   4.223     -0.114336
   4.226     -0.113639
   4.229     -0.112943
   4.232     -0.112248
   4.236     -0.111555
   4.239     -0.110863
   4.242     -0.110173
   4.245     -0.109483
   4.249     -0.108795
   4.252     -0.108109
   4.255     -0.107423
   4.258     -0.106739
   4.262     -0.106057
   4.265     -0.105375
   4.268     -0.104695
   4.271     -0.104017
   4.274     -0.103339
   4.278     -0.102663
   4.281     -0.101988
   4.284     -0.101315
   4.287     -0.100642
   4.291     -0.099971
   4.294     -0.099302
   4.297     -0.098633
   4.300     -0.097966
   4.304     -0.097300
   4.307     -0.096635
   4.310     -0.095972
   4.313     -0.095310
   4.316     -0.094649
   4.320     -0.093989
   4.323     -0.093331
   4.326     -0.092674
   4.329     -0.092018
   4.333     -0.091363
   4.336     -0.090710
   4.339     -0.090058
   4.342     -0.089407
   4.346     -0.088757
   4.349     -0.088108
   4.352     -0.087461
   4.355     -0.086815
   4.359     -0.086170
   4.362     -0.085526
   4.365     -0.084883
   4.368     -0.084242
   4.371     -0.083602
   4.375     -0.082963
   4.378     -0.082325
   4.381     -0.081688
   4.384     -0.081053
   4.388     -0.080419
   4.391     -0.079785
   4.394     -0.079154
   4.397     -0.078523
   4.401     -0.077893
   4.404     -0.077265
   4.407     -0.076637
   4.410     -0.076011
   4.413     -0.075386
   4.417     -0.074762
   4.420     -0.074139
   4.423     -0.073518
   4.426     -0.072897
   4.430     -0.072278
   4.433     -0.071659
   4.436     -0.071042
   4.439     -0.070426
   4.443     -0.069811
   4.446     -0.069197
   4.449     -0.068585
   4.452     -0.067973
   4.456     -0.067363
   4.459     -0.066753
   4.462     -0.066145
   4.465     -0.065537
   4.468     -0.064931
   4.472     -0.064326
   4.475     -0.063722
   4.478     -0.063119
   4.481     -0.062517
   4.485     -0.061916
   4.488     -0.061316
   4.491     -0.060718
   4.494     -0.060120
   4.498     -0.059523
   4.501     -0.058928
   4.504     -0.058333
   4.507     -0.057740
   4.510     -0.057147
   4.514     -0.056556
   4.517     -0.055965
   4.520     -0.055376
   4.523     -0.054788
   4.527     -0.054200
   4.530     -0.053614
   4.533     -0.053028
   4.536     -0.052444
   4.540     -0.051861
   4.543     -0.051278
   4.546     -0.050697
   4.549     -0.050117
   4.553     -0.049537
   4.556     -0.048959
   4.559     -0.048382
   4.562     -0.047805
   4.565     -0.047230
   4.569     -0.046655
   4.572     -0.046082
   4.575     -0.045509
   4.578     -0.044938
   4.582     -0.044367
   4.585     -0.043797
   4.588     -0.043229
   4.591     -0.042661
   4.595     -0.042094
   4.598     -0.041528
   4.601     -0.040963
   4.604     -0.040399
   4.607     -0.039836
   4.611     -0.039274
   4.614     -0.038712
   4.617     -0.038152
   4.620     -0.037593
   4.624     -0.037034
   4.627     -0.036477
   4.630     -0.035920
   4.633     -0.035364
   4.637     -0.034809
   4.640     -0.034255
   4.643     -0.033702
   4.646     -0.033150
   4.650     -0.032598
   4.653     -0.032048
   4.656     -0.031498
   4.659     -0.030950
   4.662     -0.030402
   4.666     -0.029855
   4.669     -0.029309
   4.672     -0.028763
   4.675     -0.028219
   4.679     -0.027676
   4.682     -0.027133
   4.685     -0.026591
   4.688     -0.026050
   4.692     -0.025510
   4.695     -0.024971
   4.698     -0.024432
   4.701     -0.023894
   4.704     -0.023358
   4.708     -0.022822
   4.711     -0.022286
   4.714     -0.021752
   4.717     -0.021218
   4.721     -0.020686
   4.724     -0.020154
   4.727     -0.019623
   4.730     -0.019092
   4.734     -0.018563
   4.737     -0.018034
   4.740     -0.017506
   4.743     -0.016979
   4.747     -0.016452
   4.750     -0.015927
   4.753     -0.015402
   4.756     -0.014878
   4.759     -0.014355
   4.763     -0.013832
   4.766     -0.013310
   4.769     -0.012789
   4.772     -0.012269
   4.776     -0.011749
   4.779     -0.011231
   4.782     -0.010713
   4.785     -0.010195
   4.789     -0.009679
   4.792     -0.009163
   4.795     -0.008648
   4.798     -0.008134
   4.801     -0.007620
   4.805     -0.007107
   4.808     -0.006595
   4.811     -0.006083
   4.814     -0.005573
   4.818     -0.005063
   4.821     -0.004553
   4.824     -0.004045
   4.827     -0.003537
   4.831     -0.003029
   4.834     -0.002523
   4.837     -0.002017
   4.840     -0.001512
   4.844     -0.001007
   4.847     -0.000503
   4.850      0.000000
