   0.000      1.808244
   0.003      1.808244
   0.006      1.808244
   0.009      1.808243
   0.012      1.808243
   0.015      1.808242
   0.017      1.808241
   0.020      1.808238
   0.023      1.808234
   0.026      1.808228
   0.029      1.808220
   0.032      1.808209
   0.035      1.808194
   0.038      1.808175
   0.041      1.808152
   0.044      1.808123
   0.047      1.808088
   0.049      1.808046
   0.052      1.807995
   0.055      1.807936
   0.058      1.807867
   0.061      1.807788
   0.064      1.807696
   0.067      1.807592
   0.070      1.807474
   0.073      1.807341
   0.076      1.807191
   0.079      1.807025
   0.081      1.806840
   0.084      1.806635
   0.087      1.806410
   0.090      1.806163
   0.093      1.805893
   0.096      1.805599
   0.099      1.805279
   0.102      1.804932
   0.105      1.804558
   0.108      1.804155
   0.111      1.803722
   0.114      1.803258
   0.116      1.802762
   0.119      1.802232
   0.122      1.801669
   0.125      1.801070
   0.128      1.800435
   0.131      1.799763
   0.134      1.799053
   0.137      1.798304
   0.140      1.797515
   0.143      1.796687
   0.146      1.795817
   0.148      1.794907
   0.151      1.793954
   0.154      1.792958
   0.157      1.791919
   0.160      1.790837
   0.163      1.789711
   0.166      1.788542
   0.169      1.787327
   0.172      1.786069
   0.175      1.784766
   0.178      1.783418
   0.180      1.782026
   0.183      1.780589
   0.186      1.779108
   0.189      1.777582
   0.192      1.776013
   0.195      1.774399
   0.198      1.772743
   0.201      1.771042
   0.204      1.769300
   0.207      1.767514
   0.210      1.765687
   0.212      1.763818
   0.215      1.761908
   0.218      1.759958
   0.221      1.757967
   0.224      1.755938
   0.227      1.753869
   0.230      1.751763
   0.233      1.749619
   0.236      1.747438
   0.239      1.745220
   0.242      1.742967
   0.244      1.740680
   0.247      1.738357
   0.250      1.736001
   0.253      1.733612
   0.256      1.731191
   0.259      1.728737
   0.262      1.726253
   0.265      1.723738
   0.268      1.721193
   0.271      1.718619
   0.274      1.716017
   0.276      1.713386
   0.279      1.710728
   0.282      1.708043
   0.285      1.705332
   0.288      1.702595
   0.291      1.699832
   0.294      1.697046
   0.297      1.694235
   0.300      1.691400
   0.303      1.688543
   0.306      1.685663
   0.309      1.682761
   0.311      1.679837
   0.314      1.676892
   0.317      1.673927
   0.320      1.670942
   0.323      1.667937
   0.326      1.664913
   0.329      1.661870
   0.332      1.658809
   0.335      1.655730
   0.338      1.652633
   0.341      1.649520
   0.343      1.646390
   0.346      1.643244
   0.349      1.640082
   0.352      1.636905
   0.355      1.633713
   0.358      1.630506
   0.361      1.627285
   0.364      1.624051
   0.367      1.620803
   0.370      1.617543
   0.373      1.614270
   0.375      1.610984
   0.378      1.607687
   0.381      1.604378
   0.384      1.601059
   0.387      1.597728
   0.390      1.594388
   0.393      1.591037
   0.396      1.587676
   0.399      1.584307
   0.402      1.580928
   0.405      1.577541
   0.407      1.574145
   0.410      1.570742
   0.413      1.567330
   0.416      1.563912
   0.419      1.560487
   0.422      1.557054
   0.425      1.553616
   0.428      1.550171
   0.431      1.546721
   0.434      1.543265
   0.437      1.539805
   0.439      1.536339
   0.442      1.532869
   0.445      1.529394
   0.448      1.525915
   0.451      1.522433
   0.454      1.518947
   0.457      1.515458
   0.460      1.511967
   0.463      1.508472
   0.466      1.504975
   0.469      1.501476
   0.471      1.497975
   0.474      1.494472
   0.477      1.490968
   0.480      1.487463
   0.483      1.483957
   0.486      1.480450
   0.489      1.476943
   0.492      1.473435
   0.495      1.469927
   0.498      1.466420
   0.501      1.462913
   0.504      1.459406
   0.506      1.455900
   0.509      1.452396
   0.512      1.448892
   0.515      1.445390
   0.518      1.441889
   0.521      1.438390
   0.524      1.434893
   0.527      1.431399
   0.530      1.427906
   0.533      1.424416
   0.536      1.420929
   0.538      1.417445
   0.541      1.413963
   0.544      1.410485
   0.547      1.407010
   0.550      1.403538
   0.553      1.400070
   0.556      1.396606
   0.559      1.393146
   0.562      1.389690
   0.565      1.386238
   0.568      1.382790
   0.570      1.379347
   0.573      1.375908
   0.576      1.372474
   0.579      1.369045
   0.582      1.365621
   0.585      1.362202
   0.588      1.358788
   0.591      1.355380
   0.594      1.351977
   0.597      1.348580
   0.600      1.345188
   0.602      1.341802
   0.605      1.338422
   0.608      1.335048
   0.611      1.331680
   0.614      1.328318
   0.617      1.324963
   0.620      1.321613
   0.623      1.318271
   0.626      1.314934
   0.629      1.311605
   0.632      1.308282
   0.634      1.304966
   0.637      1.301657
   0.640      1.298355
   0.643      1.295059
   0.646      1.291771
   0.649      1.288490
   0.652      1.285216
   0.655      1.281950
   0.658      1.278691
   0.661      1.275439
   0.664      1.272195
   0.666      1.268959
   0.669      1.265730
   0.672      1.262508
   0.675      1.259295
   0.678      1.256089
   0.681      1.252891
   0.684      1.249701
   0.687      1.246519
   0.690      1.243345
   0.693      1.240178
   0.696      1.237020
   0.699      1.233870
   0.701      1.230728
   0.704      1.227595
   0.707      1.224469
   0.710      1.221352
   0.713      1.218243
   0.716      1.215143
   0.719      1.212050
   0.722      1.208967
   0.725      1.205891
   0.728      1.202824
   0.731      1.199766
   0.733      1.196716
   0.736      1.193675
   0.739      1.190642
   0.742      1.187618
   0.745      1.184602
   0.748      1.181595
   0.751      1.178597
   0.754      1.175607
   0.757      1.172626
   0.760      1.169654
   0.763      1.166690
   0.765      1.163735
   0.768      1.160789
   0.771      1.157852
   0.774      1.154923
   0.777      1.152003
   0.780      1.149092
   0.783      1.146190
   0.786      1.143297
   0.789      1.140412
   0.792      1.137536
   0.795      1.134669
   0.797      1.131811
   0.800      1.128962
   0.803      1.126122
   0.806      1.123290
   0.809      1.120467
   0.812      1.117653
   0.815      1.114848
   0.818      1.112052
   0.821      1.109265
   0.824      1.106487
   0.827      1.103717
   0.829      1.100956
   0.832      1.098204
   0.835      1.095461
   0.838      1.092727
   0.841      1.090001
   0.844      1.087285
   0.847      1.084577
   0.850      1.081878
   0.853      1.079188
   0.856      1.076506
   0.859      1.073834
   0.862      1.071170
   0.864      1.068515
   0.867      1.065869
   0.870      1.063231
   0.873      1.060602
   0.876      1.057982
   0.879      1.055371
   0.882      1.052768
   0.885      1.050174
   0.888      1.047589
   0.891      1.045013
   0.894      1.042445
   0.896      1.039885
   0.899      1.037335
   0.902      1.034793
   0.905      1.032259
   0.908      1.029735
   0.911      1.027218
   0.914      1.024711
   0.917      1.022211
   0.920      1.019721
   0.923      1.017239
   0.926      1.014765
   0.928      1.012300
   0.931      1.009843
   0.934      1.007395
   0.937      1.004955
   0.940      1.002523
   0.943      1.000100
   0.946      0.997685
   0.949      0.995279
   0.952      0.992881
   0.955      0.990491
   0.958      0.988110
   0.960      0.985736
   0.963      0.983371
   0.966      0.981015
   0.969      0.978666
   0.972      0.976326
   0.975      0.973993
   0.978      0.971669
   0.981      0.969353
   0.984      0.967045
   0.987      0.964746
   0.990      0.962454
   0.992      0.960170
   0.995      0.957894
   0.998      0.955627
   1.001      0.953367
   1.004      0.951115
   1.007      0.948871
   1.010      0.946635
   1.013      0.944407
   1.016      0.942187
   1.019      0.939975
   1.022      0.937770
   1.024      0.935573
   1.027      0.933384
   1.030      0.931203
   1.033      0.929029
   1.036      0.926863
   1.039      0.924705
   1.042      0.922554
   1.045      0.920411
   1.048      0.918276
   1.051      0.916148
   1.054      0.914028
   1.057      0.911915
   1.059      0.909810
   1.062      0.907712
   1.065      0.905621
   1.068      0.903538
   1.071      0.901463
   1.074      0.899395
   1.077      0.897334
   1.080      0.895281
   1.083      0.893234
   1.086      0.891195
   1.089      0.889164
   1.091      0.887139
   1.094      0.885122
   1.097      0.883112
   1.100      0.881109
   1.103      0.879114
   1.106      0.877125
   1.109      0.875143
   1.112      0.873169
   1.115      0.871201
   1.118      0.869241
   1.121      0.867287
   1.123      0.865341
   1.126      0.863401
   1.129      0.861469
   1.132      0.859543
   1.135      0.857624
   1.138      0.855712
   1.141      0.853807
   1.144      0.851908
   1.147      0.850016
   1.150      0.848131
   1.153      0.846253
   1.155      0.844382
   1.158      0.842517
   1.161      0.840658
   1.164      0.838807
   1.167      0.836962
   1.170      0.835123
   1.173      0.833291
   1.176      0.831466
   1.179      0.829647
   1.182      0.827834
   1.185      0.826028
   1.187      0.824228
   1.190      0.822435
   1.193      0.820648
   1.196      0.818868
   1.199      0.817093
   1.202      0.815326
   1.205      0.813564
   1.208      0.811809
   1.211      0.810059
   1.214      0.808316
   1.217      0.806580
   1.219      0.804849
   1.222      0.803125
   1.225      0.801406
   1.228      0.799694
   1.231      0.797988
   1.234      0.796287
   1.237      0.794593
   1.240      0.792905
   1.243      0.791223
   1.246      0.789547
   1.249      0.787876
   1.252      0.786212
   1.254      0.784553
   1.257      0.782900
   1.260      0.781254
   1.263      0.779612
   1.266      0.777977
   1.269      0.776348
   1.272      0.774724
   1.275      0.773106
   1.278      0.771493
   1.281      0.769886
   1.284      0.768285
   1.286      0.766690
   1.289      0.765100
   1.292      0.763516
   1.295      0.761937
   1.298      0.760364
   1.301      0.758796
   1.304      0.757234
   1.307      0.755677
   1.310      0.754126
   1.313      0.752580
   1.316      0.751039
   1.318      0.749504
   1.321      0.747975
   1.324      0.746450
   1.327      0.744931
   1.330      0.743417
   1.333      0.741909
   1.336      0.740406
   1.339      0.738908
   1.342      0.737415
   1.345      0.735927
   1.348      0.734445
   1.350      0.732967
   1.353      0.731495
   1.356      0.730028
   1.359      0.728566
   1.362      0.727109
   1.365      0.725657
   1.368      0.724211
   1.371      0.722769
   1.374      0.721332
   1.377      0.719900
   1.380      0.718473
   1.382      0.717051
   1.385      0.715634
   1.388      0.714221
   1.391      0.712814
   1.394      0.711411
   1.397      0.710014
   1.400      0.708621
   1.403      0.707233
   1.406      0.705849
   1.409      0.704471
   1.412      0.703097
   1.414      0.701727
   1.417      0.700363
   1.420      0.699003
   1.423      0.697648
   1.426      0.696297
   1.429      0.694951
   1.432      0.693610
   1.435      0.692273
   1.438      0.690940
   1.441      0.689613
   1.444      0.688289
   1.447      0.686971
   1.449      0.685656
   1.452      0.684346
   1.455      0.683041
   1.458      0.681740
   1.461      0.680444
   1.464      0.679151
   1.467      0.677864
   1.470      0.676580
   1.473      0.675301
   1.476      0.674026
   1.479      0.672756
   1.481      0.671489
   1.484      0.670227
   1.487      0.668970
   1.490      0.667716
   1.493      0.666467
   1.496      0.665222
   1.499      0.663981
   1.502      0.662744
   1.505      0.661511
   1.508      0.660283
   1.511      0.659058
   1.513      0.657838
   1.516      0.656621
   1.519      0.655409
   1.522      0.654201
   1.525      0.652997
   1.528      0.651797
   1.531      0.650600
   1.534      0.649408
   1.537      0.648220
   1.540      0.647036
   1.543      0.645855
   1.545      0.644679
   1.548      0.643506
   1.551      0.642337
   1.554      0.641172
   1.557      0.640011
   1.560      0.638854
   1.563      0.637701
   1.566      0.636551
   1.569      0.635405
   1.572      0.634263
   1.575      0.633125
   1.577      0.631990
   1.580      0.630859
   1.583      0.629732
   1.586      0.628609
   1.589      0.627489
   1.592      0.626373
   1.595      0.625260
   1.598      0.624151
   1.601      0.623046
   1.604      0.621944
   1.607      0.620846
   1.609      0.619751
   1.612      0.618660
   1.615      0.617573
   1.618      0.616489
   1.621      0.615408
   1.624      0.614331
   1.627      0.613258
   1.630      0.612188
   1.633      0.611121
   1.636      0.610058
   1.639      0.608998
   1.642      0.607942
   1.644      0.606889
   1.647      0.605840
   1.650      0.604793
   1.653      0.603751
   1.656      0.602711
   1.659      0.601675
   1.662      0.600642
   1.665      0.599612
   1.668      0.598586
   1.671      0.597563
   1.674      0.596543
   1.676      0.595527
   1.679      0.594514
   1.682      0.593503
   1.685      0.592497
   1.688      0.591493
   1.691      0.590492
   1.694      0.589495
   1.697      0.588501
   1.700      0.587510
   1.703      0.586522
   1.706      0.585537
   1.708      0.584555
   1.711      0.583577
   1.714      0.582601
   1.717      0.581629
   1.720      0.580659
   1.723      0.579693
   1.726      0.578729
   1.729      0.577769
   1.732      0.576812
   1.735      0.575857
   1.738      0.574906
   1.740      0.573957
   1.743      0.573012
   1.746      0.572069
   1.749      0.571130
   1.752      0.570193
   1.755      0.569259
   1.758      0.568328
   1.761      0.567400
   1.764      0.566475
   1.767      0.565553
   1.770      0.564633
   1.772      0.563716
   1.775      0.562803
   1.778      0.561892
   1.781      0.560983
   1.784      0.560078
   1.787      0.559175
   1.790      0.558275
   1.793      0.557378
   1.796      0.556484
   1.799      0.555592
   1.802      0.554703
   1.804      0.553817
   1.807      0.552934
   1.810      0.552053
   1.813      0.551175
   1.816      0.550299
   1.819      0.549426
   1.822      0.548556
   1.825      0.547689
   1.828      0.546824
   1.831      0.545961
   1.834      0.545102
   1.837      0.544244
   1.839      0.543390
   1.842      0.542538
   1.845      0.541689
   1.848      0.540842
   1.851      0.539997
   1.854      0.539156
   1.857      0.538316
   1.860      0.537480
   1.863      0.536645
   1.866      0.535814
   1.869      0.534984
   1.871      0.534157
   1.874      0.533333
   1.877      0.532511
   1.880      0.531692
   1.883      0.530875
   1.886      0.530060
   1.889      0.529248
   1.892      0.528438
   1.895      0.527631
   1.898      0.526826
   1.901      0.526023
   1.903      0.525223
   1.906      0.524425
   1.909      0.523629
   1.912      0.522836
   1.915      0.522045
   1.918      0.521256
   1.921      0.520470
   1.924      0.519686
   1.927      0.518905
   1.930      0.518125
   1.933      0.517348
   1.935      0.516573
   1.938      0.515800
   1.941      0.515030
   1.944      0.514262
   1.947      0.513496
   1.950      0.512732
   1.953      0.511971
   1.956      0.511211
   1.959      0.510454
   1.962      0.509699
   1.965      0.508947
   1.967      0.508196
   1.970      0.507448
   1.973      0.506702
   1.976      0.505957
   1.979      0.505215
   1.982      0.504476
   1.985      0.503738
   1.988      0.503002
   1.991      0.502269
   1.994      0.501537
   1.997      0.500808
   1.999      0.500081
   2.002      0.499355
   2.005      0.498632
   2.008      0.497911
   2.011      0.497192
   2.014      0.496475
   2.017      0.495760
   2.020      0.495047
   2.023      0.494336
   2.026      0.493627
   2.029      0.492920
   2.032      0.492215
   2.034      0.491512
   2.037      0.490811
   2.040      0.490112
   2.043      0.489415
   2.046      0.488720
   2.049      0.488027
   2.052      0.487335
   2.055      0.486646
   2.058      0.485958
   2.061      0.485273
   2.064      0.484589
   2.066      0.483908
   2.069      0.483228
   2.072      0.482550
   2.075      0.481874
   2.078      0.481200
   2.081      0.480527
   2.084      0.479857
   2.087      0.479188
   2.090      0.478521
   2.093      0.477856
   2.096      0.477193
   2.098      0.476532
   2.101      0.475872
   2.104      0.475215
   2.107      0.474559
   2.110      0.473905
   2.113      0.473252
   2.116      0.472602
   2.119      0.471953
   2.122      0.471306
   2.125      0.470661
   2.128      0.470017
   2.130      0.469375
   2.133      0.468735
   2.136      0.468097
   2.139      0.467460
   2.142      0.466826
   2.145      0.466192
   2.148      0.465561
   2.151      0.464931
   2.154      0.464303
   2.157      0.463677
   2.160      0.463052
   2.162      0.462429
   2.165      0.461808
   2.168      0.461188
   2.171      0.460570
   2.174      0.459954
   2.177      0.459339
   2.180      0.458726
   2.183      0.458114
   2.186      0.457504
   2.189      0.456896
   2.192      0.456289
   2.194      0.455684
   2.197      0.455081
   2.200      0.454479
   2.203      0.453879
   2.206      0.453280
   2.209      0.452683
   2.212      0.452087
   2.215      0.451493
   2.218      0.450901
   2.221      0.450310
   2.224      0.449720
   2.227      0.449133
   2.229      0.448546
   2.232      0.447962
   2.235      0.447378
   2.238      0.446797
   2.241      0.446216
   2.244      0.445638
   2.247      0.445060
   2.250      0.444485
   2.253      0.443910
   2.256      0.443338
   2.259      0.442766
   2.261      0.442196
   2.264      0.441628
   2.267      0.441061
   2.270      0.440496
   2.273      0.439932
   2.276      0.439369
   2.279      0.438808
   2.282      0.438248
   2.285      0.437690
   2.288      0.437133
   2.291      0.436578
   2.293      0.436024
   2.296      0.435471
   2.299      0.434920
   2.302      0.434370
   2.305      0.433822
   2.308      0.433275
   2.311      0.432729
   2.314      0.432185
   2.317      0.431642
   2.320      0.431100
   2.323      0.430560
   2.325      0.430021
   2.328      0.429483
