   0.000      1.969392
   0.003      1.969391
   0.006      1.969391
   0.009      1.969390
   0.012      1.969389
   0.015      1.969387
   0.017      1.969382
   0.020      1.969374
   0.023      1.969362
   0.026      1.969345
   0.029      1.969321
   0.032      1.969289
   0.035      1.969247
   0.038      1.969193
   0.041      1.969125
   0.044      1.969041
   0.047      1.968940
   0.049      1.968818
   0.052      1.968674
   0.055      1.968504
   0.058      1.968306
   0.061      1.968078
   0.064      1.967817
   0.067      1.967520
   0.070      1.967184
   0.073      1.966807
   0.076      1.966385
   0.079      1.965916
   0.081      1.965396
   0.084      1.964823
   0.087      1.964194
   0.090      1.963507
   0.093      1.962758
   0.096      1.961945
   0.099      1.961065
   0.102      1.960115
   0.105      1.959094
   0.108      1.957999
   0.111      1.956827
   0.114      1.955578
   0.116      1.954248
   0.119      1.952835
   0.122      1.951340
   0.125      1.949759
   0.128      1.948092
   0.131      1.946337
   0.134      1.944493
   0.137      1.942561
   0.140      1.940538
   0.143      1.938425
   0.146      1.936221
   0.148      1.933927
   0.151      1.931542
   0.154      1.929066
   0.157      1.926500
   0.160      1.923845
   0.163      1.921101
   0.166      1.918268
   0.169      1.915349
   0.172      1.912343
   0.175      1.909252
   0.178      1.906078
   0.180      1.902821
   0.183      1.899483
   0.186      1.896066
   0.189      1.892570
   0.192      1.888999
   0.195      1.885352
   0.198      1.881633
   0.201      1.877841
   0.204      1.873981
   0.207      1.870052
   0.210      1.866056
   0.212      1.861996
   0.215      1.857873
   0.218      1.853689
   0.221      1.849444
   0.224      1.845142
   0.227      1.840783
   0.230      1.836369
   0.233      1.831902
   0.236      1.827382
   0.239      1.822812
   0.242      1.818193
   0.244      1.813526
   0.247      1.808813
   0.250      1.804055
   0.253      1.799253
   0.256      1.794409
   0.259      1.789524
   0.262      1.784599
   0.265      1.779635
   0.268      1.774635
   0.271      1.769598
   0.274      1.764526
   0.276      1.759421
   0.279      1.754284
   0.282      1.749115
   0.285      1.743916
   0.288      1.738688
   0.291      1.733433
   0.294      1.728151
   0.297      1.722844
   0.300      1.717512
   0.303      1.712158
   0.306      1.706781
   0.309      1.701385
   0.311      1.695968
   0.314      1.690534
   0.317      1.685082
   0.320      1.679614
   0.323      1.674131
   0.326      1.668635
   0.329      1.663126
   0.332      1.657605
   0.335      1.652074
   0.338      1.646534
   0.341      1.640986
   0.343      1.635431
   0.346      1.629870
   0.349      1.624304
   0.352      1.618735
   0.355      1.613162
   0.358      1.607588
   0.361      1.602013
   0.364      1.596438
   0.367      1.590865
   0.370      1.585294
   0.373      1.579726
   0.375      1.574163
   0.378      1.568605
   0.381      1.563052
   0.384      1.557507
   0.387      1.551969
   0.390      1.546441
   0.393      1.540921
   0.396      1.535412
   0.399      1.529915
   0.402      1.524429
   0.405      1.518956
   0.407      1.513497
   0.410      1.508052
   0.413      1.502622
   0.416      1.497208
   0.419      1.491811
   0.422      1.486431
   0.425      1.481068
   0.428      1.475724
   0.431      1.470399
   0.434      1.465094
   0.437      1.459809
   0.439      1.454545
   0.442      1.449303
   0.445      1.444082
   0.448      1.438885
   0.451      1.433710
   0.454      1.428559
   0.457      1.423432
   0.460      1.418329
   0.463      1.413252
   0.466      1.408199
   0.469      1.403173
   0.471      1.398173
   0.474      1.393200
   0.477      1.388253
   0.480      1.383334
   0.483      1.378443
   0.486      1.373579
   0.489      1.368744
   0.492      1.363938
   0.495      1.359160
   0.498      1.354412
   0.501      1.349693
   0.504      1.345003
   0.506      1.340344
   0.509      1.335715
   0.512      1.331115
   0.515      1.326547
   0.518      1.322008
   0.521      1.317501
   0.524      1.313024
   0.527      1.308579
   0.530      1.304165
   0.533      1.299782
   0.536      1.295430
   0.538      1.291109
   0.541      1.286820
   0.544      1.282563
   0.547      1.278337
   0.550      1.274143
   0.553      1.269980
   0.556      1.265849
   0.559      1.261749
   0.562      1.257681
   0.565      1.253645
   0.568      1.249640
   0.570      1.245667
   0.573      1.241725
   0.576      1.237814
   0.579      1.233935
   0.582      1.230087
   0.585      1.226270
   0.588      1.222484
   0.591      1.218729
   0.594      1.215005
   0.597      1.211312
   0.600      1.207649
   0.602      1.204016
   0.605      1.200414
   0.608      1.196842
   0.611      1.193300
   0.614      1.189787
   0.617      1.186305
   0.620      1.182851
   0.623      1.179427
   0.626      1.176032
   0.629      1.172666
   0.632      1.169329
   0.634      1.166020
   0.637      1.162739
   0.640      1.159486
   0.643      1.156261
   0.646      1.153064
   0.649      1.149894
   0.652      1.146751
   0.655      1.143635
   0.658      1.140546
   0.661      1.137483
   0.664      1.134447
   0.666      1.131436
   0.669      1.128451
   0.672      1.125491
   0.675      1.122556
   0.678      1.119647
   0.681      1.116762
   0.684      1.113901
   0.687      1.111065
   0.690      1.108252
   0.693      1.105463
   0.696      1.102697
   0.699      1.099954
   0.701      1.097234
   0.704      1.094536
   0.707      1.091861
   0.710      1.089207
   0.713      1.086576
   0.716      1.083965
   0.719      1.081376
   0.722      1.078807
   0.725      1.076259
   0.728      1.073732
   0.731      1.071224
   0.733      1.068736
   0.736      1.066267
   0.739      1.063818
   0.742      1.061388
   0.745      1.058976
   0.748      1.056582
   0.751      1.054207
   0.754      1.051849
   0.757      1.049509
   0.760      1.047186
   0.763      1.044881
   0.765      1.042592
   0.768      1.040319
   0.771      1.038063
   0.774      1.035823
   0.777      1.033598
   0.780      1.031389
   0.783      1.029195
   0.786      1.027016
   0.789      1.024852
   0.792      1.022702
   0.795      1.020567
   0.797      1.018445
   0.800      1.016337
   0.803      1.014243
   0.806      1.012162
   0.809      1.010094
   0.812      1.008039
   0.815      1.005996
   0.818      1.003966
   0.821      1.001947
   0.824      0.999941
   0.827      0.997946
   0.829      0.995963
   0.832      0.993991
   0.835      0.992030
   0.838      0.990080
   0.841      0.988141
   0.844      0.986212
   0.847      0.984293
   0.850      0.982384
   0.853      0.980485
   0.856      0.978596
   0.859      0.976716
   0.862      0.974846
   0.864      0.972984
   0.867      0.971132
   0.870      0.969288
   0.873      0.967453
   0.876      0.965626
   0.879      0.963807
   0.882      0.961997
   0.885      0.960194
   0.888      0.958399
   0.891      0.956612
   0.894      0.954832
   0.896      0.953060
   0.899      0.951294
   0.902      0.949536
   0.905      0.947784
   0.908      0.946039
   0.911      0.944301
   0.914      0.942569
   0.917      0.940844
   0.920      0.939124
   0.923      0.937411
   0.926      0.935704
   0.928      0.934002
   0.931      0.932306
   0.934      0.930616
   0.937      0.928931
   0.940      0.927252
   0.943      0.925578
   0.946      0.923909
   0.949      0.922245
   0.952      0.920586
   0.955      0.918931
   0.958      0.917282
   0.960      0.915637
   0.963      0.913997
   0.966      0.912361
   0.969      0.910730
   0.972      0.909102
   0.975      0.907480
   0.978      0.905861
   0.981      0.904246
   0.984      0.902636
   0.987      0.901029
   0.990      0.899426
   0.992      0.897827
   0.995      0.896231
   0.998      0.894640
   1.001      0.893051
   1.004      0.891467
   1.007      0.889886
   1.010      0.888308
   1.013      0.886733
   1.016      0.885162
   1.019      0.883594
   1.022      0.882029
   1.024      0.880468
   1.027      0.878909
   1.030      0.877354
   1.033      0.875801
   1.036      0.874252
   1.039      0.872705
   1.042      0.871162
   1.045      0.869621
   1.048      0.868083
   1.051      0.866548
   1.054      0.865015
   1.057      0.863485
   1.059      0.861958
   1.062      0.860434
   1.065      0.858912
   1.068      0.857393
   1.071      0.855876
   1.074      0.854362
   1.077      0.852850
   1.080      0.851341
   1.083      0.849834
   1.086      0.848330
   1.089      0.846828
   1.091      0.845329
   1.094      0.843832
   1.097      0.842337
   1.100      0.840845
   1.103      0.839355
   1.106      0.837867
   1.109      0.836382
   1.112      0.834899
   1.115      0.833418
   1.118      0.831940
   1.121      0.830464
   1.123      0.828990
   1.126      0.827519
   1.129      0.826049
   1.132      0.824582
   1.135      0.823118
   1.138      0.821655
   1.141      0.820195
   1.144      0.818737
   1.147      0.817281
   1.150      0.815827
   1.153      0.814376
   1.155      0.812927
   1.158      0.811480
   1.161      0.810035
   1.164      0.808592
   1.167      0.807152
   1.170      0.805714
   1.173      0.804278
   1.176      0.802844
   1.179      0.801413
   1.182      0.799984
   1.185      0.798557
   1.187      0.797132
   1.190      0.795709
   1.193      0.794289
   1.196      0.792871
   1.199      0.791455
   1.202      0.790042
   1.205      0.788630
   1.208      0.787221
   1.211      0.785814
   1.214      0.784410
   1.217      0.783008
   1.219      0.781608
   1.222      0.780210
   1.225      0.778815
   1.228      0.777422
   1.231      0.776031
   1.234      0.774642
   1.237      0.773256
   1.240      0.771872
   1.243      0.770491
   1.246      0.769112
   1.249      0.767735
   1.252      0.766361
   1.254      0.764989
   1.257      0.763619
   1.260      0.762252
   1.263      0.760887
   1.266      0.759524
   1.269      0.758164
   1.272      0.756806
   1.275      0.755451
   1.278      0.754098
   1.281      0.752748
   1.284      0.751400
   1.286      0.750054
   1.289      0.748711
   1.292      0.747370
   1.295      0.746032
   1.298      0.744697
   1.301      0.743363
   1.304      0.742033
   1.307      0.740705
   1.310      0.739379
   1.313      0.738056
   1.316      0.736735
   1.318      0.735417
   1.321      0.734101
   1.324      0.732788
   1.327      0.731478
   1.330      0.730170
   1.333      0.728865
   1.336      0.727562
   1.339      0.726262
   1.342      0.724964
   1.345      0.723669
   1.348      0.722377
   1.350      0.721087
   1.353      0.719800
   1.356      0.718516
   1.359      0.717234
   1.362      0.715955
   1.365      0.714678
   1.368      0.713404
   1.371      0.712133
   1.374      0.710864
   1.377      0.709598
   1.380      0.708335
   1.382      0.707074
   1.385      0.705816
   1.388      0.704561
   1.391      0.703309
   1.394      0.702059
   1.397      0.700812
   1.400      0.699567
   1.403      0.698325
   1.406      0.697086
   1.409      0.695850
   1.412      0.694617
   1.414      0.693386
   1.417      0.692158
   1.420      0.690932
   1.423      0.689710
   1.426      0.688490
   1.429      0.687273
   1.432      0.686058
   1.435      0.684847
   1.438      0.683638
   1.441      0.682432
   1.444      0.681228
   1.447      0.680028
   1.449      0.678830
   1.452      0.677635
   1.455      0.676443
   1.458      0.675253
   1.461      0.674067
   1.464      0.672883
   1.467      0.671702
   1.470      0.670523
   1.473      0.669348
   1.476      0.668175
   1.479      0.667005
   1.481      0.665838
   1.484      0.664673
   1.487      0.663512
   1.490      0.662353
   1.493      0.661197
   1.496      0.660044
   1.499      0.658893
   1.502      0.657746
   1.505      0.656601
   1.508      0.655459
   1.511      0.654319
   1.513      0.653183
   1.516      0.652049
   1.519      0.650918
   1.522      0.649790
   1.525      0.648665
   1.528      0.647542
   1.531      0.646423
   1.534      0.645306
   1.537      0.644192
   1.540      0.643080
   1.543      0.641972
   1.545      0.640866
   1.548      0.639763
   1.551      0.638663
   1.554      0.637565
   1.557      0.636471
   1.560      0.635379
   1.563      0.634290
   1.566      0.633204
   1.569      0.632120
   1.572      0.631039
   1.575      0.629961
   1.577      0.628886
   1.580      0.627814
   1.583      0.626744
   1.586      0.625677
   1.589      0.624613
   1.592      0.623552
   1.595      0.622493
   1.598      0.621437
   1.601      0.620384
   1.604      0.619333
   1.607      0.618286
   1.609      0.617241
   1.612      0.616199
   1.615      0.615159
   1.618      0.614122
   1.621      0.613088
   1.624      0.612057
   1.627      0.611028
   1.630      0.610002
   1.633      0.608979
   1.636      0.607959
   1.639      0.606941
   1.642      0.605926
   1.644      0.604914
   1.647      0.603904
   1.650      0.602897
   1.653      0.601893
   1.656      0.600891
   1.659      0.599892
   1.662      0.598896
   1.665      0.597902
   1.668      0.596911
   1.671      0.595923
   1.674      0.594937
   1.676      0.593954
   1.679      0.592974
   1.682      0.591996
   1.685      0.591021
   1.688      0.590049
   1.691      0.589079
   1.694      0.588112
   1.697      0.587147
   1.700      0.586185
   1.703      0.585226
   1.706      0.584269
   1.708      0.583315
   1.711      0.582363
   1.714      0.581414
   1.717      0.580468
   1.720      0.579524
   1.723      0.578582
   1.726      0.577644
   1.729      0.576707
   1.732      0.575774
   1.735      0.574843
   1.738      0.573914
   1.740      0.572988
   1.743      0.572065
   1.746      0.571144
   1.749      0.570225
   1.752      0.569309
   1.755      0.568396
   1.758      0.567485
   1.761      0.566577
   1.764      0.565671
   1.767      0.564767
   1.770      0.563866
   1.772      0.562968
   1.775      0.562072
   1.778      0.561178
   1.781      0.560287
   1.784      0.559398
   1.787      0.558512
   1.790      0.557628
   1.793      0.556747
   1.796      0.555868
   1.799      0.554992
   1.802      0.554118
   1.804      0.553246
   1.807      0.552377
   1.810      0.551510
   1.813      0.550645
   1.816      0.549783
   1.819      0.548924
   1.822      0.548066
   1.825      0.547211
   1.828      0.546359
   1.831      0.545508
   1.834      0.544660
   1.837      0.543815
   1.839      0.542972
   1.842      0.542131
   1.845      0.541292
   1.848      0.540456
   1.851      0.539622
   1.854      0.538790
   1.857      0.537961
   1.860      0.537134
   1.863      0.536309
   1.866      0.535487
   1.869      0.534666
   1.871      0.533848
   1.874      0.533033
   1.877      0.532219
   1.880      0.531408
   1.883      0.530599
   1.886      0.529792
   1.889      0.528988
   1.892      0.528186
   1.895      0.527386
   1.898      0.526588
   1.901      0.525792
   1.903      0.524999
   1.906      0.524207
   1.909      0.523418
   1.912      0.522631
   1.915      0.521847
   1.918      0.521064
   1.921      0.520284
   1.924      0.519506
   1.927      0.518730
   1.930      0.517956
   1.933      0.517184
   1.935      0.516414
   1.938      0.515647
   1.941      0.514881
   1.944      0.514118
   1.947      0.513357
   1.950      0.512597
   1.953      0.511840
   1.956      0.511085
   1.959      0.510333
   1.962      0.509582
   1.965      0.508833
   1.967      0.508086
   1.970      0.507342
   1.973      0.506599
   1.976      0.505859
   1.979      0.505120
   1.982      0.504384
   1.985      0.503649
   1.988      0.502917
   1.991      0.502186
   1.994      0.501458
   1.997      0.500731
   1.999      0.500007
   2.002      0.499284
   2.005      0.498564
   2.008      0.497845
   2.011      0.497129
   2.014      0.496414
   2.017      0.495702
   2.020      0.494991
   2.023      0.494282
   2.026      0.493575
   2.029      0.492871
   2.032      0.492168
   2.034      0.491467
   2.037      0.490767
   2.040      0.490070
   2.043      0.489375
   2.046      0.488681
   2.049      0.487990
   2.052      0.487300
   2.055      0.486612
   2.058      0.485926
   2.061      0.485242
   2.064      0.484560
   2.066      0.483880
   2.069      0.483201
   2.072      0.482524
   2.075      0.481850
   2.078      0.481176
   2.081      0.480505
   2.084      0.479836
   2.087      0.479168
   2.090      0.478502
   2.093      0.477838
   2.096      0.477176
   2.098      0.476516
   2.101      0.475857
   2.104      0.475200
   2.107      0.474545
   2.110      0.473892
   2.113      0.473240
   2.116      0.472590
   2.119      0.471942
   2.122      0.471296
   2.125      0.470651
   2.128      0.470008
   2.130      0.469367
   2.133      0.468727
   2.136      0.468089
   2.139      0.467453
   2.142      0.466819
   2.145      0.466186
   2.148      0.465555
   2.151      0.464926
   2.154      0.464298
   2.157      0.463672
   2.160      0.463048
   2.162      0.462425
   2.165      0.461804
   2.168      0.461184
   2.171      0.460567
   2.174      0.459950
   2.177      0.459336
   2.180      0.458723
   2.183      0.458112
   2.186      0.457502
   2.189      0.456894
   2.192      0.456287
   2.194      0.455682
   2.197      0.455079
   2.200      0.454477
   2.203      0.453877
   2.206      0.453279
   2.209      0.452682
   2.212      0.452086
   2.215      0.451492
   2.218      0.450900
   2.221      0.450309
   2.224      0.449720
   2.227      0.449132
   2.229      0.448546
   2.232      0.447961
   2.235      0.447378
   2.238      0.446796
   2.241      0.446216
   2.244      0.445637
   2.247      0.445060
   2.250      0.444484
   2.253      0.443910
   2.256      0.443337
   2.259      0.442766
   2.261      0.442196
   2.264      0.441628
   2.267      0.441061
   2.270      0.440496
   2.273      0.439932
   2.276      0.439369
   2.279      0.438808
   2.282      0.438248
   2.285      0.437690
   2.288      0.437133
   2.291      0.436578
   2.293      0.436024
   2.296      0.435471
   2.299      0.434920
   2.302      0.434370
   2.305      0.433822
   2.308      0.433274
   2.311      0.432729
   2.314      0.432184
   2.317      0.431642
   2.320      0.431100
   2.323      0.430560
   2.325      0.430021
   2.328      0.429483
