   0.000    -22.747347
   0.003    -19.703730
   0.006    -16.460249
   0.009    -13.623081
   0.012    -11.886969
   0.015    -10.754654
   0.017     -9.984209
   0.020     -9.461473
   0.023     -9.114334
   0.026     -8.879034
   0.029     -8.722026
   0.032     -8.622165
   0.035     -8.562281
   0.038     -8.530263
   0.041     -8.518405
   0.044     -8.521447
   0.047     -8.534486
   0.049     -8.554525
   0.052     -8.579623
   0.055     -8.608001
   0.058     -8.638444
   0.061     -8.670201
   0.064     -8.702739
   0.067     -8.735548
   0.070     -8.768361
   0.073     -8.801066
   0.076     -8.833462
   0.079     -8.865462
   0.081     -8.897049
   0.084     -8.928197
   0.087     -8.958837
   0.090     -8.988953
   0.093     -9.018589
   0.096     -9.047679
   0.099     -9.076207
   0.102     -9.104189
   0.105     -9.131608
   0.108     -9.158420
   0.111     -9.184608
   0.114     -9.210191
   0.116     -9.235125
   0.119     -9.259392
   0.122     -9.282993
   0.125     -9.305927
   0.128     -9.328175
   0.131     -9.349745
   0.134     -9.370676
   0.137     -9.390967
   0.140     -9.410645
   0.143     -9.429766
   0.146     -9.448380
   0.148     -9.466537
   0.151     -9.484304
   0.154     -9.501779
   0.157     -9.519029
   0.160     -9.536139
   0.163     -9.553219
   0.166     -9.570354
   0.169     -9.587628
   0.172     -9.605125
   0.175     -9.622926
   0.178     -9.641077
   0.180     -9.659617
   0.183     -9.678576
   0.186     -9.697941
   0.189     -9.717673
   0.192     -9.737708
   0.195     -9.757963
   0.198     -9.778313
   0.201     -9.798607
   0.204     -9.818656
   0.207     -9.838273
   0.210     -9.857218
   0.212     -9.875180
   0.215     -9.891828
   0.218     -9.906806
   0.221     -9.919678
   0.224     -9.929912
   0.227     -9.937177
   0.230     -9.941076
   0.233     -9.941184
   0.236     -9.937244
   0.239     -9.929081
   0.242     -9.916495
   0.244     -9.899248
   0.247     -9.877379
   0.250     -9.850831
   0.253     -9.819467
   0.256     -9.783350
   0.259     -9.742560
   0.262     -9.697107
   0.265     -9.646980
   0.268     -9.592393
   0.271     -9.533455
   0.274     -9.470164
   0.276     -9.402744
   0.279     -9.331371
   0.282     -9.256148
   0.285     -9.177185
   0.288     -9.094734
   0.291     -9.008957
   0.294     -8.919899
   0.297     -8.827819
   0.300     -8.732891
   0.303     -8.635221
   0.306     -8.534946
   0.309     -8.432283
   0.311     -8.327382
   0.314     -8.220291
   0.317     -8.111254
   0.320     -8.000421
   0.323     -7.887892
   0.326     -7.773816
   0.329     -7.658381
   0.332     -7.541730
   0.335     -7.423953
   0.338     -7.305262
   0.341     -7.185808
   0.343     -7.065710
   0.346     -6.945132
   0.349     -6.824246
   0.352     -6.703198
   0.355     -6.582117
   0.358     -6.461181
   0.361     -6.340542
   0.364     -6.220335
   0.367     -6.100708
   0.370     -5.981812
   0.373     -5.863785
   0.375     -5.746754
   0.378     -5.630856
   0.381     -5.516215
   0.384     -5.402956
   0.387     -5.291184
   0.390     -5.181004
   0.393     -5.072523
   0.396     -4.965835
   0.399     -4.861013
   0.402     -4.758134
   0.405     -4.657290
   0.407     -4.558516
   0.410     -4.461862
   0.413     -4.367388
   0.416     -4.275129
   0.419     -4.185095
   0.422     -4.097303
   0.425     -4.011804
   0.428     -3.928562
   0.431     -3.847572
   0.434     -3.768847
   0.437     -3.692364
   0.439     -3.618081
   0.442     -3.545969
   0.445     -3.476029
   0.448     -3.408186
   0.451     -3.342391
   0.454     -3.278619
   0.457     -3.216812
   0.460     -3.156899
   0.463     -3.098823
   0.466     -3.042547
   0.469     -2.987988
   0.471     -2.935079
   0.474     -2.883770
   0.477     -2.833988
   0.480     -2.785666
   0.483     -2.738743
   0.486     -2.693157
   0.489     -2.648837
   0.492     -2.605724
   0.495     -2.563766
   0.498     -2.522894
   0.501     -2.483050
   0.504     -2.444186
   0.506     -2.406251
   0.509     -2.369188
   0.512     -2.332949
   0.515     -2.297496
   0.518     -2.262783
   0.521     -2.228769
   0.524     -2.195417
   0.527     -2.162694
   0.530     -2.130565
   0.533     -2.099001
   0.536     -2.067976
   0.538     -2.037464
   0.541     -2.007440
   0.544     -1.977885
   0.547     -1.948781
   0.550     -1.920110
   0.553     -1.891858
   0.556     -1.864006
   0.559     -1.836547
   0.562     -1.809470
   0.565     -1.782765
   0.568     -1.756421
   0.570     -1.730433
   0.573     -1.704792
   0.576     -1.679497
   0.579     -1.654541
   0.582     -1.629917
   0.585     -1.605621
   0.588     -1.581652
   0.591     -1.558008
   0.594     -1.534685
   0.597     -1.511677
   0.600     -1.488984
   0.602     -1.466605
   0.605     -1.444537
   0.608     -1.422777
   0.611     -1.401324
   0.614     -1.380173
   0.617     -1.359324
   0.620     -1.338775
   0.623     -1.318524
   0.626     -1.298566
   0.629     -1.278900
   0.632     -1.259523
   0.634     -1.240434
   0.637     -1.221627
   0.640     -1.203102
   0.643     -1.184855
   0.646     -1.166881
   0.649     -1.149180
   0.652     -1.131747
   0.655     -1.114579
   0.658     -1.097673
   0.661     -1.081026
   0.664     -1.064633
   0.666     -1.048491
   0.669     -1.032598
   0.672     -1.016949
   0.675     -1.001541
   0.678     -0.986372
   0.681     -0.971436
   0.684     -0.956730
   0.687     -0.942252
   0.690     -0.927997
   0.693     -0.913963
   0.696     -0.900145
   0.699     -0.886542
   0.701     -0.873148
   0.704     -0.859961
   0.707     -0.846978
   0.710     -0.834195
   0.713     -0.821610
   0.716     -0.809219
   0.719     -0.797018
   0.722     -0.785005
   0.725     -0.773178
   0.728     -0.761532
   0.731     -0.750066
   0.733     -0.738776
   0.736     -0.727659
   0.739     -0.716712
   0.742     -0.705934
   0.745     -0.695321
   0.748     -0.684870
   0.751     -0.674579
   0.754     -0.664446
   0.757     -0.654467
   0.760     -0.644641
   0.763     -0.634965
   0.765     -0.625436
   0.768     -0.616052
   0.771     -0.606812
   0.774     -0.597712
   0.777     -0.588750
   0.780     -0.579925
   0.783     -0.571234
   0.786     -0.562674
   0.789     -0.554245
   0.792     -0.545943
   0.795     -0.537767
   0.797     -0.529715
   0.800     -0.521785
   0.803     -0.513974
   0.806     -0.506281
   0.809     -0.498705
   0.812     -0.491243
   0.815     -0.483894
   0.818     -0.476655
   0.821     -0.469525
   0.824     -0.462503
   0.827     -0.455586
   0.829     -0.448773
   0.832     -0.442063
   0.835     -0.435454
   0.838     -0.428944
   0.841     -0.422531
   0.844     -0.416214
   0.847     -0.409993
   0.850     -0.403864
   0.853     -0.397827
   0.856     -0.391881
   0.859     -0.386024
   0.862     -0.380254
   0.864     -0.374570
   0.867     -0.368971
   0.870     -0.363456
   0.873     -0.358023
   0.876     -0.352671
   0.879     -0.347399
   0.882     -0.342206
   0.885     -0.337089
   0.888     -0.332049
   0.891     -0.327084
   0.894     -0.322193
   0.896     -0.317375
   0.899     -0.312628
   0.902     -0.307952
   0.905     -0.303345
   0.908     -0.298806
   0.911     -0.294335
   0.914     -0.289931
   0.917     -0.285591
   0.920     -0.281316
   0.923     -0.277104
   0.926     -0.272955
   0.928     -0.268867
   0.931     -0.264839
   0.934     -0.260871
   0.937     -0.256962
   0.940     -0.253111
   0.943     -0.249316
   0.946     -0.245578
   0.949     -0.241895
   0.952     -0.238266
   0.955     -0.234691
   0.958     -0.231169
   0.960     -0.227698
   0.963     -0.224279
   0.966     -0.220910
   0.969     -0.217591
   0.972     -0.214321
   0.975     -0.211099
   0.978     -0.207924
   0.981     -0.204797
   0.984     -0.201715
   0.987     -0.198679
   0.990     -0.195687
   0.992     -0.192740
   0.995     -0.189835
   0.998     -0.186974
   1.001     -0.184155
   1.004     -0.181377
   1.007     -0.178640
   1.010     -0.175943
   1.013     -0.173286
   1.016     -0.170668
   1.019     -0.168088
   1.022     -0.165546
   1.024     -0.163042
   1.027     -0.160575
   1.030     -0.158143
   1.033     -0.155748
   1.036     -0.153387
   1.039     -0.151062
   1.042     -0.148770
   1.045     -0.146512
   1.048     -0.144287
   1.051     -0.142095
   1.054     -0.139935
   1.057     -0.137807
   1.059     -0.135710
   1.062     -0.133644
   1.065     -0.131608
   1.068     -0.129602
   1.071     -0.127626
   1.074     -0.125678
   1.077     -0.123760
   1.080     -0.121869
   1.083     -0.120006
   1.086     -0.118170
   1.089     -0.116362
   1.091     -0.114580
   1.094     -0.112824
   1.097     -0.111094
   1.100     -0.109389
   1.103     -0.107709
   1.106     -0.106054
   1.109     -0.104424
   1.112     -0.102817
   1.115     -0.101234
   1.118     -0.099674
   1.121     -0.098137
   1.123     -0.096623
   1.126     -0.095131
   1.129     -0.093661
   1.132     -0.092213
   1.135     -0.090785
   1.138     -0.089379
   1.141     -0.087994
   1.144     -0.086629
   1.147     -0.085284
   1.150     -0.083959
   1.153     -0.082653
   1.155     -0.081367
   1.158     -0.080099
   1.161     -0.078851
   1.164     -0.077620
   1.167     -0.076408
   1.170     -0.075214
   1.173     -0.074037
   1.176     -0.072878
   1.179     -0.071736
   1.182     -0.070610
   1.185     -0.069502
   1.187     -0.068409
   1.190     -0.067333
   1.193     -0.066273
   1.196     -0.065229
   1.199     -0.064199
   1.202     -0.063186
   1.205     -0.062187
   1.208     -0.061203
   1.211     -0.060233
   1.214     -0.059278
   1.217     -0.058338
   1.219     -0.057411
   1.222     -0.056498
   1.225     -0.055598
   1.228     -0.054712
   1.231     -0.053839
   1.234     -0.052979
   1.237     -0.052132
   1.240     -0.051297
   1.243     -0.050475
   1.246     -0.049665
   1.249     -0.048867
   1.252     -0.048081
   1.254     -0.047307
   1.257     -0.046544
   1.260     -0.045793
   1.263     -0.045053
   1.266     -0.044324
   1.269     -0.043607
   1.272     -0.042899
   1.275     -0.042203
   1.278     -0.041517
   1.281     -0.040841
   1.284     -0.040175
   1.286     -0.039519
   1.289     -0.038874
   1.292     -0.038238
   1.295     -0.037611
   1.298     -0.036994
   1.301     -0.036386
   1.304     -0.035788
   1.307     -0.035198
   1.310     -0.034618
   1.313     -0.034046
   1.316     -0.033483
   1.318     -0.032928
   1.321     -0.032382
   1.324     -0.031844
   1.327     -0.031314
   1.330     -0.030793
   1.333     -0.030279
   1.336     -0.029773
   1.339     -0.029275
   1.342     -0.028784
   1.345     -0.028301
   1.348     -0.027825
   1.350     -0.027357
   1.353     -0.026896
   1.356     -0.026442
   1.359     -0.025994
   1.362     -0.025554
   1.365     -0.025120
   1.368     -0.024694
   1.371     -0.024273
   1.374     -0.023859
   1.377     -0.023452
   1.380     -0.023051
   1.382     -0.022656
   1.385     -0.022267
   1.388     -0.021884
   1.391     -0.021507
   1.394     -0.021136
   1.397     -0.020771
   1.400     -0.020412
   1.403     -0.020058
   1.406     -0.019709
   1.409     -0.019366
   1.412     -0.019029
   1.414     -0.018696
   1.417     -0.018369
   1.420     -0.018047
   1.423     -0.017730
   1.426     -0.017418
   1.429     -0.017111
   1.432     -0.016809
   1.435     -0.016512
   1.438     -0.016219
   1.441     -0.015931
   1.444     -0.015648
   1.447     -0.015369
   1.449     -0.015094
   1.452     -0.014824
   1.455     -0.014558
   1.458     -0.014296
   1.461     -0.014039
   1.464     -0.013786
   1.467     -0.013536
   1.470     -0.013291
   1.473     -0.013050
   1.476     -0.012812
   1.479     -0.012579
   1.481     -0.012349
   1.484     -0.012123
   1.487     -0.011900
   1.490     -0.011682
   1.493     -0.011466
   1.496     -0.011255
   1.499     -0.011046
   1.502     -0.010841
   1.505     -0.010640
   1.508     -0.010442
   1.511     -0.010247
   1.513     -0.010055
   1.516     -0.009866
   1.519     -0.009681
   1.522     -0.009498
   1.525     -0.009319
   1.528     -0.009142
   1.531     -0.008969
   1.534     -0.008798
   1.537     -0.008630
   1.540     -0.008465
   1.543     -0.008303
   1.545     -0.008144
   1.548     -0.007987
   1.551     -0.007833
   1.554     -0.007681
   1.557     -0.007532
   1.560     -0.007385
   1.563     -0.007241
   1.566     -0.007100
   1.569     -0.006961
   1.572     -0.006824
   1.575     -0.006689
   1.577     -0.006557
   1.580     -0.006427
   1.583     -0.006300
   1.586     -0.006174
   1.589     -0.006051
   1.592     -0.005930
   1.595     -0.005811
   1.598     -0.005694
   1.601     -0.005579
   1.604     -0.005466
   1.607     -0.005355
   1.609     -0.005246
   1.612     -0.005139
   1.615     -0.005034
   1.618     -0.004930
   1.621     -0.004829
   1.624     -0.004729
   1.627     -0.004631
   1.630     -0.004535
   1.633     -0.004441
   1.636     -0.004348
   1.639     -0.004257
   1.642     -0.004167
   1.644     -0.004079
   1.647     -0.003993
   1.650     -0.003908
   1.653     -0.003825
   1.656     -0.003744
   1.659     -0.003663
   1.662     -0.003585
   1.665     -0.003507
   1.668     -0.003432
   1.671     -0.003357
   1.674     -0.003284
   1.676     -0.003212
   1.679     -0.003142
   1.682     -0.003073
   1.685     -0.003005
   1.688     -0.002939
   1.691     -0.002874
   1.694     -0.002810
   1.697     -0.002747
   1.700     -0.002685
   1.703     -0.002625
   1.706     -0.002566
   1.708     -0.002508
   1.711     -0.002451
   1.714     -0.002395
   1.717     -0.002340
   1.720     -0.002286
   1.723     -0.002233
   1.726     -0.002182
   1.729     -0.002131
   1.732     -0.002081
   1.735     -0.002033
   1.738     -0.001985
   1.740     -0.001938
   1.743     -0.001892
   1.746     -0.001847
   1.749     -0.001803
   1.752     -0.001760
   1.755     -0.001718
   1.758     -0.001676
   1.761     -0.001636
   1.764     -0.001596
   1.767     -0.001557
   1.770     -0.001519
   1.772     -0.001482
   1.775     -0.001445
   1.778     -0.001409
   1.781     -0.001374
   1.784     -0.001340
   1.787     -0.001306
   1.790     -0.001273
   1.793     -0.001241
   1.796     -0.001209
   1.799     -0.001179
   1.802     -0.001148
   1.804     -0.001119
   1.807     -0.001090
   1.810     -0.001062
   1.813     -0.001034
   1.816     -0.001007
   1.819     -0.000980
   1.822     -0.000954
   1.825     -0.000929
   1.828     -0.000904
   1.831     -0.000880
   1.834     -0.000856
   1.837     -0.000833
   1.839     -0.000811
   1.842     -0.000788
   1.845     -0.000767
   1.848     -0.000746
   1.851     -0.000725
   1.854     -0.000705
   1.857     -0.000685
   1.860     -0.000666
   1.863     -0.000647
   1.866     -0.000629
   1.869     -0.000611
   1.871     -0.000593
   1.874     -0.000576
   1.877     -0.000559
   1.880     -0.000543
   1.883     -0.000527
   1.886     -0.000512
   1.889     -0.000497
   1.892     -0.000482
   1.895     -0.000467
   1.898     -0.000453
   1.901     -0.000440
   1.903     -0.000426
   1.906     -0.000413
   1.909     -0.000401
   1.912     -0.000388
   1.915     -0.000376
   1.918     -0.000364
   1.921     -0.000353
   1.924     -0.000342
   1.927     -0.000331
   1.930     -0.000320
   1.933     -0.000310
   1.935     -0.000300
   1.938     -0.000290
   1.941     -0.000281
   1.944     -0.000272
   1.947     -0.000263
   1.950     -0.000254
   1.953     -0.000245
   1.956     -0.000237
   1.959     -0.000229
   1.962     -0.000221
   1.965     -0.000213
   1.967     -0.000206
   1.970     -0.000199
   1.973     -0.000192
   1.976     -0.000185
   1.979     -0.000179
   1.982     -0.000172
   1.985     -0.000166
   1.988     -0.000160
   1.991     -0.000154
   1.994     -0.000148
   1.997     -0.000143
   1.999     -0.000137
   2.002     -0.000132
   2.005     -0.000127
   2.008     -0.000122
   2.011     -0.000118
   2.014     -0.000113
   2.017     -0.000109
   2.020     -0.000104
   2.023     -0.000100
   2.026     -0.000096
   2.029     -0.000092
   2.032     -0.000088
   2.034     -0.000085
   2.037     -0.000081
   2.040     -0.000078
   2.043     -0.000075
   2.046     -0.000071
   2.049     -0.000068
   2.052     -0.000065
   2.055     -0.000062
   2.058     -0.000060
   2.061     -0.000057
   2.064     -0.000054
   2.066     -0.000052
   2.069     -0.000050
   2.072     -0.000047
   2.075     -0.000045
   2.078     -0.000043
   2.081     -0.000041
   2.084     -0.000039
   2.087     -0.000037
   2.090     -0.000035
   2.093     -0.000033
   2.096     -0.000032
   2.098     -0.000030
   2.101     -0.000028
   2.104     -0.000027
   2.107     -0.000026
   2.110     -0.000024
   2.113     -0.000023
   2.116     -0.000022
   2.119     -0.000020
   2.122     -0.000019
   2.125     -0.000018
   2.128     -0.000017
   2.130     -0.000016
   2.133     -0.000015
   2.136     -0.000014
   2.139     -0.000013
   2.142     -0.000012
   2.145     -0.000012
   2.148     -0.000011
   2.151     -0.000010
   2.154     -0.000010
   2.157     -0.000009
   2.160     -0.000008
   2.162     -0.000008
   2.165     -0.000007
   2.168     -0.000007
   2.171     -0.000006
   2.174     -0.000006
   2.177     -0.000005
   2.180     -0.000005
   2.183     -0.000004
   2.186     -0.000004
   2.189     -0.000004
   2.192     -0.000003
   2.194     -0.000003
   2.197     -0.000003
   2.200     -0.000003
   2.203     -0.000002
   2.206     -0.000002
   2.209     -0.000002
   2.212     -0.000002
   2.215     -0.000002
   2.218     -0.000001
   2.221     -0.000001
   2.224     -0.000001
   2.227     -0.000001
   2.229     -0.000001
   2.232     -0.000001
   2.235     -0.000001
   2.238     -0.000001
   2.241     -0.000001
   2.244      0.000000
   2.247      0.000000
   2.250      0.000000
   2.253      0.000000
   2.256      0.000000
   2.259      0.000000
   2.261      0.000000
   2.264      0.000000
   2.267      0.000000
   2.270      0.000000
   2.273      0.000000
   2.276      0.000000
   2.279      0.000000
   2.282      0.000000
   2.285      0.000000
   2.288      0.000000
   2.291      0.000000
   2.293      0.000000
   2.296      0.000000
   2.299      0.000000
   2.302      0.000000
   2.305      0.000000
   2.308      0.000000
   2.311      0.000000
   2.314      0.000000
   2.317      0.000000
   2.320      0.000000
   2.323      0.000000
   2.325      0.000000
   2.328      0.000000
