   0.000      1.160625
   0.003      1.160625
   0.005      1.160625
   0.008      1.160625
   0.011      1.160625
   0.014      1.160625
   0.016      1.160625
   0.019      1.160625
   0.022      1.160625
   0.024      1.160625
   0.027      1.160625
   0.030      1.160625
   0.033      1.160625
   0.035      1.160625
   0.038      1.160625
   0.041      1.160625
   0.043      1.160625
   0.046      1.160625
   0.049      1.160625
   0.052      1.160625
   0.054      1.160625
   0.057      1.160625
   0.060      1.160624
   0.062      1.160624
   0.065      1.160624
   0.068      1.160624
   0.071      1.160624
   0.073      1.160624
   0.076      1.160624
   0.079      1.160624
   0.081      1.160624
   0.084      1.160623
   0.087      1.160623
   0.089      1.160623
   0.092      1.160622
   0.095      1.160622
   0.098      1.160621
   0.100      1.160621
   0.103      1.160620
   0.106      1.160619
   0.108      1.160618
   0.111      1.160617
   0.114      1.160616
   0.117      1.160615
   0.119      1.160614
   0.122      1.160612
   0.125      1.160610
   0.127      1.160608
   0.130      1.160606
   0.133      1.160604
   0.136      1.160601
   0.138      1.160598
   0.141      1.160595
   0.144      1.160592
   0.146      1.160588
   0.149      1.160584
   0.152      1.160579
   0.155      1.160574
   0.157      1.160569
   0.160      1.160563
   0.163      1.160557
   0.165      1.160550
   0.168      1.160543
   0.171      1.160535
   0.174      1.160527
   0.176      1.160518
   0.179      1.160508
   0.182      1.160497
   0.184      1.160486
   0.187      1.160474
   0.190      1.160461
   0.193      1.160447
   0.195      1.160433
   0.198      1.160417
   0.201      1.160400
   0.203      1.160383
   0.206      1.160364
   0.209      1.160344
   0.212      1.160323
   0.214      1.160300
   0.217      1.160277
   0.220      1.160252
   0.222      1.160225
   0.225      1.160198
   0.228      1.160168
   0.231      1.160137
   0.233      1.160105
   0.236      1.160071
   0.239      1.160035
   0.241      1.159997
   0.244      1.159957
   0.247      1.159916
   0.250      1.159872
   0.252      1.159827
   0.255      1.159779
   0.258      1.159729
   0.260      1.159677
   0.263      1.159623
   0.266      1.159566
   0.268      1.159507
   0.271      1.159445
   0.274      1.159381
   0.277      1.159314
   0.279      1.159244
   0.282      1.159172
   0.285      1.159097
   0.287      1.159018
   0.290      1.158937
   0.293      1.158853
   0.296      1.158766
   0.298      1.158675
   0.301      1.158582
   0.304      1.158485
   0.306      1.158384
   0.309      1.158281
   0.312      1.158173
   0.315      1.158062
   0.317      1.157948
   0.320      1.157829
   0.323      1.157707
   0.325      1.157581
   0.328      1.157451
   0.331      1.157317
   0.334      1.157179
   0.336      1.157037
   0.339      1.156891
   0.342      1.156740
   0.344      1.156585
   0.347      1.156426
   0.350      1.156262
   0.353      1.156094
   0.355      1.155921
   0.358      1.155744
   0.361      1.155562
   0.363      1.155375
   0.366      1.155183
   0.369      1.154986
   0.372      1.154785
   0.374      1.154578
   0.377      1.154366
   0.380      1.154150
   0.382      1.153928
   0.385      1.153700
   0.388      1.153468
   0.391      1.153230
   0.393      1.152987
   0.396      1.152738
   0.399      1.152483
   0.401      1.152224
   0.404      1.151958
   0.407      1.151687
   0.410      1.151410
   0.412      1.151127
   0.415      1.150839
   0.418      1.150544
   0.420      1.150244
   0.423      1.149938
   0.426      1.149625
   0.429      1.149307
   0.431      1.148982
   0.434      1.148651
   0.437      1.148314
   0.439      1.147971
   0.442      1.147621
   0.445      1.147265
   0.447      1.146903
   0.450      1.146534
   0.453      1.146158
   0.456      1.145776
   0.458      1.145388
   0.461      1.144993
   0.464      1.144591
   0.466      1.144182
   0.469      1.143767
   0.472      1.143345
   0.475      1.142916
   0.477      1.142480
   0.480      1.142037
   0.483      1.141588
   0.485      1.141131
   0.488      1.140668
   0.491      1.140197
   0.494      1.139719
   0.496      1.139234
   0.499      1.138742
   0.502      1.138243
   0.504      1.137737
   0.507      1.137223
   0.510      1.136702
   0.513      1.136174
   0.515      1.135638
   0.518      1.135095
   0.521      1.134545
   0.523      1.133988
   0.526      1.133422
   0.529      1.132850
   0.532      1.132270
   0.534      1.131682
   0.537      1.131087
   0.540      1.130485
   0.542      1.129875
   0.545      1.129257
   0.548      1.128632
   0.551      1.127999
   0.553      1.127358
   0.556      1.126710
   0.559      1.126054
   0.561      1.125390
   0.564      1.124719
   0.567      1.124040
   0.570      1.123353
   0.572      1.122659
   0.575      1.121957
   0.578      1.121247
   0.580      1.120529
   0.583      1.119804
   0.586      1.119071
   0.589      1.118330
   0.591      1.117581
   0.594      1.116825
   0.597      1.116060
   0.599      1.115288
   0.602      1.114508
   0.605      1.113721
   0.607      1.112925
   0.610      1.112122
   0.613      1.111311
   0.616      1.110492
   0.618      1.109666
   0.621      1.108831
   0.624      1.107989
   0.626      1.107139
   0.629      1.106282
   0.632      1.105416
   0.635      1.104543
   0.637      1.103662
   0.640      1.102774
   0.643      1.101878
   0.645      1.100974
   0.648      1.100062
   0.651      1.099143
   0.654      1.098216
   0.656      1.097282
   0.659      1.096339
   0.662      1.095390
   0.664      1.094432
   0.667      1.093468
   0.670      1.092495
   0.673      1.091515
   0.675      1.090528
   0.678      1.089533
   0.681      1.088531
   0.683      1.087521
   0.686      1.086504
   0.689      1.085480
   0.692      1.084448
   0.694      1.083409
   0.697      1.082362
   0.700      1.081309
   0.702      1.080248
   0.705      1.079179
   0.708      1.078104
   0.711      1.077022
   0.713      1.075932
   0.716      1.074836
   0.719      1.073732
   0.721      1.072621
   0.724      1.071504
   0.727      1.070379
   0.730      1.069248
   0.732      1.068110
   0.735      1.066964
   0.738      1.065812
   0.740      1.064654
   0.743      1.063488
   0.746      1.062316
   0.749      1.061138
   0.751      1.059953
   0.754      1.058761
   0.757      1.057563
   0.759      1.056358
   0.762      1.055147
   0.765      1.053929
   0.768      1.052706
   0.770      1.051476
   0.773      1.050239
   0.776      1.048997
   0.778      1.047748
   0.781      1.046493
   0.784      1.045233
   0.786      1.043966
   0.789      1.042693
   0.792      1.041415
   0.795      1.040130
   0.797      1.038840
   0.800      1.037544
   0.803      1.036243
   0.805      1.034936
   0.808      1.033623
   0.811      1.032304
   0.814      1.030981
   0.816      1.029651
   0.819      1.028317
   0.822      1.026977
   0.824      1.025632
   0.827      1.024281
   0.830      1.022926
   0.833      1.021565
   0.835      1.020199
   0.838      1.018829
   0.841      1.017453
   0.843      1.016073
   0.846      1.014688
   0.849      1.013298
   0.852      1.011903
   0.854      1.010504
   0.857      1.009100
   0.860      1.007691
   0.862      1.006278
   0.865      1.004861
   0.868      1.003440
   0.871      1.002014
   0.873      1.000584
   0.876      0.999149
   0.879      0.997711
   0.881      0.996269
   0.884      0.994822
   0.887      0.993372
   0.890      0.991918
   0.892      0.990460
   0.895      0.988998
   0.898      0.987533
   0.900      0.986064
   0.903      0.984591
   0.906      0.983115
   0.909      0.981635
   0.911      0.980153
   0.914      0.978666
   0.917      0.977177
   0.919      0.975684
   0.922      0.974189
   0.925      0.972690
   0.928      0.971188
   0.930      0.969683
   0.933      0.968176
   0.936      0.966665
   0.938      0.965152
   0.941      0.963636
   0.944      0.962118
   0.946      0.960597
   0.949      0.959073
   0.952      0.957547
   0.955      0.956019
   0.957      0.954488
   0.960      0.952955
   0.963      0.951420
   0.965      0.949883
   0.968      0.948344
   0.971      0.946802
   0.974      0.945259
   0.976      0.943714
   0.979      0.942167
   0.982      0.940618
   0.984      0.939067
   0.987      0.937515
   0.990      0.935961
   0.993      0.934406
   0.995      0.932849
   0.998      0.931291
   1.001      0.929731
   1.003      0.928170
   1.006      0.926608
   1.009      0.925045
   1.012      0.923480
   1.014      0.921915
   1.017      0.920348
   1.020      0.918781
   1.022      0.917213
   1.025      0.915644
   1.028      0.914074
   1.031      0.912503
   1.033      0.910932
   1.036      0.909360
   1.039      0.907787
   1.041      0.906214
   1.044      0.904641
   1.047      0.903067
   1.050      0.901493
   1.052      0.899919
   1.055      0.898344
   1.058      0.896769
   1.060      0.895194
   1.063      0.893619
   1.066      0.892044
   1.069      0.890469
   1.071      0.888895
   1.074      0.887320
   1.077      0.885746
   1.079      0.884171
   1.082      0.882597
   1.085      0.881024
   1.088      0.879451
   1.090      0.877878
   1.093      0.876306
   1.096      0.874734
   1.098      0.873163
   1.101      0.871593
   1.104      0.870023
   1.107      0.868454
   1.109      0.866886
   1.112      0.865318
   1.115      0.863752
   1.117      0.862186
   1.120      0.860622
   1.123      0.859058
   1.125      0.857496
   1.128      0.855934
   1.131      0.854374
   1.134      0.852815
   1.136      0.851257
   1.139      0.849701
   1.142      0.848145
   1.144      0.846592
   1.147      0.845039
   1.150      0.843488
   1.153      0.841939
   1.155      0.840391
   1.158      0.838844
   1.161      0.837300
   1.163      0.835756
   1.166      0.834215
   1.169      0.832675
   1.172      0.831137
   1.174      0.829601
   1.177      0.828067
   1.180      0.826534
   1.182      0.825004
   1.185      0.823475
   1.188      0.821948
   1.191      0.820424
   1.193      0.818901
   1.196      0.817381
   1.199      0.815862
   1.201      0.814346
   1.204      0.812832
   1.207      0.811320
   1.210      0.809810
   1.212      0.808303
   1.215      0.806798
   1.218      0.805295
   1.220      0.803795
   1.223      0.802297
   1.226      0.800801
   1.229      0.799308
   1.231      0.797817
   1.234      0.796329
   1.237      0.794844
   1.239      0.793361
   1.242      0.791880
   1.245      0.790402
   1.248      0.788927
   1.250      0.787455
   1.253      0.785985
   1.256      0.784518
   1.258      0.783053
   1.261      0.781592
   1.264      0.780133
   1.267      0.778677
   1.269      0.777223
   1.272      0.775773
   1.275      0.774325
   1.277      0.772881
   1.280      0.771439
   1.283      0.770000
   1.286      0.768564
   1.288      0.767131
   1.291      0.765701
   1.294      0.764275
   1.296      0.762851
   1.299      0.761430
   1.302      0.760012
   1.304      0.758597
   1.307      0.757186
   1.310      0.755777
   1.313      0.754372
   1.315      0.752970
   1.318      0.751571
   1.321      0.750175
   1.323      0.748782
   1.326      0.747392
   1.329      0.746006
   1.332      0.744623
   1.334      0.743243
   1.337      0.741866
   1.340      0.740493
   1.342      0.739123
   1.345      0.737756
   1.348      0.736393
   1.351      0.735032
   1.353      0.733676
   1.356      0.732322
   1.359      0.730972
   1.361      0.729625
   1.364      0.728281
   1.367      0.726941
   1.370      0.725604
   1.372      0.724271
   1.375      0.722941
   1.378      0.721614
   1.380      0.720291
   1.383      0.718971
   1.386      0.717655
   1.389      0.716342
   1.391      0.715032
   1.394      0.713726
   1.397      0.712424
   1.399      0.711124
   1.402      0.709829
   1.405      0.708536
   1.408      0.707247
   1.410      0.705962
   1.413      0.704680
   1.416      0.703401
   1.418      0.702126
   1.421      0.700855
   1.424      0.699587
   1.427      0.698322
   1.429      0.697061
   1.432      0.695803
   1.435      0.694549
   1.437      0.693298
   1.440      0.692051
   1.443      0.690807
   1.446      0.689567
   1.448      0.688330
   1.451      0.687097
   1.454      0.685867
   1.456      0.684641
   1.459      0.683418
   1.462      0.682199
   1.464      0.680983
   1.467      0.679771
   1.470      0.678562
   1.473      0.677356
   1.475      0.676154
   1.478      0.674956
   1.481      0.673761
   1.483      0.672569
   1.486      0.671381
   1.489      0.670197
   1.492      0.669015
   1.494      0.667838
   1.497      0.666663
   1.500      0.665493
   1.502      0.664325
   1.505      0.663161
   1.508      0.662001
   1.511      0.660844
   1.513      0.659690
   1.516      0.658540
   1.519      0.657393
   1.521      0.656250
   1.524      0.655110
   1.527      0.653973
   1.530      0.652840
   1.532      0.651710
   1.535      0.650584
   1.538      0.649461
   1.540      0.648341
   1.543      0.647225
   1.546      0.646112
   1.549      0.645002
   1.551      0.643896
   1.554      0.642793
   1.557      0.641693
   1.559      0.640597
   1.562      0.639504
   1.565      0.638414
   1.568      0.637328
   1.570      0.636245
   1.573      0.635165
   1.576      0.634089
   1.578      0.633016
   1.581      0.631946
   1.584      0.630879
   1.587      0.629816
   1.589      0.628755
   1.592      0.627699
   1.595      0.626645
   1.597      0.625594
   1.600      0.624547
   1.603      0.623503
   1.606      0.622462
   1.608      0.621424
   1.611      0.620390
   1.614      0.619358
   1.616      0.618330
   1.619      0.617305
   1.622      0.616283
   1.625      0.615264
   1.627      0.614249
   1.630      0.613236
   1.633      0.612227
   1.635      0.611220
   1.638      0.610217
   1.641      0.609217
   1.643      0.608220
   1.646      0.607225
   1.649      0.606234
   1.652      0.605246
   1.654      0.604261
   1.657      0.603279
   1.660      0.602300
   1.662      0.601324
   1.665      0.600351
   1.668      0.599381
   1.671      0.598414
   1.673      0.597450
   1.676      0.596489
   1.679      0.595531
   1.681      0.594576
   1.684      0.593623
   1.687      0.592674
   1.690      0.591727
   1.692      0.590783
   1.695      0.589843
   1.698      0.588905
   1.700      0.587970
   1.703      0.587037
   1.706      0.586108
   1.709      0.585182
   1.711      0.584258
   1.714      0.583337
   1.717      0.582419
   1.719      0.581503
   1.722      0.580591
   1.725      0.579681
   1.728      0.578774
   1.730      0.577870
   1.733      0.576968
   1.736      0.576069
   1.738      0.575173
   1.741      0.574280
   1.744      0.573389
   1.747      0.572501
   1.749      0.571616
   1.752      0.570733
   1.755      0.569853
   1.757      0.568975
   1.760      0.568101
   1.763      0.567228
   1.766      0.566359
   1.768      0.565492
   1.771      0.564628
   1.774      0.563766
   1.776      0.562907
   1.779      0.562050
   1.782      0.561196
   1.785      0.560345
   1.787      0.559496
   1.790      0.558649
   1.793      0.557805
   1.795      0.556964
   1.798      0.556125
   1.801      0.555288
   1.804      0.554454
   1.806      0.553623
   1.809      0.552794
   1.812      0.551967
   1.814      0.551143
   1.817      0.550321
   1.820      0.549502
   1.822      0.548685
   1.825      0.547870
   1.828      0.547058
   1.831      0.546248
   1.833      0.545441
   1.836      0.544636
   1.839      0.543833
   1.841      0.543033
   1.844      0.542235
   1.847      0.541439
   1.850      0.540646
   1.852      0.539855
   1.855      0.539066
   1.858      0.538279
   1.860      0.537495
   1.863      0.536713
   1.866      0.535933
   1.869      0.535156
   1.871      0.534381
   1.874      0.533608
   1.877      0.532837
   1.879      0.532068
   1.882      0.531302
   1.885      0.530538
   1.888      0.529776
   1.890      0.529016
   1.893      0.528258
   1.896      0.527503
   1.898      0.526749
   1.901      0.525998
   1.904      0.525249
   1.907      0.524502
   1.909      0.523757
   1.912      0.523015
   1.915      0.522274
   1.917      0.521535
   1.920      0.520799
   1.923      0.520064
   1.926      0.519332
   1.928      0.518602
   1.931      0.517874
   1.934      0.517147
   1.936      0.516423
   1.939      0.515701
   1.942      0.514981
   1.945      0.514263
   1.947      0.513546
   1.950      0.512832
   1.953      0.512120
   1.955      0.511410
   1.958      0.510702
   1.961      0.509995
   1.964      0.509291
   1.966      0.508588
   1.969      0.507888
   1.972      0.507189
   1.974      0.506493
   1.977      0.505798
   1.980      0.505105
   1.982      0.504414
   1.985      0.503725
   1.988      0.503038
   1.991      0.502353
   1.993      0.501669
   1.996      0.500988
   1.999      0.500308
   2.001      0.499630
   2.004      0.498954
   2.007      0.498280
   2.010      0.497607
   2.012      0.496937
   2.015      0.496268
   2.018      0.495601
   2.020      0.494936
   2.023      0.494272
   2.026      0.493611
   2.029      0.492951
   2.031      0.492293
   2.034      0.491636
   2.037      0.490982
   2.039      0.490329
   2.042      0.489677
   2.045      0.489028
   2.048      0.488380
   2.050      0.487734
   2.053      0.487090
   2.056      0.486447
   2.058      0.485807
   2.061      0.485167
   2.064      0.484530
   2.067      0.483894
   2.069      0.483260
   2.072      0.482627
   2.075      0.481996
   2.077      0.481367
   2.080      0.480739
   2.083      0.480114
   2.086      0.479489
   2.088      0.478866
   2.091      0.478245
   2.094      0.477626
   2.096      0.477008
   2.099      0.476392
   2.102      0.475777
   2.105      0.475164
   2.107      0.474552
   2.110      0.473942
   2.113      0.473334
   2.115      0.472727
   2.118      0.472122
   2.121      0.471518
   2.124      0.470916
   2.126      0.470315
   2.129      0.469716
   2.132      0.469119
   2.134      0.468522
   2.137      0.467928
   2.140      0.467335
   2.143      0.466743
   2.145      0.466153
   2.148      0.465565
   2.151      0.464978
   2.153      0.464392
   2.156      0.463808
   2.159      0.463225
   2.161      0.462644
   2.164      0.462064
   2.167      0.461486
   2.170      0.460909
