   0.000      0.006144
   0.003      0.070529
   0.005      0.134915
   0.008      0.201478
   0.011      0.268308
   0.014      0.335181
   0.016      0.402035
   0.019      0.468842
   0.022      0.535584
   0.025      0.602246
   0.027      0.668815
   0.030      0.735280
   0.033      0.801630
   0.036      0.867852
   0.038      0.933937
   0.041      0.999872
   0.044      1.065646
   0.046      1.131248
   0.049      1.196667
   0.052      1.261891
   0.055      1.326909
   0.057      1.391709
   0.060      1.456281
   0.063      1.520611
   0.066      1.584689
   0.068      1.648502
   0.071      1.712040
   0.074      1.775288
   0.077      1.838237
   0.079      1.900874
   0.082      1.963185
   0.085      2.025161
   0.087      2.086787
   0.090      2.148051
   0.093      2.208942
   0.096      2.269446
   0.098      2.329551
   0.101      2.389245
   0.104      2.448515
   0.107      2.507348
   0.109      2.565731
   0.112      2.623652
   0.115      2.681098
   0.118      2.738056
   0.120      2.794514
   0.123      2.850458
   0.126      2.905876
   0.128      2.960756
   0.131      3.015084
   0.134      3.068848
   0.137      3.122035
   0.139      3.174633
   0.142      3.226629
   0.145      3.278012
   0.148      3.328768
   0.150      3.378886
   0.153      3.428353
   0.156      3.477159
   0.159      3.525290
   0.161      3.572736
   0.164      3.619486
   0.167      3.665527
   0.169      3.710850
   0.172      3.755443
   0.175      3.799296
   0.178      3.842400
   0.180      3.884743
   0.183      3.926317
   0.186      3.967112
   0.189      4.007120
   0.191      4.046331
   0.194      4.084737
   0.197      4.122331
   0.200      4.159106
   0.202      4.195053
   0.205      4.230167
   0.208      4.264441
   0.210      4.297870
   0.213      4.330448
   0.216      4.362170
   0.219      4.393033
   0.221      4.423033
   0.224      4.452166
   0.227      4.480429
   0.230      4.507821
   0.232      4.534340
   0.235      4.559985
   0.238      4.584756
   0.241      4.608652
   0.243      4.631675
   0.246      4.653825
   0.249      4.675106
   0.251      4.695518
   0.254      4.715067
   0.257      4.733754
   0.260      4.751586
   0.262      4.768566
   0.265      4.784701
   0.268      4.799996
   0.271      4.814459
   0.273      4.828097
   0.276      4.840918
   0.279      4.852931
   0.282      4.864145
   0.284      4.874569
   0.287      4.884215
   0.290      4.893092
   0.292      4.901212
   0.295      4.908587
   0.298      4.915230
   0.301      4.921153
   0.303      4.926370
   0.306      4.930893
   0.309      4.934738
   0.312      4.937919
   0.314      4.940450
   0.317      4.942346
   0.320      4.943624
   0.323      4.944299
   0.325      4.944386
   0.328      4.943903
   0.331      4.942864
   0.333      4.941287
   0.336      4.939189
   0.339      4.936585
   0.342      4.933494
   0.344      4.929931
   0.347      4.925913
   0.350      4.921458
   0.353      4.916581
   0.355      4.911300
   0.358      4.905630
   0.361      4.899589
   0.364      4.893192
   0.366      4.886456
   0.369      4.879395
   0.372      4.872026
   0.374      4.864362
   0.377      4.856421
   0.380      4.848214
   0.383      4.839757
   0.385      4.831064
   0.388      4.822147
   0.391      4.813020
   0.394      4.803694
   0.396      4.794182
   0.399      4.784496
   0.402      4.774645
   0.405      4.764641
   0.407      4.754494
   0.410      4.744214
   0.413      4.733808
   0.415      4.723286
   0.418      4.712655
   0.421      4.701923
   0.424      4.691098
   0.426      4.680184
   0.429      4.669189
   0.432      4.658117
   0.435      4.646973
   0.437      4.635762
   0.440      4.624488
   0.443      4.613154
   0.446      4.601764
   0.448      4.590319
   0.451      4.578822
   0.454      4.567276
   0.456      4.555680
   0.459      4.544037
   0.462      4.532347
   0.465      4.520611
   0.467      4.508828
   0.470      4.496998
   0.473      4.485122
   0.476      4.473198
   0.478      4.461225
   0.481      4.449203
   0.484      4.437130
   0.487      4.425005
   0.489      4.412825
   0.492      4.400591
   0.495      4.388299
   0.497      4.375948
   0.500      4.363537
   0.503      4.351063
   0.506      4.338524
   0.508      4.325918
   0.511      4.313244
   0.514      4.300500
   0.517      4.287684
   0.519      4.274793
   0.522      4.261827
   0.525      4.248783
   0.528      4.235661
   0.530      4.222458
   0.533      4.209173
   0.536      4.195805
   0.538      4.182353
   0.541      4.168815
   0.544      4.155192
   0.547      4.141481
   0.549      4.127682
   0.552      4.113796
   0.555      4.099820
   0.558      4.085756
   0.560      4.071603
   0.563      4.057360
   0.566      4.043028
   0.569      4.028608
   0.571      4.014098
   0.574      3.999501
   0.577      3.984815
   0.579      3.970043
   0.582      3.955185
   0.585      3.940241
   0.588      3.925212
   0.590      3.910100
   0.593      3.894905
   0.596      3.879629
   0.599      3.864272
   0.601      3.848837
   0.604      3.833324
   0.607      3.817735
   0.610      3.802071
   0.612      3.786334
   0.615      3.770525
   0.618      3.754645
   0.620      3.738697
   0.623      3.722682
   0.626      3.706601
   0.629      3.690455
   0.631      3.674248
   0.634      3.657979
   0.637      3.641651
   0.640      3.625266
   0.642      3.608824
   0.645      3.592328
   0.648      3.575779
   0.651      3.559179
   0.653      3.542529
   0.656      3.525830
   0.659      3.509085
   0.661      3.492294
   0.664      3.475460
   0.667      3.458583
   0.670      3.441666
   0.672      3.424709
   0.675      3.407713
   0.678      3.390681
   0.681      3.373614
   0.683      3.356512
   0.686      3.339378
   0.689      3.322211
   0.692      3.305015
   0.694      3.287789
   0.697      3.270536
   0.700      3.253256
   0.702      3.235950
   0.705      3.218619
   0.708      3.201265
   0.711      3.183889
   0.713      3.166492
   0.716      3.149075
   0.719      3.131638
   0.722      3.114183
   0.724      3.096711
   0.727      3.079223
   0.730      3.061719
   0.733      3.044202
   0.735      3.026671
   0.738      3.009127
   0.741      2.991572
   0.743      2.974007
   0.746      2.956431
   0.749      2.938847
   0.752      2.921254
   0.754      2.903655
   0.757      2.886049
   0.760      2.868437
   0.763      2.850821
   0.765      2.833200
   0.768      2.815577
   0.771      2.797951
   0.774      2.780323
   0.776      2.762695
   0.779      2.745067
   0.782      2.727439
   0.784      2.709812
   0.787      2.692188
   0.790      2.674566
   0.793      2.656948
   0.795      2.639335
   0.798      2.621726
   0.801      2.604123
   0.804      2.586526
   0.806      2.568937
   0.809      2.551355
   0.812      2.533781
   0.815      2.516217
   0.817      2.498662
   0.820      2.481118
   0.823      2.463585
   0.825      2.446063
   0.828      2.428554
   0.831      2.411058
   0.834      2.393576
   0.836      2.376107
   0.839      2.358654
   0.842      2.341216
   0.845      2.323794
   0.847      2.306389
   0.850      2.289001
   0.853      2.271631
   0.856      2.254280
   0.858      2.236948
   0.861      2.219635
   0.864      2.202343
   0.866      2.185071
   0.869      2.167821
   0.872      2.150593
   0.875      2.133387
   0.877      2.116205
   0.880      2.099046
   0.883      2.081911
   0.886      2.064801
   0.888      2.047717
   0.891      2.030658
   0.894      2.013625
   0.897      1.996619
   0.899      1.979641
   0.902      1.962691
   0.905      1.945768
   0.907      1.928875
   0.910      1.912012
   0.913      1.895178
   0.916      1.878374
   0.918      1.861602
   0.921      1.844861
   0.924      1.828151
   0.927      1.811475
   0.929      1.794830
   0.932      1.778220
   0.935      1.761643
   0.938      1.745100
   0.940      1.728592
   0.943      1.712119
   0.946      1.695681
   0.948      1.679280
   0.951      1.662915
   0.954      1.646587
   0.957      1.630296
   0.959      1.614043
   0.962      1.597829
   0.965      1.581652
   0.968      1.565515
   0.970      1.549418
   0.973      1.533360
   0.976      1.517342
   0.979      1.501365
   0.981      1.485429
   0.984      1.469535
   0.987      1.453682
   0.989      1.437871
   0.992      1.422103
   0.995      1.406378
   0.998      1.390697
   1.000      1.375059
   1.003      1.359465
   1.006      1.343915
   1.009      1.328411
   1.011      1.312951
   1.014      1.297537
   1.017      1.282168
   1.020      1.266846
   1.022      1.251570
   1.025      1.236341
   1.028      1.221159
   1.030      1.206025
   1.033      1.190938
   1.036      1.175899
   1.039      1.160909
   1.041      1.145968
   1.044      1.131075
   1.047      1.116232
   1.050      1.101438
   1.052      1.086694
   1.055      1.072001
   1.058      1.057358
   1.061      1.042765
   1.063      1.028224
   1.066      1.013733
   1.069      0.999295
   1.071      0.984908
   1.074      0.970573
   1.077      0.956291
   1.080      0.942061
   1.082      0.927884
   1.085      0.913760
   1.088      0.899689
   1.091      0.885672
   1.093      0.871708
   1.096      0.857799
   1.099      0.843943
   1.102      0.830143
   1.104      0.816396
   1.107      0.802705
   1.110      0.789069
   1.112      0.775488
   1.115      0.761962
   1.118      0.748493
   1.121      0.735079
   1.123      0.721721
   1.126      0.708419
   1.129      0.695174
   1.132      0.681985
   1.134      0.668854
   1.137      0.655779
   1.140      0.642761
   1.143      0.629801
   1.145      0.616898
   1.148      0.604052
   1.151      0.591265
   1.153      0.578535
   1.156      0.565864
   1.159      0.553250
   1.162      0.540695
   1.164      0.528198
   1.167      0.515760
   1.170      0.503381
   1.173      0.491061
   1.175      0.478799
   1.178      0.466597
   1.181      0.454454
   1.184      0.442370
   1.186      0.430345
   1.189      0.418380
   1.192      0.406475
   1.194      0.394629
   1.197      0.382843
   1.200      0.371118
   1.203      0.359452
   1.205      0.347846
   1.208      0.336300
   1.211      0.324815
   1.214      0.313389
   1.216      0.302025
   1.219      0.290720
   1.222      0.279476
   1.225      0.268293
   1.227      0.257170
   1.230      0.246108
   1.233      0.235106
   1.235      0.224166
   1.238      0.213286
   1.241      0.202466
   1.244      0.191708
   1.246      0.181011
   1.249      0.170374
   1.252      0.159799
   1.255      0.149284
   1.257      0.138831
   1.260      0.128438
   1.263      0.118107
   1.266      0.107836
   1.268      0.097627
   1.271      0.087478
   1.274      0.077391
   1.276      0.067364
   1.279      0.057399
   1.282      0.047495
   1.285      0.037651
   1.287      0.027869
   1.290      0.018148
   1.293      0.008487
   1.296     -0.001112
   1.298     -0.010651
   1.301     -0.020129
   1.304     -0.029545
   1.307     -0.038901
   1.309     -0.048197
   1.312     -0.057431
   1.315     -0.066605
   1.317     -0.075718
   1.320     -0.084771
   1.323     -0.093763
   1.326     -0.102694
   1.328     -0.111565
   1.331     -0.120376
   1.334     -0.129126
   1.337     -0.137816
   1.339     -0.146446
   1.342     -0.155016
   1.345     -0.163526
   1.348     -0.171975
   1.350     -0.180365
   1.353     -0.188695
   1.356     -0.196966
   1.358     -0.205176
   1.361     -0.213327
   1.364     -0.221419
   1.367     -0.229451
   1.369     -0.237424
   1.372     -0.245338
   1.375     -0.253193
   1.378     -0.260988
   1.380     -0.268725
   1.383     -0.276403
   1.386     -0.284022
   1.389     -0.291583
   1.391     -0.299085
   1.394     -0.306529
   1.397     -0.313915
   1.399     -0.321242
   1.402     -0.328512
   1.405     -0.335724
   1.408     -0.342878
   1.410     -0.349974
   1.413     -0.357013
   1.416     -0.363994
   1.419     -0.370919
   1.421     -0.377786
   1.424     -0.384596
   1.427     -0.391350
   1.430     -0.398047
   1.432     -0.404687
   1.435     -0.411271
   1.438     -0.417798
   1.440     -0.424270
   1.443     -0.430685
   1.446     -0.437045
   1.449     -0.443349
   1.451     -0.449598
   1.454     -0.455791
   1.457     -0.461930
   1.460     -0.468013
   1.462     -0.474041
   1.465     -0.480015
   1.468     -0.485934
   1.471     -0.491799
   1.473     -0.497609
   1.476     -0.503366
   1.479     -0.509069
   1.481     -0.514718
   1.484     -0.520313
   1.487     -0.525855
   1.490     -0.531345
   1.492     -0.536781
   1.495     -0.542164
   1.498     -0.547495
   1.501     -0.552773
   1.503     -0.557999
   1.506     -0.563173
   1.509     -0.568295
   1.512     -0.573365
   1.514     -0.578384
   1.517     -0.583352
   1.520     -0.588268
   1.522     -0.593134
   1.525     -0.597949
   1.528     -0.602713
   1.531     -0.607427
   1.533     -0.612090
   1.536     -0.616704
   1.539     -0.621268
   1.542     -0.625783
   1.544     -0.630248
   1.547     -0.634664
   1.550     -0.639031
   1.553     -0.643349
   1.555     -0.647619
   1.558     -0.651840
   1.561     -0.656013
   1.563     -0.660139
   1.566     -0.664216
   1.569     -0.668246
   1.572     -0.672229
   1.574     -0.676164
   1.577     -0.680053
   1.580     -0.683895
   1.583     -0.687691
   1.585     -0.691440
   1.588     -0.695143
   1.591     -0.698801
   1.594     -0.702413
   1.596     -0.705979
   1.599     -0.709500
   1.602     -0.712977
   1.604     -0.716408
   1.607     -0.719795
   1.610     -0.723138
   1.613     -0.726437
   1.615     -0.729691
   1.618     -0.732902
   1.621     -0.736070
   1.624     -0.739194
   1.626     -0.742276
   1.629     -0.745315
   1.632     -0.748311
   1.635     -0.751264
   1.637     -0.754176
   1.640     -0.757046
   1.643     -0.759874
   1.645     -0.762660
   1.648     -0.765406
   1.651     -0.768110
   1.654     -0.770774
   1.656     -0.773397
   1.659     -0.775979
   1.662     -0.778522
   1.665     -0.781025
   1.667     -0.783488
   1.670     -0.785912
   1.673     -0.788296
   1.676     -0.790641
   1.678     -0.792948
   1.681     -0.795216
   1.684     -0.797446
   1.686     -0.799638
   1.689     -0.801792
   1.692     -0.803908
   1.695     -0.805987
   1.697     -0.808029
   1.700     -0.810033
   1.703     -0.812001
   1.706     -0.813933
   1.708     -0.815828
   1.711     -0.817687
   1.714     -0.819510
   1.717     -0.821298
   1.719     -0.823050
   1.722     -0.824767
   1.725     -0.826450
   1.727     -0.828097
   1.730     -0.829710
   1.733     -0.831289
   1.736     -0.832833
   1.738     -0.834344
   1.741     -0.835822
   1.744     -0.837265
   1.747     -0.838676
   1.749     -0.840054
   1.752     -0.841399
   1.755     -0.842712
   1.758     -0.843992
   1.760     -0.845240
   1.763     -0.846457
   1.766     -0.847642
   1.768     -0.848795
   1.771     -0.849917
   1.774     -0.851009
   1.777     -0.852069
   1.779     -0.853099
   1.782     -0.854099
   1.785     -0.855069
   1.788     -0.856009
   1.790     -0.856919
   1.793     -0.857800
   1.796     -0.858651
   1.799     -0.859474
   1.801     -0.860268
   1.804     -0.861033
   1.807     -0.861770
   1.809     -0.862479
   1.812     -0.863159
   1.815     -0.863813
   1.818     -0.864438
   1.820     -0.865037
   1.823     -0.865608
   1.826     -0.866152
   1.829     -0.866670
   1.831     -0.867161
   1.834     -0.867626
   1.837     -0.868065
   1.840     -0.868478
   1.842     -0.868866
   1.845     -0.869228
   1.848     -0.869565
   1.850     -0.869876
   1.853     -0.870164
   1.856     -0.870426
   1.859     -0.870664
   1.861     -0.870878
   1.864     -0.871068
   1.867     -0.871234
   1.870     -0.871376
   1.872     -0.871495
   1.875     -0.871591
   1.878     -0.871664
   1.881     -0.871714
   1.883     -0.871742
   1.886     -0.871747
   1.889     -0.871729
   1.891     -0.871690
   1.894     -0.871629
   1.897     -0.871547
   1.900     -0.871442
   1.902     -0.871317
   1.905     -0.871171
   1.908     -0.871003
   1.911     -0.870815
   1.913     -0.870607
   1.916     -0.870378
   1.919     -0.870129
   1.922     -0.869860
   1.924     -0.869572
   1.927     -0.869264
   1.930     -0.868936
   1.932     -0.868589
   1.935     -0.868224
   1.938     -0.867839
   1.941     -0.867436
   1.943     -0.867014
   1.946     -0.866574
   1.949     -0.866116
   1.952     -0.865639
   1.954     -0.865146
   1.957     -0.864634
   1.960     -0.864105
   1.963     -0.863559
   1.965     -0.862996
   1.968     -0.862416
   1.971     -0.861819
   1.973     -0.861205
   1.976     -0.860576
   1.979     -0.859929
   1.982     -0.859267
   1.984     -0.858589
   1.987     -0.857896
   1.990     -0.857186
   1.993     -0.856462
   1.995     -0.855722
   1.998     -0.854967
   2.001     -0.854197
   2.004     -0.853412
   2.006     -0.852613
   2.009     -0.851799
   2.012     -0.850971
   2.014     -0.850129
   2.017     -0.849273
   2.020     -0.848404
   2.023     -0.847520
   2.025     -0.846623
   2.028     -0.845713
   2.031     -0.844790
   2.034     -0.843853
   2.036     -0.842904
   2.039     -0.841942
   2.042     -0.840967
   2.045     -0.839980
   2.047     -0.838980
   2.050     -0.837969
   2.053     -0.836945
   2.055     -0.835910
   2.058     -0.834862
   2.061     -0.833804
   2.064     -0.832733
   2.066     -0.831652
   2.069     -0.830559
   2.072     -0.829455
   2.075     -0.828341
   2.077     -0.827216
   2.080     -0.826080
   2.083     -0.824933
   2.086     -0.823777
   2.088     -0.822610
   2.091     -0.821433
   2.094     -0.820246
   2.096     -0.819049
   2.099     -0.817843
   2.102     -0.816627
   2.105     -0.815401
   2.107     -0.814166
   2.110     -0.812923
   2.113     -0.811670
   2.116     -0.810408
   2.118     -0.809137
   2.121     -0.807858
   2.124     -0.806570
   2.127     -0.805274
   2.129     -0.803969
   2.132     -0.802656
   2.135     -0.801336
   2.137     -0.800007
   2.140     -0.798670
   2.143     -0.797326
   2.146     -0.795974
   2.148     -0.794614
   2.151     -0.793247
   2.154     -0.791873
   2.157     -0.790492
   2.159     -0.789104
   2.162     -0.787709
   2.165     -0.786306
   2.168     -0.784898
   2.170     -0.783482
   2.173     -0.782060
   2.176     -0.780632
   2.178     -0.779198
   2.181     -0.777757
   2.184     -0.776310
   2.187     -0.774857
   2.189     -0.773398
   2.192     -0.771934
   2.195     -0.770464
   2.198     -0.768988
   2.200     -0.767507
   2.203     -0.766020
   2.206     -0.764528
   2.209     -0.763031
   2.211     -0.761529
   2.214     -0.760022
   2.217     -0.758510
   2.219     -0.756993
   2.222     -0.755471
   2.225     -0.753945
   2.228     -0.752414
   2.230     -0.750879
   2.233     -0.749340
   2.236     -0.747796
   2.239     -0.746248
   2.241     -0.744696
   2.244     -0.743140
   2.247     -0.741580
   2.250     -0.740016
   2.252     -0.738448
   2.255     -0.736877
   2.258     -0.735302
   2.260     -0.733723
   2.263     -0.732142
   2.266     -0.730556
   2.269     -0.728968
   2.271     -0.727376
   2.274     -0.725782
   2.277     -0.724184
   2.280     -0.722583
   2.282     -0.720979
   2.285     -0.719373
   2.288     -0.717764
   2.291     -0.716152
   2.293     -0.714538
   2.296     -0.712921
   2.299     -0.711301
   2.301     -0.709680
   2.304     -0.708056
   2.307     -0.706430
   2.310     -0.704801
   2.312     -0.703171
   2.315     -0.701538
   2.318     -0.699904
   2.321     -0.698267
   2.323     -0.696629
   2.326     -0.694989
   2.329     -0.693348
   2.332     -0.691704
   2.334     -0.690060
   2.337     -0.688413
   2.340     -0.686765
   2.342     -0.685116
   2.345     -0.683466
   2.348     -0.681814
   2.351     -0.680161
   2.353     -0.678507
   2.356     -0.676852
   2.359     -0.675196
   2.362     -0.673539
   2.364     -0.671881
   2.367     -0.670222
   2.370     -0.668562
   2.373     -0.666901
   2.375     -0.665240
   2.378     -0.663578
   2.381     -0.661916
   2.383     -0.660253
   2.386     -0.658590
   2.389     -0.656926
   2.392     -0.655262
   2.394     -0.653597
   2.397     -0.651932
   2.400     -0.650267
   2.403     -0.648602
   2.405     -0.646936
   2.408     -0.645271
   2.411     -0.643605
   2.414     -0.641940
   2.416     -0.640274
   2.419     -0.638609
   2.422     -0.636944
   2.424     -0.635278
   2.427     -0.633614
   2.430     -0.631949
   2.433     -0.630285
   2.435     -0.628621
   2.438     -0.626957
   2.441     -0.625294
   2.444     -0.623631
   2.446     -0.621969
   2.449     -0.620308
   2.452     -0.618647
   2.455     -0.616986
   2.457     -0.615327
   2.460     -0.613668
   2.463     -0.612009
   2.465     -0.610352
   2.468     -0.608695
   2.471     -0.607040
   2.474     -0.605385
   2.476     -0.603731
   2.479     -0.602078
   2.482     -0.600426
   2.485     -0.598775
   2.487     -0.597125
   2.490     -0.595476
   2.493     -0.593828
   2.496     -0.592182
   2.498     -0.590536
   2.501     -0.588892
   2.504     -0.587249
   2.506     -0.585608
   2.509     -0.583968
   2.512     -0.582329
   2.515     -0.580691
   2.517     -0.579055
   2.520     -0.577420
   2.523     -0.575787
   2.526     -0.574155
   2.528     -0.572524
   2.531     -0.570896
   2.534     -0.569268
   2.537     -0.567643
   2.539     -0.566019
   2.542     -0.564396
   2.545     -0.562775
   2.547     -0.561156
   2.550     -0.559539
   2.553     -0.557923
   2.556     -0.556310
   2.558     -0.554697
   2.561     -0.553087
   2.564     -0.551479
   2.567     -0.549872
   2.569     -0.548267
   2.572     -0.546664
   2.575     -0.545063
   2.578     -0.543464
   2.580     -0.541867
   2.583     -0.540272
   2.586     -0.538679
   2.588     -0.537088
   2.591     -0.535499
   2.594     -0.533912
   2.597     -0.532327
   2.599     -0.530744
   2.602     -0.529163
   2.605     -0.527584
   2.608     -0.526007
   2.610     -0.524433
   2.613     -0.522861
   2.616     -0.521291
   2.619     -0.519723
   2.621     -0.518157
   2.624     -0.516594
   2.627     -0.515032
   2.629     -0.513474
   2.632     -0.511917
   2.635     -0.510362
   2.638     -0.508810
   2.640     -0.507261
   2.643     -0.505713
   2.646     -0.504168
   2.649     -0.502625
   2.651     -0.501085
   2.654     -0.499547
   2.657     -0.498011
   2.660     -0.496478
   2.662     -0.494947
   2.665     -0.493419
   2.668     -0.491893
   2.670     -0.490369
   2.673     -0.488848
   2.676     -0.487330
   2.679     -0.485814
   2.681     -0.484300
   2.684     -0.482789
   2.687     -0.481281
   2.690     -0.479774
   2.692     -0.478271
   2.695     -0.476770
   2.698     -0.475271
   2.701     -0.473776
   2.703     -0.472282
   2.706     -0.470791
   2.709     -0.469303
   2.711     -0.467818
   2.714     -0.466335
   2.717     -0.464854
   2.720     -0.463376
   2.722     -0.461901
   2.725     -0.460429
   2.728     -0.458959
   2.731     -0.457491
   2.733     -0.456027
   2.736     -0.454565
   2.739     -0.453105
   2.742     -0.451648
   2.744     -0.450194
   2.747     -0.448743
   2.750     -0.447294
   2.752     -0.445848
   2.755     -0.444405
   2.758     -0.442964
   2.761     -0.441526
   2.763     -0.440091
   2.766     -0.438658
   2.769     -0.437228
   2.772     -0.435801
   2.774     -0.434377
   2.777     -0.432955
   2.780     -0.431536
   2.783     -0.430119
   2.785     -0.428706
   2.788     -0.427295
   2.791     -0.425887
   2.793     -0.424481
   2.796     -0.423078
   2.799     -0.421678
   2.802     -0.420281
   2.804     -0.418887
   2.807     -0.417495
   2.810     -0.416106
   2.813     -0.414720
   2.815     -0.413336
   2.818     -0.411955
   2.821     -0.410577
   2.824     -0.409202
   2.826     -0.407830
   2.829     -0.406460
   2.832     -0.405093
   2.834     -0.403728
   2.837     -0.402367
   2.840     -0.401008
   2.843     -0.399652
   2.845     -0.398299
   2.848     -0.396948
   2.851     -0.395601
   2.854     -0.394256
   2.856     -0.392913
   2.859     -0.391574
   2.862     -0.390237
   2.865     -0.388903
   2.867     -0.387572
   2.870     -0.386244
   2.873     -0.384918
   2.875     -0.383595
   2.878     -0.382275
   2.881     -0.380957
   2.884     -0.379642
   2.886     -0.378330
   2.889     -0.377021
   2.892     -0.375715
   2.895     -0.374411
   2.897     -0.373110
   2.900     -0.371811
   2.903     -0.370516
   2.906     -0.369223
   2.908     -0.367933
   2.911     -0.366646
   2.914     -0.365361
   2.916     -0.364079
   2.919     -0.362800
   2.922     -0.361523
   2.925     -0.360250
   2.927     -0.358979
   2.930     -0.357710
   2.933     -0.356445
   2.936     -0.355182
   2.938     -0.353921
   2.941     -0.352664
   2.944     -0.351409
   2.947     -0.350157
   2.949     -0.348908
   2.952     -0.347661
   2.955     -0.346417
   2.957     -0.345175
   2.960     -0.343937
   2.963     -0.342701
   2.966     -0.341467
   2.968     -0.340237
   2.971     -0.339009
   2.974     -0.337783
   2.977     -0.336561
   2.979     -0.335341
   2.982     -0.334123
   2.985     -0.332909
   2.988     -0.331696
   2.990     -0.330487
   2.993     -0.329280
   2.996     -0.328076
   2.998     -0.326875
   3.001     -0.325676
   3.004     -0.324479
   3.007     -0.323286
   3.009     -0.322095
   3.012     -0.320906
   3.015     -0.319720
   3.018     -0.318537
   3.020     -0.317356
   3.023     -0.316178
   3.026     -0.315003
   3.029     -0.313830
   3.031     -0.312659
   3.034     -0.311492
   3.037     -0.310326
   3.039     -0.309164
   3.042     -0.308004
   3.045     -0.306846
   3.048     -0.305691
   3.050     -0.304539
   3.053     -0.303389
   3.056     -0.302242
   3.059     -0.301097
   3.061     -0.299954
   3.064     -0.298815
   3.067     -0.297677
   3.070     -0.296543
   3.072     -0.295410
   3.075     -0.294281
   3.078     -0.293153
   3.080     -0.292029
   3.083     -0.290906
   3.086     -0.289787
   3.089     -0.288669
   3.091     -0.287554
   3.094     -0.286442
   3.097     -0.285332
   3.100     -0.284225
   3.102     -0.283120
   3.105     -0.282017
   3.108     -0.280917
   3.111     -0.279819
   3.113     -0.278724
   3.116     -0.277631
   3.119     -0.276541
   3.121     -0.275453
   3.124     -0.274367
   3.127     -0.273284
   3.130     -0.272203
   3.132     -0.271125
   3.135     -0.270048
   3.138     -0.268975
   3.141     -0.267904
   3.143     -0.266835
   3.146     -0.265768
   3.149     -0.264704
   3.152     -0.263642
   3.154     -0.262583
   3.157     -0.261525
   3.160     -0.260471
   3.162     -0.259418
   3.165     -0.258368
   3.168     -0.257320
   3.171     -0.256275
   3.173     -0.255231
   3.176     -0.254190
   3.179     -0.253152
   3.182     -0.252115
   3.184     -0.251081
   3.187     -0.250050
   3.190     -0.249020
   3.193     -0.247993
   3.195     -0.246968
   3.198     -0.245945
   3.201     -0.244925
   3.203     -0.243907
   3.206     -0.242891
   3.209     -0.241877
   3.212     -0.240866
   3.214     -0.239856
   3.217     -0.238849
   3.220     -0.237844
   3.223     -0.236842
   3.225     -0.235841
   3.228     -0.234843
   3.231     -0.233847
   3.234     -0.232853
   3.236     -0.231862
   3.239     -0.230872
   3.242     -0.229885
   3.244     -0.228900
   3.247     -0.227917
   3.250     -0.226936
   3.253     -0.225957
   3.255     -0.224980
   3.258     -0.224006
   3.261     -0.223034
   3.264     -0.222064
   3.266     -0.221095
   3.269     -0.220130
   3.272     -0.219166
   3.275     -0.218204
   3.277     -0.217244
   3.280     -0.216287
   3.283     -0.215331
   3.285     -0.214378
   3.288     -0.213426
   3.291     -0.212477
   3.294     -0.211530
   3.296     -0.210585
   3.299     -0.209642
   3.302     -0.208701
   3.305     -0.207761
   3.307     -0.206824
   3.310     -0.205890
   3.313     -0.204957
   3.316     -0.204026
   3.318     -0.203097
   3.321     -0.202170
   3.324     -0.201245
   3.326     -0.200322
   3.329     -0.199401
   3.332     -0.198482
   3.335     -0.197565
   3.337     -0.196650
   3.340     -0.195737
   3.343     -0.194826
   3.346     -0.193917
   3.348     -0.193009
   3.351     -0.192104
   3.354     -0.191201
   3.357     -0.190299
   3.359     -0.189400
   3.362     -0.188502
   3.365     -0.187607
   3.367     -0.186713
   3.370     -0.185821
   3.373     -0.184931
   3.376     -0.184043
   3.378     -0.183157
   3.381     -0.182273
   3.384     -0.181390
   3.387     -0.180510
   3.389     -0.179631
   3.392     -0.178754
   3.395     -0.177879
   3.398     -0.177006
   3.400     -0.176135
   3.403     -0.175266
   3.406     -0.174398
   3.408     -0.173532
   3.411     -0.172668
   3.414     -0.171806
   3.417     -0.170946
   3.419     -0.170088
   3.422     -0.169231
   3.425     -0.168376
   3.428     -0.167523
   3.430     -0.166671
   3.433     -0.165822
   3.436     -0.164974
   3.439     -0.164128
   3.441     -0.163284
   3.444     -0.162441
   3.447     -0.161601
   3.449     -0.160762
   3.452     -0.159924
   3.455     -0.159089
   3.458     -0.158255
   3.460     -0.157423
   3.463     -0.156593
   3.466     -0.155764
   3.469     -0.154937
   3.471     -0.154112
   3.474     -0.153288
   3.477     -0.152467
   3.480     -0.151646
   3.482     -0.150828
   3.485     -0.150011
   3.488     -0.149196
   3.490     -0.148383
   3.493     -0.147571
   3.496     -0.146761
   3.499     -0.145952
   3.501     -0.145146
   3.504     -0.144340
   3.507     -0.143537
   3.510     -0.142735
   3.512     -0.141935
   3.515     -0.141136
   3.518     -0.140339
   3.521     -0.139544
   3.523     -0.138750
   3.526     -0.137958
   3.529     -0.137167
   3.531     -0.136378
   3.534     -0.135591
   3.537     -0.134805
   3.540     -0.134021
   3.542     -0.133238
   3.545     -0.132457
   3.548     -0.131677
   3.551     -0.130899
   3.553     -0.130123
   3.556     -0.129348
   3.559     -0.128575
   3.562     -0.127803
   3.564     -0.127032
   3.567     -0.126264
   3.570     -0.125496
   3.572     -0.124731
   3.575     -0.123966
   3.578     -0.123204
   3.581     -0.122443
   3.583     -0.121683
   3.586     -0.120925
   3.589     -0.120168
   3.592     -0.119413
   3.594     -0.118659
   3.597     -0.117907
   3.600     -0.117156
   3.603     -0.116407
   3.605     -0.115659
   3.608     -0.114912
   3.611     -0.114167
   3.613     -0.113424
   3.616     -0.112682
   3.619     -0.111941
   3.622     -0.111202
   3.624     -0.110464
   3.627     -0.109728
   3.630     -0.108993
   3.633     -0.108259
   3.635     -0.107527
   3.638     -0.106796
   3.641     -0.106067
   3.644     -0.105339
   3.646     -0.104613
   3.649     -0.103888
   3.652     -0.103164
   3.654     -0.102441
   3.657     -0.101720
   3.660     -0.101001
   3.663     -0.100283
   3.665     -0.099566
   3.668     -0.098850
   3.671     -0.098136
   3.674     -0.097423
   3.676     -0.096711
   3.679     -0.096001
   3.682     -0.095292
   3.685     -0.094585
   3.687     -0.093879
   3.690     -0.093174
   3.693     -0.092470
   3.695     -0.091768
   3.698     -0.091067
   3.701     -0.090367
   3.704     -0.089669
   3.706     -0.088972
   3.709     -0.088276
   3.712     -0.087581
   3.715     -0.086888
   3.717     -0.086196
   3.720     -0.085505
   3.723     -0.084816
   3.726     -0.084128
   3.728     -0.083441
   3.731     -0.082755
   3.734     -0.082071
   3.736     -0.081388
   3.739     -0.080706
   3.742     -0.080025
   3.745     -0.079346
   3.747     -0.078667
   3.750     -0.077990
   3.753     -0.077315
   3.756     -0.076640
   3.758     -0.075967
   3.761     -0.075294
   3.764     -0.074623
   3.767     -0.073954
   3.769     -0.073285
   3.772     -0.072618
   3.775     -0.071952
   3.777     -0.071286
   3.780     -0.070623
   3.783     -0.069960
   3.786     -0.069298
   3.788     -0.068638
   3.791     -0.067979
   3.794     -0.067321
   3.797     -0.066664
   3.799     -0.066008
   3.802     -0.065354
   3.805     -0.064700
   3.808     -0.064048
   3.810     -0.063397
   3.813     -0.062747
   3.816     -0.062098
   3.818     -0.061450
   3.821     -0.060803
   3.824     -0.060158
   3.827     -0.059513
   3.829     -0.058870
   3.832     -0.058227
   3.835     -0.057586
   3.838     -0.056946
   3.840     -0.056307
   3.843     -0.055669
   3.846     -0.055032
   3.849     -0.054397
   3.851     -0.053762
   3.854     -0.053128
   3.857     -0.052496
   3.859     -0.051864
   3.862     -0.051234
   3.865     -0.050604
   3.868     -0.049976
   3.870     -0.049349
   3.873     -0.048723
   3.876     -0.048097
   3.879     -0.047473
   3.881     -0.046850
   3.884     -0.046228
   3.887     -0.045607
   3.890     -0.044987
   3.892     -0.044367
   3.895     -0.043749
   3.898     -0.043132
   3.900     -0.042516
   3.903     -0.041901
   3.906     -0.041287
   3.909     -0.040674
   3.911     -0.040062
   3.914     -0.039451
   3.917     -0.038841
   3.920     -0.038231
   3.922     -0.037623
   3.925     -0.037016
   3.928     -0.036410
   3.931     -0.035804
   3.933     -0.035200
   3.936     -0.034597
   3.939     -0.033994
   3.941     -0.033393
   3.944     -0.032792
   3.947     -0.032193
   3.950     -0.031594
   3.952     -0.030996
   3.955     -0.030399
   3.958     -0.029803
   3.961     -0.029209
   3.963     -0.028614
   3.966     -0.028021
   3.969     -0.027429
   3.972     -0.026838
   3.974     -0.026247
   3.977     -0.025658
   3.980     -0.025069
   3.982     -0.024481
   3.985     -0.023895
   3.988     -0.023309
   3.991     -0.022723
   3.993     -0.022139
   3.996     -0.021556
   3.999     -0.020973
   4.002     -0.020392
   4.004     -0.019811
   4.007     -0.019231
   4.010     -0.018652
   4.013     -0.018074
   4.015     -0.017497
   4.018     -0.016920
   4.021     -0.016345
   4.023     -0.015770
   4.026     -0.015196
   4.029     -0.014623
   4.032     -0.014050
   4.034     -0.013479
   4.037     -0.012908
   4.040     -0.012338
   4.043     -0.011769
   4.045     -0.011201
   4.048     -0.010633
   4.051     -0.010067
   4.054     -0.009501
   4.056     -0.008936
   4.059     -0.008372
   4.062     -0.007808
   4.064     -0.007245
   4.067     -0.006683
   4.070     -0.006122
   4.073     -0.005562
   4.075     -0.005002
   4.078     -0.004443
   4.081     -0.003885
   4.084     -0.003328
   4.086     -0.002772
   4.089     -0.002216
   4.092     -0.001661
   4.095     -0.001106
   4.097     -0.000553
   4.100      0.000000
