   0.000     -0.000404
   0.004      0.000202
   0.008      0.000808
   0.011      0.001818
   0.015      0.003231
   0.019      0.005047
   0.023      0.007266
   0.026      0.009887
   0.030      0.012909
   0.034      0.016331
   0.038      0.020153
   0.041      0.024374
   0.045      0.028992
   0.049      0.034006
   0.053      0.039415
   0.057      0.045217
   0.060      0.051411
   0.064      0.057995
   0.068      0.064967
   0.072      0.072325
   0.075      0.080068
   0.079      0.088193
   0.083      0.096698
   0.087      0.105581
   0.090      0.114839
   0.094      0.124470
   0.098      0.134471
   0.102      0.144840
   0.105      0.155573
   0.109      0.166668
   0.113      0.178122
   0.117      0.189931
   0.121      0.202093
   0.124      0.214604
   0.128      0.227461
   0.132      0.240660
   0.136      0.254198
   0.139      0.268071
   0.143      0.282275
   0.147      0.296806
   0.151      0.311661
   0.154      0.326835
   0.158      0.342325
   0.162      0.358125
   0.166      0.374233
   0.170      0.390643
   0.173      0.407351
   0.177      0.424352
   0.181      0.441642
   0.185      0.459217
   0.188      0.477071
   0.192      0.495199
   0.196      0.513598
   0.200      0.532260
   0.203      0.551183
   0.207      0.570360
   0.211      0.589786
   0.215      0.609457
   0.218      0.629366
   0.222      0.649509
   0.226      0.669879
   0.230      0.690472
   0.234      0.711282
   0.237      0.732303
   0.241      0.753530
   0.245      0.774956
   0.249      0.796577
   0.252      0.818385
   0.256      0.840376
   0.260      0.862544
   0.264      0.884882
   0.267      0.907385
   0.271      0.930045
   0.275      0.952859
   0.279      0.975818
   0.282      0.998918
   0.286      1.022151
   0.290      1.045512
   0.294      1.068995
   0.298      1.092592
   0.301      1.116299
   0.305      1.140108
   0.309      1.164013
   0.313      1.188008
   0.316      1.212086
   0.320      1.236241
   0.324      1.260467
   0.328      1.284758
   0.331      1.309106
   0.335      1.333505
   0.339      1.357949
   0.343      1.382432
   0.347      1.406947
   0.350      1.431487
   0.354      1.456047
   0.358      1.480619
   0.362      1.505198
   0.365      1.529777
   0.369      1.554349
   0.373      1.578908
   0.377      1.603449
   0.380      1.627963
   0.384      1.652446
   0.388      1.676891
   0.392      1.701292
   0.395      1.725641
   0.399      1.749934
   0.403      1.774164
   0.407      1.798325
   0.411      1.822411
   0.414      1.846415
   0.418      1.870332
   0.422      1.894155
   0.426      1.917879
   0.429      1.941498
   0.433      1.965006
   0.437      1.988397
   0.441      2.011666
   0.444      2.034806
   0.448      2.057812
   0.452      2.080679
   0.456      2.103401
   0.460      2.125973
   0.463      2.148388
   0.467      2.170642
   0.471      2.192730
   0.475      2.214646
   0.478      2.236386
   0.482      2.257943
   0.486      2.279314
   0.490      2.300493
   0.493      2.321475
   0.497      2.342257
   0.501      2.362832
   0.505      2.383197
   0.508      2.403346
   0.512      2.423276
   0.516      2.442983
   0.520      2.462461
   0.524      2.481707
   0.527      2.500717
   0.531      2.519486
   0.535      2.538011
   0.539      2.556289
   0.542      2.574314
   0.546      2.592084
   0.550      2.609596
   0.554      2.626845
   0.557      2.643829
   0.561      2.660543
   0.565      2.676986
   0.569      2.693154
   0.573      2.709044
   0.576      2.724654
   0.580      2.739979
   0.584      2.755019
   0.588      2.769771
   0.591      2.784231
   0.595      2.798398
   0.599      2.812269
   0.603      2.825843
   0.606      2.839117
   0.610      2.852090
   0.614      2.864759
   0.618      2.877124
   0.621      2.889182
   0.625      2.900931
   0.629      2.912372
   0.633      2.923501
   0.637      2.934319
   0.640      2.944824
   0.644      2.955014
   0.648      2.964891
   0.652      2.974451
   0.655      2.983696
   0.659      2.992623
   0.663      3.001234
   0.667      3.009527
   0.670      3.017503
   0.674      3.025161
   0.678      3.032500
   0.682      3.039522
   0.686      3.046227
   0.689      3.052613
   0.693      3.058683
   0.697      3.064437
   0.701      3.069874
   0.704      3.074995
   0.708      3.079803
   0.712      3.084296
   0.716      3.088476
   0.719      3.092344
   0.723      3.095902
   0.727      3.099150
   0.731      3.102089
   0.735      3.104721
   0.738      3.107048
   0.742      3.109070
   0.746      3.110790
   0.750      3.112210
   0.753      3.113330
   0.757      3.114153
   0.761      3.114680
   0.765      3.114915
   0.768      3.114858
   0.772      3.114511
   0.776      3.113878
   0.780      3.112960
   0.783      3.111760
   0.787      3.110280
   0.791      3.108522
   0.795      3.106489
   0.799      3.104184
   0.802      3.101609
   0.806      3.098767
   0.810      3.095660
   0.814      3.092292
   0.817      3.088666
   0.821      3.084783
   0.825      3.080648
   0.829      3.076263
   0.832      3.071631
   0.836      3.066755
   0.840      3.061639
   0.844      3.056285
   0.848      3.050698
   0.851      3.044879
   0.855      3.038832
   0.859      3.032561
   0.863      3.026069
   0.866      3.019360
   0.870      3.012436
   0.874      3.005301
   0.878      2.997959
   0.881      2.990412
   0.885      2.982666
   0.889      2.974722
   0.893      2.966585
   0.896      2.958258
   0.900      2.949744
   0.904      2.941048
   0.908      2.932172
   0.912      2.923121
   0.915      2.913898
   0.919      2.904506
   0.923      2.894949
   0.927      2.885231
   0.930      2.875356
   0.934      2.865326
   0.938      2.855146
   0.942      2.844819
   0.945      2.834349
   0.949      2.823740
   0.953      2.812994
   0.957      2.802116
   0.961      2.791108
   0.964      2.779976
   0.968      2.768722
   0.972      2.757349
   0.976      2.745862
   0.979      2.734263
   0.983      2.722557
   0.987      2.710746
   0.991      2.698834
   0.994      2.686825
   0.998      2.674722
   1.002      2.662529
   1.006      2.650248
   1.009      2.637883
   1.013      2.625437
   1.017      2.612915
   1.021      2.600318
   1.025      2.587650
   1.028      2.574915
   1.032      2.562115
   1.036      2.549254
   1.040      2.536335
   1.043      2.523360
   1.047      2.510334
   1.051      2.497258
   1.055      2.484137
   1.058      2.470972
   1.062      2.457767
   1.066      2.444525
   1.070      2.431248
   1.074      2.417940
   1.077      2.404602
   1.081      2.391239
   1.085      2.377852
   1.089      2.364445
   1.092      2.351019
   1.096      2.337577
   1.100      2.324123
   1.104      2.310658
   1.107      2.297185
   1.111      2.283707
   1.115      2.270225
   1.119      2.256742
   1.122      2.243261
   1.126      2.229783
   1.130      2.216311
   1.134      2.202848
   1.138      2.189394
   1.141      2.175953
   1.145      2.162527
   1.149      2.149117
   1.153      2.135725
   1.156      2.122354
   1.160      2.109005
   1.164      2.095680
   1.168      2.082381
   1.171      2.069110
   1.175      2.055869
   1.179      2.042659
   1.183      2.029481
   1.187      2.016338
   1.190      2.003232
   1.194      1.990163
   1.198      1.977133
   1.202      1.964144
   1.205      1.951197
   1.209      1.938293
   1.213      1.925434
   1.217      1.912622
   1.220      1.899857
   1.224      1.887140
   1.228      1.874474
   1.232      1.861859
   1.235      1.849295
   1.239      1.836786
   1.243      1.824330
   1.247      1.811930
   1.251      1.799587
   1.254      1.787300
   1.258      1.775073
   1.262      1.762904
   1.266      1.750796
   1.269      1.738748
   1.273      1.726762
   1.277      1.714839
   1.281      1.702979
   1.284      1.691183
   1.288      1.679451
   1.292      1.667785
   1.296      1.656184
   1.300      1.644650
   1.303      1.633183
   1.307      1.621784
   1.311      1.610453
   1.315      1.599190
   1.318      1.587996
   1.322      1.576872
   1.326      1.565818
   1.330      1.554833
   1.333      1.543919
   1.337      1.533076
   1.341      1.522305
   1.345      1.511604
   1.348      1.500976
   1.352      1.490419
   1.356      1.479934
   1.360      1.469522
   1.364      1.459182
   1.367      1.448914
   1.371      1.438720
   1.375      1.428598
   1.379      1.418549
   1.382      1.408573
   1.386      1.398670
   1.390      1.388840
   1.394      1.379083
   1.397      1.369399
   1.401      1.359788
   1.405      1.350250
   1.409      1.340784
   1.413      1.331392
   1.416      1.322072
   1.420      1.312825
   1.424      1.303651
   1.428      1.294548
   1.431      1.285518
   1.435      1.276560
   1.439      1.267674
   1.443      1.258859
   1.446      1.250116
   1.450      1.241444
   1.454      1.232843
   1.458      1.224312
   1.461      1.215852
   1.465      1.207463
   1.469      1.199143
   1.473      1.190893
   1.477      1.182713
   1.480      1.174601
   1.484      1.166558
   1.488      1.158584
   1.492      1.150678
   1.495      1.142839
   1.499      1.135068
   1.503      1.127364
   1.507      1.119727
   1.510      1.112156
   1.514      1.104651
   1.518      1.097212
   1.522      1.089838
   1.526      1.082528
   1.529      1.075284
   1.533      1.068103
   1.537      1.060985
   1.541      1.053931
   1.544      1.046940
   1.548      1.040011
   1.552      1.033144
   1.556      1.026338
   1.559      1.019593
   1.563      1.012909
   1.567      1.006285
   1.571      0.999721
   1.574      0.993216
   1.578      0.986770
   1.582      0.980382
   1.586      0.974052
   1.590      0.967780
   1.593      0.961565
   1.597      0.955405
   1.601      0.949303
   1.605      0.943255
   1.608      0.937263
   1.612      0.931325
   1.616      0.925442
   1.620      0.919612
   1.623      0.913835
   1.627      0.908111
   1.631      0.902440
   1.635      0.896820
   1.639      0.891251
   1.642      0.885734
   1.646      0.880266
   1.650      0.874849
   1.654      0.869481
   1.657      0.864162
   1.661      0.858891
   1.665      0.853668
   1.669      0.848493
   1.672      0.843365
   1.676      0.838284
   1.680      0.833248
   1.684      0.828258
   1.687      0.823314
   1.691      0.818414
   1.695      0.813558
   1.699      0.808746
   1.703      0.803978
   1.706      0.799252
   1.710      0.794569
   1.714      0.789927
   1.718      0.785327
   1.721      0.780768
   1.725      0.776250
   1.729      0.771772
   1.733      0.767334
   1.736      0.762934
   1.740      0.758574
   1.744      0.754252
   1.748      0.749968
   1.752      0.745721
   1.755      0.741512
   1.759      0.737339
   1.763      0.733202
   1.767      0.729101
   1.770      0.725035
   1.774      0.721005
   1.778      0.717009
   1.782      0.713047
   1.785      0.709119
   1.789      0.705224
   1.793      0.701362
   1.797      0.697532
   1.800      0.693735
   1.804      0.689969
   1.808      0.686235
   1.812      0.682531
   1.816      0.678858
   1.819      0.675216
   1.823      0.671603
   1.827      0.668019
   1.831      0.664465
   1.834      0.660939
   1.838      0.657442
   1.842      0.653972
   1.846      0.650530
   1.849      0.647116
   1.853      0.643728
   1.857      0.640367
   1.861      0.637032
   1.865      0.633723
   1.868      0.630440
   1.872      0.627182
   1.876      0.623948
   1.880      0.620740
   1.883      0.617555
   1.887      0.614394
   1.891      0.611257
   1.895      0.608144
   1.898      0.605053
   1.902      0.601985
   1.906      0.598940
   1.910      0.595916
   1.913      0.592915
   1.917      0.589935
   1.921      0.586976
   1.925      0.584038
   1.929      0.581121
   1.932      0.578225
   1.936      0.575348
   1.940      0.572492
   1.944      0.569655
   1.947      0.566837
   1.951      0.564039
   1.955      0.561259
   1.959      0.558499
   1.962      0.555756
   1.966      0.553032
   1.970      0.550326
   1.974      0.547637
   1.978      0.544966
   1.981      0.542313
   1.985      0.539676
   1.989      0.537056
   1.993      0.534453
   1.996      0.531866
   2.000      0.529296
   2.004      0.526741
   2.008      0.524202
   2.011      0.521679
   2.015      0.519172
   2.019      0.516680
   2.023      0.514203
   2.026      0.511740
   2.030      0.509293
   2.034      0.506860
   2.038      0.504441
   2.042      0.502037
   2.045      0.499647
   2.049      0.497271
   2.053      0.494909
   2.057      0.492560
   2.060      0.490225
   2.064      0.487903
   2.068      0.485594
   2.072      0.483299
   2.075      0.481016
   2.079      0.478746
   2.083      0.476489
   2.087      0.474244
   2.091      0.472012
   2.094      0.469793
   2.098      0.467585
   2.102      0.465390
   2.106      0.463206
   2.109      0.461035
   2.113      0.458875
   2.117      0.456727
   2.121      0.454590
   2.124      0.452465
   2.128      0.450352
   2.132      0.448249
   2.136      0.446158
   2.139      0.444078
   2.143      0.442010
   2.147      0.439952
   2.151      0.437905
   2.155      0.435868
   2.158      0.433843
   2.162      0.431828
   2.166      0.429824
   2.170      0.427830
   2.173      0.425847
   2.177      0.423874
   2.181      0.421911
   2.185      0.419959
   2.188      0.418016
   2.192      0.416084
   2.196      0.414162
   2.200      0.412250
   2.203      0.410347
   2.207      0.408455
   2.211      0.406572
   2.215      0.404700
   2.219      0.402836
   2.222      0.400983
   2.226      0.399139
   2.230      0.397304
   2.234      0.395479
   2.237      0.393663
   2.241      0.391857
   2.245      0.390059
   2.249      0.388271
   2.252      0.386493
   2.256      0.384723
   2.260      0.382962
   2.264      0.381211
   2.268      0.379468
   2.271      0.377734
   2.275      0.376009
   2.279      0.374292
   2.283      0.372585
   2.286      0.370886
   2.290      0.369195
   2.294      0.367514
   2.298      0.365840
   2.301      0.364176
   2.305      0.362519
   2.309      0.360871
   2.313      0.359231
   2.316      0.357600
   2.320      0.355976
   2.324      0.354361
   2.328      0.352754
   2.332      0.351155
   2.335      0.349564
   2.339      0.347981
   2.343      0.346406
   2.347      0.344839
   2.350      0.343279
   2.354      0.341727
   2.358      0.340183
   2.362      0.338647
   2.365      0.337118
   2.369      0.335597
   2.373      0.334084
   2.377      0.332578
   2.381      0.331079
   2.384      0.329588
   2.388      0.328104
   2.392      0.326627
   2.396      0.325158
   2.399      0.323696
   2.403      0.322241
   2.407      0.320794
   2.411      0.319353
   2.414      0.317920
   2.418      0.316493
   2.422      0.315074
   2.426      0.313661
   2.429      0.312255
   2.433      0.310856
   2.437      0.309464
   2.441      0.308079
   2.445      0.306701
   2.448      0.305329
   2.452      0.303964
   2.456      0.302605
   2.460      0.301253
   2.463      0.299908
   2.467      0.298569
   2.471      0.297237
   2.475      0.295911
   2.478      0.294591
   2.482      0.293278
   2.486      0.291971
   2.490      0.290671
   2.494      0.289376
   2.497      0.288088
   2.501      0.286806
   2.505      0.285530
   2.509      0.284260
   2.512      0.282997
   2.516      0.281739
   2.520      0.280487
   2.524      0.279242
   2.527      0.278002
   2.531      0.276768
   2.535      0.275540
   2.539      0.274318
   2.542      0.273102
   2.546      0.271891
   2.550      0.270686
   2.554      0.269487
   2.558      0.268293
   2.561      0.267106
   2.565      0.265923
   2.569      0.264747
   2.573      0.263575
   2.576      0.262410
   2.580      0.261250
   2.584      0.260095
   2.588      0.258945
   2.591      0.257801
   2.595      0.256663
   2.599      0.255530
   2.603      0.254402
   2.607      0.253279
   2.610      0.252161
   2.614      0.251049
   2.618      0.249942
   2.622      0.248840
   2.625      0.247743
   2.629      0.246651
   2.633      0.245564
   2.637      0.244483
   2.640      0.243406
   2.644      0.242334
   2.648      0.241268
   2.652      0.240206
   2.655      0.239149
   2.659      0.238097
   2.663      0.237049
   2.667      0.236007
   2.671      0.234969
   2.674      0.233936
   2.678      0.232908
   2.682      0.231884
   2.686      0.230866
   2.689      0.229851
   2.693      0.228842
   2.697      0.227837
   2.701      0.226837
   2.704      0.225841
   2.708      0.224849
   2.712      0.223863
   2.716      0.222880
   2.720      0.221902
   2.723      0.220929
   2.727      0.219960
   2.731      0.218995
   2.735      0.218035
   2.738      0.217079
   2.742      0.216127
   2.746      0.215180
   2.750      0.214236
   2.753      0.213298
   2.757      0.212363
   2.761      0.211432
   2.765      0.210506
   2.768      0.209584
   2.772      0.208666
   2.776      0.207752
   2.780      0.206842
   2.784      0.205936
   2.787      0.205034
   2.791      0.204136
   2.795      0.203242
   2.799      0.202352
   2.802      0.201467
   2.806      0.200585
   2.810      0.199706
   2.814      0.198832
   2.817      0.197962
   2.821      0.197095
   2.825      0.196233
   2.829      0.195374
   2.833      0.194519
   2.836      0.193667
   2.840      0.192820
   2.844      0.191976
   2.848      0.191136
   2.851      0.190299
   2.855      0.189466
   2.859      0.188637
   2.863      0.187811
   2.866      0.186989
   2.870      0.186171
   2.874      0.185356
   2.878      0.184545
   2.881      0.183737
   2.885      0.182933
   2.889      0.182132
   2.893      0.181334
   2.897      0.180541
   2.900      0.179750
   2.904      0.178963
   2.908      0.178179
   2.912      0.177399
   2.915      0.176622
   2.919      0.175849
   2.923      0.175078
   2.927      0.174311
   2.930      0.173548
   2.934      0.172787
   2.938      0.172030
   2.942      0.171276
   2.946      0.170526
   2.949      0.169778
   2.953      0.169034
   2.957      0.168293
   2.961      0.167555
   2.964      0.166820
   2.968      0.166088
   2.972      0.165360
   2.976      0.164634
   2.979      0.163912
   2.983      0.163193
   2.987      0.162476
   2.991      0.161763
   2.994      0.161053
   2.998      0.160345
   3.002      0.159641
   3.006      0.158940
   3.010      0.158241
   3.013      0.157546
   3.017      0.156853
   3.021      0.156164
   3.025      0.155477
   3.028      0.154793
   3.032      0.154112
   3.036      0.153434
   3.040      0.152758
   3.043      0.152086
   3.047      0.151416
   3.051      0.150749
   3.055      0.150085
   3.059      0.149423
   3.062      0.148764
   3.066      0.148108
   3.070      0.147455
   3.074      0.146805
   3.077      0.146157
   3.081      0.145512
   3.085      0.144869
   3.089      0.144229
   3.092      0.143592
   3.096      0.142957
   3.100      0.142325
   3.104      0.141696
   3.107      0.141069
   3.111      0.140444
   3.115      0.139822
   3.119      0.139203
   3.123      0.138587
   3.126      0.137972
   3.130      0.137361
   3.134      0.136751
   3.138      0.136145
   3.141      0.135540
   3.145      0.134939
   3.149      0.134339
   3.153      0.133742
   3.156      0.133148
   3.160      0.132555
   3.164      0.131966
   3.168      0.131378
   3.172      0.130793
   3.175      0.130211
   3.179      0.129630
   3.183      0.129052
   3.187      0.128477
   3.190      0.127903
   3.194      0.127332
   3.198      0.126763
   3.202      0.126197
   3.205      0.125632
   3.209      0.125070
   3.213      0.124511
   3.217      0.123953
   3.220      0.123398
   3.224      0.122845
   3.228      0.122294
   3.232      0.121745
   3.236      0.121198
   3.239      0.120654
   3.243      0.120111
   3.247      0.119571
   3.251      0.119033
   3.254      0.118497
   3.258      0.117964
   3.262      0.117432
   3.266      0.116902
   3.269      0.116375
   3.273      0.115849
   3.277      0.115326
   3.281      0.114804
   3.285      0.114285
   3.288      0.113768
   3.292      0.113252
   3.296      0.112739
   3.300      0.112228
   3.303      0.111719
   3.307      0.111211
   3.311      0.110706
   3.315      0.110202
   3.318      0.109701
   3.322      0.109201
   3.326      0.108704
   3.330      0.108208
   3.333      0.107714
   3.337      0.107222
   3.341      0.106732
   3.345      0.106244
   3.349      0.105758
   3.352      0.105274
   3.356      0.104791
   3.360      0.104311
   3.364      0.103832
   3.367      0.103355
   3.371      0.102879
   3.375      0.102406
   3.379      0.101934
   3.382      0.101465
   3.386      0.100997
   3.390      0.100530
   3.394      0.100066
   3.398      0.099603
   3.401      0.099142
   3.405      0.098683
   3.409      0.098225
   3.413      0.097770
   3.416      0.097316
   3.420      0.096863
   3.424      0.096412
   3.428      0.095963
   3.431      0.095516
   3.435      0.095071
   3.439      0.094627
   3.443      0.094184
   3.446      0.093744
   3.450      0.093305
   3.454      0.092867
   3.458      0.092431
   3.462      0.091997
   3.465      0.091565
   3.469      0.091134
   3.473      0.090704
   3.477      0.090277
   3.480      0.089850
   3.484      0.089426
   3.488      0.089003
   3.492      0.088581
   3.495      0.088161
   3.499      0.087743
   3.503      0.087326
   3.507      0.086911
   3.511      0.086497
   3.514      0.086084
   3.518      0.085674
   3.522      0.085264
   3.526      0.084856
   3.529      0.084450
   3.533      0.084045
   3.537      0.083642
   3.541      0.083240
   3.544      0.082839
   3.548      0.082440
   3.552      0.082043
   3.556      0.081646
   3.559      0.081252
   3.563      0.080858
   3.567      0.080466
   3.571      0.080076
   3.575      0.079687
   3.578      0.079299
   3.582      0.078913
   3.586      0.078528
   3.590      0.078144
   3.593      0.077762
   3.597      0.077381
   3.601      0.077002
   3.605      0.076623
   3.608      0.076247
   3.612      0.075871
   3.616      0.075497
   3.620      0.075124
   3.624      0.074753
   3.627      0.074382
   3.631      0.074013
   3.635      0.073646
   3.639      0.073280
   3.642      0.072914
   3.646      0.072551
   3.650      0.072188
   3.654      0.071827
   3.657      0.071467
   3.661      0.071108
   3.665      0.070751
   3.669      0.070395
   3.672      0.070040
   3.676      0.069686
   3.680      0.069333
   3.684      0.068982
   3.688      0.068632
   3.691      0.068283
   3.695      0.067935
   3.699      0.067589
   3.703      0.067243
   3.706      0.066899
   3.710      0.066556
   3.714      0.066215
   3.718      0.065874
   3.721      0.065535
   3.725      0.065196
   3.729      0.064859
   3.733      0.064523
   3.737      0.064188
   3.740      0.063855
   3.744      0.063522
   3.748      0.063190
   3.752      0.062860
   3.755      0.062531
   3.759      0.062203
   3.763      0.061876
   3.767      0.061550
   3.770      0.061225
   3.774      0.060901
   3.778      0.060579
   3.782      0.060257
   3.785      0.059936
   3.789      0.059617
   3.793      0.059299
   3.797      0.058981
   3.801      0.058665
   3.804      0.058350
   3.808      0.058035
   3.812      0.057722
   3.816      0.057410
   3.819      0.057099
   3.823      0.056789
   3.827      0.056480
   3.831      0.056172
   3.834      0.055865
   3.838      0.055559
   3.842      0.055254
   3.846      0.054950
   3.850      0.054647
   3.853      0.054345
   3.857      0.054044
   3.861      0.053743
   3.865      0.053444
   3.868      0.053146
   3.872      0.052849
   3.876      0.052553
   3.880      0.052257
   3.883      0.051963
   3.887      0.051670
   3.891      0.051377
   3.895      0.051085
   3.898      0.050795
   3.902      0.050505
   3.906      0.050216
   3.910      0.049929
   3.914      0.049642
   3.917      0.049356
   3.921      0.049070
   3.925      0.048786
   3.929      0.048503
   3.932      0.048220
   3.936      0.047939
   3.940      0.047658
   3.944      0.047378
   3.947      0.047099
   3.951      0.046821
   3.955      0.046544
   3.959      0.046268
   3.963      0.045992
   3.966      0.045718
   3.970      0.045444
   3.974      0.045171
   3.978      0.044899
   3.981      0.044628
   3.985      0.044357
   3.989      0.044088
   3.993      0.043819
   3.996      0.043551
   4.000      0.043284
   4.004      0.043018
   4.008      0.042752
   4.011      0.042487
   4.015      0.042224
   4.019      0.041960
   4.023      0.041698
   4.027      0.041437
   4.030      0.041176
   4.034      0.040916
   4.038      0.040657
   4.042      0.040399
   4.045      0.040141
   4.049      0.039884
   4.053      0.039628
   4.057      0.039373
   4.060      0.039118
   4.064      0.038864
   4.068      0.038611
   4.072      0.038359
   4.076      0.038107
   4.079      0.037857
   4.083      0.037607
   4.087      0.037357
   4.091      0.037109
   4.094      0.036861
   4.098      0.036613
   4.102      0.036367
   4.106      0.036121
   4.109      0.035876
   4.113      0.035632
   4.117      0.035388
   4.121      0.035145
   4.124      0.034903
   4.128      0.034662
   4.132      0.034421
   4.136      0.034181
   4.140      0.033941
   4.143      0.033702
   4.147      0.033464
   4.151      0.033227
   4.155      0.032990
   4.158      0.032754
   4.162      0.032519
   4.166      0.032284
   4.170      0.032050
   4.173      0.031816
   4.177      0.031583
   4.181      0.031351
   4.185      0.031120
   4.189      0.030889
   4.192      0.030659
   4.196      0.030429
   4.200      0.030200
   4.204      0.029972
   4.207      0.029744
   4.211      0.029517
   4.215      0.029290
   4.219      0.029065
   4.222      0.028839
   4.226      0.028615
   4.230      0.028391
   4.234      0.028167
   4.237      0.027945
   4.241      0.027722
   4.245      0.027501
   4.249      0.027280
   4.253      0.027059
   4.256      0.026839
   4.260      0.026620
   4.264      0.026402
   4.268      0.026183
   4.271      0.025966
   4.275      0.025749
   4.279      0.025533
   4.283      0.025317
   4.286      0.025101
   4.290      0.024887
   4.294      0.024673
   4.298      0.024459
   4.302      0.024246
   4.305      0.024034
   4.309      0.023822
   4.313      0.023610
   4.317      0.023399
   4.320      0.023189
   4.324      0.022979
   4.328      0.022770
   4.332      0.022562
   4.335      0.022353
   4.339      0.022146
   4.343      0.021939
   4.347      0.021732
   4.350      0.021526
   4.354      0.021320
   4.358      0.021115
   4.362      0.020911
   4.366      0.020707
   4.369      0.020503
   4.373      0.020300
   4.377      0.020098
   4.381      0.019896
   4.384      0.019694
   4.388      0.019493
   4.392      0.019292
   4.396      0.019092
   4.399      0.018893
   4.403      0.018694
   4.407      0.018495
   4.411      0.018297
   4.415      0.018099
   4.418      0.017902
   4.422      0.017705
   4.426      0.017509
   4.430      0.017313
   4.433      0.017118
   4.437      0.016923
   4.441      0.016728
   4.445      0.016534
   4.448      0.016341
   4.452      0.016148
   4.456      0.015955
   4.460      0.015763
   4.463      0.015571
   4.467      0.015380
   4.471      0.015189
   4.475      0.014998
   4.479      0.014808
   4.482      0.014619
   4.486      0.014430
   4.490      0.014241
   4.494      0.014052
   4.497      0.013865
   4.501      0.013677
   4.505      0.013490
   4.509      0.013303
   4.512      0.013117
   4.516      0.012931
   4.520      0.012746
   4.524      0.012561
   4.528      0.012376
   4.531      0.012192
   4.535      0.012008
   4.539      0.011825
   4.543      0.011642
   4.546      0.011459
   4.550      0.011277
   4.554      0.011095
   4.558      0.010913
   4.561      0.010732
   4.565      0.010552
   4.569      0.010371
   4.573      0.010191
   4.576      0.010012
   4.580      0.009832
   4.584      0.009654
   4.588      0.009475
   4.592      0.009297
   4.595      0.009119
   4.599      0.008942
   4.603      0.008765
   4.607      0.008588
   4.610      0.008412
   4.614      0.008236
   4.618      0.008060
   4.622      0.007885
   4.625      0.007710
   4.629      0.007535
   4.633      0.007361
   4.637      0.007187
   4.641      0.007013
   4.644      0.006840
   4.648      0.006667
   4.652      0.006495
   4.656      0.006322
   4.659      0.006150
   4.663      0.005979
   4.667      0.005807
   4.671      0.005636
   4.674      0.005466
   4.678      0.005295
   4.682      0.005125
   4.686      0.004956
   4.689      0.004786
   4.693      0.004617
   4.697      0.004448
   4.701      0.004280
   4.705      0.004112
   4.708      0.003944
   4.712      0.003776
   4.716      0.003609
   4.720      0.003442
   4.723      0.003275
   4.727      0.003109
   4.731      0.002943
   4.735      0.002777
   4.738      0.002611
   4.742      0.002446
   4.746      0.002281
   4.750      0.002117
   4.754      0.001952
   4.757      0.001788
   4.761      0.001624
   4.765      0.001461
   4.769      0.001297
   4.772      0.001134
   4.776      0.000971
   4.780      0.000809
   4.784      0.000647
   4.787      0.000484
   4.791      0.000323
   4.795      0.000161
   4.799      0.000000
