   0.000     -0.000372
   0.004      0.000186
   0.008      0.000744
   0.011      0.001674
   0.015      0.002976
   0.019      0.004648
   0.023      0.006692
   0.026      0.009105
   0.030      0.011888
   0.034      0.015039
   0.038      0.018559
   0.041      0.022444
   0.045      0.026695
   0.049      0.031310
   0.053      0.036288
   0.057      0.041627
   0.060      0.047326
   0.064      0.053383
   0.068      0.059797
   0.072      0.066564
   0.075      0.073684
   0.079      0.081154
   0.083      0.088971
   0.087      0.097135
   0.090      0.105641
   0.094      0.114489
   0.098      0.123674
   0.102      0.133194
   0.105      0.143047
   0.109      0.153230
   0.113      0.163738
   0.117      0.174570
   0.121      0.185722
   0.124      0.197191
   0.128      0.208973
   0.132      0.221064
   0.136      0.233462
   0.139      0.246162
   0.143      0.259160
   0.147      0.272454
   0.151      0.286037
   0.154      0.299908
   0.158      0.314061
   0.162      0.328492
   0.166      0.343196
   0.170      0.358171
   0.173      0.373410
   0.177      0.388909
   0.181      0.404664
   0.185      0.420670
   0.188      0.436922
   0.192      0.453415
   0.196      0.470144
   0.200      0.487104
   0.203      0.504291
   0.207      0.521698
   0.211      0.539321
   0.215      0.557154
   0.218      0.575192
   0.222      0.593430
   0.226      0.611861
   0.230      0.630481
   0.234      0.649284
   0.237      0.668264
   0.241      0.687415
   0.245      0.706732
   0.249      0.726208
   0.252      0.745839
   0.256      0.765617
   0.260      0.785538
   0.264      0.805594
   0.267      0.825781
   0.271      0.846091
   0.275      0.866519
   0.279      0.887059
   0.282      0.907704
   0.286      0.928448
   0.290      0.949285
   0.294      0.970208
   0.298      0.991212
   0.301      1.012290
   0.305      1.033436
   0.309      1.054643
   0.313      1.075905
   0.316      1.097215
   0.320      1.118568
   0.324      1.139956
   0.328      1.161373
   0.331      1.182814
   0.335      1.204271
   0.339      1.225738
   0.343      1.247208
   0.347      1.268676
   0.350      1.290135
   0.354      1.311578
   0.358      1.332999
   0.362      1.354391
   0.365      1.375749
   0.369      1.397066
   0.373      1.418335
   0.377      1.439551
   0.380      1.460707
   0.384      1.481796
   0.388      1.502813
   0.392      1.523751
   0.395      1.544605
   0.399      1.565367
   0.403      1.586033
   0.407      1.606595
   0.411      1.627048
   0.414      1.647386
   0.418      1.667603
   0.422      1.687693
   0.426      1.707651
   0.429      1.727470
   0.433      1.747144
   0.437      1.766669
   0.441      1.786038
   0.444      1.805246
   0.448      1.824288
   0.452      1.843157
   0.456      1.861850
   0.460      1.880359
   0.463      1.898681
   0.467      1.916810
   0.471      1.934741
   0.475      1.952468
   0.478      1.969988
   0.482      1.987294
   0.486      2.004383
   0.490      2.021250
   0.493      2.037889
   0.497      2.054297
   0.501      2.070469
   0.505      2.086401
   0.508      2.102088
   0.512      2.117526
   0.516      2.132711
   0.520      2.147639
   0.524      2.162306
   0.527      2.176708
   0.531      2.190842
   0.535      2.204704
   0.539      2.218290
   0.542      2.231597
   0.546      2.244621
   0.550      2.257360
   0.554      2.269810
   0.557      2.281967
   0.561      2.293830
   0.565      2.305396
   0.569      2.316660
   0.573      2.327622
   0.576      2.338278
   0.580      2.348625
   0.584      2.358663
   0.588      2.368387
   0.591      2.377797
   0.595      2.386890
   0.599      2.395664
   0.603      2.404117
   0.606      2.412248
   0.610      2.420055
   0.614      2.427537
   0.618      2.434692
   0.621      2.441519
   0.625      2.448016
   0.629      2.454184
   0.633      2.460020
   0.637      2.465523
   0.640      2.470694
   0.644      2.475531
   0.648      2.480034
   0.652      2.484203
   0.655      2.488036
   0.659      2.491535
   0.663      2.494698
   0.667      2.497525
   0.670      2.500017
   0.674      2.502174
   0.678      2.503996
   0.682      2.505484
   0.686      2.506637
   0.689      2.507457
   0.693      2.507944
   0.697      2.508098
   0.701      2.507921
   0.704      2.507414
   0.708      2.506577
   0.712      2.505412
   0.716      2.503919
   0.719      2.502101
   0.723      2.499958
   0.727      2.497492
   0.731      2.494704
   0.735      2.491596
   0.738      2.488170
   0.742      2.484428
   0.746      2.480370
   0.750      2.476000
   0.753      2.471319
   0.757      2.466330
   0.761      2.461033
   0.765      2.455433
   0.768      2.449530
   0.772      2.443328
   0.776      2.436828
   0.780      2.430033
   0.783      2.422946
   0.787      2.415570
   0.791      2.407906
   0.795      2.399958
   0.799      2.391728
   0.802      2.383220
   0.806      2.374436
   0.810      2.365378
   0.814      2.356051
   0.817      2.346457
   0.821      2.336600
   0.825      2.326481
   0.829      2.316105
   0.832      2.305474
   0.836      2.294593
   0.840      2.283463
   0.844      2.272089
   0.848      2.260474
   0.851      2.248621
   0.855      2.236534
   0.859      2.224216
   0.863      2.211670
   0.866      2.198900
   0.870      2.185910
   0.874      2.172703
   0.878      2.159283
   0.881      2.145652
   0.885      2.131816
   0.889      2.117777
   0.893      2.103540
   0.896      2.089107
   0.900      2.074482
   0.904      2.059670
   0.908      2.044673
   0.912      2.029496
   0.915      2.014143
   0.919      1.998616
   0.923      1.982919
   0.927      1.967058
   0.930      1.951034
   0.934      1.934852
   0.938      1.918515
   0.942      1.902028
   0.945      1.885394
   0.949      1.868617
   0.953      1.851700
   0.957      1.834647
   0.961      1.817462
   0.964      1.800149
   0.968      1.782711
   0.972      1.765152
   0.976      1.747475
   0.979      1.729685
   0.983      1.711785
   0.987      1.693778
   0.991      1.675669
   0.994      1.657460
   0.998      1.639156
   1.002      1.620760
   1.006      1.602275
   1.009      1.583706
   1.013      1.565055
   1.017      1.546326
   1.021      1.527523
   1.025      1.508649
   1.028      1.489707
   1.032      1.470702
   1.036      1.451635
   1.040      1.432512
   1.043      1.413335
   1.047      1.394107
   1.051      1.374832
   1.055      1.355513
   1.058      1.336154
   1.062      1.316757
   1.066      1.297326
   1.070      1.277864
   1.074      1.258374
   1.077      1.238859
   1.081      1.219322
   1.085      1.199767
   1.089      1.180197
   1.092      1.160614
   1.096      1.141021
   1.100      1.121422
   1.104      1.101819
   1.107      1.082216
   1.111      1.062614
   1.115      1.043018
   1.119      1.023429
   1.122      1.003851
   1.126      0.984286
   1.130      0.964736
   1.134      0.945206
   1.138      0.925697
   1.141      0.906212
   1.145      0.886753
   1.149      0.867323
   1.153      0.847924
   1.156      0.828560
   1.160      0.809232
   1.164      0.789943
   1.168      0.770695
   1.171      0.751490
   1.175      0.732331
   1.179      0.713221
   1.183      0.694161
   1.187      0.675153
   1.190      0.656200
   1.194      0.637303
   1.198      0.618466
   1.202      0.599690
   1.205      0.580976
   1.209      0.562328
   1.213      0.543746
   1.217      0.525233
   1.220      0.506792
   1.224      0.488422
   1.228      0.470127
   1.232      0.451909
   1.235      0.433768
   1.239      0.415707
   1.243      0.397727
   1.247      0.379830
   1.251      0.362018
   1.254      0.344292
   1.258      0.326653
   1.262      0.309104
   1.266      0.291645
   1.269      0.274279
   1.273      0.257006
   1.277      0.239828
   1.281      0.222746
   1.284      0.205762
   1.288      0.188876
   1.292      0.172091
   1.296      0.155407
   1.300      0.138825
   1.303      0.122347
   1.307      0.105973
   1.311      0.089706
   1.315      0.073545
   1.318      0.057492
   1.322      0.041548
   1.326      0.025713
   1.330      0.009989
   1.333     -0.005623
   1.337     -0.021122
   1.341     -0.036509
   1.345     -0.051781
   1.348     -0.066939
   1.352     -0.081980
   1.356     -0.096906
   1.360     -0.111715
   1.364     -0.126405
   1.367     -0.140978
   1.371     -0.155432
   1.375     -0.169766
   1.379     -0.183980
   1.382     -0.198074
   1.386     -0.212047
   1.390     -0.225898
   1.394     -0.239627
   1.397     -0.253234
   1.401     -0.266718
   1.405     -0.280079
   1.409     -0.293317
   1.413     -0.306430
   1.416     -0.319420
   1.420     -0.332286
   1.424     -0.345027
   1.428     -0.357643
   1.431     -0.370134
   1.435     -0.382500
   1.439     -0.394741
   1.443     -0.406856
   1.446     -0.418846
   1.450     -0.430710
   1.454     -0.442449
   1.458     -0.454061
   1.461     -0.465548
   1.465     -0.476910
   1.469     -0.488145
   1.473     -0.499255
   1.477     -0.510239
   1.480     -0.521098
   1.484     -0.531831
   1.488     -0.542439
   1.492     -0.552921
   1.495     -0.563278
   1.499     -0.573511
   1.503     -0.583619
   1.507     -0.593602
   1.510     -0.603461
   1.514     -0.613195
   1.518     -0.622806
   1.522     -0.632294
   1.526     -0.641657
   1.529     -0.650898
   1.533     -0.660016
   1.537     -0.669012
   1.541     -0.677886
   1.544     -0.686638
   1.548     -0.695268
   1.552     -0.703778
   1.556     -0.712166
   1.559     -0.720435
   1.563     -0.728584
   1.567     -0.736613
   1.571     -0.744524
   1.574     -0.752316
   1.578     -0.759989
   1.582     -0.767546
   1.586     -0.774985
   1.590     -0.782307
   1.593     -0.789514
   1.597     -0.796604
   1.601     -0.803580
   1.605     -0.810441
   1.608     -0.817188
   1.612     -0.823821
   1.616     -0.830342
   1.620     -0.836750
   1.623     -0.843046
   1.627     -0.849231
   1.631     -0.855305
   1.635     -0.861269
   1.639     -0.867123
   1.642     -0.872869
   1.646     -0.878506
   1.650     -0.884036
   1.654     -0.889458
   1.657     -0.894775
   1.661     -0.899985
   1.665     -0.905090
   1.669     -0.910091
   1.672     -0.914987
   1.676     -0.919781
   1.680     -0.924472
   1.684     -0.929061
   1.687     -0.933548
   1.691     -0.937936
   1.695     -0.942223
   1.699     -0.946411
   1.703     -0.950500
   1.706     -0.954492
   1.710     -0.958386
   1.714     -0.962184
   1.718     -0.965887
   1.721     -0.969494
   1.725     -0.973006
   1.729     -0.976425
   1.733     -0.979751
   1.736     -0.982985
   1.740     -0.986127
   1.744     -0.989178
   1.748     -0.992139
   1.752     -0.995011
   1.755     -0.997794
   1.759     -1.000488
   1.763     -1.003096
   1.767     -1.005617
   1.770     -1.008052
   1.774     -1.010402
   1.778     -1.012667
   1.782     -1.014849
   1.785     -1.016947
   1.789     -1.018964
   1.793     -1.020899
   1.797     -1.022753
   1.800     -1.024527
   1.804     -1.026221
   1.808     -1.027837
   1.812     -1.029375
   1.816     -1.030836
   1.819     -1.032220
   1.823     -1.033528
   1.827     -1.034762
   1.831     -1.035921
   1.834     -1.037006
   1.838     -1.038019
   1.842     -1.038959
   1.846     -1.039828
   1.849     -1.040626
   1.853     -1.041354
   1.857     -1.042013
   1.861     -1.042603
   1.865     -1.043125
   1.868     -1.043580
   1.872     -1.043969
   1.876     -1.044292
   1.880     -1.044550
   1.883     -1.044744
   1.887     -1.044874
   1.891     -1.044941
   1.895     -1.044945
   1.898     -1.044889
   1.902     -1.044771
   1.906     -1.044594
   1.910     -1.044357
   1.913     -1.044062
   1.917     -1.043708
   1.921     -1.043297
   1.925     -1.042830
   1.929     -1.042306
   1.932     -1.041728
   1.936     -1.041095
   1.940     -1.040408
   1.944     -1.039668
   1.947     -1.038876
   1.951     -1.038031
   1.955     -1.037136
   1.959     -1.036190
   1.962     -1.035195
   1.966     -1.034150
   1.970     -1.033058
   1.974     -1.031917
   1.978     -1.030730
   1.981     -1.029496
   1.985     -1.028216
   1.989     -1.026892
   1.993     -1.025523
   1.996     -1.024110
   2.000     -1.022655
   2.004     -1.021157
   2.008     -1.019618
   2.011     -1.018037
   2.015     -1.016416
   2.019     -1.014756
   2.023     -1.013056
   2.026     -1.011318
   2.030     -1.009542
   2.034     -1.007729
   2.038     -1.005880
   2.042     -1.003995
   2.045     -1.002074
   2.049     -1.000119
   2.053     -0.998130
   2.057     -0.996108
   2.060     -0.994053
   2.064     -0.991966
   2.068     -0.989848
   2.072     -0.987699
   2.075     -0.985520
   2.079     -0.983311
   2.083     -0.981074
   2.087     -0.978808
   2.091     -0.976514
   2.094     -0.974193
   2.098     -0.971846
   2.102     -0.969473
   2.106     -0.967075
   2.109     -0.964652
   2.113     -0.962204
   2.117     -0.959734
   2.121     -0.957240
   2.124     -0.954724
   2.128     -0.952186
   2.132     -0.949627
   2.136     -0.947047
   2.139     -0.944448
   2.143     -0.941828
   2.147     -0.939190
   2.151     -0.936533
   2.155     -0.933859
   2.158     -0.931167
   2.162     -0.928458
   2.166     -0.925733
   2.170     -0.922992
   2.173     -0.920236
   2.177     -0.917466
   2.181     -0.914681
   2.185     -0.911883
   2.188     -0.909071
   2.192     -0.906246
   2.196     -0.903410
   2.200     -0.900561
   2.203     -0.897702
   2.207     -0.894832
   2.211     -0.891951
   2.215     -0.889060
   2.219     -0.886160
   2.222     -0.883251
   2.226     -0.880334
   2.230     -0.877408
   2.234     -0.874475
   2.237     -0.871534
   2.241     -0.868587
   2.245     -0.865633
   2.249     -0.862673
   2.252     -0.859707
   2.256     -0.856736
   2.260     -0.853760
   2.264     -0.850779
   2.268     -0.847794
   2.271     -0.844805
   2.275     -0.841813
   2.279     -0.838818
   2.283     -0.835819
   2.286     -0.832818
   2.290     -0.829815
   2.294     -0.826810
   2.298     -0.823804
   2.301     -0.820796
   2.305     -0.817787
   2.309     -0.814778
   2.313     -0.811768
   2.316     -0.808758
   2.320     -0.805748
   2.324     -0.802739
   2.328     -0.799730
   2.332     -0.796723
   2.335     -0.793716
   2.339     -0.790711
   2.343     -0.787708
   2.347     -0.784707
   2.350     -0.781708
   2.354     -0.778711
   2.358     -0.775717
   2.362     -0.772725
   2.365     -0.769737
   2.369     -0.766752
   2.373     -0.763771
   2.377     -0.760793
   2.381     -0.757819
   2.384     -0.754849
   2.388     -0.751883
   2.392     -0.748922
   2.396     -0.745965
   2.399     -0.743013
   2.403     -0.740066
   2.407     -0.737125
   2.411     -0.734188
   2.414     -0.731257
   2.418     -0.728331
   2.422     -0.725411
   2.426     -0.722497
   2.429     -0.719589
   2.433     -0.716687
   2.437     -0.713791
   2.441     -0.710902
   2.445     -0.708019
   2.448     -0.705142
   2.452     -0.702273
   2.456     -0.699410
   2.460     -0.696555
   2.463     -0.693706
   2.467     -0.690865
   2.471     -0.688030
   2.475     -0.685204
   2.478     -0.682384
   2.482     -0.679573
   2.486     -0.676768
   2.490     -0.673972
   2.494     -0.671183
   2.497     -0.668403
   2.501     -0.665630
   2.505     -0.662865
   2.509     -0.660109
   2.512     -0.657360
   2.516     -0.654620
   2.520     -0.651888
   2.524     -0.649165
   2.527     -0.646450
   2.531     -0.643743
   2.535     -0.641045
   2.539     -0.638356
   2.542     -0.635675
   2.546     -0.633003
   2.550     -0.630339
   2.554     -0.627685
   2.558     -0.625039
   2.561     -0.622402
   2.565     -0.619774
   2.569     -0.617155
   2.573     -0.614544
   2.576     -0.611943
   2.580     -0.609351
   2.584     -0.606768
   2.588     -0.604193
   2.591     -0.601628
   2.595     -0.599072
   2.599     -0.596525
   2.603     -0.593987
   2.607     -0.591459
   2.610     -0.588939
   2.614     -0.586429
   2.618     -0.583928
   2.622     -0.581436
   2.625     -0.578953
   2.629     -0.576480
   2.633     -0.574016
   2.637     -0.571561
   2.640     -0.569115
   2.644     -0.566678
   2.648     -0.564251
   2.652     -0.561833
   2.655     -0.559424
   2.659     -0.557024
   2.663     -0.554634
   2.667     -0.552253
   2.671     -0.549881
   2.674     -0.547518
   2.678     -0.545164
   2.682     -0.542820
   2.686     -0.540485
   2.689     -0.538158
   2.693     -0.535842
   2.697     -0.533534
   2.701     -0.531235
   2.704     -0.528946
   2.708     -0.526665
   2.712     -0.524394
   2.716     -0.522132
   2.720     -0.519879
   2.723     -0.517635
   2.727     -0.515400
   2.731     -0.513173
   2.735     -0.510956
   2.738     -0.508748
   2.742     -0.506549
   2.746     -0.504359
   2.750     -0.502177
   2.753     -0.500005
   2.757     -0.497841
   2.761     -0.495686
   2.765     -0.493540
   2.768     -0.491403
   2.772     -0.489275
   2.776     -0.487155
   2.780     -0.485044
   2.784     -0.482942
   2.787     -0.480848
   2.791     -0.478763
   2.795     -0.476686
   2.799     -0.474618
   2.802     -0.472559
   2.806     -0.470508
   2.810     -0.468466
   2.814     -0.466432
   2.817     -0.464407
   2.821     -0.462389
   2.825     -0.460381
   2.829     -0.458380
   2.833     -0.456388
   2.836     -0.454405
   2.840     -0.452429
   2.844     -0.450462
   2.848     -0.448503
   2.851     -0.446552
   2.855     -0.444609
   2.859     -0.442675
   2.863     -0.440748
   2.866     -0.438829
   2.870     -0.436919
   2.874     -0.435016
   2.878     -0.433121
   2.881     -0.431235
   2.885     -0.429356
   2.889     -0.427485
   2.893     -0.425622
   2.897     -0.423766
   2.900     -0.421918
   2.904     -0.420078
   2.908     -0.418246
   2.912     -0.416421
   2.915     -0.414604
   2.919     -0.412795
   2.923     -0.410993
   2.927     -0.409199
   2.930     -0.407412
   2.934     -0.405632
   2.938     -0.403860
   2.942     -0.402095
   2.946     -0.400338
   2.949     -0.398588
   2.953     -0.396846
   2.957     -0.395110
   2.961     -0.393382
   2.964     -0.391661
   2.968     -0.389947
   2.972     -0.388240
   2.976     -0.386541
   2.979     -0.384848
   2.983     -0.383163
   2.987     -0.381484
   2.991     -0.379812
   2.994     -0.378148
   2.998     -0.376490
   3.002     -0.374839
   3.006     -0.373195
   3.010     -0.371558
   3.013     -0.369927
   3.017     -0.368304
   3.021     -0.366687
   3.025     -0.365076
   3.028     -0.363473
   3.032     -0.361876
   3.036     -0.360285
   3.040     -0.358701
   3.043     -0.357124
   3.047     -0.355553
   3.051     -0.353988
   3.055     -0.352430
   3.059     -0.350879
   3.062     -0.349333
   3.066     -0.347795
   3.070     -0.346262
   3.074     -0.344736
   3.077     -0.343215
   3.081     -0.341702
   3.085     -0.340194
   3.089     -0.338692
   3.092     -0.337197
   3.096     -0.335708
   3.100     -0.334224
   3.104     -0.332747
   3.107     -0.331276
   3.111     -0.329811
   3.115     -0.328352
   3.119     -0.326898
   3.123     -0.325451
   3.126     -0.324009
   3.130     -0.322573
   3.134     -0.321143
   3.138     -0.319719
   3.141     -0.318301
   3.145     -0.316888
   3.149     -0.315481
   3.153     -0.314080
   3.156     -0.312684
   3.160     -0.311294
   3.164     -0.309910
   3.168     -0.308531
   3.172     -0.307157
   3.175     -0.305789
   3.179     -0.304427
   3.183     -0.303070
   3.187     -0.301718
   3.190     -0.300372
   3.194     -0.299031
   3.198     -0.297696
   3.202     -0.296366
   3.205     -0.295041
   3.209     -0.293721
   3.213     -0.292407
   3.217     -0.291098
   3.220     -0.289794
   3.224     -0.288495
   3.228     -0.287202
   3.232     -0.285913
   3.236     -0.284630
   3.239     -0.283351
   3.243     -0.282078
   3.247     -0.280810
   3.251     -0.279546
   3.254     -0.278288
   3.258     -0.277034
   3.262     -0.275786
   3.266     -0.274542
   3.269     -0.273304
   3.273     -0.272070
   3.277     -0.270840
   3.281     -0.269616
   3.285     -0.268397
   3.288     -0.267182
   3.292     -0.265972
   3.296     -0.264766
   3.300     -0.263566
   3.303     -0.262370
   3.307     -0.261178
   3.311     -0.259992
   3.315     -0.258809
   3.318     -0.257632
   3.322     -0.256459
   3.326     -0.255290
   3.330     -0.254126
   3.333     -0.252967
   3.337     -0.251811
   3.341     -0.250661
   3.345     -0.249515
   3.349     -0.248373
   3.352     -0.247235
   3.356     -0.246102
   3.360     -0.244973
   3.364     -0.243849
   3.367     -0.242728
   3.371     -0.241612
   3.375     -0.240501
   3.379     -0.239393
   3.382     -0.238290
   3.386     -0.237191
   3.390     -0.236096
   3.394     -0.235005
   3.398     -0.233918
   3.401     -0.232836
   3.405     -0.231757
   3.409     -0.230683
   3.413     -0.229612
   3.416     -0.228546
   3.420     -0.227483
   3.424     -0.226425
   3.428     -0.225371
   3.431     -0.224320
   3.435     -0.223274
   3.439     -0.222231
   3.443     -0.221192
   3.446     -0.220157
   3.450     -0.219126
   3.454     -0.218099
   3.458     -0.217076
   3.462     -0.216056
   3.465     -0.215040
   3.469     -0.214028
   3.473     -0.213020
   3.477     -0.212015
   3.480     -0.211014
   3.484     -0.210017
   3.488     -0.209024
   3.492     -0.208034
   3.495     -0.207047
   3.499     -0.206065
   3.503     -0.205086
   3.507     -0.204110
   3.511     -0.203138
   3.514     -0.202170
   3.518     -0.201205
   3.522     -0.200244
   3.526     -0.199286
   3.529     -0.198332
   3.533     -0.197381
   3.537     -0.196433
   3.541     -0.195489
   3.544     -0.194549
   3.548     -0.193612
   3.552     -0.192678
   3.556     -0.191747
   3.559     -0.190820
   3.563     -0.189897
   3.567     -0.188976
   3.571     -0.188059
   3.575     -0.187145
   3.578     -0.186235
   3.582     -0.185327
   3.586     -0.184423
   3.590     -0.183522
   3.593     -0.182625
   3.597     -0.181730
   3.601     -0.180839
   3.605     -0.179951
   3.608     -0.179066
   3.612     -0.178184
   3.616     -0.177305
   3.620     -0.176430
   3.624     -0.175557
   3.627     -0.174688
   3.631     -0.173821
   3.635     -0.172958
   3.639     -0.172098
   3.642     -0.171240
   3.646     -0.170386
   3.650     -0.169535
   3.654     -0.168686
   3.657     -0.167841
   3.661     -0.166999
   3.665     -0.166159
   3.669     -0.165322
   3.672     -0.164489
   3.676     -0.163658
   3.680     -0.162830
   3.684     -0.162005
   3.688     -0.161183
   3.691     -0.160363
   3.695     -0.159547
   3.699     -0.158733
   3.703     -0.157922
   3.706     -0.157114
   3.710     -0.156308
   3.714     -0.155506
   3.718     -0.154706
   3.721     -0.153909
   3.725     -0.153114
   3.729     -0.152322
   3.733     -0.151533
   3.737     -0.150747
   3.740     -0.149963
   3.744     -0.149182
   3.748     -0.148403
   3.752     -0.147628
   3.755     -0.146854
   3.759     -0.146084
   3.763     -0.145316
   3.767     -0.144550
   3.770     -0.143787
   3.774     -0.143027
   3.778     -0.142269
   3.782     -0.141514
   3.785     -0.140761
   3.789     -0.140011
   3.793     -0.139263
   3.797     -0.138518
   3.801     -0.137775
   3.804     -0.137035
   3.808     -0.136297
   3.812     -0.135561
   3.816     -0.134828
   3.819     -0.134098
   3.823     -0.133370
   3.827     -0.132644
   3.831     -0.131920
   3.834     -0.131199
   3.838     -0.130481
   3.842     -0.129764
   3.846     -0.129050
   3.850     -0.128338
   3.853     -0.127629
   3.857     -0.126922
   3.861     -0.126217
   3.865     -0.125514
   3.868     -0.124814
   3.872     -0.124116
   3.876     -0.123420
   3.880     -0.122727
   3.883     -0.122035
   3.887     -0.121346
   3.891     -0.120659
   3.895     -0.119975
   3.898     -0.119292
   3.902     -0.118612
   3.906     -0.117934
   3.910     -0.117258
   3.914     -0.116584
   3.917     -0.115912
   3.921     -0.115242
   3.925     -0.114575
   3.929     -0.113909
   3.932     -0.113246
   3.936     -0.112585
   3.940     -0.111926
   3.944     -0.111269
   3.947     -0.110613
   3.951     -0.109960
   3.955     -0.109309
   3.959     -0.108661
   3.963     -0.108014
   3.966     -0.107369
   3.970     -0.106726
   3.974     -0.106085
   3.978     -0.105446
   3.981     -0.104809
   3.985     -0.104174
   3.989     -0.103541
   3.993     -0.102909
   3.996     -0.102280
   4.000     -0.101653
   4.004     -0.101027
   4.008     -0.100404
   4.011     -0.099782
   4.015     -0.099162
   4.019     -0.098545
   4.023     -0.097929
   4.027     -0.097314
   4.030     -0.096702
   4.034     -0.096092
   4.038     -0.095483
   4.042     -0.094876
   4.045     -0.094271
   4.049     -0.093668
   4.053     -0.093067
   4.057     -0.092467
   4.060     -0.091869
   4.064     -0.091273
   4.068     -0.090679
   4.072     -0.090086
   4.076     -0.089496
   4.079     -0.088907
   4.083     -0.088319
   4.087     -0.087734
   4.091     -0.087150
   4.094     -0.086568
   4.098     -0.085987
   4.102     -0.085408
   4.106     -0.084831
   4.109     -0.084256
   4.113     -0.083682
   4.117     -0.083110
   4.121     -0.082539
   4.124     -0.081970
   4.128     -0.081403
   4.132     -0.080837
   4.136     -0.080273
   4.140     -0.079711
   4.143     -0.079150
   4.147     -0.078591
   4.151     -0.078033
   4.155     -0.077477
   4.158     -0.076923
   4.162     -0.076370
   4.166     -0.075819
   4.170     -0.075269
   4.173     -0.074721
   4.177     -0.074174
   4.181     -0.073629
   4.185     -0.073085
   4.189     -0.072543
   4.192     -0.072002
   4.196     -0.071463
   4.200     -0.070925
   4.204     -0.070389
   4.207     -0.069854
   4.211     -0.069321
   4.215     -0.068789
   4.219     -0.068259
   4.222     -0.067730
   4.226     -0.067202
   4.230     -0.066676
   4.234     -0.066151
   4.237     -0.065628
   4.241     -0.065106
   4.245     -0.064586
   4.249     -0.064067
   4.253     -0.063549
   4.256     -0.063033
   4.260     -0.062518
   4.264     -0.062004
   4.268     -0.061492
   4.271     -0.060981
   4.275     -0.060472
   4.279     -0.059963
   4.283     -0.059457
   4.286     -0.058951
   4.290     -0.058447
   4.294     -0.057944
   4.298     -0.057442
   4.302     -0.056942
   4.305     -0.056443
   4.309     -0.055946
   4.313     -0.055449
   4.317     -0.054954
   4.320     -0.054460
   4.324     -0.053967
   4.328     -0.053476
   4.332     -0.052986
   4.335     -0.052497
   4.339     -0.052009
   4.343     -0.051523
   4.347     -0.051038
   4.350     -0.050554
   4.354     -0.050071
   4.358     -0.049589
   4.362     -0.049109
   4.366     -0.048630
   4.369     -0.048152
   4.373     -0.047675
   4.377     -0.047199
   4.381     -0.046725
   4.384     -0.046251
   4.388     -0.045779
   4.392     -0.045308
   4.396     -0.044838
   4.399     -0.044370
   4.403     -0.043902
   4.407     -0.043435
   4.411     -0.042970
   4.415     -0.042506
   4.418     -0.042043
   4.422     -0.041581
   4.426     -0.041120
   4.430     -0.040660
   4.433     -0.040201
   4.437     -0.039743
   4.441     -0.039286
   4.445     -0.038831
   4.448     -0.038376
   4.452     -0.037923
   4.456     -0.037470
   4.460     -0.037019
   4.463     -0.036569
   4.467     -0.036119
   4.471     -0.035671
   4.475     -0.035224
   4.479     -0.034777
   4.482     -0.034332
   4.486     -0.033888
   4.490     -0.033445
   4.494     -0.033002
   4.497     -0.032561
   4.501     -0.032121
   4.505     -0.031681
   4.509     -0.031243
   4.512     -0.030806
   4.516     -0.030369
   4.520     -0.029934
   4.524     -0.029499
   4.528     -0.029066
   4.531     -0.028633
   4.535     -0.028201
   4.539     -0.027770
   4.543     -0.027341
   4.546     -0.026912
   4.550     -0.026484
   4.554     -0.026056
   4.558     -0.025630
   4.561     -0.025205
   4.565     -0.024780
   4.569     -0.024357
   4.573     -0.023934
   4.576     -0.023512
   4.580     -0.023092
   4.584     -0.022671
   4.588     -0.022252
   4.592     -0.021834
   4.595     -0.021416
   4.599     -0.021000
   4.603     -0.020584
   4.607     -0.020169
   4.610     -0.019755
   4.614     -0.019341
   4.618     -0.018929
   4.622     -0.018517
   4.625     -0.018106
   4.629     -0.017696
   4.633     -0.017287
   4.637     -0.016879
   4.641     -0.016471
   4.644     -0.016064
   4.648     -0.015658
   4.652     -0.015253
   4.656     -0.014848
   4.659     -0.014444
   4.663     -0.014041
   4.667     -0.013639
   4.671     -0.013237
   4.674     -0.012837
   4.678     -0.012436
   4.682     -0.012037
   4.686     -0.011639
   4.689     -0.011241
   4.693     -0.010844
   4.697     -0.010447
   4.701     -0.010052
   4.705     -0.009657
   4.708     -0.009262
   4.712     -0.008869
   4.716     -0.008476
   4.720     -0.008084
   4.723     -0.007692
   4.727     -0.007301
   4.731     -0.006911
   4.735     -0.006522
   4.738     -0.006133
   4.742     -0.005745
   4.746     -0.005358
   4.750     -0.004971
   4.754     -0.004585
   4.757     -0.004199
   4.761     -0.003814
   4.765     -0.003430
   4.769     -0.003046
   4.772     -0.002663
   4.776     -0.002281
   4.780     -0.001899
   4.784     -0.001518
   4.787     -0.001138
   4.791     -0.000758
   4.795     -0.000379
   4.799      0.000000
