   0.000      0.357786
   0.004      0.357794
   0.008      0.357803
   0.011      0.357818
   0.015      0.357839
   0.019      0.357865
   0.023      0.357897
   0.026      0.357935
   0.030      0.357980
   0.034      0.358029
   0.038      0.358085
   0.041      0.358147
   0.045      0.358215
   0.049      0.358288
   0.053      0.358367
   0.057      0.358453
   0.060      0.358544
   0.064      0.358641
   0.068      0.358744
   0.072      0.358853
   0.075      0.358968
   0.079      0.359088
   0.083      0.359215
   0.087      0.359347
   0.090      0.359486
   0.094      0.359630
   0.098      0.359781
   0.102      0.359937
   0.105      0.360099
   0.109      0.360267
   0.113      0.360442
   0.117      0.360622
   0.121      0.360808
   0.124      0.361000
   0.128      0.361198
   0.132      0.361402
   0.136      0.361613
   0.139      0.361829
   0.143      0.362051
   0.147      0.362279
   0.151      0.362513
   0.154      0.362754
   0.158      0.363000
   0.162      0.363253
   0.166      0.363511
   0.170      0.363776
   0.173      0.364046
   0.177      0.364323
   0.181      0.364606
   0.185      0.364895
   0.188      0.365190
   0.192      0.365491
   0.196      0.365799
   0.200      0.366112
   0.203      0.366432
   0.207      0.366758
   0.211      0.367090
   0.215      0.367428
   0.218      0.367773
   0.222      0.368123
   0.226      0.368480
   0.230      0.368843
   0.234      0.369212
   0.237      0.369588
   0.241      0.369970
   0.245      0.370358
   0.249      0.370752
   0.252      0.371152
   0.256      0.371559
   0.260      0.371972
   0.264      0.372392
   0.267      0.372818
   0.271      0.373250
   0.275      0.373688
   0.279      0.374133
   0.282      0.374584
   0.286      0.375042
   0.290      0.375506
   0.294      0.375976
   0.298      0.376453
   0.301      0.376936
   0.305      0.377426
   0.309      0.377922
   0.313      0.378424
   0.316      0.378933
   0.320      0.379449
   0.324      0.379970
   0.328      0.380499
   0.331      0.381034
   0.335      0.381575
   0.339      0.382123
   0.343      0.382678
   0.347      0.383239
   0.350      0.383807
   0.354      0.384381
   0.358      0.384962
   0.362      0.385550
   0.365      0.386144
   0.369      0.386745
   0.373      0.387352
   0.377      0.387966
   0.380      0.388587
   0.384      0.389214
   0.388      0.389849
   0.392      0.390490
   0.395      0.391137
   0.399      0.391792
   0.403      0.392453
   0.407      0.393121
   0.411      0.393795
   0.414      0.394477
   0.418      0.395165
   0.422      0.395860
   0.426      0.396562
   0.429      0.397271
   0.433      0.397986
   0.437      0.398709
   0.441      0.399438
   0.444      0.400175
   0.448      0.400918
   0.452      0.401668
   0.456      0.402425
   0.460      0.403189
   0.463      0.403960
   0.467      0.404738
   0.471      0.405522
   0.475      0.406314
   0.478      0.407113
   0.482      0.407919
   0.486      0.408732
   0.490      0.409552
   0.493      0.410379
   0.497      0.411213
   0.501      0.412054
   0.505      0.412902
   0.508      0.413758
   0.512      0.414620
   0.516      0.415489
   0.520      0.416366
   0.524      0.417250
   0.527      0.418141
   0.531      0.419039
   0.535      0.419944
   0.539      0.420856
   0.542      0.421776
   0.546      0.422703
   0.550      0.423637
   0.554      0.424578
   0.557      0.425527
   0.561      0.426482
   0.565      0.427445
   0.569      0.428415
   0.573      0.429393
   0.576      0.430377
   0.580      0.431369
   0.584      0.432369
   0.588      0.433375
   0.591      0.434389
   0.595      0.435410
   0.599      0.436438
   0.603      0.437474
   0.606      0.438517
   0.610      0.439567
   0.614      0.440625
   0.618      0.441690
   0.621      0.442762
   0.625      0.443842
   0.629      0.444929
   0.633      0.446023
   0.637      0.447125
   0.640      0.448234
   0.644      0.449350
   0.648      0.450474
   0.652      0.451605
   0.655      0.452744
   0.659      0.453889
   0.663      0.455043
   0.667      0.456203
   0.670      0.457371
   0.674      0.458546
   0.678      0.459729
   0.682      0.460918
   0.686      0.462116
   0.689      0.463320
   0.693      0.464532
   0.697      0.465751
   0.701      0.466978
   0.704      0.468212
   0.708      0.469453
   0.712      0.470701
   0.716      0.471957
   0.719      0.473220
   0.723      0.474491
   0.727      0.475768
   0.731      0.477053
   0.735      0.478346
   0.738      0.479645
   0.742      0.480952
   0.746      0.482266
   0.750      0.483587
   0.753      0.484915
   0.757      0.486251
   0.761      0.487593
   0.765      0.488943
   0.768      0.490300
   0.772      0.491664
   0.776      0.493035
   0.780      0.494414
   0.783      0.495799
   0.787      0.497192
   0.791      0.498591
   0.795      0.499998
   0.799      0.501411
   0.802      0.502832
   0.806      0.504259
   0.810      0.505694
   0.814      0.507135
   0.817      0.508583
   0.821      0.510038
   0.825      0.511500
   0.829      0.512968
   0.832      0.514444
   0.836      0.515926
   0.840      0.517415
   0.844      0.518910
   0.848      0.520413
   0.851      0.521922
   0.855      0.523437
   0.859      0.524959
   0.863      0.526487
   0.866      0.528022
   0.870      0.529564
   0.874      0.531112
   0.878      0.532666
   0.881      0.534226
   0.885      0.535793
   0.889      0.537366
   0.893      0.538945
   0.896      0.540531
   0.900      0.542122
   0.904      0.543720
   0.908      0.545323
   0.912      0.546933
   0.915      0.548548
   0.919      0.550170
   0.923      0.551797
   0.927      0.553430
   0.930      0.555069
   0.934      0.556713
   0.938      0.558363
   0.942      0.560018
   0.945      0.561680
   0.949      0.563346
   0.953      0.565018
   0.957      0.566695
   0.961      0.568378
   0.964      0.570065
   0.968      0.571758
   0.972      0.573456
   0.976      0.575159
   0.979      0.576867
   0.983      0.578579
   0.987      0.580297
   0.991      0.582019
   0.994      0.583746
   0.998      0.585477
   1.002      0.587213
   1.006      0.588954
   1.009      0.590699
   1.013      0.592448
   1.017      0.594201
   1.021      0.595959
   1.025      0.597720
   1.028      0.599486
   1.032      0.601255
   1.036      0.603028
   1.040      0.604805
   1.043      0.606586
   1.047      0.608370
   1.051      0.610157
   1.055      0.611948
   1.058      0.613743
   1.062      0.615540
   1.066      0.617341
   1.070      0.619144
   1.074      0.620951
   1.077      0.622760
   1.081      0.624572
   1.085      0.626386
   1.089      0.628203
   1.092      0.630023
   1.096      0.631845
   1.100      0.633669
   1.104      0.635495
   1.107      0.637323
   1.111      0.639153
   1.115      0.640985
   1.119      0.642819
   1.122      0.644654
   1.126      0.646491
   1.130      0.648328
   1.134      0.650168
   1.138      0.652008
   1.141      0.653849
   1.145      0.655692
   1.149      0.657535
   1.153      0.659378
   1.156      0.661222
   1.160      0.663067
   1.164      0.664912
   1.168      0.666757
   1.171      0.668602
   1.175      0.670447
   1.179      0.672292
   1.183      0.674137
   1.187      0.675981
   1.190      0.677825
   1.194      0.679668
   1.198      0.681510
   1.202      0.683351
   1.205      0.685191
   1.209      0.687030
   1.213      0.688867
   1.217      0.690703
   1.220      0.692538
   1.224      0.694370
   1.228      0.696201
   1.232      0.698030
   1.235      0.699856
   1.239      0.701681
   1.243      0.703502
   1.247      0.705322
   1.251      0.707138
   1.254      0.708952
   1.258      0.710763
   1.262      0.712570
   1.266      0.714375
   1.269      0.716176
   1.273      0.717973
   1.277      0.719767
   1.281      0.721557
   1.284      0.723342
   1.288      0.725124
   1.292      0.726902
   1.296      0.728675
   1.300      0.730443
   1.303      0.732207
   1.307      0.733966
   1.311      0.735720
   1.315      0.737469
   1.318      0.739212
   1.322      0.740950
   1.326      0.742683
   1.330      0.744409
   1.333      0.746130
   1.337      0.747845
   1.341      0.749554
   1.345      0.751256
   1.348      0.752952
   1.352      0.754641
   1.356      0.756324
   1.360      0.758000
   1.364      0.759668
   1.367      0.761330
   1.371      0.762984
   1.375      0.764630
   1.379      0.766269
   1.382      0.767900
   1.386      0.769524
   1.390      0.771139
   1.394      0.772746
   1.397      0.774345
   1.401      0.775935
   1.405      0.777516
   1.409      0.779089
   1.413      0.780653
   1.416      0.782208
   1.420      0.783753
   1.424      0.785289
   1.428      0.786816
   1.431      0.788333
   1.435      0.789841
   1.439      0.791338
   1.443      0.792826
   1.446      0.794303
   1.450      0.795770
   1.454      0.797227
   1.458      0.798673
   1.461      0.800108
   1.465      0.801533
   1.469      0.802946
   1.473      0.804349
   1.477      0.805740
   1.480      0.807120
   1.484      0.808489
   1.488      0.809846
   1.492      0.811191
   1.495      0.812525
   1.499      0.813846
   1.503      0.815156
   1.507      0.816453
   1.510      0.817738
   1.514      0.819011
   1.518      0.820271
   1.522      0.821519
   1.526      0.822754
   1.529      0.823975
   1.533      0.825184
   1.537      0.826380
   1.541      0.827563
   1.544      0.828733
   1.548      0.829889
   1.552      0.831032
   1.556      0.832161
   1.559      0.833276
   1.563      0.834378
   1.567      0.835466
   1.571      0.836540
   1.574      0.837600
   1.578      0.838646
   1.582      0.839678
   1.586      0.840695
   1.590      0.841698
   1.593      0.842687
   1.597      0.843661
   1.601      0.844621
   1.605      0.845566
   1.608      0.846496
   1.612      0.847412
   1.616      0.848312
   1.620      0.849198
   1.623      0.850069
   1.627      0.850924
   1.631      0.851765
   1.635      0.852590
   1.639      0.853400
   1.642      0.854195
   1.646      0.854975
   1.650      0.855739
   1.654      0.856488
   1.657      0.857221
   1.661      0.857939
   1.665      0.858642
   1.669      0.859328
   1.672      0.860000
   1.676      0.860655
   1.680      0.861295
   1.684      0.861919
   1.687      0.862527
   1.691      0.863120
   1.695      0.863697
   1.699      0.864258
   1.703      0.864803
   1.706      0.865333
   1.710      0.865846
   1.714      0.866344
   1.718      0.866826
   1.721      0.867292
   1.725      0.867742
   1.729      0.868176
   1.733      0.868595
   1.736      0.868997
   1.740      0.869384
   1.744      0.869755
   1.748      0.870110
   1.752      0.870449
   1.755      0.870772
   1.759      0.871080
   1.763      0.871372
   1.767      0.871647
   1.770      0.871908
   1.774      0.872152
   1.778      0.872381
   1.782      0.872594
   1.785      0.872791
   1.789      0.872973
   1.793      0.873139
   1.797      0.873290
   1.800      0.873425
   1.804      0.873545
   1.808      0.873649
   1.812      0.873738
   1.816      0.873811
   1.819      0.873869
   1.823      0.873912
   1.827      0.873940
   1.831      0.873953
   1.834      0.873950
   1.838      0.873933
   1.842      0.873900
   1.846      0.873853
   1.849      0.873791
   1.853      0.873714
   1.857      0.873622
   1.861      0.873516
   1.865      0.873395
   1.868      0.873259
   1.872      0.873109
   1.876      0.872945
   1.880      0.872766
   1.883      0.872573
   1.887      0.872366
   1.891      0.872145
   1.895      0.871910
   1.898      0.871661
   1.902      0.871398
   1.906      0.871121
   1.910      0.870831
   1.913      0.870527
   1.917      0.870210
   1.921      0.869879
   1.925      0.869535
   1.929      0.869177
   1.932      0.868807
   1.936      0.868423
   1.940      0.868027
   1.944      0.867617
   1.947      0.867195
   1.951      0.866760
   1.955      0.866313
   1.959      0.865853
   1.962      0.865381
   1.966      0.864896
   1.970      0.864399
   1.974      0.863891
   1.978      0.863370
   1.981      0.862837
   1.985      0.862292
   1.989      0.861736
   1.993      0.861168
   1.996      0.860589
   2.000      0.859999
   2.004      0.859397
   2.008      0.858784
   2.011      0.858159
   2.015      0.857524
   2.019      0.856878
   2.023      0.856221
   2.026      0.855554
   2.030      0.854876
   2.034      0.854188
   2.038      0.853489
   2.042      0.852780
   2.045      0.852061
   2.049      0.851332
   2.053      0.850593
   2.057      0.849844
   2.060      0.849086
   2.064      0.848317
   2.068      0.847540
   2.072      0.846753
   2.075      0.845957
   2.079      0.845151
   2.083      0.844336
   2.087      0.843513
   2.091      0.842680
   2.094      0.841839
   2.098      0.840989
   2.102      0.840131
   2.106      0.839264
   2.109      0.838389
   2.113      0.837505
   2.117      0.836613
   2.121      0.835714
   2.124      0.834806
   2.128      0.833890
   2.132      0.832967
   2.136      0.832036
   2.139      0.831097
   2.143      0.830151
   2.147      0.829197
   2.151      0.828236
   2.155      0.827268
   2.158      0.826293
   2.162      0.825310
   2.166      0.824321
   2.170      0.823325
   2.173      0.822322
   2.177      0.821313
   2.181      0.820296
   2.185      0.819274
   2.188      0.818245
   2.192      0.817209
   2.196      0.816168
   2.200      0.815120
   2.203      0.814066
   2.207      0.813006
   2.211      0.811940
   2.215      0.810869
   2.219      0.809791
   2.222      0.808708
   2.226      0.807620
   2.230      0.806525
   2.234      0.805426
   2.237      0.804321
   2.241      0.803210
   2.245      0.802095
   2.249      0.800974
   2.252      0.799848
   2.256      0.798717
   2.260      0.797581
   2.264      0.796440
   2.268      0.795295
   2.271      0.794144
   2.275      0.792989
   2.279      0.791830
   2.283      0.790665
   2.286      0.789497
   2.290      0.788323
   2.294      0.787146
   2.298      0.785964
   2.301      0.784778
   2.305      0.783587
   2.309      0.782393
   2.313      0.781194
   2.316      0.779992
   2.320      0.778785
   2.324      0.777575
   2.328      0.776360
   2.332      0.775142
   2.335      0.773920
   2.339      0.772695
   2.343      0.771465
   2.347      0.770233
   2.350      0.768996
   2.354      0.767756
   2.358      0.766513
   2.362      0.765267
   2.365      0.764017
   2.369      0.762763
   2.373      0.761507
   2.377      0.760247
   2.381      0.758985
   2.384      0.757719
   2.388      0.756450
   2.392      0.755178
   2.396      0.753904
   2.399      0.752626
   2.403      0.751346
   2.407      0.750062
   2.411      0.748776
   2.414      0.747488
   2.418      0.746196
   2.422      0.744903
   2.426      0.743606
   2.429      0.742307
   2.433      0.741006
   2.437      0.739702
   2.441      0.738396
   2.445      0.737087
   2.448      0.735776
   2.452      0.734463
   2.456      0.733148
   2.460      0.731830
   2.463      0.730510
   2.467      0.729189
   2.471      0.727865
   2.475      0.726539
   2.478      0.725211
   2.482      0.723881
   2.486      0.722550
   2.490      0.721216
   2.494      0.719881
   2.497      0.718544
   2.501      0.717205
   2.505      0.715864
   2.509      0.714522
   2.512      0.713178
   2.516      0.711832
   2.520      0.710485
   2.524      0.709137
   2.527      0.707787
   2.531      0.706435
   2.535      0.705082
   2.539      0.703728
   2.542      0.702372
   2.546      0.701015
   2.550      0.699656
   2.554      0.698297
   2.558      0.696936
   2.561      0.695574
   2.565      0.694210
   2.569      0.692846
   2.573      0.691481
   2.576      0.690114
   2.580      0.688746
   2.584      0.687378
   2.588      0.686008
   2.591      0.684638
   2.595      0.683266
   2.599      0.681894
   2.603      0.680521
   2.607      0.679147
   2.610      0.677772
   2.614      0.676396
   2.618      0.675020
   2.622      0.673643
   2.625      0.672265
   2.629      0.670886
   2.633      0.669507
   2.637      0.668128
   2.640      0.666747
   2.644      0.665366
   2.648      0.663985
   2.652      0.662603
   2.655      0.661221
   2.659      0.659838
   2.663      0.658455
   2.667      0.657071
   2.671      0.655687
   2.674      0.654302
   2.678      0.652918
   2.682      0.651533
   2.686      0.650147
   2.689      0.648761
   2.693      0.647376
   2.697      0.645989
   2.701      0.644603
   2.704      0.643217
   2.708      0.641830
   2.712      0.640443
   2.716      0.639056
   2.720      0.637669
   2.723      0.636282
   2.727      0.634895
   2.731      0.633508
   2.735      0.632121
   2.738      0.630734
   2.742      0.629347
   2.746      0.627960
   2.750      0.626573
   2.753      0.625186
   2.757      0.623800
   2.761      0.622413
   2.765      0.621027
   2.768      0.619641
   2.772      0.618255
   2.776      0.616869
   2.780      0.615483
   2.784      0.614098
   2.787      0.612713
   2.791      0.611328
   2.795      0.609944
   2.799      0.608560
   2.802      0.607176
   2.806      0.605793
   2.810      0.604410
   2.814      0.603027
   2.817      0.601645
   2.821      0.600263
   2.825      0.598882
   2.829      0.597501
   2.833      0.596120
   2.836      0.594740
   2.840      0.593361
   2.844      0.591982
   2.848      0.590604
   2.851      0.589226
   2.855      0.587849
   2.859      0.586472
   2.863      0.585096
   2.866      0.583720
   2.870      0.582346
   2.874      0.580971
   2.878      0.579598
   2.881      0.578225
   2.885      0.576853
   2.889      0.575481
   2.893      0.574111
   2.897      0.572741
   2.900      0.571371
   2.904      0.570003
   2.908      0.568635
   2.912      0.567268
   2.915      0.565902
   2.919      0.564537
   2.923      0.563172
   2.927      0.561808
   2.930      0.560445
   2.934      0.559083
   2.938      0.557722
   2.942      0.556362
   2.946      0.555003
   2.949      0.553644
   2.953      0.552286
   2.957      0.550930
   2.961      0.549574
   2.964      0.548219
   2.968      0.546866
   2.972      0.545513
   2.976      0.544161
   2.979      0.542810
   2.983      0.541460
   2.987      0.540111
   2.991      0.538763
   2.994      0.537417
   2.998      0.536071
   3.002      0.534726
   3.006      0.533383
   3.010      0.532040
   3.013      0.530699
   3.017      0.529358
   3.021      0.528019
   3.025      0.526681
   3.028      0.525344
   3.032      0.524008
   3.036      0.522673
   3.040      0.521340
   3.043      0.520007
   3.047      0.518676
   3.051      0.517346
   3.055      0.516017
   3.059      0.514689
   3.062      0.513363
   3.066      0.512038
   3.070      0.510713
   3.074      0.509391
   3.077      0.508069
   3.081      0.506749
   3.085      0.505430
   3.089      0.504112
   3.092      0.502795
   3.096      0.501480
   3.100      0.500166
   3.104      0.498853
   3.107      0.497542
   3.111      0.496231
   3.115      0.494923
   3.119      0.493615
   3.123      0.492309
   3.126      0.491004
   3.130      0.489701
   3.134      0.488398
   3.138      0.487098
   3.141      0.485798
   3.145      0.484500
   3.149      0.483203
   3.153      0.481908
   3.156      0.480614
   3.160      0.479322
   3.164      0.478030
   3.168      0.476741
   3.172      0.475452
   3.175      0.474165
   3.179      0.472880
   3.183      0.471596
   3.187      0.470313
   3.190      0.469032
   3.194      0.467752
   3.198      0.466474
   3.202      0.465197
   3.205      0.463921
   3.209      0.462647
   3.213      0.461375
   3.217      0.460104
   3.220      0.458834
   3.224      0.457566
   3.228      0.456300
   3.232      0.455035
   3.236      0.453771
   3.239      0.452509
   3.243      0.451249
   3.247      0.449990
   3.251      0.448732
   3.254      0.447476
   3.258      0.446222
   3.262      0.444969
   3.266      0.443717
   3.269      0.442467
   3.273      0.441219
   3.277      0.439972
   3.281      0.438727
   3.285      0.437483
   3.288      0.436241
   3.292      0.435001
   3.296      0.433762
   3.300      0.432524
   3.303      0.431289
   3.307      0.430054
   3.311      0.428822
   3.315      0.427591
   3.318      0.426361
   3.322      0.425133
   3.326      0.423907
   3.330      0.422682
   3.333      0.421459
   3.337      0.420237
   3.341      0.419018
   3.345      0.417799
   3.349      0.416583
   3.352      0.415368
   3.356      0.414154
   3.360      0.412942
   3.364      0.411732
   3.367      0.410523
   3.371      0.409317
   3.375      0.408111
   3.379      0.406908
   3.382      0.405706
   3.386      0.404505
   3.390      0.403306
   3.394      0.402109
   3.398      0.400914
   3.401      0.399720
   3.405      0.398528
   3.409      0.397337
   3.413      0.396148
   3.416      0.394961
   3.420      0.393776
   3.424      0.392592
   3.428      0.391410
   3.431      0.390229
   3.435      0.389050
   3.439      0.387873
   3.443      0.386698
   3.446      0.385524
   3.450      0.384351
   3.454      0.383181
   3.458      0.382012
   3.462      0.380845
   3.465      0.379680
   3.469      0.378516
   3.473      0.377354
   3.477      0.376193
   3.480      0.375035
   3.484      0.373878
   3.488      0.372722
   3.492      0.371569
   3.495      0.370417
   3.499      0.369266
   3.503      0.368118
   3.507      0.366971
   3.511      0.365826
   3.514      0.364682
   3.518      0.363541
   3.522      0.362401
   3.526      0.361262
   3.529      0.360126
   3.533      0.358991
   3.537      0.357857
   3.541      0.356726
   3.544      0.355596
   3.548      0.354468
   3.552      0.353341
   3.556      0.352217
   3.559      0.351094
   3.563      0.349973
   3.567      0.348853
   3.571      0.347735
   3.575      0.346619
   3.578      0.345504
   3.582      0.344392
   3.586      0.343281
   3.590      0.342171
   3.593      0.341064
   3.597      0.339958
   3.601      0.338854
   3.605      0.337751
   3.608      0.336651
   3.612      0.335552
   3.616      0.334454
   3.620      0.333359
   3.624      0.332265
   3.627      0.331173
   3.631      0.330082
   3.635      0.328994
   3.639      0.327907
   3.642      0.326822
   3.646      0.325738
   3.650      0.324656
   3.654      0.323576
   3.657      0.322498
   3.661      0.321421
   3.665      0.320346
   3.669      0.319273
   3.672      0.318201
   3.676      0.317131
   3.680      0.316063
   3.684      0.314997
   3.688      0.313932
   3.691      0.312869
   3.695      0.311808
   3.699      0.310749
   3.703      0.309691
   3.706      0.308635
   3.710      0.307580
   3.714      0.306528
   3.718      0.305477
   3.721      0.304428
   3.725      0.303380
   3.729      0.302334
   3.733      0.301290
   3.737      0.300248
   3.740      0.299207
   3.744      0.298168
   3.748      0.297131
   3.752      0.296095
   3.755      0.295061
   3.759      0.294029
   3.763      0.292999
   3.767      0.291970
   3.770      0.290943
   3.774      0.289918
   3.778      0.288894
   3.782      0.287872
   3.785      0.286852
   3.789      0.285833
   3.793      0.284817
   3.797      0.283801
   3.801      0.282788
   3.804      0.281776
   3.808      0.280766
   3.812      0.279758
   3.816      0.278751
   3.819      0.277746
   3.823      0.276743
   3.827      0.275742
   3.831      0.274742
   3.834      0.273743
   3.838      0.272747
   3.842      0.271752
   3.846      0.270759
   3.850      0.269768
   3.853      0.268778
   3.857      0.267790
   3.861      0.266803
   3.865      0.265819
   3.868      0.264836
   3.872      0.263854
   3.876      0.262874
   3.880      0.261896
   3.883      0.260920
   3.887      0.259945
   3.891      0.258972
   3.895      0.258001
   3.898      0.257031
   3.902      0.256063
   3.906      0.255097
   3.910      0.254132
   3.914      0.253169
   3.917      0.252208
   3.921      0.251248
   3.925      0.250290
   3.929      0.249334
   3.932      0.248379
   3.936      0.247426
   3.940      0.246475
   3.944      0.245525
   3.947      0.244577
   3.951      0.243630
   3.955      0.242686
   3.959      0.241742
   3.963      0.240801
   3.966      0.239861
   3.970      0.238923
   3.974      0.237986
   3.978      0.237051
   3.981      0.236118
   3.985      0.235186
   3.989      0.234256
   3.993      0.233328
   3.996      0.232401
   4.000      0.231476
   4.004      0.230552
   4.008      0.229630
   4.011      0.228710
   4.015      0.227791
   4.019      0.226874
   4.023      0.225958
   4.027      0.225045
   4.030      0.224132
   4.034      0.223222
   4.038      0.222313
   4.042      0.221405
   4.045      0.220499
   4.049      0.219595
   4.053      0.218693
   4.057      0.217792
   4.060      0.216892
   4.064      0.215994
   4.068      0.215098
   4.072      0.214204
   4.076      0.213310
   4.079      0.212419
   4.083      0.211529
   4.087      0.210641
   4.091      0.209754
   4.094      0.208869
   4.098      0.207986
   4.102      0.207104
   4.106      0.206223
   4.109      0.205344
   4.113      0.204467
   4.117      0.203591
   4.121      0.202717
   4.124      0.201845
   4.128      0.200974
   4.132      0.200104
   4.136      0.199236
   4.140      0.198370
   4.143      0.197505
   4.147      0.196642
   4.151      0.195780
   4.155      0.194920
   4.158      0.194062
   4.162      0.193205
   4.166      0.192349
   4.170      0.191495
   4.173      0.190643
   4.177      0.189792
   4.181      0.188943
   4.185      0.188095
   4.189      0.187249
   4.192      0.186404
   4.196      0.185561
   4.200      0.184719
   4.204      0.183879
   4.207      0.183040
   4.211      0.182203
   4.215      0.181367
   4.219      0.180533
   4.222      0.179701
   4.226      0.178869
   4.230      0.178040
   4.234      0.177212
   4.237      0.176385
   4.241      0.175560
   4.245      0.174736
   4.249      0.173914
   4.253      0.173094
   4.256      0.172274
   4.260      0.171457
   4.264      0.170641
   4.268      0.169826
   4.271      0.169013
   4.275      0.168201
   4.279      0.167391
   4.283      0.166582
   4.286      0.165774
   4.290      0.164969
   4.294      0.164164
   4.298      0.163361
   4.302      0.162560
   4.305      0.161760
   4.309      0.160961
   4.313      0.160164
   4.317      0.159368
   4.320      0.158574
   4.324      0.157781
   4.328      0.156990
   4.332      0.156200
   4.335      0.155412
   4.339      0.154625
   4.343      0.153839
   4.347      0.153055
   4.350      0.152272
   4.354      0.151491
   4.358      0.150711
   4.362      0.149933
   4.366      0.149156
   4.369      0.148380
   4.373      0.147606
   4.377      0.146833
   4.381      0.146062
   4.384      0.145292
   4.388      0.144523
   4.392      0.143756
   4.396      0.142990
   4.399      0.142226
   4.403      0.141463
   4.407      0.140701
   4.411      0.139941
   4.415      0.139182
   4.418      0.138425
   4.422      0.137669
   4.426      0.136914
   4.430      0.136161
   4.433      0.135409
   4.437      0.134658
   4.441      0.133909
   4.445      0.133161
   4.448      0.132415
   4.452      0.131669
   4.456      0.130926
   4.460      0.130183
   4.463      0.129442
   4.467      0.128703
   4.471      0.127964
   4.475      0.127227
   4.479      0.126492
   4.482      0.125757
   4.486      0.125024
   4.490      0.124293
   4.494      0.123562
   4.497      0.122833
   4.501      0.122106
   4.505      0.121379
   4.509      0.120654
   4.512      0.119931
   4.516      0.119208
   4.520      0.118487
   4.524      0.117767
   4.528      0.117049
   4.531      0.116332
   4.535      0.115616
   4.539      0.114901
   4.543      0.114188
   4.546      0.113476
   4.550      0.112766
   4.554      0.112056
   4.558      0.111348
   4.561      0.110641
   4.565      0.109936
   4.569      0.109232
   4.573      0.108529
   4.576      0.107827
   4.580      0.107127
   4.584      0.106427
   4.588      0.105730
   4.592      0.105033
   4.595      0.104338
   4.599      0.103643
   4.603      0.102951
   4.607      0.102259
   4.610      0.101569
   4.614      0.100880
   4.618      0.100192
   4.622      0.099505
   4.625      0.098820
   4.629      0.098136
   4.633      0.097453
   4.637      0.096771
   4.641      0.096091
   4.644      0.095411
   4.648      0.094733
   4.652      0.094056
   4.656      0.093381
   4.659      0.092707
   4.663      0.092033
   4.667      0.091361
   4.671      0.090691
   4.674      0.090021
   4.678      0.089353
   4.682      0.088686
   4.686      0.088020
   4.689      0.087355
   4.693      0.086691
   4.697      0.086029
   4.701      0.085368
   4.705      0.084708
   4.708      0.084049
   4.712      0.083391
   4.716      0.082735
   4.720      0.082079
   4.723      0.081425
   4.727      0.080772
   4.731      0.080120
   4.735      0.079470
   4.738      0.078820
   4.742      0.078172
   4.746      0.077525
   4.750      0.076879
   4.754      0.076234
   4.757      0.075590
   4.761      0.074947
   4.765      0.074306
   4.769      0.073665
   4.772      0.073026
   4.776      0.072388
   4.780      0.071751
   4.784      0.071115
   4.787      0.070480
   4.791      0.069847
   4.795      0.069214
   4.799      0.068583
   4.802      0.067952
   4.806      0.067323
   4.810      0.066695
   4.814      0.066068
   4.818      0.065442
   4.821      0.064817
   4.825      0.064193
   4.829      0.063571
   4.833      0.062949
   4.836      0.062329
   4.840      0.061709
   4.844      0.061091
   4.848      0.060473
   4.851      0.059857
   4.855      0.059242
   4.859      0.058628
   4.863      0.058015
   4.867      0.057403
   4.870      0.056792
   4.874      0.056182
   4.878      0.055573
   4.882      0.054966
   4.885      0.054359
   4.889      0.053753
   4.893      0.053149
   4.897      0.052545
   4.900      0.051942
   4.904      0.051341
   4.908      0.050740
   4.912      0.050141
   4.915      0.049542
   4.919      0.048945
   4.923      0.048348
   4.927      0.047753
   4.931      0.047159
   4.934      0.046565
   4.938      0.045973
   4.942      0.045381
   4.946      0.044791
   4.949      0.044201
   4.953      0.043613
   4.957      0.043026
   4.961      0.042439
   4.964      0.041854
   4.968      0.041269
   4.972      0.040686
   4.976      0.040103
   4.980      0.039521
   4.983      0.038941
   4.987      0.038361
   4.991      0.037782
   4.995      0.037205
   4.998      0.036628
   5.002      0.036052
   5.006      0.035477
   5.010      0.034903
   5.013      0.034330
   5.017      0.033758
   5.021      0.033187
   5.025      0.032617
   5.028      0.032048
   5.032      0.031479
   5.036      0.030912
   5.040      0.030345
   5.044      0.029780
   5.047      0.029215
   5.051      0.028651
   5.055      0.028089
   5.059      0.027527
   5.062      0.026966
   5.066      0.026406
   5.070      0.025846
   5.074      0.025288
   5.077      0.024731
   5.081      0.024174
   5.085      0.023619
   5.089      0.023064
   5.093      0.022510
   5.096      0.021957
   5.100      0.021405
   5.104      0.020854
   5.108      0.020303
   5.111      0.019754
   5.115      0.019205
   5.119      0.018657
   5.123      0.018110
   5.126      0.017564
   5.130      0.017019
   5.134      0.016474
   5.138      0.015931
   5.141      0.015388
   5.145      0.014846
   5.149      0.014305
   5.153      0.013765
   5.157      0.013226
   5.160      0.012687
   5.164      0.012149
   5.168      0.011612
   5.172      0.011076
   5.175      0.010541
   5.179      0.010006
   5.183      0.009473
   5.187      0.008940
   5.190      0.008408
   5.194      0.007876
   5.198      0.007346
   5.202      0.006816
   5.206      0.006287
   5.209      0.005759
   5.213      0.005232
   5.217      0.004705
   5.221      0.004179
   5.224      0.003654
   5.228      0.003130
   5.232      0.002606
   5.236      0.002084
   5.239      0.001562
   5.243      0.001040
   5.247      0.000520
   5.251      0.000000
