   0.000      1.798473
   0.004      1.798473
   0.007      1.798473
   0.011      1.798473
   0.015      1.798473
   0.019      1.798473
   0.022      1.798473
   0.026      1.798473
   0.030      1.798473
   0.034      1.798473
   0.037      1.798473
   0.041      1.798473
   0.045      1.798472
   0.049      1.798472
   0.052      1.798472
   0.056      1.798471
   0.060      1.798470
   0.064      1.798469
   0.067      1.798467
   0.071      1.798465
   0.075      1.798463
   0.078      1.798459
   0.082      1.798455
   0.086      1.798449
   0.090      1.798443
   0.093      1.798434
   0.097      1.798424
   0.101      1.798412
   0.105      1.798398
   0.108      1.798381
   0.112      1.798361
   0.116      1.798337
   0.120      1.798309
   0.123      1.798277
   0.127      1.798241
   0.131      1.798198
   0.135      1.798150
   0.138      1.798094
   0.142      1.798032
   0.146      1.797961
   0.149      1.797882
   0.153      1.797792
   0.157      1.797692
   0.161      1.797581
   0.164      1.797457
   0.168      1.797320
   0.172      1.797169
   0.176      1.797002
   0.179      1.796819
   0.183      1.796617
   0.187      1.796397
   0.191      1.796157
   0.194      1.795895
   0.198      1.795611
   0.202      1.795303
   0.206      1.794969
   0.209      1.794609
   0.213      1.794220
   0.217      1.793802
   0.221      1.793353
   0.224      1.792871
   0.228      1.792355
   0.232      1.791804
   0.235      1.791216
   0.239      1.790589
   0.243      1.789921
   0.247      1.789212
   0.250      1.788460
   0.254      1.787663
   0.258      1.786820
   0.262      1.785929
   0.265      1.784988
   0.269      1.783997
   0.273      1.782953
   0.277      1.781856
   0.280      1.780703
   0.284      1.779494
   0.288      1.778227
   0.292      1.776901
   0.295      1.775514
   0.299      1.774065
   0.303      1.772554
   0.306      1.770978
   0.310      1.769337
   0.314      1.767630
   0.318      1.765856
   0.321      1.764013
   0.325      1.762102
   0.329      1.760120
   0.333      1.758068
   0.336      1.755944
   0.340      1.753749
   0.344      1.751481
   0.348      1.749141
   0.351      1.746726
   0.355      1.744239
   0.359      1.741677
   0.363      1.739041
   0.366      1.736331
   0.370      1.733546
   0.374      1.730687
   0.377      1.727754
   0.381      1.724747
   0.385      1.721666
   0.389      1.718511
   0.392      1.715283
   0.396      1.711983
   0.400      1.708610
   0.404      1.705166
   0.407      1.701651
   0.411      1.698066
   0.415      1.694411
   0.419      1.690687
   0.422      1.686896
   0.426      1.683038
   0.430      1.679114
   0.434      1.675125
   0.437      1.671073
   0.441      1.666958
   0.445      1.662781
   0.448      1.658545
   0.452      1.654250
   0.456      1.649897
   0.460      1.645489
   0.463      1.641025
   0.467      1.636508
   0.471      1.631939
   0.475      1.627320
   0.478      1.622652
   0.482      1.617936
   0.486      1.613174
   0.490      1.608368
   0.493      1.603520
   0.497      1.598630
   0.501      1.593700
   0.505      1.588732
   0.508      1.583728
   0.512      1.578688
   0.516      1.573616
   0.519      1.568511
   0.523      1.563377
   0.527      1.558213
   0.531      1.553023
   0.534      1.547808
   0.538      1.542568
   0.542      1.537306
   0.546      1.532023
   0.549      1.526720
   0.553      1.521400
   0.557      1.516063
   0.561      1.510711
   0.564      1.505346
   0.568      1.499968
   0.572      1.494580
   0.576      1.489182
   0.579      1.483776
   0.583      1.478363
   0.587      1.472944
   0.590      1.467522
   0.594      1.462096
   0.598      1.456668
   0.602      1.451239
   0.605      1.445811
   0.609      1.440384
   0.613      1.434959
   0.617      1.429539
   0.620      1.424123
   0.624      1.418712
   0.628      1.413308
   0.632      1.407912
   0.635      1.402524
   0.639      1.397145
   0.643      1.391776
   0.647      1.386418
   0.650      1.381072
   0.654      1.375738
   0.658      1.370418
   0.662      1.365111
   0.665      1.359819
   0.669      1.354542
   0.673      1.349281
   0.676      1.344037
   0.680      1.338809
   0.684      1.333599
   0.688      1.328407
   0.691      1.323233
   0.695      1.318078
   0.699      1.312943
   0.703      1.307828
   0.706      1.302733
   0.710      1.297659
   0.714      1.292606
   0.718      1.287574
   0.721      1.282563
   0.725      1.277575
   0.729      1.272609
   0.733      1.267666
   0.736      1.262745
   0.740      1.257848
   0.744      1.252973
   0.747      1.248123
   0.751      1.243295
   0.755      1.238492
   0.759      1.233712
   0.762      1.228957
   0.766      1.224225
   0.770      1.219519
   0.774      1.214836
   0.777      1.210178
   0.781      1.205544
   0.785      1.200936
   0.789      1.196351
   0.792      1.191792
   0.796      1.187257
   0.800      1.182747
   0.804      1.178262
   0.807      1.173802
   0.811      1.169367
   0.815      1.164956
   0.818      1.160570
   0.822      1.156209
   0.826      1.151872
   0.830      1.147561
   0.833      1.143274
   0.837      1.139011
   0.841      1.134773
   0.845      1.130559
   0.848      1.126370
   0.852      1.122205
   0.856      1.118065
   0.860      1.113948
   0.863      1.109856
   0.867      1.105787
   0.871      1.101742
   0.875      1.097722
   0.878      1.093724
   0.882      1.089751
   0.886      1.085800
   0.889      1.081874
   0.893      1.077970
   0.897      1.074089
   0.901      1.070232
   0.904      1.066397
   0.908      1.062585
   0.912      1.058796
   0.916      1.055029
   0.919      1.051285
   0.923      1.047563
   0.927      1.043863
   0.931      1.040184
   0.934      1.036528
   0.938      1.032894
   0.942      1.029281
   0.946      1.025689
   0.949      1.022119
   0.953      1.018570
   0.957      1.015042
   0.960      1.011535
   0.964      1.008049
   0.968      1.004583
   0.972      1.001138
   0.975      0.997713
   0.979      0.994308
   0.983      0.990923
   0.987      0.987559
   0.990      0.984214
   0.994      0.980889
   0.998      0.977583
   1.002      0.974297
   1.005      0.971030
   1.009      0.967782
   1.013      0.964553
   1.017      0.961343
   1.020      0.958152
   1.024      0.954979
   1.028      0.951825
   1.031      0.948689
   1.035      0.945571
   1.039      0.942471
   1.043      0.939390
   1.046      0.936326
   1.050      0.933279
   1.054      0.930251
   1.058      0.927239
   1.061      0.924245
   1.065      0.921268
   1.069      0.918308
   1.073      0.915365
   1.076      0.912439
   1.080      0.909530
   1.084      0.906637
   1.088      0.903760
   1.091      0.900900
   1.095      0.898056
   1.099      0.895228
   1.103      0.892416
   1.106      0.889620
   1.110      0.886840
   1.114      0.884075
   1.117      0.881326
   1.121      0.878592
   1.125      0.875873
   1.129      0.873170
   1.132      0.870482
   1.136      0.867808
   1.140      0.865149
   1.144      0.862506
   1.147      0.859876
   1.151      0.857262
   1.155      0.854661
   1.159      0.852075
   1.162      0.849503
   1.166      0.846946
   1.170      0.844402
   1.174      0.841872
   1.177      0.839356
   1.181      0.836854
   1.185      0.834365
   1.188      0.831890
   1.192      0.829428
   1.196      0.826979
   1.200      0.824544
   1.203      0.822122
   1.207      0.819712
   1.211      0.817316
   1.215      0.814933
   1.218      0.812562
   1.222      0.810204
   1.226      0.807859
   1.230      0.805526
   1.233      0.803205
   1.237      0.800897
   1.241      0.798601
   1.245      0.796317
   1.248      0.794045
   1.252      0.791785
   1.256      0.789537
   1.259      0.787300
   1.263      0.785076
   1.267      0.782863
   1.271      0.780661
   1.274      0.778471
   1.278      0.776293
   1.282      0.774125
   1.286      0.771969
   1.289      0.769824
   1.293      0.767691
   1.297      0.765568
   1.301      0.763456
   1.304      0.761354
   1.308      0.759264
   1.312      0.757184
   1.316      0.755115
   1.319      0.753057
   1.323      0.751009
   1.327      0.748971
   1.330      0.746943
   1.334      0.744926
   1.338      0.742919
   1.342      0.740922
   1.345      0.738936
   1.349      0.736959
   1.353      0.734992
   1.357      0.733035
   1.360      0.731087
   1.364      0.729149
   1.368      0.727221
   1.372      0.725303
   1.375      0.723394
   1.379      0.721494
   1.383      0.719604
   1.387      0.717723
   1.390      0.715852
   1.394      0.713989
   1.398      0.712136
   1.401      0.710292
   1.405      0.708456
   1.409      0.706630
   1.413      0.704813
   1.416      0.703004
   1.420      0.701204
   1.424      0.699413
   1.428      0.697631
   1.431      0.695857
   1.435      0.694091
   1.439      0.692334
   1.443      0.690586
   1.446      0.688846
   1.450      0.687114
   1.454      0.685390
   1.458      0.683675
   1.461      0.681968
   1.465      0.680268
   1.469      0.678577
   1.473      0.676894
   1.476      0.675219
   1.480      0.673551
   1.484      0.671892
   1.487      0.670240
   1.491      0.668596
   1.495      0.666960
   1.499      0.665331
   1.502      0.663710
   1.506      0.662096
   1.510      0.660490
   1.514      0.658891
   1.517      0.657300
   1.521      0.655716
   1.525      0.654139
   1.529      0.652570
   1.532      0.651008
   1.536      0.649453
   1.540      0.647904
   1.544      0.646364
   1.547      0.644830
   1.551      0.643303
   1.555      0.641782
   1.558      0.640269
   1.562      0.638763
   1.566      0.637263
   1.570      0.635770
   1.573      0.634284
   1.577      0.632805
   1.581      0.631332
   1.585      0.629866
   1.588      0.628406
   1.592      0.626953
   1.596      0.625506
   1.600      0.624066
   1.603      0.622632
   1.607      0.621204
   1.611      0.619783
   1.615      0.618368
   1.618      0.616959
   1.622      0.615556
   1.626      0.614160
   1.629      0.612769
   1.633      0.611385
   1.637      0.610006
   1.641      0.608634
   1.644      0.607268
   1.648      0.605907
   1.652      0.604553
   1.656      0.603204
   1.659      0.601861
   1.663      0.600524
   1.667      0.599192
   1.671      0.597867
   1.674      0.596547
   1.678      0.595232
   1.682      0.593923
   1.686      0.592620
   1.689      0.591322
   1.693      0.590030
   1.697      0.588743
   1.700      0.587462
   1.704      0.586186
   1.708      0.584916
   1.712      0.583651
   1.715      0.582391
   1.719      0.581136
   1.723      0.579887
   1.727      0.578643
   1.730      0.577404
   1.734      0.576170
   1.738      0.574941
   1.742      0.573718
   1.745      0.572499
   1.749      0.571286
   1.753      0.570077
   1.757      0.568874
   1.760      0.567675
   1.764      0.566481
   1.768      0.565293
   1.771      0.564109
   1.775      0.562930
   1.779      0.561755
   1.783      0.560586
   1.786      0.559421
   1.790      0.558261
   1.794      0.557105
   1.798      0.555955
   1.801      0.554809
   1.805      0.553667
   1.809      0.552530
   1.813      0.551398
   1.816      0.550270
   1.820      0.549147
   1.824      0.548028
   1.828      0.546914
   1.831      0.545804
   1.835      0.544698
   1.839      0.543597
   1.842      0.542500
   1.846      0.541408
   1.850      0.540320
   1.854      0.539236
   1.857      0.538156
   1.861      0.537081
   1.865      0.536010
   1.869      0.534943
   1.872      0.533880
   1.876      0.532821
   1.880      0.531766
   1.884      0.530716
   1.887      0.529670
   1.891      0.528627
   1.895      0.527589
   1.899      0.526554
   1.902      0.525524
   1.906      0.524498
   1.910      0.523475
   1.914      0.522457
   1.917      0.521442
   1.921      0.520431
   1.925      0.519424
   1.928      0.518421
   1.932      0.517422
   1.936      0.516426
   1.940      0.515434
   1.943      0.514446
   1.947      0.513462
   1.951      0.512481
   1.955      0.511504
   1.958      0.510531
   1.962      0.509561
   1.966      0.508595
   1.970      0.507633
   1.973      0.506674
   1.977      0.505719
   1.981      0.504767
   1.985      0.503819
   1.988      0.502874
   1.992      0.501933
   1.996      0.500996
   1.999      0.500061
   2.003      0.499131
   2.007      0.498203
   2.011      0.497279
   2.014      0.496359
   2.018      0.495441
   2.022      0.494527
   2.026      0.493617
   2.029      0.492710
   2.033      0.491806
   2.037      0.490905
   2.041      0.490007
   2.044      0.489113
   2.048      0.488222
   2.052      0.487334
   2.056      0.486450
   2.059      0.485568
   2.063      0.484690
   2.067      0.483815
   2.070      0.482943
   2.074      0.482074
   2.078      0.481208
   2.082      0.480346
   2.085      0.479486
   2.089      0.478629
   2.093      0.477776
   2.097      0.476925
   2.100      0.476078
   2.104      0.475233
   2.108      0.474392
   2.112      0.473553
   2.115      0.472717
   2.119      0.471884
   2.123      0.471054
   2.127      0.470227
   2.130      0.469403
   2.134      0.468582
   2.138      0.467764
   2.141      0.466948
   2.145      0.466135
   2.149      0.465325
   2.153      0.464518
   2.156      0.463714
   2.160      0.462912
   2.164      0.462113
   2.168      0.461317
   2.171      0.460524
   2.175      0.459733
   2.179      0.458945
   2.183      0.458159
   2.186      0.457377
   2.190      0.456597
   2.194      0.455819
   2.198      0.455045
   2.201      0.454272
   2.205      0.453503
   2.209      0.452736
   2.212      0.451972
   2.216      0.451210
   2.220      0.450451
   2.224      0.449694
   2.227      0.448940
   2.231      0.448188
   2.235      0.447439
   2.239      0.446692
   2.242      0.445948
   2.246      0.445206
   2.250      0.444467
   2.254      0.443730
   2.257      0.442996
   2.261      0.442264
   2.265      0.441534
   2.269      0.440807
   2.272      0.440082
   2.276      0.439360
   2.280      0.438639
   2.283      0.437922
   2.287      0.437206
   2.291      0.436493
   2.295      0.435783
   2.298      0.435074
   2.302      0.434368
   2.306      0.433664
   2.310      0.432962
   2.313      0.432263
   2.317      0.431566
   2.321      0.430871
   2.325      0.430179
   2.328      0.429488
   2.332      0.428800
   2.336      0.428114
   2.340      0.427430
   2.343      0.426749
   2.347      0.426069
   2.351      0.425392
   2.355      0.424717
   2.358      0.424044
   2.362      0.423373
   2.366      0.422704
   2.369      0.422037
   2.373      0.421373
   2.377      0.420710
   2.381      0.420050
   2.384      0.419391
   2.388      0.418735
   2.392      0.418081
   2.396      0.417429
   2.399      0.416778
   2.403      0.416130
   2.407      0.415484
   2.411      0.414840
   2.414      0.414198
   2.418      0.413558
   2.422      0.412920
   2.426      0.412283
   2.429      0.411649
   2.433      0.411017
   2.437      0.410386
   2.440      0.409758
   2.444      0.409131
   2.448      0.408507
   2.452      0.407884
   2.455      0.407263
   2.459      0.406644
   2.463      0.406027
   2.467      0.405412
   2.470      0.404799
   2.474      0.404187
   2.478      0.403578
   2.482      0.402970
   2.485      0.402364
   2.489      0.401760
   2.493      0.401157
   2.497      0.400557
   2.500      0.399958
   2.504      0.399361
   2.508      0.398766
   2.511      0.398172
   2.515      0.397581
   2.519      0.396991
   2.523      0.396403
   2.526      0.395816
   2.530      0.395232
   2.534      0.394649
   2.538      0.394068
   2.541      0.393488
   2.545      0.392910
   2.549      0.392334
   2.553      0.391760
   2.556      0.391187
   2.560      0.390616
   2.564      0.390047
   2.568      0.389479
   2.571      0.388913
   2.575      0.388348
   2.579      0.387785
   2.582      0.387224
   2.586      0.386665
   2.590      0.386107
   2.594      0.385550
   2.597      0.384996
   2.601      0.384442
   2.605      0.383891
   2.609      0.383341
   2.612      0.382792
   2.616      0.382246
   2.620      0.381700
   2.624      0.381157
   2.627      0.380614
   2.631      0.380074
   2.635      0.379535
   2.639      0.378997
   2.642      0.378461
   2.646      0.377926
   2.650      0.377393
   2.653      0.376862
   2.657      0.376332
   2.661      0.375803
   2.665      0.375276
   2.668      0.374751
   2.672      0.374226
   2.676      0.373704
   2.680      0.373183
   2.683      0.372663
   2.687      0.372145
   2.691      0.371628
   2.695      0.371112
   2.698      0.370598
   2.702      0.370086
   2.706      0.369574
   2.710      0.369065
   2.713      0.368556
   2.717      0.368049
   2.721      0.367544
   2.725      0.367040
   2.728      0.366537
   2.732      0.366035
   2.736      0.365535
   2.739      0.365037
   2.743      0.364539
   2.747      0.364043
   2.751      0.363549
   2.754      0.363056
   2.758      0.362564
   2.762      0.362073
   2.766      0.361584
   2.769      0.361096
   2.773      0.360609
   2.777      0.360124
   2.781      0.359640
   2.784      0.359157
   2.788      0.358675
   2.792      0.358195
   2.796      0.357716
   2.799      0.357239
   2.803      0.356763
   2.807      0.356288
   2.810      0.355814
   2.814      0.355341
   2.818      0.354870
   2.822      0.354400
   2.825      0.353931
   2.829      0.353464
   2.833      0.352997
   2.837      0.352532
   2.840      0.352068
   2.844      0.351606
   2.848      0.351144
   2.852      0.350684
   2.855      0.350225
   2.859      0.349767
   2.863      0.349311
   2.867      0.348855
   2.870      0.348401
   2.874      0.347948
   2.878      0.347496
   2.881      0.347045
   2.885      0.346596
   2.889      0.346147
   2.893      0.345700
   2.896      0.345254
   2.900      0.344809
   2.904      0.344365
   2.908      0.343923
   2.911      0.343481
   2.915      0.343041
   2.919      0.342602
   2.923      0.342164
   2.926      0.341727
   2.930      0.341291
   2.934      0.340856
   2.938      0.340422
   2.941      0.339990
   2.945      0.339558
   2.949      0.339128
   2.952      0.338699
   2.956      0.338270
   2.960      0.337843
   2.964      0.337417
   2.967      0.336992
   2.971      0.336568
   2.975      0.336146
   2.979      0.335724
   2.982      0.335303
   2.986      0.334883
   2.990      0.334465
