   0.000     -0.000514
   0.004     -0.005914
   0.008     -0.011314
   0.012     -0.016900
   0.016     -0.022514
   0.019     -0.028139
   0.023     -0.033771
   0.027     -0.039407
   0.031     -0.045043
   0.035     -0.050673
   0.039     -0.056293
   0.043     -0.061898
   0.047     -0.067483
   0.051     -0.073043
   0.055     -0.078573
   0.059     -0.084067
   0.062     -0.089522
   0.066     -0.094932
   0.070     -0.100295
   0.074     -0.105607
   0.078     -0.110867
   0.082     -0.116075
   0.086     -0.121231
   0.090     -0.126336
   0.094     -0.131392
   0.098     -0.136402
   0.101     -0.141368
   0.105     -0.146294
   0.109     -0.151182
   0.113     -0.156037
   0.117     -0.160861
   0.121     -0.165658
   0.125     -0.170429
   0.129     -0.175179
   0.133     -0.179910
   0.136     -0.184623
   0.140     -0.189321
   0.144     -0.194006
   0.148     -0.198678
   0.152     -0.203341
   0.156     -0.207994
   0.160     -0.212640
   0.164     -0.217278
   0.168     -0.221909
   0.172     -0.226535
   0.175     -0.231155
   0.179     -0.235770
   0.183     -0.240380
   0.187     -0.244986
   0.191     -0.249587
   0.195     -0.254184
   0.199     -0.258776
   0.203     -0.263364
   0.207     -0.267948
   0.211     -0.272527
   0.214     -0.277100
   0.218     -0.281669
   0.222     -0.286233
   0.226     -0.290790
   0.230     -0.295343
   0.234     -0.299888
   0.238     -0.304428
   0.242     -0.308961
   0.246     -0.313487
   0.250     -0.318005
   0.253     -0.322516
   0.257     -0.327019
   0.261     -0.331514
   0.265     -0.336000
   0.269     -0.340477
   0.273     -0.344945
   0.277     -0.349403
   0.281     -0.353852
   0.285     -0.358290
   0.289     -0.362717
   0.292     -0.367134
   0.296     -0.371540
   0.300     -0.375934
   0.304     -0.380316
   0.308     -0.384686
   0.312     -0.389044
   0.316     -0.393389
   0.320     -0.397721
   0.324     -0.402040
   0.328     -0.406345
   0.331     -0.410636
   0.335     -0.414913
   0.339     -0.419175
   0.343     -0.423423
   0.347     -0.427656
   0.351     -0.431873
   0.355     -0.436074
   0.359     -0.440260
   0.363     -0.444430
   0.367     -0.448583
   0.371     -0.452719
   0.374     -0.456838
   0.378     -0.460940
   0.382     -0.465024
   0.386     -0.469090
   0.390     -0.473139
   0.394     -0.477169
   0.398     -0.481180
   0.402     -0.485172
   0.406     -0.489145
   0.410     -0.493099
   0.413     -0.497033
   0.417     -0.500947
   0.421     -0.504841
   0.425     -0.508715
   0.429     -0.512568
   0.433     -0.516399
   0.437     -0.520210
   0.441     -0.523999
   0.445     -0.527767
   0.449     -0.531513
   0.452     -0.535236
   0.456     -0.538937
   0.460     -0.542616
   0.464     -0.546272
   0.468     -0.549904
   0.472     -0.553514
   0.476     -0.557100
   0.480     -0.560662
   0.484     -0.564200
   0.488     -0.567714
   0.491     -0.571203
   0.495     -0.574668
   0.499     -0.578108
   0.503     -0.581524
   0.507     -0.584914
   0.511     -0.588278
   0.515     -0.591617
   0.519     -0.594930
   0.523     -0.598217
   0.527     -0.601477
   0.530     -0.604712
   0.534     -0.607919
   0.538     -0.611100
   0.542     -0.614254
   0.546     -0.617381
   0.550     -0.620480
   0.554     -0.623552
   0.558     -0.626596
   0.562     -0.629613
   0.566     -0.632601
   0.569     -0.635561
   0.573     -0.638493
   0.577     -0.641396
   0.581     -0.644270
   0.585     -0.647116
   0.589     -0.649932
   0.593     -0.652720
   0.597     -0.655478
   0.601     -0.658206
   0.605     -0.660905
   0.608     -0.663575
   0.612     -0.666214
   0.616     -0.668823
   0.620     -0.671403
   0.624     -0.673952
   0.628     -0.676470
   0.632     -0.678958
   0.636     -0.681416
   0.640     -0.683842
   0.644     -0.686238
   0.647     -0.688603
   0.651     -0.690937
   0.655     -0.693240
   0.659     -0.695511
   0.663     -0.697752
   0.667     -0.699961
   0.671     -0.702138
   0.675     -0.704285
   0.679     -0.706399
   0.683     -0.708483
   0.686     -0.710534
   0.690     -0.712555
   0.694     -0.714543
   0.698     -0.716500
   0.702     -0.718426
   0.706     -0.720320
   0.710     -0.722182
   0.714     -0.724013
   0.718     -0.725811
   0.722     -0.727579
   0.725     -0.729314
   0.729     -0.731018
   0.733     -0.732691
   0.737     -0.734331
   0.741     -0.735940
   0.745     -0.737518
   0.749     -0.739063
   0.753     -0.740578
   0.757     -0.742060
   0.761     -0.743511
   0.764     -0.744931
   0.768     -0.746318
   0.772     -0.747675
   0.776     -0.749000
   0.780     -0.750293
   0.784     -0.751555
   0.788     -0.752786
   0.792     -0.753985
   0.796     -0.755153
   0.800     -0.756290
   0.803     -0.757396
   0.807     -0.758471
   0.811     -0.759514
   0.815     -0.760526
   0.819     -0.761508
   0.823     -0.762458
   0.827     -0.763378
   0.831     -0.764267
   0.835     -0.765125
   0.839     -0.765953
   0.842     -0.766750
   0.846     -0.767517
   0.850     -0.768253
   0.854     -0.768959
   0.858     -0.769635
   0.862     -0.770280
   0.866     -0.770896
   0.870     -0.771482
   0.874     -0.772038
   0.878     -0.772564
   0.881     -0.773061
   0.885     -0.773528
   0.889     -0.773966
   0.893     -0.774374
   0.897     -0.774754
   0.901     -0.775104
   0.905     -0.775426
   0.909     -0.775719
   0.913     -0.775983
   0.917     -0.776219
   0.920     -0.776426
   0.924     -0.776606
   0.928     -0.776757
   0.932     -0.776881
   0.936     -0.776976
   0.940     -0.777044
   0.944     -0.777085
   0.948     -0.777098
   0.952     -0.777085
   0.956     -0.777044
   0.959     -0.776977
   0.963     -0.776883
   0.967     -0.776763
   0.971     -0.776616
   0.975     -0.776443
   0.979     -0.776245
   0.983     -0.776021
   0.987     -0.775771
   0.991     -0.775496
   0.995     -0.775196
   0.998     -0.774871
   1.002     -0.774521
   1.006     -0.774147
   1.010     -0.773748
   1.014     -0.773326
   1.018     -0.772879
   1.022     -0.772409
   1.026     -0.771915
   1.030     -0.771398
   1.034     -0.770858
   1.037     -0.770295
   1.041     -0.769709
   1.045     -0.769101
   1.049     -0.768471
   1.053     -0.767819
   1.057     -0.767145
   1.061     -0.766450
   1.065     -0.765733
   1.069     -0.764996
   1.073     -0.764237
   1.076     -0.763458
   1.080     -0.762659
   1.084     -0.761839
   1.088     -0.761000
   1.092     -0.760141
   1.096     -0.759263
   1.100     -0.758365
   1.104     -0.757449
   1.108     -0.756514
   1.112     -0.755560
   1.115     -0.754588
   1.119     -0.753599
   1.123     -0.752591
   1.127     -0.751566
   1.131     -0.750524
   1.135     -0.749465
   1.139     -0.748389
   1.143     -0.747297
   1.147     -0.746189
   1.151     -0.745064
   1.154     -0.743924
   1.158     -0.742768
   1.162     -0.741597
   1.166     -0.740411
   1.170     -0.739210
   1.174     -0.737995
   1.178     -0.736765
   1.182     -0.735522
   1.186     -0.734264
   1.190     -0.732993
   1.193     -0.731709
   1.197     -0.730412
   1.201     -0.729101
   1.205     -0.727778
   1.209     -0.726443
   1.213     -0.725096
   1.217     -0.723736
   1.221     -0.722365
   1.225     -0.720983
   1.229     -0.719589
   1.232     -0.718184
   1.236     -0.716769
   1.240     -0.715343
   1.244     -0.713907
   1.248     -0.712460
   1.252     -0.711004
   1.256     -0.709538
   1.260     -0.708063
   1.264     -0.706578
   1.268     -0.705084
   1.271     -0.703582
   1.275     -0.702071
   1.279     -0.700551
   1.283     -0.699024
   1.287     -0.697488
   1.291     -0.695944
   1.295     -0.694393
   1.299     -0.692835
   1.303     -0.691269
   1.307     -0.689696
   1.310     -0.688117
   1.314     -0.686531
   1.318     -0.684938
   1.322     -0.683339
   1.326     -0.681734
   1.330     -0.680123
   1.334     -0.678506
   1.338     -0.676884
   1.342     -0.675256
   1.346     -0.673623
   1.349     -0.671985
   1.353     -0.670342
   1.357     -0.668694
   1.361     -0.667041
   1.365     -0.665385
   1.369     -0.663723
   1.373     -0.662058
   1.377     -0.660388
   1.381     -0.658715
   1.385     -0.657038
   1.388     -0.655357
   1.392     -0.653673
   1.396     -0.651986
   1.400     -0.650295
   1.404     -0.648601
   1.408     -0.646905
   1.412     -0.645205
   1.416     -0.643503
   1.420     -0.641798
   1.424     -0.640090
   1.427     -0.638381
   1.431     -0.636669
   1.435     -0.634954
   1.439     -0.633238
   1.443     -0.631520
   1.447     -0.629800
   1.451     -0.628078
   1.455     -0.626354
   1.459     -0.624629
   1.463     -0.622902
   1.466     -0.621174
   1.470     -0.619445
   1.474     -0.617714
   1.478     -0.615982
   1.482     -0.614249
   1.486     -0.612515
   1.490     -0.610780
   1.494     -0.609045
   1.498     -0.607308
   1.502     -0.605570
   1.505     -0.603832
   1.509     -0.602093
   1.513     -0.600354
   1.517     -0.598614
   1.521     -0.596873
   1.525     -0.595132
   1.529     -0.593390
   1.533     -0.591649
   1.537     -0.589906
   1.541     -0.588164
   1.544     -0.586421
   1.548     -0.584678
   1.552     -0.582934
   1.556     -0.581191
   1.560     -0.579447
   1.564     -0.577703
   1.568     -0.575959
   1.572     -0.574214
   1.576     -0.572470
   1.580     -0.570725
   1.583     -0.568981
   1.587     -0.567236
   1.591     -0.565491
   1.595     -0.563746
   1.599     -0.562000
   1.603     -0.560255
   1.607     -0.558509
   1.611     -0.556763
   1.615     -0.555017
   1.619     -0.553271
   1.622     -0.551525
   1.626     -0.549778
   1.630     -0.548031
   1.634     -0.546283
   1.638     -0.544536
   1.642     -0.542787
   1.646     -0.541039
   1.650     -0.539290
   1.654     -0.537540
   1.658     -0.535790
   1.661     -0.534039
   1.665     -0.532288
   1.669     -0.530536
   1.673     -0.528783
   1.677     -0.527029
   1.681     -0.525275
   1.685     -0.523519
   1.689     -0.521763
   1.693     -0.520005
   1.697     -0.518246
   1.700     -0.516486
   1.704     -0.514725
   1.708     -0.512963
   1.712     -0.511199
   1.716     -0.509433
   1.720     -0.507666
   1.724     -0.505898
   1.728     -0.504127
   1.732     -0.502355
   1.736     -0.500581
   1.739     -0.498805
   1.743     -0.497027
   1.747     -0.495247
   1.751     -0.493464
   1.755     -0.491680
   1.759     -0.489892
   1.763     -0.488103
   1.767     -0.486310
   1.771     -0.484516
   1.775     -0.482718
   1.778     -0.480917
   1.782     -0.479114
   1.786     -0.477307
   1.790     -0.475498
   1.794     -0.473685
   1.798     -0.471869
   1.802     -0.470049
   1.806     -0.468226
   1.810     -0.466399
   1.814     -0.464569
   1.817     -0.462735
   1.821     -0.460897
   1.825     -0.459055
   1.829     -0.457209
   1.833     -0.455358
   1.837     -0.453504
   1.841     -0.451645
   1.845     -0.449782
   1.849     -0.447915
   1.853     -0.446043
   1.856     -0.444166
   1.860     -0.442284
   1.864     -0.440398
   1.868     -0.438507
   1.872     -0.436611
   1.876     -0.434709
   1.880     -0.432803
   1.884     -0.430892
   1.888     -0.428975
   1.892     -0.427053
   1.895     -0.425126
   1.899     -0.423193
   1.903     -0.421255
   1.907     -0.419311
   1.911     -0.417362
   1.915     -0.415407
   1.919     -0.413446
   1.923     -0.411479
   1.927     -0.409507
   1.931     -0.407529
   1.934     -0.405545
   1.938     -0.403556
   1.942     -0.401560
   1.946     -0.399558
   1.950     -0.397551
   1.954     -0.395537
   1.958     -0.393517
   1.962     -0.391492
   1.966     -0.389460
   1.970     -0.387422
   1.973     -0.385379
   1.977     -0.383329
   1.981     -0.381273
   1.985     -0.379211
   1.989     -0.377143
   1.993     -0.375069
   1.997     -0.372989
   2.001     -0.370903
   2.005     -0.368811
   2.009     -0.366713
   2.012     -0.364610
   2.016     -0.362500
   2.020     -0.360384
   2.024     -0.358263
   2.028     -0.356136
   2.032     -0.354003
   2.036     -0.351864
   2.040     -0.349719
   2.044     -0.347569
   2.048     -0.345414
   2.051     -0.343253
   2.055     -0.341086
   2.059     -0.338914
   2.063     -0.336737
   2.067     -0.334554
   2.071     -0.332367
   2.075     -0.330174
   2.079     -0.327976
   2.083     -0.325773
   2.087     -0.323565
   2.090     -0.321353
   2.094     -0.319135
   2.098     -0.316913
   2.102     -0.314687
   2.106     -0.312456
   2.110     -0.310221
   2.114     -0.307981
   2.118     -0.305738
   2.122     -0.303490
   2.125     -0.301239
   2.129     -0.298983
   2.133     -0.296724
   2.137     -0.294462
   2.141     -0.292196
   2.145     -0.289926
   2.149     -0.287654
   2.153     -0.285378
   2.157     -0.283100
   2.161     -0.280819
   2.164     -0.278535
   2.168     -0.276248
   2.172     -0.273960
   2.176     -0.271669
   2.180     -0.269376
   2.184     -0.267081
   2.188     -0.264784
   2.192     -0.262486
   2.196     -0.260186
   2.200     -0.257885
   2.203     -0.255582
   2.207     -0.253279
   2.211     -0.250975
   2.215     -0.248670
   2.219     -0.246365
   2.223     -0.244059
   2.227     -0.241754
   2.231     -0.239448
   2.235     -0.237142
   2.239     -0.234837
   2.242     -0.232532
   2.246     -0.230228
   2.250     -0.227925
   2.254     -0.225623
   2.258     -0.223322
   2.262     -0.221023
   2.266     -0.218725
   2.270     -0.216429
   2.274     -0.214134
   2.278     -0.211842
   2.281     -0.209552
   2.285     -0.207264
   2.289     -0.204979
   2.293     -0.202697
   2.297     -0.200418
   2.301     -0.198141
   2.305     -0.195868
   2.309     -0.193599
   2.313     -0.191333
   2.317     -0.189071
   2.320     -0.186812
   2.324     -0.184558
   2.328     -0.182308
   2.332     -0.180063
   2.336     -0.177822
   2.340     -0.175585
   2.344     -0.173354
   2.348     -0.171128
   2.352     -0.168907
   2.356     -0.166691
   2.359     -0.164480
   2.363     -0.162276
   2.367     -0.160077
   2.371     -0.157884
   2.375     -0.155697
   2.379     -0.153516
   2.383     -0.151342
   2.387     -0.149174
   2.391     -0.147013
   2.395     -0.144858
   2.398     -0.142710
   2.402     -0.140570
   2.406     -0.138436
   2.410     -0.136310
   2.414     -0.134191
   2.418     -0.132080
   2.422     -0.129976
   2.426     -0.127880
   2.430     -0.125792
   2.434     -0.123712
   2.437     -0.121640
   2.441     -0.119576
   2.445     -0.117520
   2.449     -0.115472
   2.453     -0.113433
   2.457     -0.111403
   2.461     -0.109381
   2.465     -0.107367
   2.469     -0.105363
   2.473     -0.103367
   2.476     -0.101380
   2.480     -0.099402
   2.484     -0.097434
   2.488     -0.095474
   2.492     -0.093523
   2.496     -0.091582
   2.500     -0.089650
   2.504     -0.087727
   2.508     -0.085813
   2.512     -0.083909
   2.515     -0.082014
   2.519     -0.080128
   2.523     -0.078252
   2.527     -0.076386
   2.531     -0.074529
   2.535     -0.072681
   2.539     -0.070843
   2.543     -0.069014
   2.547     -0.067195
   2.551     -0.065385
   2.554     -0.063585
   2.558     -0.061794
   2.562     -0.060013
   2.566     -0.058240
   2.570     -0.056478
   2.574     -0.054724
   2.578     -0.052980
   2.582     -0.051245
   2.586     -0.049520
   2.590     -0.047803
   2.593     -0.046096
   2.597     -0.044397
   2.601     -0.042707
   2.605     -0.041027
   2.609     -0.039355
   2.613     -0.037692
   2.617     -0.036037
   2.621     -0.034391
   2.625     -0.032754
   2.629     -0.031125
   2.632     -0.029504
   2.636     -0.027891
   2.640     -0.026287
   2.644     -0.024690
   2.648     -0.023101
   2.652     -0.021520
   2.656     -0.019946
   2.660     -0.018380
   2.664     -0.016821
   2.668     -0.015269
   2.671     -0.013725
   2.675     -0.012187
   2.679     -0.010656
   2.683     -0.009132
   2.687     -0.007614
   2.691     -0.006102
   2.695     -0.004597
   2.699     -0.003097
   2.703     -0.001604
   2.707     -0.000116
   2.710      0.001366
   2.714      0.002843
   2.718      0.004315
   2.722      0.005782
   2.726      0.007244
   2.730      0.008701
   2.734      0.010154
   2.738      0.011602
   2.742      0.013046
   2.746      0.014487
   2.749      0.015923
   2.753      0.017356
   2.757      0.018785
   2.761      0.020211
   2.765      0.021634
   2.769      0.023054
   2.773      0.024471
   2.777      0.025886
   2.781      0.027298
   2.785      0.028709
   2.788      0.030117
   2.792      0.031523
   2.796      0.032927
   2.800      0.034330
   2.804      0.035731
   2.808      0.037132
   2.812      0.038531
   2.816      0.039929
   2.820      0.041327
   2.824      0.042724
   2.827      0.044120
   2.831      0.045516
   2.835      0.046912
   2.839      0.048309
   2.843      0.049705
   2.847      0.051101
   2.851      0.052498
   2.855      0.053896
   2.859      0.055294
   2.863      0.056693
   2.866      0.058093
   2.870      0.059494
   2.874      0.060896
   2.878      0.062299
   2.882      0.063704
   2.886      0.065110
   2.890      0.066518
   2.894      0.067928
   2.898      0.069339
   2.902      0.070752
   2.905      0.072167
   2.909      0.073584
   2.913      0.075003
   2.917      0.076424
   2.921      0.077847
   2.925      0.079272
   2.929      0.080700
   2.933      0.082130
   2.937      0.083563
   2.941      0.084998
   2.944      0.086435
   2.948      0.087875
   2.952      0.089317
   2.956      0.090762
   2.960      0.092210
   2.964      0.093660
   2.968      0.095113
   2.972      0.096568
   2.976      0.098026
   2.980      0.099487
   2.983      0.100950
   2.987      0.102416
   2.991      0.103884
   2.995      0.105355
   2.999      0.106829
   3.003      0.108305
   3.007      0.109783
   3.011      0.111264
   3.015      0.112748
   3.019      0.114234
   3.022      0.115722
   3.026      0.117213
   3.030      0.118706
   3.034      0.120202
   3.038      0.121700
   3.042      0.123199
   3.046      0.124701
   3.050      0.126206
   3.054      0.127712
   3.058      0.129220
   3.061      0.130730
   3.065      0.132242
   3.069      0.133756
   3.073      0.135272
   3.077      0.136789
   3.081      0.138308
   3.085      0.139829
   3.089      0.141350
   3.093      0.142874
   3.097      0.144398
   3.100      0.145924
   3.104      0.147451
   3.108      0.148978
   3.112      0.150507
   3.116      0.152036
   3.120      0.153565
   3.124      0.155096
   3.128      0.156626
   3.132      0.158157
   3.136      0.159688
   3.139      0.161219
   3.143      0.162749
   3.147      0.164280
   3.151      0.165810
   3.155      0.167340
   3.159      0.168870
   3.163      0.170398
   3.167      0.171926
   3.171      0.173453
   3.175      0.174979
   3.178      0.176504
   3.182      0.178028
   3.186      0.179551
   3.190      0.181072
   3.194      0.182591
   3.198      0.184109
   3.202      0.185625
   3.206      0.187139
   3.210      0.188651
   3.214      0.190161
   3.217      0.191669
   3.221      0.193174
   3.225      0.194677
   3.229      0.196177
   3.233      0.197675
   3.237      0.199169
   3.241      0.200661
   3.245      0.202150
   3.249      0.203635
   3.253      0.205117
   3.256      0.206596
   3.260      0.208071
   3.264      0.209543
   3.268      0.211011
   3.272      0.212475
   3.276      0.213935
   3.280      0.215390
   3.284      0.216842
   3.288      0.218289
   3.292      0.219731
   3.295      0.221169
   3.299      0.222603
   3.303      0.224031
   3.307      0.225455
   3.311      0.226873
   3.315      0.228286
   3.319      0.229694
   3.323      0.231096
   3.327      0.232493
   3.331      0.233884
   3.334      0.235269
   3.338      0.236649
   3.342      0.238022
   3.346      0.239389
   3.350      0.240750
   3.354      0.242105
   3.358      0.243453
   3.362      0.244795
   3.366      0.246130
   3.370      0.247458
   3.373      0.248780
   3.377      0.250094
   3.381      0.251402
   3.385      0.252702
   3.389      0.253996
   3.393      0.255281
   3.397      0.256560
   3.401      0.257831
   3.405      0.259095
   3.409      0.260351
   3.412      0.261600
   3.416      0.262841
   3.420      0.264075
   3.424      0.265301
   3.428      0.266519
   3.432      0.267729
   3.436      0.268932
   3.440      0.270128
   3.444      0.271315
   3.448      0.272496
   3.451      0.273668
   3.455      0.274833
   3.459      0.275991
   3.463      0.277142
   3.467      0.278285
   3.471      0.279421
   3.475      0.280551
   3.479      0.281673
   3.483      0.282789
   3.487      0.283898
   3.490      0.285001
   3.494      0.286098
   3.498      0.287189
   3.502      0.288274
   3.506      0.289354
   3.510      0.290429
   3.514      0.291498
   3.518      0.292563
   3.522      0.293624
   3.526      0.294680
   3.529      0.295733
   3.533      0.296781
   3.537      0.297827
   3.541      0.298870
   3.545      0.299910
   3.549      0.300948
   3.553      0.301984
   3.557      0.303018
   3.561      0.304051
   3.565      0.305083
   3.568      0.306114
   3.572      0.307144
   3.576      0.308175
   3.580      0.309206
   3.584      0.310237
   3.588      0.311269
   3.592      0.312302
   3.596      0.313336
   3.600      0.314372
   3.604      0.315409
   3.607      0.316448
   3.611      0.317489
   3.615      0.318533
   3.619      0.319578
   3.623      0.320627
   3.627      0.321678
   3.631      0.322731
   3.635      0.323787
   3.639      0.324846
   3.643      0.325908
   3.646      0.326973
   3.650      0.328040
   3.654      0.329111
   3.658      0.330184
   3.662      0.331260
   3.666      0.332339
   3.670      0.333420
   3.674      0.334503
   3.678      0.335589
   3.682      0.336678
   3.685      0.337768
   3.689      0.338860
   3.693      0.339955
   3.697      0.341050
   3.701      0.342148
   3.705      0.343246
   3.709      0.344346
   3.713      0.345446
   3.717      0.346548
   3.721      0.347649
   3.724      0.348751
   3.728      0.349853
   3.732      0.350955
   3.736      0.352057
   3.740      0.353158
   3.744      0.354258
   3.748      0.355357
   3.752      0.356454
   3.756      0.357551
   3.760      0.358645
   3.763      0.359738
   3.767      0.360829
   3.771      0.361917
   3.775      0.363003
   3.779      0.364086
   3.783      0.365166
   3.787      0.366242
   3.791      0.367316
   3.795      0.368386
   3.799      0.369452
   3.802      0.370515
   3.806      0.371573
   3.810      0.372627
   3.814      0.373676
   3.818      0.374721
   3.822      0.375761
   3.826      0.376796
   3.830      0.377826
   3.834      0.378850
   3.838      0.379866
   3.841      0.380875
   3.845      0.381878
   3.849      0.382874
   3.853      0.383862
   3.857      0.384844
   3.861      0.385818
   3.865      0.386786
   3.869      0.387746
   3.873      0.388699
   3.877      0.389645
   3.880      0.390584
   3.884      0.391516
   3.888      0.392440
   3.892      0.393357
   3.896      0.394267
   3.900      0.395169
   3.904      0.396064
   3.908      0.396952
   3.912      0.397832
   3.916      0.398705
   3.919      0.399571
   3.923      0.400429
   3.927      0.401279
   3.931      0.402122
   3.935      0.402958
   3.939      0.403786
   3.943      0.404606
   3.947      0.405419
   3.951      0.406224
   3.955      0.407021
   3.958      0.407811
   3.962      0.408593
   3.966      0.409367
   3.970      0.410134
   3.974      0.410893
   3.978      0.411644
   3.982      0.412387
   3.986      0.413123
   3.990      0.413851
   3.994      0.414570
   3.997      0.415283
   4.001      0.415987
   4.005      0.416683
   4.009      0.417372
   4.013      0.418052
   4.017      0.418725
   4.021      0.419390
   4.025      0.420046
   4.029      0.420695
   4.033      0.421336
   4.036      0.421969
   4.040      0.422594
   4.044      0.423211
   4.048      0.423820
   4.052      0.424420
   4.056      0.425013
   4.060      0.425598
   4.064      0.426174
   4.068      0.426743
   4.072      0.427304
   4.075      0.427856
   4.079      0.428400
   4.083      0.428936
   4.087      0.429464
   4.091      0.429984
   4.095      0.430496
   4.099      0.431000
   4.103      0.431495
   4.107      0.431983
   4.111      0.432462
   4.114      0.432933
   4.118      0.433396
   4.122      0.433850
   4.126      0.434297
   4.130      0.434735
   4.134      0.435165
   4.138      0.435587
   4.142      0.436001
   4.146      0.436406
   4.150      0.436803
   4.153      0.437192
   4.157      0.437573
   4.161      0.437946
   4.165      0.438310
   4.169      0.438666
   4.173      0.439014
   4.177      0.439354
   4.181      0.439685
   4.185      0.440008
   4.189      0.440323
   4.192      0.440630
   4.196      0.440928
   4.200      0.441219
   4.204      0.441501
   4.208      0.441774
   4.212      0.442040
   4.216      0.442297
   4.220      0.442546
   4.224      0.442787
   4.228      0.443019
   4.231      0.443244
   4.235      0.443460
   4.239      0.443668
   4.243      0.443867
   4.247      0.444059
   4.251      0.444242
   4.255      0.444417
   4.259      0.444583
   4.263      0.444742
   4.267      0.444892
   4.270      0.445034
   4.274      0.445168
   4.278      0.445294
   4.282      0.445412
   4.286      0.445521
   4.290      0.445622
   4.294      0.445715
   4.298      0.445800
   4.302      0.445877
   4.306      0.445945
   4.309      0.446005
   4.313      0.446058
   4.317      0.446102
   4.321      0.446137
   4.325      0.446165
   4.329      0.446185
   4.333      0.446197
   4.337      0.446200
   4.341      0.446195
   4.345      0.446183
   4.348      0.446162
   4.352      0.446133
   4.356      0.446096
   4.360      0.446051
   4.364      0.445998
   4.368      0.445937
   4.372      0.445868
   4.376      0.445791
   4.380      0.445706
   4.384      0.445612
   4.387      0.445511
   4.391      0.445402
   4.395      0.445285
   4.399      0.445160
   4.403      0.445027
   4.407      0.444886
   4.411      0.444737
   4.415      0.444581
   4.419      0.444416
   4.423      0.444244
   4.426      0.444063
   4.430      0.443875
   4.434      0.443679
   4.438      0.443475
   4.442      0.443263
   4.446      0.443043
   4.450      0.442816
   4.454      0.442581
   4.458      0.442338
   4.462      0.442087
   4.465      0.441828
   4.469      0.441562
   4.473      0.441288
   4.477      0.441006
   4.481      0.440717
   4.485      0.440420
   4.489      0.440115
   4.493      0.439803
   4.497      0.439483
   4.501      0.439155
   4.504      0.438820
   4.508      0.438477
   4.512      0.438126
   4.516      0.437768
   4.520      0.437402
   4.524      0.437029
   4.528      0.436649
   4.532      0.436260
   4.536      0.435865
   4.540      0.435461
   4.543      0.435051
   4.547      0.434633
   4.551      0.434207
   4.555      0.433774
   4.559      0.433334
   4.563      0.432886
   4.567      0.432431
   4.571      0.431969
   4.575      0.431499
   4.579      0.431022
   4.582      0.430537
   4.586      0.430046
   4.590      0.429547
   4.594      0.429041
   4.598      0.428527
   4.602      0.428007
   4.606      0.427479
   4.610      0.426944
   4.614      0.426401
   4.618      0.425852
   4.621      0.425296
   4.625      0.424732
   4.629      0.424161
   4.633      0.423584
   4.637      0.422999
   4.641      0.422407
   4.645      0.421808
   4.649      0.421202
   4.653      0.420590
   4.657      0.419970
   4.660      0.419343
   4.664      0.418709
   4.668      0.418069
   4.672      0.417421
   4.676      0.416767
   4.680      0.416106
   4.684      0.415438
   4.688      0.414763
   4.692      0.414081
   4.696      0.413393
   4.699      0.412698
   4.703      0.411996
   4.707      0.411287
   4.711      0.410572
   4.715      0.409850
   4.719      0.409121
   4.723      0.408386
   4.727      0.407644
   4.731      0.406895
   4.735      0.406140
   4.738      0.405378
   4.742      0.404610
   4.746      0.403835
   4.750      0.403054
   4.754      0.402266
   4.758      0.401472
   4.762      0.400671
   4.766      0.399864
   4.770      0.399051
   4.774      0.398231
   4.777      0.397404
   4.781      0.396572
   4.785      0.395733
   4.789      0.394887
   4.793      0.394036
   4.797      0.393178
   4.801      0.392314
   4.805      0.391444
   4.809      0.390567
   4.813      0.389684
   4.816      0.388796
   4.820      0.387901
   4.824      0.386999
   4.828      0.386092
   4.832      0.385179
   4.836      0.384259
   4.840      0.383334
   4.844      0.382402
   4.848      0.381465
   4.852      0.380521
   4.855      0.379572
   4.859      0.378617
   4.863      0.377655
   4.867      0.376688
   4.871      0.375715
   4.875      0.374736
   4.879      0.373751
   4.883      0.372761
   4.887      0.371764
   4.891      0.370762
   4.894      0.369754
   4.898      0.368740
   4.902      0.367721
   4.906      0.366696
   4.910      0.365665
   4.914      0.364628
   4.918      0.363586
   4.922      0.362539
   4.926      0.361485
   4.930      0.360426
   4.933      0.359362
   4.937      0.358292
   4.941      0.357216
   4.945      0.356135
   4.949      0.355049
   4.953      0.353957
   4.957      0.352859
   4.961      0.351756
   4.965      0.350648
   4.969      0.349534
   4.972      0.348415
   4.976      0.347291
   4.980      0.346161
   4.984      0.345026
   4.988      0.343885
   4.992      0.342740
   4.996      0.341589
   5.000      0.340433
   5.004      0.339271
   5.008      0.338105
   5.011      0.336933
   5.015      0.335756
   5.019      0.334574
   5.023      0.333387
   5.027      0.332195
   5.031      0.330998
   5.035      0.329795
   5.039      0.328588
   5.043      0.327376
   5.047      0.326159
   5.050      0.324936
   5.054      0.323709
   5.058      0.322477
   5.062      0.321240
   5.066      0.319998
   5.070      0.318751
   5.074      0.317500
   5.078      0.316243
   5.082      0.314982
   5.086      0.313716
   5.089      0.312446
   5.093      0.311170
   5.097      0.309890
   5.101      0.308605
   5.105      0.307316
   5.109      0.306022
   5.113      0.304723
   5.117      0.303419
   5.121      0.302111
   5.125      0.300799
   5.128      0.299482
   5.132      0.298160
   5.136      0.296834
   5.140      0.295503
   5.144      0.294168
   5.148      0.292829
   5.152      0.291485
   5.156      0.290136
   5.160      0.288784
   5.164      0.287427
   5.167      0.286065
   5.171      0.284700
   5.175      0.283330
   5.179      0.281955
   5.183      0.280577
   5.187      0.279194
   5.191      0.277807
   5.195      0.276416
   5.199      0.275021
   5.203      0.273622
   5.206      0.272218
   5.210      0.270811
   5.214      0.269399
   5.218      0.267983
   5.222      0.266564
   5.226      0.265140
   5.230      0.263713
   5.234      0.262281
   5.238      0.260846
   5.242      0.259407
   5.245      0.257963
   5.249      0.256517
   5.253      0.255066
   5.257      0.253611
   5.261      0.252153
   5.265      0.250691
   5.269      0.249225
   5.273      0.247756
   5.277      0.246282
   5.281      0.244806
   5.284      0.243325
   5.288      0.241842
   5.292      0.240354
   5.296      0.238863
   5.300      0.237369
   5.304      0.235871
   5.308      0.234370
   5.312      0.232866
   5.316      0.231358
   5.320      0.229847
   5.323      0.228333
   5.327      0.226816
   5.331      0.225295
   5.335      0.223773
   5.339      0.222247
   5.343      0.220720
   5.347      0.219190
   5.351      0.217657
   5.355      0.216121
   5.359      0.214581
   5.362      0.213037
   5.366      0.211491
   5.370      0.209941
   5.374      0.208388
   5.378      0.206831
   5.382      0.205271
   5.386      0.203708
   5.390      0.202141
   5.394      0.200572
   5.398      0.198999
   5.401      0.197423
   5.405      0.195844
   5.409      0.194261
   5.413      0.192676
   5.417      0.191088
   5.421      0.189496
   5.425      0.187901
   5.429      0.186304
   5.433      0.184703
   5.437      0.183099
   5.440      0.181493
   5.444      0.179883
   5.448      0.178271
   5.452      0.176656
   5.456      0.175037
   5.460      0.173416
   5.464      0.171792
   5.468      0.170166
   5.472      0.168536
   5.476      0.166904
   5.479      0.165269
   5.483      0.163631
   5.487      0.161990
   5.491      0.160347
   5.495      0.158701
   5.499      0.157053
   5.503      0.155401
   5.507      0.153748
   5.511      0.152091
   5.515      0.150432
   5.518      0.148771
   5.522      0.147107
   5.526      0.145440
   5.530      0.143771
   5.534      0.142099
   5.538      0.140425
   5.542      0.138749
   5.546      0.137070
   5.550      0.135388
   5.554      0.133704
   5.557      0.132018
   5.561      0.130330
   5.565      0.128639
   5.569      0.126946
   5.573      0.125250
   5.577      0.123553
   5.581      0.121852
   5.585      0.120150
   5.589      0.118446
   5.593      0.116739
   5.596      0.115030
   5.600      0.113319
   5.604      0.111606
   5.608      0.109890
   5.612      0.108173
   5.616      0.106453
   5.620      0.104731
   5.624      0.103007
   5.628      0.101282
   5.632      0.099554
   5.635      0.097824
   5.639      0.096092
   5.643      0.094358
   5.647      0.092622
   5.651      0.090884
   5.655      0.089144
   5.659      0.087402
   5.663      0.085658
   5.667      0.083913
   5.671      0.082165
   5.674      0.080416
   5.678      0.078664
   5.682      0.076911
   5.686      0.075156
   5.690      0.073400
   5.694      0.071641
   5.698      0.069881
   5.702      0.068119
   5.706      0.066355
   5.710      0.064589
   5.713      0.062822
   5.717      0.061053
   5.721      0.059282
   5.725      0.057510
   5.729      0.055736
   5.733      0.053960
   5.737      0.052183
   5.741      0.050404
   5.745      0.048624
   5.749      0.046841
   5.752      0.045058
   5.756      0.043272
   5.760      0.041486
   5.764      0.039697
   5.768      0.037907
   5.772      0.036116
   5.776      0.034323
   5.780      0.032529
   5.784      0.030733
   5.788      0.028936
   5.791      0.027137
   5.795      0.025337
   5.799      0.023536
   5.803      0.021733
   5.807      0.019929
   5.811      0.018123
   5.815      0.016316
   5.819      0.014508
   5.823      0.012698
   5.827      0.010888
   5.830      0.009076
   5.834      0.007263
   5.838      0.005448
   5.842      0.003633
   5.846      0.001817
   5.850      0.000000
