   0.000     -0.000715
   0.004      0.000358
   0.008      0.001431
   0.012      0.003219
   0.016      0.005722
   0.019      0.008938
   0.023      0.012866
   0.027      0.017505
   0.031      0.022854
   0.035      0.028909
   0.039      0.035669
   0.043      0.043132
   0.047      0.051295
   0.051      0.060155
   0.055      0.069709
   0.059      0.079954
   0.062      0.090885
   0.066      0.102499
   0.070      0.114792
   0.074      0.127760
   0.078      0.141396
   0.082      0.155697
   0.086      0.170656
   0.090      0.186269
   0.094      0.202528
   0.098      0.219429
   0.101      0.236963
   0.105      0.255125
   0.109      0.273908
   0.113      0.293303
   0.117      0.313305
   0.121      0.333905
   0.125      0.355095
   0.129      0.376868
   0.133      0.399215
   0.136      0.422128
   0.140      0.445598
   0.144      0.469616
   0.148      0.494173
   0.152      0.519260
   0.156      0.544867
   0.160      0.570985
   0.164      0.597604
   0.168      0.624714
   0.172      0.652305
   0.175      0.680366
   0.179      0.708887
   0.183      0.737856
   0.187      0.767264
   0.191      0.797099
   0.195      0.827349
   0.199      0.858004
   0.203      0.889052
   0.207      0.920482
   0.211      0.952280
   0.214      0.984436
   0.218      1.016938
   0.222      1.049773
   0.226      1.082929
   0.230      1.116394
   0.234      1.150154
   0.238      1.184198
   0.242      1.218513
   0.246      1.253085
   0.250      1.287903
   0.253      1.322952
   0.257      1.358220
   0.261      1.393695
   0.265      1.429361
   0.269      1.465207
   0.273      1.501220
   0.277      1.537384
   0.281      1.573689
   0.285      1.610119
   0.289      1.646661
   0.292      1.683303
   0.296      1.720030
   0.300      1.756829
   0.304      1.793687
   0.308      1.830590
   0.312      1.867524
   0.316      1.904477
   0.320      1.941434
   0.324      1.978382
   0.328      2.015308
   0.331      2.052199
   0.335      2.089041
   0.339      2.125822
   0.343      2.162526
   0.347      2.199143
   0.351      2.235658
   0.355      2.272059
   0.359      2.308333
   0.363      2.344467
   0.367      2.380448
   0.371      2.416264
   0.374      2.451901
   0.378      2.487349
   0.382      2.522594
   0.386      2.557625
   0.390      2.592429
   0.394      2.626994
   0.398      2.661309
   0.402      2.695362
   0.406      2.729142
   0.410      2.762638
   0.413      2.795837
   0.417      2.828730
   0.421      2.861305
   0.425      2.893553
   0.429      2.925461
   0.433      2.957021
   0.437      2.988222
   0.441      3.019054
   0.445      3.049508
   0.449      3.079574
   0.452      3.109243
   0.456      3.138505
   0.460      3.167353
   0.464      3.195777
   0.468      3.223769
   0.472      3.251320
   0.476      3.278424
   0.480      3.305071
   0.484      3.331256
   0.488      3.356969
   0.491      3.382205
   0.495      3.406957
   0.499      3.431217
   0.503      3.454981
   0.507      3.478241
   0.511      3.500993
   0.515      3.523230
   0.519      3.544947
   0.523      3.566139
   0.527      3.586802
   0.530      3.606930
   0.534      3.626521
   0.538      3.645569
   0.542      3.664071
   0.546      3.682024
   0.550      3.699424
   0.554      3.716268
   0.558      3.732554
   0.562      3.748279
   0.566      3.763442
   0.569      3.778039
   0.573      3.792070
   0.577      3.805533
   0.581      3.818427
   0.585      3.830751
   0.589      3.842504
   0.593      3.853687
   0.597      3.864298
   0.601      3.874338
   0.605      3.883807
   0.608      3.892706
   0.612      3.901036
   0.616      3.908798
   0.620      3.915993
   0.624      3.922622
   0.628      3.928688
   0.632      3.934192
   0.636      3.939137
   0.640      3.943524
   0.644      3.947358
   0.647      3.950639
   0.651      3.953373
   0.655      3.955561
   0.659      3.957207
   0.663      3.958315
   0.667      3.958889
   0.671      3.958933
   0.675      3.958451
   0.679      3.957448
   0.683      3.955927
   0.686      3.953895
   0.690      3.951355
   0.694      3.948314
   0.698      3.944775
   0.702      3.940745
   0.706      3.936229
   0.710      3.931233
   0.714      3.925763
   0.718      3.919824
   0.722      3.913423
   0.725      3.906566
   0.729      3.899259
   0.733      3.891508
   0.737      3.883322
   0.741      3.874705
   0.745      3.865665
   0.749      3.856208
   0.753      3.846342
   0.757      3.836074
   0.761      3.825410
   0.764      3.814358
   0.768      3.802925
   0.772      3.791119
   0.776      3.778946
   0.780      3.766415
   0.784      3.753532
   0.788      3.740306
   0.792      3.726743
   0.796      3.712852
   0.800      3.698640
   0.803      3.684115
   0.807      3.669283
   0.811      3.654154
   0.815      3.638735
   0.819      3.623033
   0.823      3.607056
   0.827      3.590812
   0.831      3.574308
   0.835      3.557553
   0.839      3.540553
   0.842      3.523317
   0.846      3.505852
   0.850      3.488166
   0.854      3.470266
   0.858      3.452160
   0.862      3.433856
   0.866      3.415360
   0.870      3.396680
   0.874      3.377824
   0.878      3.358800
   0.881      3.339613
   0.885      3.320272
   0.889      3.300783
   0.893      3.281154
   0.897      3.261392
   0.901      3.241503
   0.905      3.221495
   0.909      3.201375
   0.913      3.181148
   0.917      3.160822
   0.920      3.140404
   0.924      3.119900
   0.928      3.099315
   0.932      3.078658
   0.936      3.057933
   0.940      3.037147
   0.944      3.016307
   0.948      2.995418
   0.952      2.974485
   0.956      2.953515
   0.959      2.932514
   0.963      2.911487
   0.967      2.890440
   0.971      2.869377
   0.975      2.848305
   0.979      2.827229
   0.983      2.806153
   0.987      2.785082
   0.991      2.764023
   0.995      2.742978
   0.998      2.721954
   1.002      2.700954
   1.006      2.679984
   1.010      2.659047
   1.014      2.638148
   1.018      2.617291
   1.022      2.596481
   1.026      2.575720
   1.030      2.555014
   1.034      2.534365
   1.037      2.513778
   1.041      2.493256
   1.045      2.472803
   1.049      2.452421
   1.053      2.432115
   1.057      2.411887
   1.061      2.391741
   1.065      2.371680
   1.069      2.351706
   1.073      2.331822
   1.076      2.312031
   1.080      2.292336
   1.084      2.272739
   1.088      2.253242
   1.092      2.233849
   1.096      2.214560
   1.100      2.195379
   1.104      2.176307
   1.108      2.157347
   1.112      2.138499
   1.115      2.119767
   1.119      2.101152
   1.123      2.082656
   1.127      2.064279
   1.131      2.046024
   1.135      2.027892
   1.139      2.009884
   1.143      1.992002
   1.147      1.974247
   1.151      1.956620
   1.154      1.939121
   1.158      1.921753
   1.162      1.904516
   1.166      1.887410
   1.170      1.870437
   1.174      1.853597
   1.178      1.836891
   1.182      1.820320
   1.186      1.803884
   1.190      1.787583
   1.193      1.771418
   1.197      1.755389
   1.201      1.739498
   1.205      1.723742
   1.209      1.708125
   1.213      1.692644
   1.217      1.677300
   1.221      1.662094
   1.225      1.647026
   1.229      1.632095
   1.232      1.617301
   1.236      1.602644
   1.240      1.588124
   1.244      1.573741
   1.248      1.559495
   1.252      1.545384
   1.256      1.531410
   1.260      1.517571
   1.264      1.503868
   1.268      1.490299
   1.271      1.476865
   1.275      1.463564
   1.279      1.450397
   1.283      1.437362
   1.287      1.424459
   1.291      1.411689
   1.295      1.399049
   1.299      1.386539
   1.303      1.374159
   1.307      1.361908
   1.310      1.349785
   1.314      1.337789
   1.318      1.325920
   1.322      1.314177
   1.326      1.302559
   1.330      1.291066
   1.334      1.279696
   1.338      1.268448
   1.342      1.257322
   1.346      1.246317
   1.349      1.235432
   1.353      1.224666
   1.357      1.214018
   1.361      1.203487
   1.365      1.193072
   1.369      1.182773
   1.373      1.172588
   1.377      1.162516
   1.381      1.152557
   1.385      1.142709
   1.388      1.132971
   1.392      1.123343
   1.396      1.113823
   1.400      1.104410
   1.404      1.095104
   1.408      1.085903
   1.412      1.076807
   1.416      1.067814
   1.420      1.058923
   1.424      1.050133
   1.427      1.041443
   1.431      1.032853
   1.435      1.024360
   1.439      1.015965
   1.443      1.007666
   1.447      0.999462
   1.451      0.991352
   1.455      0.983335
   1.459      0.975409
   1.463      0.967575
   1.466      0.959830
   1.470      0.952175
   1.474      0.944607
   1.478      0.937125
   1.482      0.929730
   1.486      0.922420
   1.490      0.915193
   1.494      0.908049
   1.498      0.900986
   1.502      0.894005
   1.505      0.887103
   1.509      0.880280
   1.513      0.873534
   1.517      0.866866
   1.521      0.860273
   1.525      0.853755
   1.529      0.847311
   1.533      0.840940
   1.537      0.834641
   1.541      0.828413
   1.544      0.822256
   1.548      0.816167
   1.552      0.810147
   1.556      0.804194
   1.560      0.798307
   1.564      0.792486
   1.568      0.786730
   1.572      0.781037
   1.576      0.775408
   1.580      0.769840
   1.583      0.764334
   1.587      0.758887
   1.591      0.753501
   1.595      0.748172
   1.599      0.742902
   1.603      0.737688
   1.607      0.732531
   1.611      0.727429
   1.615      0.722381
   1.619      0.717387
   1.622      0.712447
   1.626      0.707558
   1.630      0.702720
   1.634      0.697934
   1.638      0.693197
   1.642      0.688509
   1.646      0.683869
   1.650      0.679278
   1.654      0.674733
   1.658      0.670234
   1.661      0.665781
   1.665      0.661373
   1.669      0.657009
   1.673      0.652688
   1.677      0.648411
   1.681      0.644175
   1.685      0.639981
   1.689      0.635828
   1.693      0.631715
   1.697      0.627641
   1.700      0.623607
   1.704      0.619611
   1.708      0.615653
   1.712      0.611732
   1.716      0.607847
   1.720      0.603999
   1.724      0.600186
   1.728      0.596408
   1.732      0.592664
   1.736      0.588954
   1.739      0.585278
   1.743      0.581634
   1.747      0.578023
   1.751      0.574443
   1.755      0.570895
   1.759      0.567378
   1.763      0.563890
   1.767      0.560433
   1.771      0.557005
   1.775      0.553606
   1.778      0.550236
   1.782      0.546893
   1.786      0.543578
   1.790      0.540291
   1.794      0.537030
   1.798      0.533796
   1.802      0.530587
   1.806      0.527404
   1.810      0.524247
   1.814      0.521114
   1.817      0.518006
   1.821      0.514922
   1.825      0.511862
   1.829      0.508825
   1.833      0.505811
   1.837      0.502820
   1.841      0.499852
   1.845      0.496906
   1.849      0.493981
   1.853      0.491079
   1.856      0.488197
   1.860      0.485337
   1.864      0.482497
   1.868      0.479677
   1.872      0.476878
   1.876      0.474099
   1.880      0.471340
   1.884      0.468600
   1.888      0.465879
   1.892      0.463177
   1.895      0.460494
   1.899      0.457829
   1.903      0.455183
   1.907      0.452555
   1.911      0.449945
   1.915      0.447352
   1.919      0.444777
   1.923      0.442220
   1.927      0.439680
   1.931      0.437156
   1.934      0.434650
   1.938      0.432160
   1.942      0.429687
   1.946      0.427230
   1.950      0.424789
   1.954      0.422365
   1.958      0.419956
   1.962      0.417563
   1.966      0.415186
   1.970      0.412824
   1.973      0.410478
   1.977      0.408147
   1.981      0.405831
   1.985      0.403530
   1.989      0.401244
   1.993      0.398972
   1.997      0.396716
   2.001      0.394474
   2.005      0.392246
   2.009      0.390033
   2.012      0.387834
   2.016      0.385649
   2.020      0.383478
   2.024      0.381322
   2.028      0.379178
   2.032      0.377049
   2.036      0.374933
   2.040      0.372831
   2.044      0.370742
   2.048      0.368666
   2.051      0.366604
   2.055      0.364555
   2.059      0.362519
   2.063      0.360495
   2.067      0.358485
   2.071      0.356487
   2.075      0.354502
   2.079      0.352529
   2.083      0.350569
   2.087      0.348621
   2.090      0.346686
   2.094      0.344762
   2.098      0.342851
   2.102      0.340952
   2.106      0.339065
   2.110      0.337189
   2.114      0.335325
   2.118      0.333473
   2.122      0.331633
   2.125      0.329803
   2.129      0.327986
   2.133      0.326179
   2.137      0.324384
   2.141      0.322600
   2.145      0.320827
   2.149      0.319065
   2.153      0.317314
   2.157      0.315574
   2.161      0.313845
   2.164      0.312126
   2.168      0.310418
   2.172      0.308720
   2.176      0.307033
   2.180      0.305356
   2.184      0.303690
   2.188      0.302034
   2.192      0.300388
   2.196      0.298752
   2.200      0.297126
   2.203      0.295510
   2.207      0.293903
   2.211      0.292307
   2.215      0.290720
   2.219      0.289144
   2.223      0.287576
   2.227      0.286018
   2.231      0.284470
   2.235      0.282931
   2.239      0.281401
   2.242      0.279881
   2.246      0.278370
   2.250      0.276867
   2.254      0.275374
   2.258      0.273890
   2.262      0.272415
   2.266      0.270949
   2.270      0.269492
   2.274      0.268043
   2.278      0.266603
   2.281      0.265172
   2.285      0.263749
   2.289      0.262335
   2.293      0.260929
   2.297      0.259532
   2.301      0.258143
   2.305      0.256762
   2.309      0.255389
   2.313      0.254025
   2.317      0.252669
   2.320      0.251321
   2.324      0.249980
   2.328      0.248648
   2.332      0.247324
   2.336      0.246007
   2.340      0.244698
   2.344      0.243397
   2.348      0.242104
   2.352      0.240818
   2.356      0.239540
   2.359      0.238270
   2.363      0.237006
   2.367      0.235751
   2.371      0.234502
   2.375      0.233261
   2.379      0.232027
   2.383      0.230801
   2.387      0.229581
   2.391      0.228369
   2.395      0.227164
   2.398      0.225966
   2.402      0.224774
   2.406      0.223590
   2.410      0.222413
   2.414      0.221242
   2.418      0.220078
   2.422      0.218921
   2.426      0.217771
   2.430      0.216627
   2.434      0.215490
   2.437      0.214360
   2.441      0.213236
   2.445      0.212118
   2.449      0.211007
   2.453      0.209902
   2.457      0.208804
   2.461      0.207712
   2.465      0.206626
   2.469      0.205547
   2.473      0.204473
   2.476      0.203406
   2.480      0.202345
   2.484      0.201290
   2.488      0.200241
   2.492      0.199198
   2.496      0.198161
   2.500      0.197130
   2.504      0.196104
   2.508      0.195085
   2.512      0.194071
   2.515      0.193063
   2.519      0.192061
   2.523      0.191064
   2.527      0.190073
   2.531      0.189088
   2.535      0.188108
   2.539      0.187134
   2.543      0.186165
   2.547      0.185202
   2.551      0.184244
   2.554      0.183291
   2.558      0.182344
   2.562      0.181402
   2.566      0.180466
   2.570      0.179534
   2.574      0.178608
   2.578      0.177687
   2.582      0.176772
   2.586      0.175861
   2.590      0.174955
   2.593      0.174055
   2.597      0.173159
   2.601      0.172269
   2.605      0.171383
   2.609      0.170503
   2.613      0.169627
   2.617      0.168756
   2.621      0.167890
   2.625      0.167029
   2.629      0.166172
   2.632      0.165320
   2.636      0.164473
   2.640      0.163631
   2.644      0.162793
   2.648      0.161960
   2.652      0.161131
   2.656      0.160307
   2.660      0.159488
   2.664      0.158673
   2.668      0.157862
   2.671      0.157056
   2.675      0.156254
   2.679      0.155457
   2.683      0.154664
   2.687      0.153875
   2.691      0.153091
   2.695      0.152311
   2.699      0.151535
   2.703      0.150764
   2.707      0.149996
   2.710      0.149233
   2.714      0.148474
   2.718      0.147719
   2.722      0.146968
   2.726      0.146222
   2.730      0.145479
   2.734      0.144740
   2.738      0.144005
   2.742      0.143275
   2.746      0.142548
   2.749      0.141825
   2.753      0.141106
   2.757      0.140391
   2.761      0.139679
   2.765      0.138972
   2.769      0.138268
   2.773      0.137568
   2.777      0.136872
   2.781      0.136180
   2.785      0.135491
   2.788      0.134806
   2.792      0.134124
   2.796      0.133447
   2.800      0.132772
   2.804      0.132102
   2.808      0.131435
   2.812      0.130771
   2.816      0.130111
   2.820      0.129455
   2.824      0.128802
   2.827      0.128153
   2.831      0.127506
   2.835      0.126864
   2.839      0.126225
   2.843      0.125589
   2.847      0.124956
   2.851      0.124327
   2.855      0.123701
   2.859      0.123079
   2.863      0.122459
   2.866      0.121843
   2.870      0.121231
   2.874      0.120621
   2.878      0.120015
   2.882      0.119411
   2.886      0.118811
   2.890      0.118214
   2.894      0.117621
   2.898      0.117030
   2.902      0.116442
   2.905      0.115858
   2.909      0.115276
   2.913      0.114698
   2.917      0.114122
   2.921      0.113550
   2.925      0.112980
   2.929      0.112414
   2.933      0.111850
   2.937      0.111290
   2.941      0.110732
   2.944      0.110177
   2.948      0.109625
   2.952      0.109076
   2.956      0.108529
   2.960      0.107986
   2.964      0.107445
   2.968      0.106907
   2.972      0.106372
   2.976      0.105839
   2.980      0.105310
   2.983      0.104783
   2.987      0.104258
   2.991      0.103737
   2.995      0.103218
   2.999      0.102702
   3.003      0.102188
   3.007      0.101677
   3.011      0.101168
   3.015      0.100663
   3.019      0.100159
   3.022      0.099659
   3.026      0.099161
   3.030      0.098665
   3.034      0.098172
   3.038      0.097681
   3.042      0.097193
   3.046      0.096707
   3.050      0.096224
   3.054      0.095743
   3.058      0.095265
   3.061      0.094789
   3.065      0.094316
   3.069      0.093845
   3.073      0.093376
   3.077      0.092909
   3.081      0.092445
   3.085      0.091984
   3.089      0.091524
   3.093      0.091067
   3.097      0.090612
   3.100      0.090160
   3.104      0.089710
   3.108      0.089262
   3.112      0.088816
   3.116      0.088372
   3.120      0.087931
   3.124      0.087492
   3.128      0.087055
   3.132      0.086620
   3.136      0.086187
   3.139      0.085757
   3.143      0.085328
   3.147      0.084902
   3.151      0.084478
   3.155      0.084056
   3.159      0.083636
   3.163      0.083218
   3.167      0.082802
   3.171      0.082389
   3.175      0.081977
   3.178      0.081567
   3.182      0.081160
   3.186      0.080754
   3.190      0.080350
   3.194      0.079949
   3.198      0.079549
   3.202      0.079151
   3.206      0.078755
   3.210      0.078361
   3.214      0.077969
   3.217      0.077579
   3.221      0.077191
   3.225      0.076805
   3.229      0.076421
   3.233      0.076038
   3.237      0.075657
   3.241      0.075279
   3.245      0.074902
   3.249      0.074527
   3.253      0.074153
   3.256      0.073782
   3.260      0.073412
   3.264      0.073044
   3.268      0.072678
   3.272      0.072314
   3.276      0.071951
   3.280      0.071590
   3.284      0.071231
   3.288      0.070873
   3.292      0.070518
   3.295      0.070164
   3.299      0.069811
   3.303      0.069461
   3.307      0.069112
   3.311      0.068765
   3.315      0.068419
   3.319      0.068075
   3.323      0.067733
   3.327      0.067392
   3.331      0.067053
   3.334      0.066715
   3.338      0.066380
   3.342      0.066045
   3.346      0.065713
   3.350      0.065382
   3.354      0.065052
   3.358      0.064724
   3.362      0.064398
   3.366      0.064073
   3.370      0.063749
   3.373      0.063428
   3.377      0.063107
   3.381      0.062789
   3.385      0.062471
   3.389      0.062155
   3.393      0.061841
   3.397      0.061528
   3.401      0.061217
   3.405      0.060907
   3.409      0.060598
   3.412      0.060291
   3.416      0.059986
   3.420      0.059682
   3.424      0.059379
   3.428      0.059077
   3.432      0.058777
   3.436      0.058479
   3.440      0.058182
   3.444      0.057886
   3.448      0.057592
   3.451      0.057298
   3.455      0.057007
   3.459      0.056716
   3.463      0.056427
   3.467      0.056140
   3.471      0.055853
   3.475      0.055568
   3.479      0.055284
   3.483      0.055002
   3.487      0.054721
   3.490      0.054441
   3.494      0.054162
   3.498      0.053885
   3.502      0.053609
   3.506      0.053334
   3.510      0.053061
   3.514      0.052788
   3.518      0.052517
   3.522      0.052248
   3.526      0.051979
   3.529      0.051712
   3.533      0.051446
   3.537      0.051181
   3.541      0.050917
   3.545      0.050654
   3.549      0.050393
   3.553      0.050133
   3.557      0.049874
   3.561      0.049616
   3.565      0.049359
   3.568      0.049104
   3.572      0.048849
   3.576      0.048596
   3.580      0.048344
   3.584      0.048093
   3.588      0.047843
   3.592      0.047594
   3.596      0.047347
   3.600      0.047100
   3.604      0.046855
   3.607      0.046610
   3.611      0.046367
   3.615      0.046125
   3.619      0.045884
   3.623      0.045644
   3.627      0.045405
   3.631      0.045167
   3.635      0.044930
   3.639      0.044694
   3.643      0.044459
   3.646      0.044225
   3.650      0.043993
   3.654      0.043761
   3.658      0.043530
   3.662      0.043300
   3.666      0.043072
   3.670      0.042844
   3.674      0.042617
   3.678      0.042392
   3.682      0.042167
   3.685      0.041943
   3.689      0.041720
   3.693      0.041499
   3.697      0.041278
   3.701      0.041058
   3.705      0.040839
   3.709      0.040621
   3.713      0.040404
   3.717      0.040188
   3.721      0.039972
   3.724      0.039758
   3.728      0.039545
   3.732      0.039332
   3.736      0.039121
   3.740      0.038910
   3.744      0.038700
   3.748      0.038492
   3.752      0.038284
   3.756      0.038077
   3.760      0.037870
   3.763      0.037665
   3.767      0.037461
   3.771      0.037257
   3.775      0.037054
   3.779      0.036852
   3.783      0.036651
   3.787      0.036451
   3.791      0.036252
   3.795      0.036053
   3.799      0.035856
   3.802      0.035659
   3.806      0.035463
   3.810      0.035268
   3.814      0.035073
   3.818      0.034880
   3.822      0.034687
   3.826      0.034495
   3.830      0.034304
   3.834      0.034114
   3.838      0.033924
   3.841      0.033735
   3.845      0.033547
   3.849      0.033360
   3.853      0.033174
   3.857      0.032988
   3.861      0.032803
   3.865      0.032619
   3.869      0.032435
   3.873      0.032253
   3.877      0.032071
   3.880      0.031890
   3.884      0.031709
   3.888      0.031529
   3.892      0.031350
   3.896      0.031172
   3.900      0.030995
   3.904      0.030818
   3.908      0.030642
   3.912      0.030466
   3.916      0.030292
   3.919      0.030118
   3.923      0.029944
   3.927      0.029772
   3.931      0.029600
   3.935      0.029429
   3.939      0.029258
   3.943      0.029088
   3.947      0.028919
   3.951      0.028751
   3.955      0.028583
   3.958      0.028416
   3.962      0.028249
   3.966      0.028083
   3.970      0.027918
   3.974      0.027753
   3.978      0.027589
   3.982      0.027426
   3.986      0.027264
   3.990      0.027102
   3.994      0.026940
   3.997      0.026779
   4.001      0.026619
   4.005      0.026460
   4.009      0.026301
   4.013      0.026143
   4.017      0.025985
   4.021      0.025828
   4.025      0.025672
   4.029      0.025516
   4.033      0.025360
   4.036      0.025206
   4.040      0.025052
   4.044      0.024898
   4.048      0.024745
   4.052      0.024593
   4.056      0.024441
   4.060      0.024290
   4.064      0.024140
   4.068      0.023990
   4.072      0.023840
   4.075      0.023691
   4.079      0.023543
   4.083      0.023395
   4.087      0.023248
   4.091      0.023101
   4.095      0.022955
   4.099      0.022810
   4.103      0.022664
   4.107      0.022520
   4.111      0.022376
   4.114      0.022233
   4.118      0.022090
   4.122      0.021947
   4.126      0.021805
   4.130      0.021664
   4.134      0.021523
   4.138      0.021383
   4.142      0.021243
   4.146      0.021104
   4.150      0.020965
   4.153      0.020827
   4.157      0.020689
   4.161      0.020552
   4.165      0.020415
   4.169      0.020278
   4.173      0.020143
   4.177      0.020007
   4.181      0.019872
   4.185      0.019738
   4.189      0.019604
   4.192      0.019471
   4.196      0.019338
   4.200      0.019205
   4.204      0.019073
   4.208      0.018942
   4.212      0.018810
   4.216      0.018680
   4.220      0.018550
   4.224      0.018420
   4.228      0.018291
   4.231      0.018162
   4.235      0.018033
   4.239      0.017905
   4.243      0.017778
   4.247      0.017651
   4.251      0.017524
   4.255      0.017398
   4.259      0.017272
   4.263      0.017147
   4.267      0.017022
   4.270      0.016897
   4.274      0.016773
   4.278      0.016649
   4.282      0.016526
   4.286      0.016403
   4.290      0.016281
   4.294      0.016159
   4.298      0.016037
   4.302      0.015916
   4.306      0.015795
   4.309      0.015675
   4.313      0.015555
   4.317      0.015435
   4.321      0.015316
   4.325      0.015197
   4.329      0.015079
   4.333      0.014960
   4.337      0.014843
   4.341      0.014725
   4.345      0.014608
   4.348      0.014492
   4.352      0.014376
   4.356      0.014260
   4.360      0.014144
   4.364      0.014029
   4.368      0.013915
   4.372      0.013800
   4.376      0.013686
   4.380      0.013572
   4.384      0.013459
   4.387      0.013346
   4.391      0.013234
   4.395      0.013121
   4.399      0.013009
   4.403      0.012898
   4.407      0.012787
   4.411      0.012676
   4.415      0.012565
   4.419      0.012455
   4.423      0.012345
   4.426      0.012236
   4.430      0.012126
   4.434      0.012018
   4.438      0.011909
   4.442      0.011801
   4.446      0.011693
   4.450      0.011585
   4.454      0.011478
   4.458      0.011371
   4.462      0.011264
   4.465      0.011158
   4.469      0.011052
   4.473      0.010946
   4.477      0.010841
   4.481      0.010736
   4.485      0.010631
   4.489      0.010527
   4.493      0.010422
   4.497      0.010319
   4.501      0.010215
   4.504      0.010112
   4.508      0.010009
   4.512      0.009906
   4.516      0.009803
   4.520      0.009701
   4.524      0.009599
   4.528      0.009498
   4.532      0.009397
   4.536      0.009295
   4.540      0.009195
   4.543      0.009094
   4.547      0.008994
   4.551      0.008894
   4.555      0.008794
   4.559      0.008695
   4.563      0.008596
   4.567      0.008497
   4.571      0.008398
   4.575      0.008300
   4.579      0.008202
   4.582      0.008104
   4.586      0.008007
   4.590      0.007909
   4.594      0.007812
   4.598      0.007715
   4.602      0.007619
   4.606      0.007523
   4.610      0.007427
   4.614      0.007331
   4.618      0.007235
   4.621      0.007140
   4.625      0.007045
   4.629      0.006950
   4.633      0.006855
   4.637      0.006761
   4.641      0.006667
   4.645      0.006573
   4.649      0.006479
   4.653      0.006386
   4.657      0.006292
   4.660      0.006199
   4.664      0.006106
   4.668      0.006014
   4.672      0.005922
   4.676      0.005829
   4.680      0.005738
   4.684      0.005646
   4.688      0.005554
   4.692      0.005463
   4.696      0.005372
   4.699      0.005281
   4.703      0.005191
   4.707      0.005100
   4.711      0.005010
   4.715      0.004920
   4.719      0.004830
   4.723      0.004740
   4.727      0.004651
   4.731      0.004562
   4.735      0.004473
   4.738      0.004384
   4.742      0.004295
   4.746      0.004207
   4.750      0.004119
   4.754      0.004030
   4.758      0.003943
   4.762      0.003855
   4.766      0.003767
   4.770      0.003680
   4.774      0.003593
   4.777      0.003506
   4.781      0.003419
   4.785      0.003333
   4.789      0.003246
   4.793      0.003160
   4.797      0.003074
   4.801      0.002988
   4.805      0.002902
   4.809      0.002817
   4.813      0.002731
   4.816      0.002646
   4.820      0.002561
   4.824      0.002476
   4.828      0.002391
   4.832      0.002307
   4.836      0.002222
   4.840      0.002138
   4.844      0.002054
   4.848      0.001970
   4.852      0.001886
   4.855      0.001803
   4.859      0.001719
   4.863      0.001636
   4.867      0.001553
   4.871      0.001470
   4.875      0.001387
   4.879      0.001304
   4.883      0.001222
   4.887      0.001139
   4.891      0.001057
   4.894      0.000975
   4.898      0.000893
   4.902      0.000811
   4.906      0.000729
   4.910      0.000648
   4.914      0.000566
   4.918      0.000485
   4.922      0.000404
   4.926      0.000323
   4.930      0.000242
   4.933      0.000161
   4.937      0.000081
   4.941      0.000000
