   0.000     -0.000228
   0.004      0.000114
   0.008      0.000456
   0.012      0.001027
   0.016      0.001825
   0.019      0.002852
   0.023      0.004106
   0.027      0.005587
   0.031      0.007296
   0.035      0.009231
   0.039      0.011393
   0.043      0.013781
   0.047      0.016395
   0.051      0.019234
   0.055      0.022297
   0.059      0.025585
   0.062      0.029096
   0.066      0.032830
   0.070      0.036786
   0.074      0.040963
   0.078      0.045361
   0.082      0.049978
   0.086      0.054815
   0.090      0.059869
   0.094      0.065141
   0.098      0.070628
   0.101      0.076331
   0.105      0.082248
   0.109      0.088377
   0.113      0.094718
   0.117      0.101269
   0.121      0.108029
   0.125      0.114998
   0.129      0.122173
   0.133      0.129553
   0.136      0.137137
   0.140      0.144923
   0.144      0.152910
   0.148      0.161096
   0.152      0.169480
   0.156      0.178061
   0.160      0.186835
   0.164      0.195803
   0.168      0.204961
   0.172      0.214309
   0.175      0.223844
   0.179      0.233565
   0.183      0.243470
   0.187      0.253557
   0.191      0.263823
   0.195      0.274268
   0.199      0.284888
   0.203      0.295683
   0.207      0.306649
   0.211      0.317785
   0.214      0.329088
   0.218      0.340556
   0.222      0.352188
   0.226      0.363980
   0.230      0.375931
   0.234      0.388038
   0.238      0.400299
   0.242      0.412712
   0.246      0.425273
   0.250      0.437981
   0.253      0.450833
   0.257      0.463827
   0.261      0.476960
   0.265      0.490229
   0.269      0.503632
   0.273      0.517167
   0.277      0.530830
   0.281      0.544619
   0.285      0.558531
   0.289      0.572564
   0.292      0.586715
   0.296      0.600980
   0.300      0.615358
   0.304      0.629845
   0.308      0.644439
   0.312      0.659136
   0.316      0.673935
   0.320      0.688831
   0.324      0.703822
   0.328      0.718905
   0.331      0.734077
   0.335      0.749335
   0.339      0.764676
   0.343      0.780097
   0.347      0.795595
   0.351      0.811167
   0.355      0.826809
   0.359      0.842520
   0.363      0.858295
   0.367      0.874132
   0.371      0.890027
   0.374      0.905977
   0.378      0.921979
   0.382      0.938031
   0.386      0.954128
   0.390      0.970268
   0.394      0.986447
   0.398      1.002662
   0.402      1.018911
   0.406      1.035189
   0.410      1.051494
   0.413      1.067822
   0.417      1.084170
   0.421      1.100535
   0.425      1.116914
   0.429      1.133303
   0.433      1.149699
   0.437      1.166100
   0.441      1.182500
   0.445      1.198899
   0.449      1.215291
   0.452      1.231675
   0.456      1.248046
   0.460      1.264401
   0.464      1.280738
   0.468      1.297053
   0.472      1.313342
   0.476      1.329603
   0.480      1.345833
   0.484      1.362027
   0.488      1.378184
   0.491      1.394299
   0.495      1.410370
   0.499      1.426393
   0.503      1.442365
   0.507      1.458284
   0.511      1.474145
   0.515      1.489946
   0.519      1.505684
   0.523      1.521355
   0.527      1.536957
   0.530      1.552486
   0.534      1.567940
   0.538      1.583315
   0.542      1.598608
   0.546      1.613817
   0.550      1.628938
   0.554      1.643968
   0.558      1.658904
   0.562      1.673744
   0.566      1.688485
   0.569      1.703123
   0.573      1.717656
   0.577      1.732080
   0.581      1.746394
   0.585      1.760595
   0.589      1.774678
   0.593      1.788643
   0.597      1.802486
   0.601      1.816204
   0.605      1.829794
   0.608      1.843255
   0.612      1.856583
   0.616      1.869776
   0.620      1.882831
   0.624      1.895746
   0.628      1.908519
   0.632      1.921146
   0.636      1.933625
   0.640      1.945954
   0.644      1.958131
   0.647      1.970153
   0.651      1.982018
   0.655      1.993723
   0.659      2.005267
   0.663      2.016646
   0.667      2.027860
   0.671      2.038905
   0.675      2.049780
   0.679      2.060483
   0.683      2.071011
   0.686      2.081362
   0.690      2.091535
   0.694      2.101527
   0.698      2.111338
   0.702      2.120963
   0.706      2.130403
   0.710      2.139655
   0.714      2.148718
   0.718      2.157589
   0.722      2.166267
   0.725      2.174750
   0.729      2.183037
   0.733      2.191126
   0.737      2.199016
   0.741      2.206705
   0.745      2.214191
   0.749      2.221474
   0.753      2.228552
   0.757      2.235423
   0.761      2.242087
   0.764      2.248541
   0.768      2.254785
   0.772      2.260818
   0.776      2.266638
   0.780      2.272245
   0.784      2.277637
   0.788      2.282813
   0.792      2.287773
   0.796      2.292515
   0.800      2.297038
   0.803      2.301342
   0.807      2.305426
   0.811      2.309289
   0.815      2.312930
   0.819      2.316348
   0.823      2.319544
   0.827      2.322516
   0.831      2.325264
   0.835      2.327787
   0.839      2.330084
   0.842      2.332156
   0.846      2.334002
   0.850      2.335621
   0.854      2.337014
   0.858      2.338179
   0.862      2.339117
   0.866      2.339828
   0.870      2.340310
   0.874      2.340565
   0.878      2.340592
   0.881      2.340391
   0.885      2.339961
   0.889      2.339304
   0.893      2.338419
   0.897      2.337306
   0.901      2.335965
   0.905      2.334397
   0.909      2.332601
   0.913      2.330579
   0.917      2.328329
   0.920      2.325854
   0.924      2.323152
   0.928      2.320225
   0.932      2.317072
   0.936      2.313696
   0.940      2.310094
   0.944      2.306270
   0.948      2.302223
   0.952      2.297953
   0.956      2.293462
   0.959      2.288750
   0.963      2.283817
   0.967      2.278666
   0.971      2.273296
   0.975      2.267709
   0.979      2.261905
   0.983      2.255885
   0.987      2.249650
   0.991      2.243202
   0.995      2.236541
   0.998      2.229669
   1.002      2.222586
   1.006      2.215294
   1.010      2.207794
   1.014      2.200087
   1.018      2.192175
   1.022      2.184058
   1.026      2.175739
   1.030      2.167218
   1.034      2.158497
   1.037      2.149577
   1.041      2.140461
   1.045      2.131148
   1.049      2.121642
   1.053      2.111943
   1.057      2.102053
   1.061      2.091974
   1.065      2.081708
   1.069      2.071256
   1.073      2.060619
   1.076      2.049801
   1.080      2.038802
   1.084      2.027624
   1.088      2.016270
   1.092      2.004741
   1.096      1.993038
   1.100      1.981166
   1.104      1.969124
   1.108      1.956915
   1.112      1.944541
   1.115      1.932005
   1.119      1.919308
   1.123      1.906452
   1.127      1.893440
   1.131      1.880274
   1.135      1.866956
   1.139      1.853488
   1.143      1.839873
   1.147      1.826113
   1.151      1.812210
   1.154      1.798166
   1.158      1.783984
   1.162      1.769667
   1.166      1.755216
   1.170      1.740634
   1.174      1.725924
   1.178      1.711088
   1.182      1.696128
   1.186      1.681048
   1.190      1.665848
   1.193      1.650533
   1.197      1.635105
   1.201      1.619566
   1.205      1.603919
   1.209      1.588166
   1.213      1.572310
   1.217      1.556354
   1.221      1.540300
   1.225      1.524151
   1.229      1.507910
   1.232      1.491580
   1.236      1.475162
   1.240      1.458660
   1.244      1.442077
   1.248      1.425415
   1.252      1.408677
   1.256      1.391865
   1.260      1.374983
   1.264      1.358033
   1.268      1.341018
   1.271      1.323941
   1.275      1.306804
   1.279      1.289610
   1.283      1.272362
   1.287      1.255063
   1.291      1.237716
   1.295      1.220323
   1.299      1.202887
   1.303      1.185410
   1.307      1.167896
   1.310      1.150348
   1.314      1.132767
   1.318      1.115157
   1.322      1.097521
   1.326      1.079861
   1.330      1.062180
   1.334      1.044481
   1.338      1.026766
   1.342      1.009038
   1.346      0.991300
   1.349      0.973555
   1.353      0.955804
   1.357      0.938052
   1.361      0.920299
   1.365      0.902550
   1.369      0.884807
   1.373      0.867071
   1.377      0.849347
   1.381      0.831635
   1.385      0.813940
   1.388      0.796263
   1.392      0.778607
   1.396      0.760975
   1.400      0.743368
   1.404      0.725790
   1.408      0.708243
   1.412      0.690729
   1.416      0.673250
   1.420      0.655809
   1.424      0.638409
   1.427      0.621051
   1.431      0.603738
   1.435      0.586472
   1.439      0.569255
   1.443      0.552090
   1.447      0.534979
   1.451      0.517923
   1.455      0.500926
   1.459      0.483989
   1.463      0.467114
   1.466      0.450304
   1.470      0.433559
   1.474      0.416883
   1.478      0.400278
   1.482      0.383744
   1.486      0.367285
   1.490      0.350901
   1.494      0.334596
   1.498      0.318370
   1.502      0.302225
   1.505      0.286164
   1.509      0.270187
   1.513      0.254297
   1.517      0.238495
   1.521      0.222783
   1.525      0.207162
   1.529      0.191634
   1.533      0.176200
   1.537      0.160863
   1.541      0.145623
   1.544      0.130482
   1.548      0.115440
   1.552      0.100501
   1.556      0.085664
   1.560      0.070931
   1.564      0.056304
   1.568      0.041783
   1.572      0.027371
   1.576      0.013067
   1.580     -0.001127
   1.583     -0.015210
   1.587     -0.029181
   1.591     -0.043038
   1.595     -0.056782
   1.599     -0.070410
   1.603     -0.083922
   1.607     -0.097317
   1.611     -0.110595
   1.615     -0.123754
   1.619     -0.136794
   1.622     -0.149714
   1.626     -0.162513
   1.630     -0.175190
   1.634     -0.187746
   1.638     -0.200179
   1.642     -0.212488
   1.646     -0.224674
   1.650     -0.236735
   1.654     -0.248672
   1.658     -0.260483
   1.661     -0.272169
   1.665     -0.283728
   1.669     -0.295161
   1.673     -0.306468
   1.677     -0.317647
   1.681     -0.328699
   1.685     -0.339623
   1.689     -0.350419
   1.693     -0.361088
   1.697     -0.371628
   1.700     -0.382040
   1.704     -0.392324
   1.708     -0.402480
   1.712     -0.412507
   1.716     -0.422405
   1.720     -0.432175
   1.724     -0.441817
   1.728     -0.451330
   1.732     -0.460715
   1.736     -0.469972
   1.739     -0.479100
   1.743     -0.488101
   1.747     -0.496975
   1.751     -0.505721
   1.755     -0.514339
   1.759     -0.522831
   1.763     -0.531196
   1.767     -0.539435
   1.771     -0.547548
   1.775     -0.555535
   1.778     -0.563397
   1.782     -0.571133
   1.786     -0.578746
   1.790     -0.586234
   1.794     -0.593599
   1.798     -0.600840
   1.802     -0.607959
   1.806     -0.614955
   1.810     -0.621830
   1.814     -0.628584
   1.817     -0.635218
   1.821     -0.641731
   1.825     -0.648125
   1.829     -0.654400
   1.833     -0.660557
   1.837     -0.666597
   1.841     -0.672519
   1.845     -0.678326
   1.849     -0.684017
   1.853     -0.689593
   1.856     -0.695055
   1.860     -0.700404
   1.864     -0.705640
   1.868     -0.710764
   1.872     -0.715777
   1.876     -0.720679
   1.880     -0.725472
   1.884     -0.730156
   1.888     -0.734732
   1.892     -0.739200
   1.895     -0.743563
   1.899     -0.747819
   1.903     -0.751971
   1.907     -0.756019
   1.911     -0.759964
   1.915     -0.763806
   1.919     -0.767547
   1.923     -0.771188
   1.927     -0.774729
   1.931     -0.778171
   1.934     -0.781516
   1.938     -0.784763
   1.942     -0.787915
   1.946     -0.790971
   1.950     -0.793933
   1.954     -0.796801
   1.958     -0.799577
   1.962     -0.802262
   1.966     -0.804856
   1.970     -0.807360
   1.973     -0.809776
   1.977     -0.812103
   1.981     -0.814344
   1.985     -0.816499
   1.989     -0.818569
   1.993     -0.820554
   1.997     -0.822457
   2.001     -0.824277
   2.005     -0.826016
   2.009     -0.827674
   2.012     -0.829253
   2.016     -0.830754
   2.020     -0.832177
   2.024     -0.833523
   2.028     -0.834794
   2.032     -0.835989
   2.036     -0.837111
   2.040     -0.838160
   2.044     -0.839137
   2.048     -0.840043
   2.051     -0.840879
   2.055     -0.841646
   2.059     -0.842344
   2.063     -0.842975
   2.067     -0.843539
   2.071     -0.844038
   2.075     -0.844472
   2.079     -0.844842
   2.083     -0.845150
   2.087     -0.845395
   2.090     -0.845579
   2.094     -0.845703
   2.098     -0.845768
   2.102     -0.845774
   2.106     -0.845723
   2.110     -0.845614
   2.114     -0.845450
   2.118     -0.845231
   2.122     -0.844958
   2.125     -0.844631
   2.129     -0.844252
   2.133     -0.843822
   2.137     -0.843340
   2.141     -0.842809
   2.145     -0.842228
   2.149     -0.841599
   2.153     -0.840922
   2.157     -0.840199
   2.161     -0.839429
   2.164     -0.838615
   2.168     -0.837756
   2.172     -0.836853
   2.176     -0.835908
   2.180     -0.834921
   2.184     -0.833892
   2.188     -0.832822
   2.192     -0.831713
   2.196     -0.830565
   2.200     -0.829378
   2.203     -0.828154
   2.207     -0.826893
   2.211     -0.825596
   2.215     -0.824263
   2.219     -0.822895
   2.223     -0.821494
   2.227     -0.820059
   2.231     -0.818591
   2.235     -0.817091
   2.239     -0.815560
   2.242     -0.813998
   2.246     -0.812406
   2.250     -0.810784
   2.254     -0.809134
   2.258     -0.807456
   2.262     -0.805750
   2.266     -0.804017
   2.270     -0.802258
   2.274     -0.800473
   2.278     -0.798663
   2.281     -0.796829
   2.285     -0.794971
   2.289     -0.793089
   2.293     -0.791185
   2.297     -0.789258
   2.301     -0.787310
   2.305     -0.785341
   2.309     -0.783351
   2.313     -0.781341
   2.317     -0.779312
   2.320     -0.777264
   2.324     -0.775197
   2.328     -0.773113
   2.332     -0.771011
   2.336     -0.768892
   2.340     -0.766757
   2.344     -0.764606
   2.348     -0.762439
   2.352     -0.760258
   2.356     -0.758062
   2.359     -0.755852
   2.363     -0.753629
   2.367     -0.751392
   2.371     -0.749143
   2.375     -0.746881
   2.379     -0.744608
   2.383     -0.742323
   2.387     -0.740027
   2.391     -0.737721
   2.395     -0.735405
   2.398     -0.733079
   2.402     -0.730743
   2.406     -0.728399
   2.410     -0.726046
   2.414     -0.723685
   2.418     -0.721316
   2.422     -0.718939
   2.426     -0.716556
   2.430     -0.714166
   2.434     -0.711769
   2.437     -0.709366
   2.441     -0.706958
   2.445     -0.704544
   2.449     -0.702125
   2.453     -0.699702
   2.457     -0.697274
   2.461     -0.694842
   2.465     -0.692406
   2.469     -0.689967
   2.473     -0.687525
   2.476     -0.685079
   2.480     -0.682632
   2.484     -0.680181
   2.488     -0.677729
   2.492     -0.675275
   2.496     -0.672819
   2.500     -0.670363
   2.504     -0.667905
   2.508     -0.665446
   2.512     -0.662987
   2.515     -0.660528
   2.519     -0.658068
   2.523     -0.655609
   2.527     -0.653150
   2.531     -0.650692
   2.535     -0.648235
   2.539     -0.645778
   2.543     -0.643323
   2.547     -0.640870
   2.551     -0.638418
   2.554     -0.635968
   2.558     -0.633520
   2.562     -0.631074
   2.566     -0.628631
   2.570     -0.626190
   2.574     -0.623752
   2.578     -0.621317
   2.582     -0.618885
   2.586     -0.616457
   2.590     -0.614031
   2.593     -0.611610
   2.597     -0.609192
   2.601     -0.606777
   2.605     -0.604367
   2.609     -0.601961
   2.613     -0.599559
   2.617     -0.597162
   2.621     -0.594769
   2.625     -0.592380
   2.629     -0.589997
   2.632     -0.587618
   2.636     -0.585244
   2.640     -0.582875
   2.644     -0.580512
   2.648     -0.578154
   2.652     -0.575801
   2.656     -0.573453
   2.660     -0.571111
   2.664     -0.568775
   2.668     -0.566445
   2.671     -0.564120
   2.675     -0.561802
   2.679     -0.559489
   2.683     -0.557182
   2.687     -0.554882
   2.691     -0.552588
   2.695     -0.550300
   2.699     -0.548018
   2.703     -0.545743
   2.707     -0.543474
   2.710     -0.541212
   2.714     -0.538956
   2.718     -0.536707
   2.722     -0.534465
   2.726     -0.532230
   2.730     -0.530001
   2.734     -0.527779
   2.738     -0.525564
   2.742     -0.523356
   2.746     -0.521155
   2.749     -0.518961
   2.753     -0.516774
   2.757     -0.514594
   2.761     -0.512422
   2.765     -0.510256
   2.769     -0.508098
   2.773     -0.505946
   2.777     -0.503802
   2.781     -0.501666
   2.785     -0.499536
   2.788     -0.497414
   2.792     -0.495299
   2.796     -0.493192
   2.800     -0.491092
   2.804     -0.488999
   2.808     -0.486914
   2.812     -0.484836
   2.816     -0.482766
   2.820     -0.480703
   2.824     -0.478647
   2.827     -0.476599
   2.831     -0.474558
   2.835     -0.472525
   2.839     -0.470499
   2.843     -0.468481
   2.847     -0.466470
   2.851     -0.464467
   2.855     -0.462471
   2.859     -0.460483
   2.863     -0.458502
   2.866     -0.456529
   2.870     -0.454563
   2.874     -0.452604
   2.878     -0.450654
   2.882     -0.448710
   2.886     -0.446774
   2.890     -0.444846
   2.894     -0.442925
   2.898     -0.441011
   2.902     -0.439105
   2.905     -0.437206
   2.909     -0.435315
   2.913     -0.433431
   2.917     -0.431554
   2.921     -0.429685
   2.925     -0.427823
   2.929     -0.425969
   2.933     -0.424121
   2.937     -0.422282
   2.941     -0.420449
   2.944     -0.418624
   2.948     -0.416806
   2.952     -0.414995
   2.956     -0.413192
   2.960     -0.411396
   2.964     -0.409607
   2.968     -0.407825
   2.972     -0.406050
   2.976     -0.404283
   2.980     -0.402522
   2.983     -0.400769
   2.987     -0.399023
   2.991     -0.397284
   2.995     -0.395552
   2.999     -0.393827
   3.003     -0.392109
   3.007     -0.390398
   3.011     -0.388694
   3.015     -0.386997
   3.019     -0.385307
   3.022     -0.383624
   3.026     -0.381948
   3.030     -0.380278
   3.034     -0.378616
   3.038     -0.376960
   3.042     -0.375311
   3.046     -0.373669
   3.050     -0.372033
   3.054     -0.370404
   3.058     -0.368782
   3.061     -0.367167
   3.065     -0.365558
   3.069     -0.363956
   3.073     -0.362360
   3.077     -0.360771
   3.081     -0.359189
   3.085     -0.357613
   3.089     -0.356044
   3.093     -0.354481
   3.097     -0.352924
   3.100     -0.351374
   3.104     -0.349830
   3.108     -0.348293
   3.112     -0.346762
   3.116     -0.345238
   3.120     -0.343719
   3.124     -0.342207
   3.128     -0.340701
   3.132     -0.339202
   3.136     -0.337708
   3.139     -0.336221
   3.143     -0.334740
   3.147     -0.333265
   3.151     -0.331796
   3.155     -0.330333
   3.159     -0.328876
   3.163     -0.327425
   3.167     -0.325981
   3.171     -0.324542
   3.175     -0.323109
   3.178     -0.321682
   3.182     -0.320261
   3.186     -0.318845
   3.190     -0.317436
   3.194     -0.316032
   3.198     -0.314634
   3.202     -0.313242
   3.206     -0.311856
   3.210     -0.310475
   3.214     -0.309100
   3.217     -0.307731
   3.221     -0.306367
   3.225     -0.305009
   3.229     -0.303656
   3.233     -0.302309
   3.237     -0.300968
   3.241     -0.299632
   3.245     -0.298301
   3.249     -0.296976
   3.253     -0.295656
   3.256     -0.294342
   3.260     -0.293033
   3.264     -0.291730
   3.268     -0.290431
   3.272     -0.289139
   3.276     -0.287851
   3.280     -0.286569
   3.284     -0.285291
   3.288     -0.284020
   3.292     -0.282753
   3.295     -0.281491
   3.299     -0.280235
   3.303     -0.278983
   3.307     -0.277737
   3.311     -0.276496
   3.315     -0.275260
   3.319     -0.274029
   3.323     -0.272802
   3.327     -0.271581
   3.331     -0.270365
   3.334     -0.269154
   3.338     -0.267947
   3.342     -0.266746
   3.346     -0.265549
   3.350     -0.264357
   3.354     -0.263170
   3.358     -0.261988
   3.362     -0.260810
   3.366     -0.259637
   3.370     -0.258469
   3.373     -0.257306
   3.377     -0.256147
   3.381     -0.254993
   3.385     -0.253844
   3.389     -0.252699
   3.393     -0.251559
   3.397     -0.250423
   3.401     -0.249292
   3.405     -0.248165
   3.409     -0.247043
   3.412     -0.245926
   3.416     -0.244812
   3.420     -0.243704
   3.424     -0.242599
   3.428     -0.241499
   3.432     -0.240404
   3.436     -0.239312
   3.440     -0.238226
   3.444     -0.237143
   3.448     -0.236065
   3.451     -0.234991
   3.455     -0.233921
   3.459     -0.232855
   3.463     -0.231794
   3.467     -0.230737
   3.471     -0.229684
   3.475     -0.228635
   3.479     -0.227590
   3.483     -0.226549
   3.487     -0.225513
   3.490     -0.224480
   3.494     -0.223452
   3.498     -0.222428
   3.502     -0.221407
   3.506     -0.220391
   3.510     -0.219379
   3.514     -0.218370
   3.518     -0.217366
   3.522     -0.216365
   3.526     -0.215368
   3.529     -0.214375
   3.533     -0.213386
   3.537     -0.212401
   3.541     -0.211420
   3.545     -0.210443
   3.549     -0.209469
   3.553     -0.208499
   3.557     -0.207533
   3.561     -0.206570
   3.565     -0.205612
   3.568     -0.204657
   3.572     -0.203705
   3.576     -0.202757
   3.580     -0.201813
   3.584     -0.200873
   3.588     -0.199936
   3.592     -0.199003
   3.596     -0.198073
   3.600     -0.197147
   3.604     -0.196225
   3.607     -0.195306
   3.611     -0.194390
   3.615     -0.193478
   3.619     -0.192570
   3.623     -0.191665
   3.627     -0.190763
   3.631     -0.189865
   3.635     -0.188970
   3.639     -0.188079
   3.643     -0.187191
   3.646     -0.186306
   3.650     -0.185425
   3.654     -0.184547
   3.658     -0.183672
   3.662     -0.182801
   3.666     -0.181933
   3.670     -0.181068
   3.674     -0.180206
   3.678     -0.179348
   3.682     -0.178493
   3.685     -0.177641
   3.689     -0.176792
   3.693     -0.175947
   3.697     -0.175104
   3.701     -0.174265
   3.705     -0.173429
   3.709     -0.172596
   3.713     -0.171766
   3.717     -0.170939
   3.721     -0.170116
   3.724     -0.169295
   3.728     -0.168477
   3.732     -0.167663
   3.736     -0.166851
   3.740     -0.166043
   3.744     -0.165237
   3.748     -0.164434
   3.752     -0.163635
   3.756     -0.162838
   3.760     -0.162044
   3.763     -0.161253
   3.767     -0.160465
   3.771     -0.159680
   3.775     -0.158898
   3.779     -0.158119
   3.783     -0.157342
   3.787     -0.156569
   3.791     -0.155798
   3.795     -0.155030
   3.799     -0.154264
   3.802     -0.153502
   3.806     -0.152742
   3.810     -0.151985
   3.814     -0.151231
   3.818     -0.150480
   3.822     -0.149731
   3.826     -0.148985
   3.830     -0.148241
   3.834     -0.147501
   3.838     -0.146763
   3.841     -0.146027
   3.845     -0.145295
   3.849     -0.144565
   3.853     -0.143837
   3.857     -0.143112
   3.861     -0.142390
   3.865     -0.141670
   3.869     -0.140953
   3.873     -0.140238
   3.877     -0.139526
   3.880     -0.138817
   3.884     -0.138110
   3.888     -0.137405
   3.892     -0.136703
   3.896     -0.136004
   3.900     -0.135307
   3.904     -0.134612
   3.908     -0.133920
   3.912     -0.133230
   3.916     -0.132543
   3.919     -0.131858
   3.923     -0.131175
   3.927     -0.130495
   3.931     -0.129818
   3.935     -0.129142
   3.939     -0.128469
   3.943     -0.127799
   3.947     -0.127130
   3.951     -0.126464
   3.955     -0.125801
   3.958     -0.125139
   3.962     -0.124480
   3.966     -0.123823
   3.970     -0.123169
   3.974     -0.122516
   3.978     -0.121866
   3.982     -0.121219
   3.986     -0.120573
   3.990     -0.119930
   3.994     -0.119288
   3.997     -0.118649
   4.001     -0.118013
   4.005     -0.117378
   4.009     -0.116746
   4.013     -0.116115
   4.017     -0.115487
   4.021     -0.114861
   4.025     -0.114237
   4.029     -0.113615
   4.033     -0.112996
   4.036     -0.112378
   4.040     -0.111763
   4.044     -0.111149
   4.048     -0.110538
   4.052     -0.109929
   4.056     -0.109321
   4.060     -0.108716
   4.064     -0.108113
   4.068     -0.107512
   4.072     -0.106912
   4.075     -0.106315
   4.079     -0.105720
   4.083     -0.105127
   4.087     -0.104535
   4.091     -0.103946
   4.095     -0.103359
   4.099     -0.102773
   4.103     -0.102190
   4.107     -0.101608
   4.111     -0.101028
   4.114     -0.100451
   4.118     -0.099875
   4.122     -0.099301
   4.126     -0.098729
   4.130     -0.098158
   4.134     -0.097590
   4.138     -0.097023
   4.142     -0.096459
   4.146     -0.095896
   4.150     -0.095335
   4.153     -0.094776
   4.157     -0.094218
   4.161     -0.093662
   4.165     -0.093109
   4.169     -0.092556
   4.173     -0.092006
   4.177     -0.091458
   4.181     -0.090911
   4.185     -0.090366
   4.189     -0.089822
   4.192     -0.089281
   4.196     -0.088741
   4.200     -0.088203
   4.204     -0.087666
   4.208     -0.087132
   4.212     -0.086599
   4.216     -0.086067
   4.220     -0.085537
   4.224     -0.085009
   4.228     -0.084483
   4.231     -0.083958
   4.235     -0.083435
   4.239     -0.082914
   4.243     -0.082394
   4.247     -0.081875
   4.251     -0.081359
   4.255     -0.080844
   4.259     -0.080330
   4.263     -0.079818
   4.267     -0.079308
   4.270     -0.078799
   4.274     -0.078292
   4.278     -0.077787
   4.282     -0.077283
   4.286     -0.076780
   4.290     -0.076279
   4.294     -0.075780
   4.298     -0.075282
   4.302     -0.074785
   4.306     -0.074290
   4.309     -0.073797
   4.313     -0.073305
   4.317     -0.072814
   4.321     -0.072325
   4.325     -0.071838
   4.329     -0.071352
   4.333     -0.070867
   4.337     -0.070384
   4.341     -0.069902
   4.345     -0.069422
   4.348     -0.068943
   4.352     -0.068465
   4.356     -0.067989
   4.360     -0.067514
   4.364     -0.067041
   4.368     -0.066569
   4.372     -0.066099
   4.376     -0.065629
   4.380     -0.065162
   4.384     -0.064695
   4.387     -0.064230
   4.391     -0.063766
   4.395     -0.063304
   4.399     -0.062843
   4.403     -0.062383
   4.407     -0.061925
   4.411     -0.061468
   4.415     -0.061012
   4.419     -0.060557
   4.423     -0.060104
   4.426     -0.059652
   4.430     -0.059202
   4.434     -0.058752
   4.438     -0.058304
   4.442     -0.057857
   4.446     -0.057412
   4.450     -0.056967
   4.454     -0.056524
   4.458     -0.056082
   4.462     -0.055642
   4.465     -0.055202
   4.469     -0.054764
   4.473     -0.054327
   4.477     -0.053891
   4.481     -0.053457
   4.485     -0.053023
   4.489     -0.052591
   4.493     -0.052160
   4.497     -0.051730
   4.501     -0.051302
   4.504     -0.050874
   4.508     -0.050448
   4.512     -0.050023
   4.516     -0.049598
   4.520     -0.049176
   4.524     -0.048754
   4.528     -0.048333
   4.532     -0.047914
   4.536     -0.047495
   4.540     -0.047078
   4.543     -0.046662
   4.547     -0.046246
   4.551     -0.045832
   4.555     -0.045419
   4.559     -0.045008
   4.563     -0.044597
   4.567     -0.044187
   4.571     -0.043778
   4.575     -0.043371
   4.579     -0.042964
   4.582     -0.042559
   4.586     -0.042154
   4.590     -0.041751
   4.594     -0.041348
   4.598     -0.040947
   4.602     -0.040547
   4.606     -0.040147
   4.610     -0.039749
   4.614     -0.039352
   4.618     -0.038955
   4.621     -0.038560
   4.625     -0.038165
   4.629     -0.037772
   4.633     -0.037380
   4.637     -0.036988
   4.641     -0.036598
   4.645     -0.036208
   4.649     -0.035820
   4.653     -0.035432
   4.657     -0.035045
   4.660     -0.034660
   4.664     -0.034275
   4.668     -0.033891
   4.672     -0.033508
   4.676     -0.033126
   4.680     -0.032745
   4.684     -0.032365
   4.688     -0.031985
   4.692     -0.031607
   4.696     -0.031229
   4.699     -0.030853
   4.703     -0.030477
   4.707     -0.030102
   4.711     -0.029728
   4.715     -0.029355
   4.719     -0.028983
   4.723     -0.028611
   4.727     -0.028241
   4.731     -0.027871
   4.735     -0.027502
   4.738     -0.027134
   4.742     -0.026767
   4.746     -0.026400
   4.750     -0.026035
   4.754     -0.025670
   4.758     -0.025306
   4.762     -0.024943
   4.766     -0.024581
   4.770     -0.024219
   4.774     -0.023859
   4.777     -0.023499
   4.781     -0.023140
   4.785     -0.022781
   4.789     -0.022424
   4.793     -0.022067
   4.797     -0.021711
   4.801     -0.021355
   4.805     -0.021001
   4.809     -0.020647
   4.813     -0.020294
   4.816     -0.019942
   4.820     -0.019590
   4.824     -0.019239
   4.828     -0.018889
   4.832     -0.018540
   4.836     -0.018191
   4.840     -0.017844
   4.844     -0.017496
   4.848     -0.017150
   4.852     -0.016804
   4.855     -0.016459
   4.859     -0.016115
   4.863     -0.015771
   4.867     -0.015428
   4.871     -0.015085
   4.875     -0.014744
   4.879     -0.014403
   4.883     -0.014062
   4.887     -0.013723
   4.891     -0.013384
   4.894     -0.013045
   4.898     -0.012708
   4.902     -0.012371
   4.906     -0.012034
   4.910     -0.011698
   4.914     -0.011363
   4.918     -0.011029
   4.922     -0.010695
   4.926     -0.010362
   4.930     -0.010029
   4.933     -0.009697
   4.937     -0.009366
   4.941     -0.009035
   4.945     -0.008704
   4.949     -0.008375
   4.953     -0.008046
   4.957     -0.007717
   4.961     -0.007389
   4.965     -0.007062
   4.969     -0.006735
   4.972     -0.006409
   4.976     -0.006084
   4.980     -0.005759
   4.984     -0.005434
   4.988     -0.005110
   4.992     -0.004787
   4.996     -0.004464
   5.000     -0.004142
   5.004     -0.003820
   5.008     -0.003499
   5.011     -0.003178
   5.015     -0.002858
   5.019     -0.002539
   5.023     -0.002219
   5.027     -0.001901
   5.031     -0.001583
   5.035     -0.001265
   5.039     -0.000948
   5.043     -0.000632
   5.047     -0.000316
   5.050      0.000000
