   0.000      2.501957
   0.003      2.502101
   0.005      2.502245
   0.008      2.502454
   0.011      2.502711
   0.014      2.503020
   0.016      2.503392
   0.019      2.503834
   0.022      2.504348
   0.025      2.504931
   0.027      2.505583
   0.030      2.506302
   0.033      2.507091
   0.036      2.507948
   0.038      2.508876
   0.041      2.509873
   0.044      2.510940
   0.046      2.512077
   0.049      2.513286
   0.052      2.514564
   0.055      2.515914
   0.057      2.517334
   0.060      2.518826
   0.063      2.520389
   0.066      2.522024
   0.068      2.523730
   0.071      2.525507
   0.074      2.527357
   0.077      2.529278
   0.079      2.531272
   0.082      2.533338
   0.085      2.535476
   0.087      2.537686
   0.090      2.539969
   0.093      2.542324
   0.096      2.544752
   0.098      2.547252
   0.101      2.549825
   0.104      2.552471
   0.107      2.555189
   0.109      2.557980
   0.112      2.560844
   0.115      2.563781
   0.118      2.566790
   0.120      2.569872
   0.123      2.573027
   0.126      2.576254
   0.128      2.579554
   0.131      2.582926
   0.134      2.586371
   0.137      2.589889
   0.139      2.593478
   0.142      2.597140
   0.145      2.600874
   0.148      2.604679
   0.150      2.608557
   0.153      2.612506
   0.156      2.616526
   0.159      2.620617
   0.161      2.624780
   0.164      2.629013
   0.167      2.633317
   0.169      2.637691
   0.172      2.642135
   0.175      2.646649
   0.178      2.651232
   0.180      2.655884
   0.183      2.660605
   0.186      2.665394
   0.189      2.670251
   0.191      2.675176
   0.194      2.680168
   0.197      2.685227
   0.200      2.690352
   0.202      2.695542
   0.205      2.700798
   0.208      2.706119
   0.210      2.711504
   0.213      2.716953
   0.216      2.722464
   0.219      2.728038
   0.221      2.733674
   0.224      2.739371
   0.227      2.745129
   0.230      2.750946
   0.232      2.756823
   0.235      2.762758
   0.238      2.768750
   0.241      2.774799
   0.243      2.780904
   0.246      2.787064
   0.249      2.793279
   0.251      2.799547
   0.254      2.805867
   0.257      2.812238
   0.260      2.818660
   0.262      2.825132
   0.265      2.831652
   0.268      2.838219
   0.271      2.844833
   0.273      2.851491
   0.276      2.858194
   0.279      2.864940
   0.282      2.871727
   0.284      2.878555
   0.287      2.885422
   0.290      2.892327
   0.292      2.899269
   0.295      2.906246
   0.298      2.913257
   0.301      2.920300
   0.303      2.927374
   0.306      2.934479
   0.309      2.941611
   0.312      2.948770
   0.314      2.955954
   0.317      2.963162
   0.320      2.970392
   0.323      2.977642
   0.325      2.984911
   0.328      2.992197
   0.331      2.999499
   0.333      3.006814
   0.336      3.014142
   0.339      3.021479
   0.342      3.028825
   0.344      3.036178
   0.347      3.043535
   0.350      3.050895
   0.353      3.058257
   0.355      3.065617
   0.358      3.072975
   0.361      3.080328
   0.364      3.087674
   0.366      3.095011
   0.369      3.102338
   0.372      3.109653
   0.374      3.116952
   0.377      3.124235
   0.380      3.131499
   0.383      3.138742
   0.385      3.145962
   0.388      3.153157
   0.391      3.160325
   0.394      3.167463
   0.396      3.174570
   0.399      3.181643
   0.402      3.188681
   0.405      3.195680
   0.407      3.202640
   0.410      3.209557
   0.413      3.216429
   0.415      3.223255
   0.418      3.230032
   0.421      3.236758
   0.424      3.243430
   0.426      3.250047
   0.429      3.256607
   0.432      3.263106
   0.435      3.269543
   0.437      3.275916
   0.440      3.282223
   0.443      3.288461
   0.446      3.294628
   0.448      3.300722
   0.451      3.306741
   0.454      3.312682
   0.456      3.318544
   0.459      3.324325
   0.462      3.330021
   0.465      3.335632
   0.467      3.341155
   0.470      3.346587
   0.473      3.351928
   0.476      3.357174
   0.478      3.362325
   0.481      3.367377
   0.484      3.372329
   0.487      3.377179
   0.489      3.381925
   0.492      3.386566
   0.495      3.391098
   0.497      3.395522
   0.500      3.399833
   0.503      3.404032
   0.506      3.408116
   0.508      3.412083
   0.511      3.415933
   0.514      3.419662
   0.517      3.423271
   0.519      3.426756
   0.522      3.430118
   0.525      3.433353
   0.528      3.436462
   0.530      3.439442
   0.533      3.442292
   0.536      3.445012
   0.538      3.447599
   0.541      3.450053
   0.544      3.452372
   0.547      3.454557
   0.549      3.456605
   0.552      3.458515
   0.555      3.460288
   0.558      3.461921
   0.560      3.463415
   0.563      3.464769
   0.566      3.465981
   0.569      3.467052
   0.571      3.467981
   0.574      3.468767
   0.577      3.469410
   0.579      3.469910
   0.582      3.470266
   0.585      3.470479
   0.588      3.470547
   0.590      3.470471
   0.593      3.470251
   0.596      3.469887
   0.599      3.469379
   0.601      3.468727
   0.604      3.467931
   0.607      3.466991
   0.610      3.465908
   0.612      3.464683
   0.615      3.463314
   0.618      3.461804
   0.620      3.460152
   0.623      3.458359
   0.626      3.456426
   0.629      3.454353
   0.631      3.452141
   0.634      3.449791
   0.637      3.447303
   0.640      3.444679
   0.642      3.441919
   0.645      3.439025
   0.648      3.435996
   0.651      3.432835
   0.653      3.429543
   0.656      3.426120
   0.659      3.422567
   0.661      3.418887
   0.664      3.415080
   0.667      3.411147
   0.670      3.407089
   0.672      3.402909
   0.675      3.398607
   0.678      3.394185
   0.681      3.389643
   0.683      3.384985
   0.686      3.380210
   0.689      3.375322
   0.692      3.370320
   0.694      3.365207
   0.697      3.359984
   0.700      3.354653
   0.702      3.349215
   0.705      3.343672
   0.708      3.338026
   0.711      3.332278
   0.713      3.326430
   0.716      3.320483
   0.719      3.314440
   0.722      3.308301
   0.724      3.302069
   0.727      3.295746
   0.730      3.289332
   0.733      3.282830
   0.735      3.276241
   0.738      3.269567
   0.741      3.262810
   0.743      3.255972
   0.746      3.249053
   0.749      3.242057
   0.752      3.234984
   0.754      3.227836
   0.757      3.220615
   0.760      3.213322
   0.763      3.205960
   0.765      3.198529
   0.768      3.191032
   0.771      3.183470
   0.774      3.175844
   0.776      3.168157
   0.779      3.160410
   0.782      3.152604
   0.784      3.144741
   0.787      3.136823
   0.790      3.128851
   0.793      3.120826
   0.795      3.112750
   0.798      3.104625
   0.801      3.096453
   0.804      3.088233
   0.806      3.079969
   0.809      3.071660
   0.812      3.063310
   0.815      3.054918
   0.817      3.046487
   0.820      3.038018
   0.823      3.029512
   0.825      3.020970
   0.828      3.012394
   0.831      3.003785
   0.834      2.995144
   0.836      2.986472
   0.839      2.977771
   0.842      2.969042
   0.845      2.960286
   0.847      2.951504
   0.850      2.942697
   0.853      2.933866
   0.856      2.925012
   0.858      2.916137
   0.861      2.907242
   0.864      2.898327
   0.866      2.889393
   0.869      2.880442
   0.872      2.871474
   0.875      2.862491
   0.877      2.853493
   0.880      2.844481
   0.883      2.835457
   0.886      2.826420
   0.888      2.817372
   0.891      2.808314
   0.894      2.799247
   0.897      2.790171
   0.899      2.781087
   0.902      2.771996
   0.905      2.762898
   0.907      2.753795
   0.910      2.744687
   0.913      2.735575
   0.916      2.726460
   0.918      2.717342
   0.921      2.708221
   0.924      2.699099
   0.927      2.689977
   0.929      2.680854
   0.932      2.671732
   0.935      2.662611
   0.938      2.653491
   0.940      2.644373
   0.943      2.635259
   0.946      2.626147
   0.948      2.617040
   0.951      2.607937
   0.954      2.598839
   0.957      2.589746
   0.959      2.580659
   0.962      2.571579
   0.965      2.562505
   0.968      2.553439
   0.970      2.544380
   0.973      2.535330
   0.976      2.526288
   0.979      2.517256
   0.981      2.508232
   0.984      2.499219
   0.987      2.490216
   0.989      2.481224
   0.992      2.472243
   0.995      2.463273
   0.998      2.454315
   1.000      2.445369
   1.003      2.436436
   1.006      2.427515
   1.009      2.418608
   1.011      2.409714
   1.014      2.400833
   1.017      2.391967
   1.020      2.383116
   1.022      2.374279
   1.025      2.365457
   1.028      2.356650
   1.030      2.347859
   1.033      2.339083
   1.036      2.330324
   1.039      2.321581
   1.041      2.312854
   1.044      2.304145
   1.047      2.295452
   1.050      2.286777
   1.052      2.278119
   1.055      2.269479
   1.058      2.260856
   1.061      2.252252
   1.063      2.243667
   1.066      2.235100
   1.069      2.226551
   1.071      2.218022
   1.074      2.209512
   1.077      2.201021
   1.080      2.192549
   1.082      2.184098
   1.085      2.175666
   1.088      2.167254
   1.091      2.158862
   1.093      2.150491
   1.096      2.142140
   1.099      2.133809
   1.102      2.125499
   1.104      2.117211
   1.107      2.108943
   1.110      2.100696
   1.112      2.092471
   1.115      2.084267
   1.118      2.076084
   1.121      2.067924
   1.123      2.059784
   1.126      2.051667
   1.129      2.043572
   1.132      2.035499
   1.134      2.027448
   1.137      2.019419
   1.140      2.011412
   1.143      2.003428
   1.145      1.995467
   1.148      1.987528
   1.151      1.979612
   1.153      1.971718
   1.156      1.963847
   1.159      1.956000
   1.162      1.948175
   1.164      1.940373
   1.167      1.932594
   1.170      1.924839
   1.173      1.917107
   1.175      1.909397
   1.178      1.901712
   1.181      1.894049
   1.184      1.886411
   1.186      1.878795
   1.189      1.871203
   1.192      1.863635
   1.194      1.856090
   1.197      1.848569
   1.200      1.841071
   1.203      1.833598
   1.205      1.826147
   1.208      1.818721
   1.211      1.811319
   1.214      1.803940
   1.216      1.796585
   1.219      1.789254
   1.222      1.781947
   1.225      1.774663
   1.227      1.767404
   1.230      1.760168
   1.233      1.752957
   1.235      1.745769
   1.238      1.738605
   1.241      1.731465
   1.244      1.724349
   1.246      1.717257
   1.249      1.710189
   1.252      1.703145
   1.255      1.696125
   1.257      1.689129
   1.260      1.682157
   1.263      1.675208
   1.266      1.668284
   1.268      1.661384
   1.271      1.654507
   1.274      1.647654
   1.276      1.640826
   1.279      1.634021
   1.282      1.627240
   1.285      1.620482
   1.287      1.613749
   1.290      1.607039
   1.293      1.600353
   1.296      1.593691
   1.298      1.587053
   1.301      1.580438
   1.304      1.573847
   1.307      1.567280
   1.309      1.560736
   1.312      1.554216
   1.315      1.547720
   1.317      1.541247
   1.320      1.534797
   1.323      1.528371
   1.326      1.521969
   1.328      1.515590
   1.331      1.509234
   1.334      1.502902
   1.337      1.496593
   1.339      1.490307
   1.342      1.484044
   1.345      1.477805
   1.348      1.471589
   1.350      1.465396
   1.353      1.459226
   1.356      1.453079
   1.358      1.446955
   1.361      1.440854
   1.364      1.434776
   1.367      1.428721
   1.369      1.422688
   1.372      1.416679
   1.375      1.410692
   1.378      1.404728
   1.380      1.398786
   1.383      1.392867
   1.386      1.386971
   1.389      1.381097
   1.391      1.375245
   1.394      1.369416
   1.397      1.363610
   1.399      1.357825
   1.402      1.352063
   1.405      1.346323
   1.408      1.340605
   1.410      1.334909
   1.413      1.329236
   1.416      1.323584
   1.419      1.317954
   1.421      1.312346
   1.424      1.306760
   1.427      1.301196
   1.430      1.295653
   1.432      1.290132
   1.435      1.284633
   1.438      1.279155
   1.440      1.273699
   1.443      1.268264
   1.446      1.262850
   1.449      1.257458
   1.451      1.252087
   1.454      1.246737
   1.457      1.241409
   1.460      1.236101
   1.462      1.230815
   1.465      1.225549
   1.468      1.220304
   1.471      1.215081
   1.473      1.209878
   1.476      1.204695
   1.479      1.199534
   1.481      1.194393
   1.484      1.189272
   1.487      1.184172
   1.490      1.179093
   1.492      1.174033
   1.495      1.168995
   1.498      1.163976
   1.501      1.158977
   1.503      1.153999
   1.506      1.149041
   1.509      1.144102
   1.512      1.139184
   1.514      1.134285
   1.517      1.129407
   1.520      1.124548
   1.522      1.119708
   1.525      1.114889
   1.528      1.110089
   1.531      1.105308
   1.533      1.100547
   1.536      1.095805
   1.539      1.091082
   1.542      1.086379
   1.544      1.081695
   1.547      1.077030
   1.550      1.072384
   1.553      1.067757
   1.555      1.063149
   1.558      1.058560
   1.561      1.053989
   1.563      1.049438
   1.566      1.044905
   1.569      1.040390
   1.572      1.035895
   1.574      1.031417
   1.577      1.026958
   1.580      1.022518
   1.583      1.018096
   1.585      1.013692
   1.588      1.009306
   1.591      1.004938
   1.594      1.000588
   1.596      0.996256
   1.599      0.991943
   1.602      0.987647
   1.604      0.983368
   1.607      0.979108
   1.610      0.974865
   1.613      0.970640
   1.615      0.966432
   1.618      0.962242
   1.621      0.958069
   1.624      0.953913
   1.626      0.949775
   1.629      0.945654
   1.632      0.941550
   1.635      0.937464
   1.637      0.933394
   1.640      0.929341
   1.643      0.925305
   1.645      0.921286
   1.648      0.917284
   1.651      0.913299
   1.654      0.909330
   1.656      0.905378
   1.659      0.901442
   1.662      0.897523
   1.665      0.893620
   1.667      0.889734
   1.670      0.885863
   1.673      0.882009
   1.676      0.878172
   1.678      0.874350
   1.681      0.870544
   1.684      0.866755
   1.686      0.862981
   1.689      0.859223
   1.692      0.855481
   1.695      0.851755
   1.697      0.848044
   1.700      0.844349
   1.703      0.840669
   1.706      0.837005
   1.708      0.833357
   1.711      0.829724
   1.714      0.826106
   1.717      0.822503
   1.719      0.818916
   1.722      0.815344
   1.725      0.811787
   1.727      0.808245
   1.730      0.804717
   1.733      0.801205
   1.736      0.797708
   1.738      0.794225
   1.741      0.790757
   1.744      0.787304
   1.747      0.783865
   1.749      0.780441
   1.752      0.777032
   1.755      0.773637
   1.758      0.770256
   1.760      0.766890
   1.763      0.763538
   1.766      0.760200
   1.768      0.756876
   1.771      0.753566
   1.774      0.750271
   1.777      0.746989
   1.779      0.743721
   1.782      0.740468
   1.785      0.737228
   1.788      0.734001
   1.790      0.730789
   1.793      0.727590
   1.796      0.724405
   1.799      0.721233
   1.801      0.718075
   1.804      0.714930
   1.807      0.711799
   1.809      0.708681
   1.812      0.705576
   1.815      0.702484
   1.818      0.699406
   1.820      0.696340
   1.823      0.693288
   1.826      0.690249
   1.829      0.687222
   1.831      0.684209
   1.834      0.681208
   1.837      0.678221
   1.840      0.675246
   1.842      0.672283
   1.845      0.669333
   1.848      0.666396
   1.850      0.663472
   1.853      0.660559
   1.856      0.657660
   1.859      0.654772
   1.861      0.651897
   1.864      0.649034
   1.867      0.646184
   1.870      0.643346
   1.872      0.640519
   1.875      0.637705
   1.878      0.634903
   1.881      0.632113
   1.883      0.629334
   1.886      0.626568
   1.889      0.623813
   1.891      0.621070
   1.894      0.618339
   1.897      0.615620
   1.900      0.612912
   1.902      0.610216
   1.905      0.607531
   1.908      0.604858
   1.911      0.602196
   1.913      0.599545
   1.916      0.596906
   1.919      0.594278
   1.922      0.591662
   1.924      0.589056
   1.927      0.586462
   1.930      0.583879
   1.932      0.581306
   1.935      0.578745
   1.938      0.576195
   1.941      0.573656
   1.943      0.571127
   1.946      0.568609
   1.949      0.566103
   1.952      0.563606
   1.954      0.561121
   1.957      0.558646
   1.960      0.556182
   1.963      0.553728
   1.965      0.551285
   1.968      0.548852
   1.971      0.546430
   1.973      0.544018
   1.976      0.541616
   1.979      0.539225
   1.982      0.536843
   1.984      0.534472
   1.987      0.532111
   1.990      0.529761
   1.993      0.527420
   1.995      0.525089
   1.998      0.522768
   2.001      0.520458
   2.004      0.518157
   2.006      0.515866
   2.009      0.513584
   2.012      0.511313
   2.014      0.509051
   2.017      0.506799
   2.020      0.504556
   2.023      0.502323
   2.025      0.500100
   2.028      0.497886
   2.031      0.495681
   2.034      0.493486
   2.036      0.491301
   2.039      0.489124
   2.042      0.486957
   2.045      0.484800
   2.047      0.482651
   2.050      0.480512
   2.053      0.478382
   2.055      0.476261
   2.058      0.474149
   2.061      0.472046
   2.064      0.469951
   2.066      0.467866
   2.069      0.465790
   2.072      0.463723
   2.075      0.461664
   2.077      0.459615
   2.080      0.457574
   2.083      0.455542
   2.086      0.453518
   2.088      0.451503
   2.091      0.449497
   2.094      0.447499
   2.096      0.445510
   2.099      0.443529
   2.102      0.441557
   2.105      0.439593
   2.107      0.437637
   2.110      0.435690
   2.113      0.433751
   2.116      0.431821
   2.118      0.429898
   2.121      0.427984
   2.124      0.426078
   2.127      0.424180
   2.129      0.422290
   2.132      0.420409
   2.135      0.418535
   2.137      0.416669
   2.140      0.414811
   2.143      0.412961
   2.146      0.411119
   2.148      0.409285
   2.151      0.407459
   2.154      0.405640
   2.157      0.403829
   2.159      0.402026
   2.162      0.400231
   2.165      0.398443
   2.168      0.396662
   2.170      0.394890
   2.173      0.393125
   2.176      0.391367
   2.178      0.389617
   2.181      0.387874
   2.184      0.386139
   2.187      0.384411
   2.189      0.382690
   2.192      0.380977
   2.195      0.379271
   2.198      0.377572
   2.200      0.375880
   2.203      0.374196
   2.206      0.372518
   2.209      0.370848
   2.211      0.369185
   2.214      0.367529
   2.217      0.365880
   2.219      0.364238
   2.222      0.362603
   2.225      0.360975
   2.228      0.359353
   2.230      0.357739
   2.233      0.356132
   2.236      0.354531
   2.239      0.352937
   2.241      0.351350
   2.244      0.349769
   2.247      0.348195
   2.250      0.346628
   2.252      0.345067
   2.255      0.343514
   2.258      0.341966
   2.260      0.340425
   2.263      0.338891
   2.266      0.337363
   2.269      0.335842
   2.271      0.334327
   2.274      0.332818
   2.277      0.331316
   2.280      0.329820
   2.282      0.328330
   2.285      0.326847
   2.288      0.325370
   2.291      0.323899
   2.293      0.322434
   2.296      0.320976
   2.299      0.319524
   2.301      0.318077
   2.304      0.316637
   2.307      0.315203
   2.310      0.313775
   2.312      0.312353
   2.315      0.310937
   2.318      0.309527
   2.321      0.308123
   2.323      0.306724
   2.326      0.305332
   2.329      0.303945
   2.332      0.302564
   2.334      0.301190
   2.337      0.299820
   2.340      0.298457
   2.342      0.297099
   2.345      0.295747
   2.348      0.294401
   2.351      0.293060
   2.353      0.291725
   2.356      0.290395
   2.359      0.289071
   2.362      0.287753
   2.364      0.286440
   2.367      0.285132
   2.370      0.283830
   2.373      0.282534
   2.375      0.281243
   2.378      0.279957
   2.381      0.278677
   2.383      0.277401
   2.386      0.276132
   2.389      0.274867
   2.392      0.273608
   2.394      0.272354
   2.397      0.271106
   2.400      0.269862
   2.403      0.268624
   2.405      0.267391
   2.408      0.266163
   2.411      0.264940
   2.414      0.263722
   2.416      0.262509
   2.419      0.261301
   2.422      0.260099
   2.424      0.258901
   2.427      0.257708
   2.430      0.256520
   2.433      0.255337
   2.435      0.254159
   2.438      0.252986
   2.441      0.251818
   2.444      0.250655
   2.446      0.249496
   2.449      0.248342
   2.452      0.247193
   2.455      0.246049
   2.457      0.244909
   2.460      0.243774
   2.463      0.242644
   2.465      0.241519
   2.468      0.240398
   2.471      0.239282
   2.474      0.238170
   2.476      0.237063
   2.479      0.235960
   2.482      0.234863
   2.485      0.233769
   2.487      0.232680
   2.490      0.231596
   2.493      0.230516
   2.496      0.229440
   2.498      0.228369
   2.501      0.227302
   2.504      0.226240
   2.506      0.225182
   2.509      0.224128
   2.512      0.223079
   2.515      0.222034
   2.517      0.220993
   2.520      0.219956
   2.523      0.218924
   2.526      0.217896
   2.528      0.216872
   2.531      0.215852
   2.534      0.214837
   2.537      0.213825
   2.539      0.212818
   2.542      0.211815
   2.545      0.210816
   2.547      0.209821
   2.550      0.208830
   2.553      0.207843
   2.556      0.206860
   2.558      0.205881
   2.561      0.204906
   2.564      0.203935
   2.567      0.202968
   2.569      0.202005
   2.572      0.201046
   2.575      0.200090
   2.578      0.199139
   2.580      0.198191
   2.583      0.197247
   2.586      0.196307
   2.588      0.195371
   2.591      0.194439
   2.594      0.193510
   2.597      0.192585
   2.599      0.191664
   2.602      0.190747
   2.605      0.189833
   2.608      0.188923
   2.610      0.188017
   2.613      0.187114
   2.616      0.186215
   2.619      0.185319
   2.621      0.184427
   2.624      0.183539
   2.627      0.182654
   2.629      0.181773
   2.632      0.180895
   2.635      0.180021
   2.638      0.179150
   2.640      0.178283
   2.643      0.177419
   2.646      0.176559
   2.649      0.175702
   2.651      0.174848
   2.654      0.173998
   2.657      0.173152
   2.660      0.172308
   2.662      0.171468
   2.665      0.170632
   2.668      0.169798
   2.670      0.168968
   2.673      0.168142
   2.676      0.167318
   2.679      0.166498
   2.681      0.165681
   2.684      0.164868
   2.687      0.164057
   2.690      0.163250
   2.692      0.162446
   2.695      0.161645
   2.698      0.160847
   2.701      0.160052
   2.703      0.159261
   2.706      0.158473
   2.709      0.157687
   2.711      0.156905
   2.714      0.156126
   2.717      0.155350
   2.720      0.154577
   2.722      0.153807
   2.725      0.153040
   2.728      0.152276
   2.731      0.151515
   2.733      0.150757
   2.736      0.150002
   2.739      0.149250
   2.742      0.148501
   2.744      0.147754
   2.747      0.147011
   2.750      0.146270
   2.752      0.145533
   2.755      0.144798
   2.758      0.144066
   2.761      0.143337
   2.763      0.142611
   2.766      0.141887
   2.769      0.141167
   2.772      0.140449
   2.774      0.139734
   2.777      0.139022
   2.780      0.138312
   2.783      0.137605
   2.785      0.136901
   2.788      0.136200
   2.791      0.135501
   2.793      0.134805
   2.796      0.134111
   2.799      0.133421
   2.802      0.132733
   2.804      0.132047
   2.807      0.131364
   2.810      0.130684
   2.813      0.130006
   2.815      0.129331
   2.818      0.128659
   2.821      0.127989
   2.824      0.127321
   2.826      0.126657
   2.829      0.125994
   2.832      0.125334
   2.834      0.124677
   2.837      0.124022
   2.840      0.123370
   2.843      0.122720
   2.845      0.122072
   2.848      0.121427
   2.851      0.120785
   2.854      0.120145
   2.856      0.119507
   2.859      0.118871
   2.862      0.118238
   2.865      0.117608
   2.867      0.116979
   2.870      0.116353
   2.873      0.115730
   2.875      0.115109
   2.878      0.114490
   2.881      0.113873
   2.884      0.113258
   2.886      0.112646
   2.889      0.112037
   2.892      0.111429
   2.895      0.110824
   2.897      0.110220
   2.900      0.109620
   2.903      0.109021
   2.906      0.108424
   2.908      0.107830
   2.911      0.107238
   2.914      0.106648
   2.916      0.106060
   2.919      0.105475
   2.922      0.104891
   2.925      0.104310
   2.927      0.103731
   2.930      0.103154
   2.933      0.102579
   2.936      0.102006
   2.938      0.101435
   2.941      0.100866
   2.944      0.100300
   2.947      0.099735
   2.949      0.099172
   2.952      0.098612
   2.955      0.098053
   2.957      0.097497
   2.960      0.096942
   2.963      0.096389
   2.966      0.095839
   2.968      0.095290
   2.971      0.094744
   2.974      0.094199
   2.977      0.093656
   2.979      0.093115
   2.982      0.092576
   2.985      0.092039
   2.988      0.091504
   2.990      0.090971
   2.993      0.090440
   2.996      0.089910
   2.998      0.089383
   3.001      0.088857
   3.004      0.088333
   3.007      0.087811
   3.009      0.087291
   3.012      0.086772
   3.015      0.086256
   3.018      0.085741
   3.020      0.085228
   3.023      0.084717
   3.026      0.084208
   3.029      0.083700
   3.031      0.083194
   3.034      0.082690
   3.037      0.082187
   3.039      0.081687
   3.042      0.081188
   3.045      0.080691
   3.048      0.080195
   3.050      0.079701
   3.053      0.079209
   3.056      0.078719
   3.059      0.078230
   3.061      0.077743
   3.064      0.077257
   3.067      0.076773
   3.070      0.076291
   3.072      0.075811
   3.075      0.075332
   3.078      0.074854
   3.080      0.074379
   3.083      0.073904
   3.086      0.073432
   3.089      0.072961
   3.091      0.072492
   3.094      0.072024
   3.097      0.071557
   3.100      0.071093
   3.102      0.070630
   3.105      0.070168
   3.108      0.069708
   3.111      0.069249
   3.113      0.068792
   3.116      0.068336
   3.119      0.067882
   3.121      0.067430
   3.124      0.066979
   3.127      0.066529
   3.130      0.066081
   3.132      0.065634
   3.135      0.065189
   3.138      0.064745
   3.141      0.064302
   3.143      0.063861
   3.146      0.063422
   3.149      0.062984
   3.152      0.062547
   3.154      0.062111
   3.157      0.061677
   3.160      0.061245
   3.162      0.060814
   3.165      0.060384
   3.168      0.059955
   3.171      0.059528
   3.173      0.059102
   3.176      0.058678
   3.179      0.058254
   3.182      0.057833
   3.184      0.057412
   3.187      0.056993
   3.190      0.056575
   3.193      0.056158
   3.195      0.055743
   3.198      0.055329
   3.201      0.054916
   3.203      0.054505
   3.206      0.054094
   3.209      0.053685
   3.212      0.053278
   3.214      0.052871
   3.217      0.052466
   3.220      0.052062
   3.223      0.051659
   3.225      0.051257
   3.228      0.050857
   3.231      0.050458
   3.234      0.050060
   3.236      0.049663
   3.239      0.049267
   3.242      0.048873
   3.244      0.048479
   3.247      0.048087
   3.250      0.047696
   3.253      0.047306
   3.255      0.046918
   3.258      0.046530
   3.261      0.046144
   3.264      0.045758
   3.266      0.045374
   3.269      0.044991
   3.272      0.044609
   3.275      0.044228
   3.277      0.043848
   3.280      0.043470
   3.283      0.043092
   3.285      0.042715
   3.288      0.042340
   3.291      0.041965
   3.294      0.041592
   3.296      0.041220
   3.299      0.040848
   3.302      0.040478
   3.305      0.040109
   3.307      0.039741
   3.310      0.039373
   3.313      0.039007
   3.316      0.038642
   3.318      0.038278
   3.321      0.037915
   3.324      0.037552
   3.326      0.037191
   3.329      0.036831
   3.332      0.036472
   3.335      0.036113
   3.337      0.035756
   3.340      0.035400
   3.343      0.035044
   3.346      0.034690
   3.348      0.034336
   3.351      0.033983
   3.354      0.033632
   3.357      0.033281
   3.359      0.032931
   3.362      0.032582
   3.365      0.032234
   3.367      0.031887
   3.370      0.031541
   3.373      0.031195
   3.376      0.030851
   3.378      0.030507
   3.381      0.030164
   3.384      0.029822
   3.387      0.029481
   3.389      0.029141
   3.392      0.028802
   3.395      0.028463
   3.398      0.028126
   3.400      0.027789
   3.403      0.027453
   3.406      0.027118
   3.408      0.026784
   3.411      0.026450
   3.414      0.026117
   3.417      0.025785
   3.419      0.025454
   3.422      0.025124
   3.425      0.024794
   3.428      0.024466
   3.430      0.024138
   3.433      0.023810
   3.436      0.023484
   3.439      0.023158
   3.441      0.022833
   3.444      0.022509
   3.447      0.022186
   3.449      0.021863
   3.452      0.021541
   3.455      0.021220
   3.458      0.020900
   3.460      0.020580
   3.463      0.020261
   3.466      0.019942
   3.469      0.019625
   3.471      0.019308
   3.474      0.018992
   3.477      0.018676
   3.480      0.018361
   3.482      0.018047
   3.485      0.017734
   3.488      0.017421
   3.490      0.017109
   3.493      0.016797
   3.496      0.016486
   3.499      0.016176
   3.501      0.015867
   3.504      0.015558
   3.507      0.015250
   3.510      0.014942
   3.512      0.014635
   3.515      0.014329
   3.518      0.014023
   3.521      0.013718
   3.523      0.013414
   3.526      0.013110
   3.529      0.012807
   3.531      0.012504
   3.534      0.012202
   3.537      0.011901
   3.540      0.011600
   3.542      0.011300
   3.545      0.011000
   3.548      0.010701
   3.551      0.010402
   3.553      0.010104
   3.556      0.009807
   3.559      0.009510
   3.562      0.009214
   3.564      0.008918
   3.567      0.008623
   3.570      0.008328
   3.572      0.008034
   3.575      0.007740
   3.578      0.007447
   3.581      0.007155
   3.583      0.006863
   3.586      0.006571
   3.589      0.006280
   3.592      0.005990
   3.594      0.005700
   3.597      0.005410
   3.600      0.005121
   3.603      0.004833
   3.605      0.004545
   3.608      0.004257
   3.611      0.003970
   3.613      0.003684
   3.616      0.003398
   3.619      0.003112
   3.622      0.002827
   3.624      0.002542
   3.627      0.002258
   3.630      0.001974
   3.633      0.001691
   3.635      0.001408
   3.638      0.001126
   3.641      0.000844
   3.644      0.000562
   3.646      0.000281
   3.649      0.000000
