   0.000      2.063330
   0.003      2.063322
   0.005      2.063299
   0.008      2.063261
   0.011      2.063207
   0.014      2.063138
   0.016      2.063054
   0.019      2.062954
   0.022      2.062838
   0.024      2.062707
   0.027      2.062561
   0.030      2.062399
   0.033      2.062221
   0.035      2.062028
   0.038      2.061818
   0.041      2.061593
   0.043      2.061352
   0.046      2.061095
   0.049      2.060822
   0.052      2.060533
   0.054      2.060227
   0.057      2.059905
   0.060      2.059566
   0.062      2.059210
   0.065      2.058838
   0.068      2.058449
   0.071      2.058043
   0.073      2.057619
   0.076      2.057179
   0.079      2.056720
   0.081      2.056244
   0.084      2.055750
   0.087      2.055238
   0.089      2.054708
   0.092      2.054160
   0.095      2.053592
   0.098      2.053006
   0.100      2.052401
   0.103      2.051777
   0.106      2.051133
   0.108      2.050470
   0.111      2.049786
   0.114      2.049083
   0.117      2.048359
   0.119      2.047614
   0.122      2.046849
   0.125      2.046062
   0.127      2.045253
   0.130      2.044423
   0.133      2.043571
   0.136      2.042697
   0.138      2.041800
   0.141      2.040880
   0.144      2.039937
   0.146      2.038970
   0.149      2.037979
   0.152      2.036965
   0.155      2.035925
   0.157      2.034861
   0.160      2.033772
   0.163      2.032657
   0.165      2.031517
   0.168      2.030350
   0.171      2.029157
   0.174      2.027937
   0.176      2.026689
   0.179      2.025414
   0.182      2.024111
   0.184      2.022780
   0.187      2.021420
   0.190      2.020031
   0.193      2.018613
   0.195      2.017165
   0.198      2.015687
   0.201      2.014178
   0.203      2.012639
   0.206      2.011068
   0.209      2.009466
   0.212      2.007833
   0.214      2.006167
   0.217      2.004468
   0.220      2.002737
   0.222      2.000973
   0.225      1.999175
   0.228      1.997343
   0.231      1.995478
   0.233      1.993578
   0.236      1.991643
   0.239      1.989673
   0.241      1.987669
   0.244      1.985629
   0.247      1.983553
   0.250      1.981441
   0.252      1.979293
   0.255      1.977109
   0.258      1.974888
   0.260      1.972630
   0.263      1.970336
   0.266      1.968005
   0.268      1.965636
   0.271      1.963231
   0.274      1.960788
   0.277      1.958307
   0.279      1.955789
   0.282      1.953234
   0.285      1.950640
   0.287      1.948010
   0.290      1.945342
   0.293      1.942636
   0.296      1.939893
   0.298      1.937112
   0.301      1.934294
   0.304      1.931439
   0.306      1.928546
   0.309      1.925617
   0.312      1.922651
   0.315      1.919648
   0.317      1.916609
   0.320      1.913534
   0.323      1.910422
   0.325      1.907275
   0.328      1.904093
   0.331      1.900876
   0.334      1.897623
   0.336      1.894337
   0.339      1.891016
   0.342      1.887661
   0.344      1.884273
   0.347      1.880852
   0.350      1.877399
   0.353      1.873913
   0.355      1.870396
   0.358      1.866847
   0.361      1.863268
   0.363      1.859658
   0.366      1.856018
   0.369      1.852350
   0.372      1.848652
   0.374      1.844926
   0.377      1.841172
   0.380      1.837391
   0.382      1.833583
   0.385      1.829750
   0.388      1.825890
   0.391      1.822006
   0.393      1.818097
   0.396      1.814164
   0.399      1.810208
   0.401      1.806229
   0.404      1.802228
   0.407      1.798205
   0.410      1.794162
   0.412      1.790098
   0.415      1.786014
   0.418      1.781911
   0.420      1.777789
   0.423      1.773649
   0.426      1.769492
   0.429      1.765318
   0.431      1.761127
   0.434      1.756921
   0.437      1.752699
   0.439      1.748463
   0.442      1.744213
   0.445      1.739949
   0.447      1.735673
   0.450      1.731384
   0.453      1.727083
   0.456      1.722771
   0.458      1.718448
   0.461      1.714115
   0.464      1.709772
   0.466      1.705420
   0.469      1.701060
   0.472      1.696691
   0.475      1.692315
   0.477      1.687931
   0.480      1.683541
   0.483      1.679145
   0.485      1.674743
   0.488      1.670336
   0.491      1.665924
   0.494      1.661507
   0.496      1.657087
   0.499      1.652664
   0.502      1.648237
   0.504      1.643808
   0.507      1.639377
   0.510      1.634944
   0.513      1.630510
   0.515      1.626075
   0.518      1.621639
   0.521      1.617204
   0.523      1.612768
   0.526      1.608333
   0.529      1.603900
   0.532      1.599467
   0.534      1.595037
   0.537      1.590608
   0.540      1.586182
   0.542      1.581758
   0.545      1.577338
   0.548      1.572921
   0.551      1.568508
   0.553      1.564098
   0.556      1.559693
   0.559      1.555293
   0.561      1.550897
   0.564      1.546507
   0.567      1.542122
   0.570      1.537743
   0.572      1.533370
   0.575      1.529003
   0.578      1.524642
   0.580      1.520289
   0.583      1.515942
   0.586      1.511602
   0.589      1.507270
   0.591      1.502946
   0.594      1.498629
   0.597      1.494321
   0.599      1.490020
   0.602      1.485729
   0.605      1.481446
   0.607      1.477171
   0.610      1.472906
   0.613      1.468650
   0.616      1.464404
   0.618      1.460167
   0.621      1.455940
   0.624      1.451723
   0.626      1.447516
   0.629      1.443319
   0.632      1.439132
   0.635      1.434956
   0.637      1.430791
   0.640      1.426637
   0.643      1.422493
   0.645      1.418360
   0.648      1.414239
   0.651      1.410129
   0.654      1.406030
   0.656      1.401943
   0.659      1.397868
   0.662      1.393804
   0.664      1.389752
   0.667      1.385712
   0.670      1.381684
   0.673      1.377668
   0.675      1.373665
   0.678      1.369673
   0.681      1.365694
   0.683      1.361728
   0.686      1.357774
   0.689      1.353832
   0.692      1.349903
   0.694      1.345987
   0.697      1.342084
   0.700      1.338193
   0.702      1.334315
   0.705      1.330451
   0.708      1.326599
   0.711      1.322760
   0.713      1.318935
   0.716      1.315122
   0.719      1.311323
   0.721      1.307537
   0.724      1.303764
   0.727      1.300004
   0.730      1.296258
   0.732      1.292525
   0.735      1.288806
   0.738      1.285099
   0.740      1.281407
   0.743      1.277727
   0.746      1.274061
   0.749      1.270409
   0.751      1.266770
   0.754      1.263144
   0.757      1.259532
   0.759      1.255934
   0.762      1.252349
   0.765      1.248777
   0.768      1.245219
   0.770      1.241675
   0.773      1.238144
   0.776      1.234626
   0.778      1.231122
   0.781      1.227632
   0.784      1.224155
   0.786      1.220692
   0.789      1.217242
   0.792      1.213806
   0.795      1.210383
   0.797      1.206973
   0.800      1.203577
   0.803      1.200195
   0.805      1.196826
   0.808      1.193470
   0.811      1.190128
   0.814      1.186799
   0.816      1.183483
   0.819      1.180181
   0.822      1.176892
   0.824      1.173616
   0.827      1.170354
   0.830      1.167105
   0.833      1.163869
   0.835      1.160646
   0.838      1.157436
   0.841      1.154240
   0.843      1.151057
   0.846      1.147886
   0.849      1.144729
   0.852      1.141585
   0.854      1.138453
   0.857      1.135335
   0.860      1.132230
   0.862      1.129137
   0.865      1.126057
   0.868      1.122990
   0.871      1.119936
   0.873      1.116895
   0.876      1.113866
   0.879      1.110850
   0.881      1.107847
   0.884      1.104856
   0.887      1.101878
   0.890      1.098912
   0.892      1.095958
   0.895      1.093018
   0.898      1.090089
   0.900      1.087173
   0.903      1.084269
   0.906      1.081377
   0.909      1.078498
   0.911      1.075631
   0.914      1.072776
   0.917      1.069933
   0.919      1.067102
   0.922      1.064283
   0.925      1.061476
   0.928      1.058681
   0.930      1.055898
   0.933      1.053127
   0.936      1.050367
   0.938      1.047620
   0.941      1.044883
   0.944      1.042159
   0.946      1.039446
   0.949      1.036745
   0.952      1.034055
   0.955      1.031377
   0.957      1.028710
   0.960      1.026055
   0.963      1.023411
   0.965      1.020778
   0.968      1.018156
   0.971      1.015546
   0.974      1.012946
   0.976      1.010358
   0.979      1.007781
   0.982      1.005215
   0.984      1.002660
   0.987      1.000115
   0.990      0.997582
   0.993      0.995059
   0.995      0.992548
   0.998      0.990047
   1.001      0.987556
   1.003      0.985076
   1.006      0.982607
   1.009      0.980148
   1.012      0.977700
   1.014      0.975262
   1.017      0.972835
   1.020      0.970418
   1.022      0.968011
   1.025      0.965615
   1.028      0.963229
   1.031      0.960852
   1.033      0.958486
   1.036      0.956130
   1.039      0.953784
   1.041      0.951449
   1.044      0.949122
   1.047      0.946806
   1.050      0.944500
   1.052      0.942203
   1.055      0.939917
   1.058      0.937640
   1.060      0.935372
   1.063      0.933114
   1.066      0.930866
   1.069      0.928627
   1.071      0.926398
   1.074      0.924178
   1.077      0.921967
   1.079      0.919766
   1.082      0.917574
   1.085      0.915391
   1.088      0.913218
   1.090      0.911053
   1.093      0.908898
   1.096      0.906752
   1.098      0.904615
   1.101      0.902486
   1.104      0.900367
   1.107      0.898257
   1.109      0.896155
   1.112      0.894062
   1.115      0.891978
   1.117      0.889903
   1.120      0.887836
   1.123      0.885778
   1.125      0.883728
   1.128      0.881687
   1.131      0.879655
   1.134      0.877631
   1.136      0.875615
   1.139      0.873608
   1.142      0.871609
   1.144      0.869618
   1.147      0.867636
   1.150      0.865662
   1.153      0.863696
   1.155      0.861738
   1.158      0.859788
   1.161      0.857846
   1.163      0.855912
   1.166      0.853986
   1.169      0.852068
   1.172      0.850158
   1.174      0.848256
   1.177      0.846361
   1.180      0.844474
   1.182      0.842595
   1.185      0.840724
   1.188      0.838860
   1.191      0.837004
   1.193      0.835156
   1.196      0.833314
   1.199      0.831481
   1.201      0.829655
   1.204      0.827836
   1.207      0.826025
   1.210      0.824221
   1.212      0.822424
   1.215      0.820634
   1.218      0.818852
   1.220      0.817077
   1.223      0.815309
   1.226      0.813548
   1.229      0.811794
   1.231      0.810047
   1.234      0.808307
   1.237      0.806575
   1.239      0.804849
   1.242      0.803130
   1.245      0.801417
   1.248      0.799712
   1.250      0.798014
   1.253      0.796322
   1.256      0.794637
   1.258      0.792958
   1.261      0.791286
   1.264      0.789621
   1.267      0.787963
   1.269      0.786310
   1.272      0.784665
   1.275      0.783026
   1.277      0.781393
   1.280      0.779767
   1.283      0.778147
   1.286      0.776533
   1.288      0.774926
   1.291      0.773325
   1.294      0.771731
   1.296      0.770142
   1.299      0.768560
   1.302      0.766984
   1.304      0.765414
   1.307      0.763850
   1.310      0.762292
   1.313      0.760740
   1.315      0.759194
   1.318      0.757654
   1.321      0.756120
   1.323      0.754592
   1.326      0.753070
   1.329      0.751553
   1.332      0.750043
   1.334      0.748538
   1.337      0.747039
   1.340      0.745546
   1.342      0.744058
   1.345      0.742576
   1.348      0.741100
   1.351      0.739629
   1.353      0.738164
   1.356      0.736704
   1.359      0.735250
   1.361      0.733801
   1.364      0.732358
   1.367      0.730921
   1.370      0.729488
   1.372      0.728061
   1.375      0.726640
   1.378      0.725224
   1.380      0.723813
   1.383      0.722407
   1.386      0.721007
   1.389      0.719611
   1.391      0.718221
   1.394      0.716837
   1.397      0.715457
   1.399      0.714082
   1.402      0.712713
   1.405      0.711348
   1.408      0.709989
   1.410      0.708635
   1.413      0.707285
   1.416      0.705941
   1.418      0.704601
   1.421      0.703267
   1.424      0.701937
   1.427      0.700612
   1.429      0.699292
   1.432      0.697977
   1.435      0.696666
   1.437      0.695361
   1.440      0.694060
   1.443      0.692764
   1.446      0.691472
   1.448      0.690185
   1.451      0.688903
   1.454      0.687625
   1.456      0.686352
   1.459      0.685084
   1.462      0.683820
   1.464      0.682561
   1.467      0.681306
   1.470      0.680056
   1.473      0.678810
   1.475      0.677569
   1.478      0.676332
   1.481      0.675099
   1.483      0.673871
   1.486      0.672647
   1.489      0.671427
   1.492      0.670212
   1.494      0.669001
   1.497      0.667794
   1.500      0.666592
   1.502      0.665394
   1.505      0.664200
   1.508      0.663010
   1.511      0.661824
   1.513      0.660643
   1.516      0.659466
   1.519      0.658292
   1.521      0.657123
   1.524      0.655958
   1.527      0.654797
   1.530      0.653640
   1.532      0.652487
   1.535      0.651338
   1.538      0.650193
   1.540      0.649051
   1.543      0.647914
   1.546      0.646781
   1.549      0.645651
   1.551      0.644526
   1.554      0.643404
   1.557      0.642286
   1.559      0.641172
   1.562      0.640062
   1.565      0.638955
   1.568      0.637853
   1.570      0.636754
   1.573      0.635658
   1.576      0.634567
   1.578      0.633479
   1.581      0.632395
   1.584      0.631314
   1.587      0.630237
   1.589      0.629164
   1.592      0.628094
   1.595      0.627028
   1.597      0.625966
   1.600      0.624907
   1.603      0.623851
   1.606      0.622799
   1.608      0.621751
   1.611      0.620706
   1.614      0.619664
   1.616      0.618626
   1.619      0.617591
   1.622      0.616560
   1.625      0.615532
   1.627      0.614508
   1.630      0.613487
   1.633      0.612469
   1.635      0.611455
   1.638      0.610444
   1.641      0.609436
   1.643      0.608431
   1.646      0.607430
   1.649      0.606432
   1.652      0.605437
   1.654      0.604446
   1.657      0.603458
   1.660      0.602473
   1.662      0.601491
   1.665      0.600512
   1.668      0.599536
   1.671      0.598564
   1.673      0.597595
   1.676      0.596628
   1.679      0.595665
   1.681      0.594705
   1.684      0.593748
   1.687      0.592795
   1.690      0.591844
   1.692      0.590896
   1.695      0.589951
   1.698      0.589009
   1.700      0.588070
   1.703      0.587134
   1.706      0.586202
   1.709      0.585272
   1.711      0.584344
   1.714      0.583420
   1.717      0.582499
   1.719      0.581581
   1.722      0.580665
   1.725      0.579753
   1.728      0.578843
   1.730      0.577936
   1.733      0.577032
   1.736      0.576131
   1.738      0.575232
   1.741      0.574336
   1.744      0.573444
   1.747      0.572553
   1.749      0.571666
   1.752      0.570781
   1.755      0.569899
   1.757      0.569020
   1.760      0.568143
   1.763      0.567270
   1.766      0.566398
   1.768      0.565530
   1.771      0.564664
   1.774      0.563801
   1.776      0.562940
   1.779      0.562082
   1.782      0.561227
   1.785      0.560374
   1.787      0.559524
   1.790      0.558676
   1.793      0.557831
   1.795      0.556988
   1.798      0.556148
   1.801      0.555311
   1.804      0.554476
   1.806      0.553644
   1.809      0.552814
   1.812      0.551986
   1.814      0.551161
   1.817      0.550339
   1.820      0.549518
   1.822      0.548701
   1.825      0.547885
   1.828      0.547073
   1.831      0.546262
   1.833      0.545454
   1.836      0.544648
   1.839      0.543845
   1.841      0.543044
   1.844      0.542246
   1.847      0.541449
   1.850      0.540656
   1.852      0.539864
   1.855      0.539075
   1.858      0.538288
   1.860      0.537503
   1.863      0.536721
   1.866      0.535941
   1.869      0.535163
   1.871      0.534387
   1.874      0.533614
   1.877      0.532843
   1.879      0.532074
   1.882      0.531307
   1.885      0.530543
   1.888      0.529780
   1.890      0.529020
   1.893      0.528262
   1.896      0.527507
   1.898      0.526753
   1.901      0.526002
   1.904      0.525252
   1.907      0.524505
   1.909      0.523760
   1.912      0.523017
   1.915      0.522276
   1.917      0.521538
   1.920      0.520801
   1.923      0.520067
   1.926      0.519334
   1.928      0.518604
   1.931      0.517875
   1.934      0.517149
   1.936      0.516425
   1.939      0.515702
   1.942      0.514982
   1.945      0.514264
   1.947      0.513548
   1.950      0.512833
   1.953      0.512121
   1.955      0.511411
   1.958      0.510702
   1.961      0.509996
   1.964      0.509292
   1.966      0.508589
   1.969      0.507889
   1.972      0.507190
   1.974      0.506493
   1.977      0.505799
   1.980      0.505106
   1.982      0.504415
   1.985      0.503726
   1.988      0.503038
   1.991      0.502353
   1.993      0.501670
   1.996      0.500988
   1.999      0.500308
   2.001      0.499630
   2.004      0.498954
   2.007      0.498280
   2.010      0.497608
   2.012      0.496937
   2.015      0.496268
   2.018      0.495601
   2.020      0.494936
   2.023      0.494272
   2.026      0.493611
   2.029      0.492951
   2.031      0.492293
   2.034      0.491636
   2.037      0.490982
   2.039      0.490329
   2.042      0.489678
   2.045      0.489028
   2.048      0.488380
   2.050      0.487734
   2.053      0.487090
   2.056      0.486447
   2.058      0.485807
   2.061      0.485167
   2.064      0.484530
   2.067      0.483894
   2.069      0.483260
   2.072      0.482627
   2.075      0.481996
   2.077      0.481367
   2.080      0.480739
   2.083      0.480114
   2.086      0.479489
   2.088      0.478866
   2.091      0.478245
   2.094      0.477626
   2.096      0.477008
   2.099      0.476392
   2.102      0.475777
   2.105      0.475164
   2.107      0.474552
   2.110      0.473942
   2.113      0.473334
   2.115      0.472727
   2.118      0.472122
   2.121      0.471518
   2.124      0.470916
   2.126      0.470315
   2.129      0.469716
   2.132      0.469119
   2.134      0.468522
   2.137      0.467928
   2.140      0.467335
   2.143      0.466743
   2.145      0.466153
   2.148      0.465565
   2.151      0.464978
   2.153      0.464392
   2.156      0.463808
   2.159      0.463225
   2.161      0.462644
   2.164      0.462064
   2.167      0.461486
   2.170      0.460909
