   0.000      2.113178
   0.003      2.113178
   0.005      2.113178
   0.008      2.113178
   0.011      2.113177
   0.014      2.113175
   0.016      2.113173
   0.019      2.113168
   0.022      2.113161
   0.024      2.113151
   0.027      2.113136
   0.030      2.113117
   0.033      2.113092
   0.035      2.113060
   0.038      2.113019
   0.041      2.112969
   0.043      2.112909
   0.046      2.112836
   0.049      2.112749
   0.052      2.112647
   0.054      2.112529
   0.057      2.112392
   0.060      2.112235
   0.062      2.112056
   0.065      2.111854
   0.068      2.111626
   0.071      2.111371
   0.073      2.111088
   0.076      2.110773
   0.079      2.110426
   0.081      2.110044
   0.084      2.109626
   0.087      2.109169
   0.089      2.108673
   0.092      2.108135
   0.095      2.107554
   0.098      2.106928
   0.100      2.106254
   0.103      2.105533
   0.106      2.104761
   0.108      2.103938
   0.111      2.103063
   0.114      2.102133
   0.117      2.101148
   0.119      2.100107
   0.122      2.099008
   0.125      2.097851
   0.127      2.096634
   0.130      2.095357
   0.133      2.094019
   0.136      2.092620
   0.138      2.091159
   0.141      2.089636
   0.144      2.088050
   0.146      2.086401
   0.149      2.084689
   0.152      2.082915
   0.155      2.081077
   0.157      2.079177
   0.160      2.077215
   0.163      2.075191
   0.165      2.073105
   0.168      2.070957
   0.171      2.068749
   0.174      2.066482
   0.176      2.064154
   0.179      2.061769
   0.182      2.059325
   0.184      2.056825
   0.187      2.054268
   0.190      2.051656
   0.193      2.048990
   0.195      2.046270
   0.198      2.043498
   0.201      2.040674
   0.203      2.037800
   0.206      2.034876
   0.209      2.031904
   0.212      2.028884
   0.214      2.025818
   0.217      2.022706
   0.220      2.019550
   0.222      2.016350
   0.225      2.013107
   0.228      2.009823
   0.231      2.006497
   0.233      2.003132
   0.236      1.999729
   0.239      1.996287
   0.241      1.992808
   0.244      1.989292
   0.247      1.985741
   0.250      1.982156
   0.252      1.978537
   0.255      1.974884
   0.258      1.971200
   0.260      1.967484
   0.263      1.963737
   0.266      1.959961
   0.268      1.956155
   0.271      1.952321
   0.274      1.948460
   0.277      1.944571
   0.279      1.940656
   0.282      1.936715
   0.285      1.932750
   0.287      1.928760
   0.290      1.924747
   0.293      1.920711
   0.296      1.916652
   0.298      1.912572
   0.301      1.908471
   0.304      1.904349
   0.306      1.900208
   0.309      1.896048
   0.312      1.891869
   0.315      1.887673
   0.317      1.883459
   0.320      1.879228
   0.323      1.874981
   0.325      1.870719
   0.328      1.866442
   0.331      1.862150
   0.334      1.857845
   0.336      1.853526
   0.339      1.849194
   0.342      1.844850
   0.344      1.840495
   0.347      1.836128
   0.350      1.831751
   0.353      1.827364
   0.355      1.822967
   0.358      1.818560
   0.361      1.814146
   0.363      1.809723
   0.366      1.805292
   0.369      1.800854
   0.372      1.796409
   0.374      1.791958
   0.377      1.787501
   0.380      1.783039
   0.382      1.778571
   0.385      1.774100
   0.388      1.769623
   0.391      1.765144
   0.393      1.760660
   0.396      1.756174
   0.399      1.751686
   0.401      1.747195
   0.404      1.742702
   0.407      1.738208
   0.410      1.733713
   0.412      1.729217
   0.415      1.724721
   0.418      1.720225
   0.420      1.715729
   0.423      1.711233
   0.426      1.706739
   0.429      1.702246
   0.431      1.697755
   0.434      1.693266
   0.437      1.688779
   0.439      1.684294
   0.442      1.679812
   0.445      1.675334
   0.447      1.670858
   0.450      1.666387
   0.453      1.661919
   0.456      1.657455
   0.458      1.652996
   0.461      1.648542
   0.464      1.644092
   0.466      1.639648
   0.469      1.635209
   0.472      1.630776
   0.475      1.626348
   0.477      1.621927
   0.480      1.617512
   0.483      1.613103
   0.485      1.608701
   0.488      1.604306
   0.491      1.599918
   0.494      1.595538
   0.496      1.591164
   0.499      1.586799
   0.502      1.582441
   0.504      1.578091
   0.507      1.573750
   0.510      1.569416
   0.513      1.565092
   0.515      1.560775
   0.518      1.556468
   0.521      1.552170
   0.523      1.547880
   0.526      1.543600
   0.529      1.539329
   0.532      1.535068
   0.534      1.530816
   0.537      1.526574
   0.540      1.522342
   0.542      1.518120
   0.545      1.513908
   0.548      1.509706
   0.551      1.505514
   0.553      1.501333
   0.556      1.497162
   0.559      1.493002
   0.561      1.488853
   0.564      1.484714
   0.567      1.480587
   0.570      1.476470
   0.572      1.472364
   0.575      1.468269
   0.578      1.464186
   0.580      1.460114
   0.583      1.456053
   0.586      1.452004
   0.589      1.447966
   0.591      1.443939
   0.594      1.439924
   0.597      1.435921
   0.599      1.431930
   0.602      1.427950
   0.605      1.423982
   0.607      1.420027
   0.610      1.416083
   0.613      1.412150
   0.616      1.408230
   0.618      1.404322
   0.621      1.400426
   0.624      1.396543
   0.626      1.392671
   0.629      1.388812
   0.632      1.384964
   0.635      1.381129
   0.637      1.377307
   0.640      1.373496
   0.643      1.369698
   0.645      1.365913
   0.648      1.362139
   0.651      1.358378
   0.654      1.354630
   0.656      1.350894
   0.659      1.347170
   0.662      1.343459
   0.664      1.339760
   0.667      1.336074
   0.670      1.332400
   0.673      1.328739
   0.675      1.325090
   0.678      1.321454
   0.681      1.317830
   0.683      1.314218
   0.686      1.310620
   0.689      1.307033
   0.692      1.303460
   0.694      1.299898
   0.697      1.296349
   0.700      1.292813
   0.702      1.289289
   0.705      1.285778
   0.708      1.282279
   0.711      1.278793
   0.713      1.275319
   0.716      1.271857
   0.719      1.268408
   0.721      1.264972
   0.724      1.261548
   0.727      1.258136
   0.730      1.254736
   0.732      1.251349
   0.735      1.247974
   0.738      1.244612
   0.740      1.241262
   0.743      1.237924
   0.746      1.234598
   0.749      1.231285
   0.751      1.227984
   0.754      1.224695
   0.757      1.221419
   0.759      1.218154
   0.762      1.214902
   0.765      1.211661
   0.768      1.208433
   0.770      1.205217
   0.773      1.202013
   0.776      1.198821
   0.778      1.195641
   0.781      1.192473
   0.784      1.189317
   0.786      1.186173
   0.789      1.183040
   0.792      1.179920
   0.795      1.176811
   0.797      1.173714
   0.800      1.170629
   0.803      1.167555
   0.805      1.164494
   0.808      1.161443
   0.811      1.158405
   0.814      1.155378
   0.816      1.152363
   0.819      1.149359
   0.822      1.146367
   0.824      1.143386
   0.827      1.140417
   0.830      1.137459
   0.833      1.134512
   0.835      1.131577
   0.838      1.128653
   0.841      1.125740
   0.843      1.122839
   0.846      1.119948
   0.849      1.117069
   0.852      1.114201
   0.854      1.111344
   0.857      1.108498
   0.860      1.105664
   0.862      1.102840
   0.865      1.100027
   0.868      1.097225
   0.871      1.094433
   0.873      1.091653
   0.876      1.088883
   0.879      1.086125
   0.881      1.083377
   0.884      1.080639
   0.887      1.077912
   0.890      1.075196
   0.892      1.072490
   0.895      1.069795
   0.898      1.067111
   0.900      1.064437
   0.903      1.061773
   0.906      1.059119
   0.909      1.056476
   0.911      1.053844
   0.914      1.051221
   0.917      1.048609
   0.919      1.046007
   0.922      1.043415
   0.925      1.040833
   0.928      1.038261
   0.930      1.035699
   0.933      1.033148
   0.936      1.030606
   0.938      1.028074
   0.941      1.025552
   0.944      1.023040
   0.946      1.020537
   0.949      1.018045
   0.952      1.015562
   0.955      1.013088
   0.957      1.010625
   0.960      1.008171
   0.963      1.005726
   0.965      1.003291
   0.968      1.000866
   0.971      0.998450
   0.974      0.996043
   0.976      0.993646
   0.979      0.991258
   0.982      0.988879
   0.984      0.986510
   0.987      0.984150
   0.990      0.981799
   0.993      0.979457
   0.995      0.977124
   0.998      0.974801
   1.001      0.972486
   1.003      0.970181
   1.006      0.967884
   1.009      0.965596
   1.012      0.963317
   1.014      0.961047
   1.017      0.958786
   1.020      0.956533
   1.022      0.954290
   1.025      0.952055
   1.028      0.949828
   1.031      0.947610
   1.033      0.945401
   1.036      0.943201
   1.039      0.941008
   1.041      0.938825
   1.044      0.936649
   1.047      0.934483
   1.050      0.932324
   1.052      0.930174
   1.055      0.928032
   1.058      0.925898
   1.060      0.923773
   1.063      0.921656
   1.066      0.919546
   1.069      0.917445
   1.071      0.915353
   1.074      0.913268
   1.077      0.911191
   1.079      0.909122
   1.082      0.907061
   1.085      0.905008
   1.088      0.902962
   1.090      0.900925
   1.093      0.898895
   1.096      0.896874
   1.098      0.894859
   1.101      0.892853
   1.104      0.890854
   1.107      0.888863
   1.109      0.886879
   1.112      0.884903
   1.115      0.882935
   1.117      0.880974
   1.120      0.879020
   1.123      0.877074
   1.125      0.875135
   1.128      0.873204
   1.131      0.871280
   1.134      0.869363
   1.136      0.867453
   1.139      0.865551
   1.142      0.863656
   1.144      0.861768
   1.147      0.859887
   1.150      0.858013
   1.153      0.856147
   1.155      0.854287
   1.158      0.852434
   1.161      0.850589
   1.163      0.848750
   1.166      0.846918
   1.169      0.845093
   1.172      0.843275
   1.174      0.841463
   1.177      0.839659
   1.180      0.837861
   1.182      0.836070
   1.185      0.834285
   1.188      0.832508
   1.191      0.830736
   1.193      0.828972
   1.196      0.827214
   1.199      0.825463
   1.201      0.823718
   1.204      0.821979
   1.207      0.820247
   1.210      0.818522
   1.212      0.816802
   1.215      0.815090
   1.218      0.813383
   1.220      0.811683
   1.223      0.809989
   1.226      0.808301
   1.229      0.806620
   1.231      0.804945
   1.234      0.803275
   1.237      0.801612
   1.239      0.799956
   1.242      0.798305
   1.245      0.796660
   1.248      0.795021
   1.250      0.793389
   1.253      0.791762
   1.256      0.790141
   1.258      0.788526
   1.261      0.786917
   1.264      0.785314
   1.267      0.783717
   1.269      0.782125
   1.272      0.780539
   1.275      0.778959
   1.277      0.777385
   1.280      0.775817
   1.283      0.774254
   1.286      0.772697
   1.288      0.771145
   1.291      0.769599
   1.294      0.768058
   1.296      0.766524
   1.299      0.764994
   1.302      0.763470
   1.304      0.761952
   1.307      0.760439
   1.310      0.758932
   1.313      0.757429
   1.315      0.755933
   1.318      0.754441
   1.321      0.752955
   1.323      0.751474
   1.326      0.749999
   1.329      0.748529
   1.332      0.747064
   1.334      0.745604
   1.337      0.744149
   1.340      0.742700
   1.342      0.741255
   1.345      0.739816
   1.348      0.738382
   1.351      0.736953
   1.353      0.735529
   1.356      0.734110
   1.359      0.732696
   1.361      0.731287
   1.364      0.729883
   1.367      0.728484
   1.370      0.727089
   1.372      0.725700
   1.375      0.724316
   1.378      0.722936
   1.380      0.721561
   1.383      0.720191
   1.386      0.718826
   1.389      0.717465
   1.391      0.716110
   1.394      0.714758
   1.397      0.713412
   1.399      0.712070
   1.402      0.710733
   1.405      0.709401
   1.408      0.708073
   1.410      0.706750
   1.413      0.705431
   1.416      0.704117
   1.418      0.702807
   1.421      0.701502
   1.424      0.700202
   1.427      0.698906
   1.429      0.697614
   1.432      0.696327
   1.435      0.695044
   1.437      0.693765
   1.440      0.692491
   1.443      0.691221
   1.446      0.689956
   1.448      0.688695
   1.451      0.687438
   1.454      0.686185
   1.456      0.684937
   1.459      0.683693
   1.462      0.682453
   1.464      0.681217
   1.467      0.679985
   1.470      0.678758
   1.473      0.677535
   1.475      0.676316
   1.478      0.675101
   1.481      0.673890
   1.483      0.672683
   1.486      0.671480
   1.489      0.670281
   1.492      0.669086
   1.494      0.667895
   1.497      0.666709
   1.500      0.665526
   1.502      0.664347
   1.505      0.663172
   1.508      0.662001
   1.511      0.660833
   1.513      0.659670
   1.516      0.658510
   1.519      0.657355
   1.521      0.656203
   1.524      0.655055
   1.527      0.653911
   1.530      0.652770
   1.532      0.651633
   1.535      0.650500
   1.538      0.649371
   1.540      0.648245
   1.543      0.647124
   1.546      0.646005
   1.549      0.644891
   1.551      0.643780
   1.554      0.642672
   1.557      0.641569
   1.559      0.640469
   1.562      0.639372
   1.565      0.638279
   1.568      0.637190
   1.570      0.636104
   1.573      0.635021
   1.576      0.633943
   1.578      0.632867
   1.581      0.631795
   1.584      0.630727
   1.587      0.629662
   1.589      0.628600
   1.592      0.627542
   1.595      0.626487
   1.597      0.625436
   1.600      0.624387
   1.603      0.623343
   1.606      0.622301
   1.608      0.621263
   1.611      0.620229
   1.614      0.619197
   1.616      0.618169
   1.619      0.617144
   1.622      0.616122
   1.625      0.615104
   1.627      0.614089
   1.630      0.613077
   1.633      0.612068
   1.635      0.611062
   1.638      0.610060
   1.641      0.609060
   1.643      0.608064
   1.646      0.607071
   1.649      0.606081
   1.652      0.605094
   1.654      0.604111
   1.657      0.603130
   1.660      0.602152
   1.662      0.601178
   1.665      0.600206
   1.668      0.599238
   1.671      0.598272
   1.673      0.597310
   1.676      0.596350
   1.679      0.595394
   1.681      0.594440
   1.684      0.593490
   1.687      0.592542
   1.690      0.591597
   1.692      0.590655
   1.695      0.589716
   1.698      0.588780
   1.700      0.587847
   1.703      0.586917
   1.706      0.585989
   1.709      0.585065
   1.711      0.584143
   1.714      0.583224
   1.717      0.582307
   1.719      0.581394
   1.722      0.580483
   1.725      0.579575
   1.728      0.578670
   1.730      0.577768
   1.733      0.576868
   1.736      0.575971
   1.738      0.575077
   1.741      0.574185
   1.744      0.573297
   1.747      0.572410
   1.749      0.571527
   1.752      0.570646
   1.755      0.569768
   1.757      0.568892
   1.760      0.568019
   1.763      0.567149
   1.766      0.566281
   1.768      0.565416
   1.771      0.564553
   1.774      0.563693
   1.776      0.562836
   1.779      0.561981
   1.782      0.561128
   1.785      0.560279
   1.787      0.559431
   1.790      0.558586
   1.793      0.557744
   1.795      0.556904
   1.798      0.556067
   1.801      0.555232
   1.804      0.554399
   1.806      0.553569
   1.809      0.552742
   1.812      0.551916
   1.814      0.551094
   1.817      0.550273
   1.820      0.549455
   1.822      0.548640
   1.825      0.547826
   1.828      0.547015
   1.831      0.546207
   1.833      0.545401
   1.836      0.544597
   1.839      0.543795
   1.841      0.542996
   1.844      0.542199
   1.847      0.541405
   1.850      0.540612
   1.852      0.539822
   1.855      0.539035
   1.858      0.538249
   1.860      0.537466
   1.863      0.536685
   1.866      0.535906
   1.869      0.535130
   1.871      0.534355
   1.874      0.533583
   1.877      0.532813
   1.879      0.532045
   1.882      0.531280
   1.885      0.530517
   1.888      0.529755
   1.890      0.528996
   1.893      0.528239
   1.896      0.527485
   1.898      0.526732
   1.901      0.525981
   1.904      0.525233
   1.907      0.524487
   1.909      0.523742
   1.912      0.523000
   1.915      0.522260
   1.917      0.521522
   1.920      0.520786
   1.923      0.520052
   1.926      0.519320
   1.928      0.518591
   1.931      0.517863
   1.934      0.517137
   1.936      0.516413
   1.939      0.515692
   1.942      0.514972
   1.945      0.514254
   1.947      0.513538
   1.950      0.512825
   1.953      0.512113
   1.955      0.511403
   1.958      0.510695
   1.961      0.509989
   1.964      0.509285
   1.966      0.508583
   1.969      0.507883
   1.972      0.507184
   1.974      0.506488
   1.977      0.505794
   1.980      0.505101
   1.982      0.504410
   1.985      0.503721
   1.988      0.503035
   1.991      0.502349
   1.993      0.501666
   1.996      0.500985
   1.999      0.500305
   2.001      0.499627
   2.004      0.498952
   2.007      0.498278
   2.010      0.497605
   2.012      0.496935
   2.015      0.496266
   2.018      0.495599
   2.020      0.494934
   2.023      0.494271
   2.026      0.493609
   2.029      0.492949
   2.031      0.492291
   2.034      0.491635
   2.037      0.490981
   2.039      0.490328
   2.042      0.489677
   2.045      0.489027
   2.048      0.488380
   2.050      0.487734
   2.053      0.487089
   2.056      0.486447
   2.058      0.485806
   2.061      0.485167
   2.064      0.484529
   2.067      0.483894
   2.069      0.483259
   2.072      0.482627
   2.075      0.481996
   2.077      0.481367
   2.080      0.480739
   2.083      0.480113
   2.086      0.479489
   2.088      0.478866
   2.091      0.478245
   2.094      0.477626
   2.096      0.477008
   2.099      0.476392
   2.102      0.475777
   2.105      0.475164
   2.107      0.474552
   2.110      0.473942
   2.113      0.473334
   2.115      0.472727
   2.118      0.472122
   2.121      0.471518
   2.124      0.470916
   2.126      0.470315
   2.129      0.469716
   2.132      0.469119
   2.134      0.468522
   2.137      0.467928
   2.140      0.467335
   2.143      0.466743
   2.145      0.466153
   2.148      0.465565
   2.151      0.464978
   2.153      0.464392
   2.156      0.463808
   2.159      0.463225
   2.161      0.462644
   2.164      0.462064
   2.167      0.461486
   2.170      0.460909
