   0.000      0.007627
   0.003      0.087534
   0.005      0.167441
   0.008      0.250044
   0.011      0.332962
   0.014      0.415915
   0.016      0.498821
   0.019      0.581643
   0.022      0.664355
   0.025      0.746933
   0.027      0.829356
   0.030      0.911604
   0.033      0.993658
   0.036      1.075498
   0.038      1.157107
   0.041      1.238464
   0.044      1.319550
   0.046      1.400345
   0.049      1.480830
   0.052      1.560985
   0.055      1.640790
   0.057      1.720224
   0.060      1.799267
   0.063      1.877898
   0.066      1.956097
   0.068      2.033842
   0.071      2.111112
   0.074      2.187887
   0.077      2.264144
   0.079      2.339862
   0.082      2.415020
   0.085      2.489594
   0.087      2.563565
   0.090      2.636909
   0.093      2.709604
   0.096      2.781628
   0.098      2.852960
   0.101      2.923576
   0.104      2.993455
   0.107      3.062574
   0.109      3.130912
   0.112      3.198445
   0.115      3.265153
   0.118      3.331013
   0.120      3.396004
   0.123      3.460104
   0.126      3.523291
   0.128      3.585545
   0.131      3.646844
   0.134      3.707169
   0.137      3.766498
   0.139      3.824813
   0.142      3.882093
   0.145      3.938320
   0.148      3.993475
   0.150      4.047540
   0.153      4.100499
   0.156      4.152333
   0.159      4.203028
   0.161      4.252568
   0.164      4.300938
   0.167      4.348124
   0.169      4.394113
   0.172      4.438893
   0.175      4.482453
   0.178      4.524782
   0.180      4.565871
   0.183      4.605712
   0.186      4.644297
   0.189      4.681620
   0.191      4.717676
   0.194      4.752461
   0.197      4.785972
   0.200      4.818208
   0.202      4.849169
   0.205      4.878854
   0.208      4.907266
   0.210      4.934410
   0.213      4.960288
   0.216      4.984908
   0.219      5.008276
   0.221      5.030402
   0.224      5.051295
   0.227      5.070966
   0.230      5.089428
   0.232      5.106694
   0.235      5.122779
   0.238      5.137700
   0.241      5.151474
   0.243      5.164119
   0.246      5.175656
   0.249      5.186104
   0.251      5.195486
   0.254      5.203824
   0.257      5.211142
   0.260      5.217465
   0.262      5.222817
   0.265      5.227226
   0.268      5.230718
   0.271      5.233320
   0.273      5.235061
   0.276      5.235969
   0.279      5.236073
   0.282      5.235403
   0.284      5.233987
   0.287      5.231856
   0.290      5.229040
   0.292      5.225567
   0.295      5.221469
   0.298      5.216775
   0.301      5.211513
   0.303      5.205714
   0.306      5.199407
   0.309      5.192618
   0.312      5.185377
   0.314      5.177710
   0.317      5.169645
   0.320      5.161207
   0.323      5.152421
   0.325      5.143311
   0.328      5.133902
   0.331      5.124215
   0.333      5.114272
   0.336      5.104094
   0.339      5.093700
   0.342      5.083108
   0.344      5.072337
   0.347      5.061402
   0.350      5.050319
   0.353      5.039101
   0.355      5.027762
   0.358      5.016314
   0.361      5.004767
   0.364      4.993131
   0.366      4.981415
   0.369      4.969626
   0.372      4.957772
   0.374      4.945857
   0.377      4.933886
   0.380      4.921864
   0.383      4.909792
   0.385      4.897674
   0.388      4.885510
   0.391      4.873301
   0.394      4.861047
   0.396      4.848747
   0.399      4.836399
   0.402      4.824003
   0.405      4.811556
   0.407      4.799055
   0.410      4.786496
   0.413      4.773878
   0.415      4.761195
   0.418      4.748445
   0.421      4.735623
   0.424      4.722726
   0.426      4.709748
   0.429      4.696687
   0.432      4.683538
   0.435      4.670297
   0.437      4.656960
   0.440      4.643523
   0.443      4.629983
   0.446      4.616336
   0.448      4.602579
   0.451      4.588709
   0.454      4.574724
   0.456      4.560620
   0.459      4.546395
   0.462      4.532048
   0.465      4.517577
   0.467      4.502980
   0.470      4.488257
   0.473      4.473406
   0.476      4.458427
   0.478      4.443320
   0.481      4.428085
   0.484      4.412721
   0.487      4.397231
   0.489      4.381613
   0.492      4.365870
   0.495      4.350003
   0.497      4.334012
   0.500      4.317899
   0.503      4.301667
   0.506      4.285317
   0.508      4.268851
   0.511      4.252271
   0.514      4.235579
   0.517      4.218778
   0.519      4.201870
   0.522      4.184858
   0.525      4.167744
   0.528      4.150531
   0.530      4.133221
   0.533      4.115817
   0.536      4.098322
   0.538      4.080737
   0.541      4.063067
   0.544      4.045312
   0.547      4.027477
   0.549      4.009563
   0.552      3.991573
   0.555      3.973510
   0.558      3.955375
   0.560      3.937172
   0.563      3.918902
   0.566      3.900568
   0.569      3.882172
   0.571      3.863716
   0.574      3.845202
   0.577      3.826633
   0.579      3.808010
   0.582      3.789335
   0.585      3.770611
   0.588      3.751838
   0.590      3.733020
   0.593      3.714157
   0.596      3.695251
   0.599      3.676304
   0.601      3.657318
   0.604      3.638294
   0.607      3.619233
   0.610      3.600137
   0.612      3.581008
   0.615      3.561847
   0.618      3.542656
   0.620      3.523435
   0.623      3.504186
   0.626      3.484910
   0.629      3.465609
   0.631      3.446284
   0.634      3.426936
   0.637      3.407566
   0.640      3.388175
   0.642      3.368765
   0.645      3.349337
   0.648      3.329892
   0.651      3.310430
   0.653      3.290953
   0.656      3.271463
   0.659      3.251959
   0.661      3.232444
   0.664      3.212918
   0.667      3.193382
   0.670      3.173837
   0.672      3.154284
   0.675      3.134724
   0.678      3.115159
   0.681      3.095588
   0.683      3.076013
   0.686      3.056436
   0.689      3.036856
   0.692      3.017274
   0.694      2.997693
   0.697      2.978112
   0.700      2.958532
   0.702      2.938954
   0.705      2.919380
   0.708      2.899810
   0.711      2.880244
   0.713      2.860684
   0.716      2.841131
   0.719      2.821585
   0.722      2.802047
   0.724      2.782517
   0.727      2.762998
   0.730      2.743489
   0.733      2.723992
   0.735      2.704506
   0.738      2.685033
   0.741      2.665574
   0.743      2.646129
   0.746      2.626700
   0.749      2.607286
   0.752      2.587889
   0.754      2.568509
   0.757      2.549147
   0.760      2.529803
   0.763      2.510479
   0.765      2.491176
   0.768      2.471893
   0.771      2.452631
   0.774      2.433392
   0.776      2.414175
   0.779      2.394982
   0.782      2.375813
   0.784      2.356669
   0.787      2.337551
   0.790      2.318458
   0.793      2.299392
   0.795      2.280354
   0.798      2.261344
   0.801      2.242362
   0.804      2.223409
   0.806      2.204486
   0.809      2.185593
   0.812      2.166732
   0.815      2.147902
   0.817      2.129104
   0.820      2.110339
   0.823      2.091607
   0.825      2.072909
   0.828      2.054246
   0.831      2.035617
   0.834      2.017024
   0.836      1.998467
   0.839      1.979947
   0.842      1.961463
   0.845      1.943018
   0.847      1.924610
   0.850      1.906241
   0.853      1.887912
   0.856      1.869622
   0.858      1.851372
   0.861      1.833163
   0.864      1.814995
   0.866      1.796869
   0.869      1.778785
   0.872      1.760743
   0.875      1.742745
   0.877      1.724790
   0.880      1.706879
   0.883      1.689013
   0.886      1.671191
   0.888      1.653415
   0.891      1.635685
   0.894      1.618001
   0.897      1.600364
   0.899      1.582773
   0.902      1.565230
   0.905      1.547735
   0.907      1.530289
   0.910      1.512891
   0.913      1.495542
   0.916      1.478243
   0.918      1.460994
   0.921      1.443795
   0.924      1.426647
   0.927      1.409550
   0.929      1.392504
   0.932      1.375510
   0.935      1.358568
   0.938      1.341679
   0.940      1.324843
   0.943      1.308060
   0.946      1.291331
   0.948      1.274655
   0.951      1.258034
   0.954      1.241467
   0.957      1.224956
   0.959      1.208500
   0.962      1.192099
   0.965      1.175754
   0.968      1.159465
   0.970      1.143233
   0.973      1.127058
   0.976      1.110940
   0.979      1.094879
   0.981      1.078876
   0.984      1.062931
   0.987      1.047045
   0.989      1.031217
   0.992      1.015447
   0.995      0.999737
   0.998      0.984086
   1.000      0.968495
   1.003      0.952964
   1.006      0.937492
   1.009      0.922082
   1.011      0.906731
   1.014      0.891442
   1.017      0.876214
   1.020      0.861047
   1.022      0.845941
   1.025      0.830898
   1.028      0.815916
   1.030      0.800997
   1.033      0.786140
   1.036      0.771346
   1.039      0.756614
   1.041      0.741946
   1.044      0.727340
   1.047      0.712799
   1.050      0.698320
   1.052      0.683906
   1.055      0.669555
   1.058      0.655269
   1.061      0.641047
   1.063      0.626889
   1.066      0.612796
   1.069      0.598768
   1.071      0.584805
   1.074      0.570907
   1.077      0.557074
   1.080      0.543306
   1.082      0.529604
   1.085      0.515968
   1.088      0.502397
   1.091      0.488893
   1.093      0.475454
   1.096      0.462081
   1.099      0.448775
   1.102      0.435535
   1.104      0.422362
   1.107      0.409255
   1.110      0.396215
   1.112      0.383242
   1.115      0.370335
   1.118      0.357496
   1.121      0.344723
   1.123      0.332018
   1.126      0.319380
   1.129      0.306809
   1.132      0.294306
   1.134      0.281870
   1.137      0.269501
   1.140      0.257200
   1.143      0.244967
   1.145      0.232801
   1.148      0.220703
   1.151      0.208673
   1.153      0.196710
   1.156      0.184816
   1.159      0.172989
   1.162      0.161230
   1.164      0.149539
   1.167      0.137916
   1.170      0.126361
   1.173      0.114874
   1.175      0.103455
   1.178      0.092104
   1.181      0.080820
   1.184      0.069605
   1.186      0.058458
   1.189      0.047379
   1.192      0.036368
   1.194      0.025425
   1.197      0.014550
   1.200      0.003743
   1.203     -0.006996
   1.205     -0.017667
   1.208     -0.028271
   1.211     -0.038806
   1.214     -0.049274
   1.216     -0.059673
   1.219     -0.070005
   1.222     -0.080270
   1.225     -0.090466
   1.227     -0.100595
   1.230     -0.110657
   1.233     -0.120650
   1.235     -0.130577
   1.238     -0.140436
   1.241     -0.150227
   1.244     -0.159951
   1.246     -0.169609
   1.249     -0.179198
   1.252     -0.188721
   1.255     -0.198177
   1.257     -0.207566
   1.260     -0.216888
   1.263     -0.226143
   1.266     -0.235332
   1.268     -0.244454
   1.271     -0.253510
   1.274     -0.262499
   1.276     -0.271422
   1.279     -0.280279
   1.282     -0.289069
   1.285     -0.297794
   1.287     -0.306453
   1.290     -0.315046
   1.293     -0.323573
   1.296     -0.332035
   1.298     -0.340432
   1.301     -0.348763
   1.304     -0.357029
   1.307     -0.365230
   1.309     -0.373366
   1.312     -0.381437
   1.315     -0.389444
   1.317     -0.397386
   1.320     -0.405264
   1.323     -0.413078
   1.326     -0.420827
   1.328     -0.428513
   1.331     -0.436134
   1.334     -0.443693
   1.337     -0.451187
   1.339     -0.458619
   1.342     -0.465987
   1.345     -0.473292
   1.348     -0.480534
   1.350     -0.487714
   1.353     -0.494831
   1.356     -0.501885
   1.358     -0.508878
   1.361     -0.515808
   1.364     -0.522677
   1.367     -0.529483
   1.369     -0.536229
   1.372     -0.542913
   1.375     -0.549536
   1.378     -0.556098
   1.380     -0.562599
   1.383     -0.569039
   1.386     -0.575419
   1.389     -0.581739
   1.391     -0.587999
   1.394     -0.594199
   1.397     -0.600339
   1.399     -0.606420
   1.402     -0.612441
   1.405     -0.618404
   1.408     -0.624307
   1.410     -0.630152
   1.413     -0.635939
   1.416     -0.641667
   1.419     -0.647337
   1.421     -0.652949
   1.424     -0.658504
   1.427     -0.664001
   1.430     -0.669441
   1.432     -0.674824
   1.435     -0.680150
   1.438     -0.685420
   1.440     -0.690633
   1.443     -0.695790
   1.446     -0.700892
   1.449     -0.705937
   1.451     -0.710927
   1.454     -0.715862
   1.457     -0.720741
   1.460     -0.725566
   1.462     -0.730336
   1.465     -0.735052
   1.468     -0.739714
   1.471     -0.744322
   1.473     -0.748876
   1.476     -0.753376
   1.479     -0.757824
   1.481     -0.762218
   1.484     -0.766560
   1.487     -0.770849
   1.490     -0.775086
   1.492     -0.779271
   1.495     -0.783404
   1.498     -0.787485
   1.501     -0.791515
   1.503     -0.795494
   1.506     -0.799423
   1.509     -0.803300
   1.512     -0.807127
   1.514     -0.810904
   1.517     -0.814631
   1.520     -0.818309
   1.522     -0.821937
   1.525     -0.825516
   1.528     -0.829046
   1.531     -0.832527
   1.533     -0.835960
   1.536     -0.839344
   1.539     -0.842681
   1.542     -0.845970
   1.544     -0.849212
   1.547     -0.852406
   1.550     -0.855554
   1.553     -0.858654
   1.555     -0.861709
   1.558     -0.864717
   1.561     -0.867679
   1.563     -0.870595
   1.566     -0.873466
   1.569     -0.876292
   1.572     -0.879073
   1.574     -0.881809
   1.577     -0.884501
   1.580     -0.887149
   1.583     -0.889752
   1.585     -0.892312
   1.588     -0.894829
   1.591     -0.897302
   1.594     -0.899732
   1.596     -0.902120
   1.599     -0.904465
   1.602     -0.906768
   1.604     -0.909029
   1.607     -0.911249
   1.610     -0.913427
   1.613     -0.915564
   1.615     -0.917660
   1.618     -0.919715
   1.621     -0.921730
   1.624     -0.923705
   1.626     -0.925640
   1.629     -0.927535
   1.632     -0.929391
   1.635     -0.931208
   1.637     -0.932986
   1.640     -0.934725
   1.643     -0.936426
   1.645     -0.938089
   1.648     -0.939713
   1.651     -0.941301
   1.654     -0.942850
   1.656     -0.944363
   1.659     -0.945839
   1.662     -0.947278
   1.665     -0.948681
   1.667     -0.950047
   1.670     -0.951378
   1.673     -0.952673
   1.676     -0.953933
   1.678     -0.955158
   1.681     -0.956347
   1.684     -0.957502
   1.686     -0.958623
   1.689     -0.959710
   1.692     -0.960762
   1.695     -0.961781
   1.697     -0.962767
   1.700     -0.963719
   1.703     -0.964638
   1.706     -0.965525
   1.708     -0.966379
   1.711     -0.967202
   1.714     -0.967992
   1.717     -0.968750
   1.719     -0.969477
   1.722     -0.970173
   1.725     -0.970838
   1.727     -0.971471
   1.730     -0.972075
   1.733     -0.972648
   1.736     -0.973191
   1.738     -0.973705
   1.741     -0.974188
   1.744     -0.974643
   1.747     -0.975068
   1.749     -0.975464
   1.752     -0.975832
   1.755     -0.976172
   1.758     -0.976483
   1.760     -0.976766
   1.763     -0.977022
   1.766     -0.977250
   1.768     -0.977451
   1.771     -0.977625
   1.774     -0.977772
   1.777     -0.977892
   1.779     -0.977986
   1.782     -0.978054
   1.785     -0.978097
   1.788     -0.978113
   1.790     -0.978104
   1.793     -0.978070
   1.796     -0.978011
   1.799     -0.977927
   1.801     -0.977818
   1.804     -0.977685
   1.807     -0.977528
   1.809     -0.977347
   1.812     -0.977143
   1.815     -0.976915
   1.818     -0.976663
   1.820     -0.976389
   1.823     -0.976092
   1.826     -0.975772
   1.829     -0.975429
   1.831     -0.975065
   1.834     -0.974678
   1.837     -0.974270
   1.840     -0.973840
   1.842     -0.973389
   1.845     -0.972917
   1.848     -0.972423
   1.850     -0.971909
   1.853     -0.971374
   1.856     -0.970819
   1.859     -0.970244
   1.861     -0.969649
   1.864     -0.969034
   1.867     -0.968399
   1.870     -0.967746
   1.872     -0.967072
   1.875     -0.966380
   1.878     -0.965670
   1.881     -0.964940
   1.883     -0.964192
   1.886     -0.963426
   1.889     -0.962642
   1.891     -0.961840
   1.894     -0.961021
   1.897     -0.960184
   1.900     -0.959330
   1.902     -0.958458
   1.905     -0.957570
   1.908     -0.956665
   1.911     -0.955743
   1.913     -0.954806
   1.916     -0.953852
   1.919     -0.952881
   1.922     -0.951896
   1.924     -0.950894
   1.927     -0.949877
   1.930     -0.948845
   1.932     -0.947797
   1.935     -0.946735
   1.938     -0.945658
   1.941     -0.944566
   1.943     -0.943460
   1.946     -0.942339
   1.949     -0.941204
   1.952     -0.940056
   1.954     -0.938893
   1.957     -0.937717
   1.960     -0.936528
   1.963     -0.935325
   1.965     -0.934109
   1.968     -0.932881
   1.971     -0.931639
   1.973     -0.930385
   1.976     -0.929118
   1.979     -0.927839
   1.982     -0.926547
   1.984     -0.925244
   1.987     -0.923929
   1.990     -0.922602
   1.993     -0.921263
   1.995     -0.919913
   1.998     -0.918552
   2.001     -0.917180
   2.004     -0.915796
   2.006     -0.914402
   2.009     -0.912997
   2.012     -0.911582
   2.014     -0.910156
   2.017     -0.908720
   2.020     -0.907273
   2.023     -0.905817
   2.025     -0.904351
   2.028     -0.902875
   2.031     -0.901390
   2.034     -0.899895
   2.036     -0.898390
   2.039     -0.896877
   2.042     -0.895355
   2.045     -0.893823
   2.047     -0.892283
   2.050     -0.890734
   2.053     -0.889177
   2.055     -0.887611
   2.058     -0.886037
   2.061     -0.884455
   2.064     -0.882865
   2.066     -0.881267
   2.069     -0.879661
   2.072     -0.878047
   2.075     -0.876426
   2.077     -0.874798
   2.080     -0.873162
   2.083     -0.871519
   2.086     -0.869869
   2.088     -0.868212
   2.091     -0.866549
   2.094     -0.864878
   2.096     -0.863201
   2.099     -0.861517
   2.102     -0.859828
   2.105     -0.858131
   2.107     -0.856429
   2.110     -0.854721
   2.113     -0.853006
   2.116     -0.851286
   2.118     -0.849560
   2.121     -0.847829
   2.124     -0.846092
   2.127     -0.844349
   2.129     -0.842601
   2.132     -0.840848
   2.135     -0.839090
   2.137     -0.837327
   2.140     -0.835559
   2.143     -0.833786
   2.146     -0.832009
   2.148     -0.830227
   2.151     -0.828440
   2.154     -0.826649
   2.157     -0.824854
   2.159     -0.823054
   2.162     -0.821251
   2.165     -0.819443
   2.168     -0.817631
   2.170     -0.815816
   2.173     -0.813996
   2.176     -0.812173
   2.178     -0.810347
   2.181     -0.808516
   2.184     -0.806683
   2.187     -0.804846
   2.189     -0.803006
   2.192     -0.801163
   2.195     -0.799317
   2.198     -0.797467
   2.200     -0.795615
   2.203     -0.793760
   2.206     -0.791902
   2.209     -0.790042
   2.211     -0.788179
   2.214     -0.786313
   2.217     -0.784446
   2.219     -0.782575
   2.222     -0.780703
   2.225     -0.778828
   2.228     -0.776951
   2.230     -0.775072
   2.233     -0.773192
   2.236     -0.771309
   2.239     -0.769424
   2.241     -0.767538
   2.244     -0.765650
   2.247     -0.763761
   2.250     -0.761870
   2.252     -0.759977
   2.255     -0.758084
   2.258     -0.756188
   2.260     -0.754292
   2.263     -0.752394
   2.266     -0.750496
   2.269     -0.748596
   2.271     -0.746695
   2.274     -0.744794
   2.277     -0.742891
   2.280     -0.740988
   2.282     -0.739084
   2.285     -0.737179
   2.288     -0.735274
   2.291     -0.733369
   2.293     -0.731462
   2.296     -0.729556
   2.299     -0.727649
   2.301     -0.725742
   2.304     -0.723834
   2.307     -0.721927
   2.310     -0.720019
   2.312     -0.718111
   2.315     -0.716203
   2.318     -0.714296
   2.321     -0.712388
   2.323     -0.710481
   2.326     -0.708573
   2.329     -0.706667
   2.332     -0.704760
   2.334     -0.702854
   2.337     -0.700948
   2.340     -0.699043
   2.342     -0.697138
   2.345     -0.695234
   2.348     -0.693330
   2.351     -0.691428
   2.353     -0.689526
   2.356     -0.687624
   2.359     -0.685724
   2.362     -0.683824
   2.364     -0.681926
   2.367     -0.680028
   2.370     -0.678131
   2.373     -0.676236
   2.375     -0.674341
   2.378     -0.672448
   2.381     -0.670556
   2.383     -0.668665
   2.386     -0.666776
   2.389     -0.664888
   2.392     -0.663001
   2.394     -0.661115
   2.397     -0.659231
   2.400     -0.657349
   2.403     -0.655468
   2.405     -0.653589
   2.408     -0.651711
   2.411     -0.649835
   2.414     -0.647960
   2.416     -0.646088
   2.419     -0.644217
   2.422     -0.642348
   2.424     -0.640480
   2.427     -0.638615
   2.430     -0.636752
   2.433     -0.634890
   2.435     -0.633030
   2.438     -0.631173
   2.441     -0.629317
   2.444     -0.627464
   2.446     -0.625612
   2.449     -0.623763
   2.452     -0.621916
   2.455     -0.620071
   2.457     -0.618228
   2.460     -0.616388
   2.463     -0.614550
   2.465     -0.612714
   2.468     -0.610880
   2.471     -0.609049
   2.474     -0.607220
   2.476     -0.605394
   2.479     -0.603570
   2.482     -0.601749
   2.485     -0.599930
   2.487     -0.598114
   2.490     -0.596300
   2.493     -0.594489
   2.496     -0.592680
   2.498     -0.590874
   2.501     -0.589071
   2.504     -0.587270
   2.506     -0.585472
   2.509     -0.583677
   2.512     -0.581884
   2.515     -0.580094
   2.517     -0.578307
   2.520     -0.576523
   2.523     -0.574742
   2.526     -0.572963
   2.528     -0.571188
   2.531     -0.569415
   2.534     -0.567645
   2.537     -0.565878
   2.539     -0.564114
   2.542     -0.562353
   2.545     -0.560595
   2.547     -0.558840
   2.550     -0.557087
   2.553     -0.555338
   2.556     -0.553592
   2.558     -0.551849
   2.561     -0.550109
   2.564     -0.548372
   2.567     -0.546639
   2.569     -0.544908
   2.572     -0.543181
   2.575     -0.541456
   2.578     -0.539735
   2.580     -0.538017
   2.583     -0.536302
   2.586     -0.534590
   2.588     -0.532882
   2.591     -0.531177
   2.594     -0.529475
   2.597     -0.527776
   2.599     -0.526080
   2.602     -0.524388
   2.605     -0.522699
   2.608     -0.521013
   2.610     -0.519331
   2.613     -0.517652
   2.616     -0.515976
   2.619     -0.514303
   2.621     -0.512634
   2.624     -0.510968
   2.627     -0.509306
   2.629     -0.507647
   2.632     -0.505991
   2.635     -0.504339
   2.638     -0.502690
   2.640     -0.501044
   2.643     -0.499402
   2.646     -0.497763
   2.649     -0.496128
   2.651     -0.494496
   2.654     -0.492867
   2.657     -0.491242
   2.660     -0.489621
   2.662     -0.488002
   2.665     -0.486388
   2.668     -0.484776
   2.670     -0.483168
   2.673     -0.481564
   2.676     -0.479963
   2.679     -0.478365
   2.681     -0.476771
   2.684     -0.475181
   2.687     -0.473594
   2.690     -0.472010
   2.692     -0.470430
   2.695     -0.468853
   2.698     -0.467280
   2.701     -0.465710
   2.703     -0.464144
   2.706     -0.462582
   2.709     -0.461022
   2.711     -0.459467
   2.714     -0.457915
   2.717     -0.456366
   2.720     -0.454821
   2.722     -0.453279
   2.725     -0.451741
   2.728     -0.450206
   2.731     -0.448675
   2.733     -0.447148
   2.736     -0.445624
   2.739     -0.444103
   2.742     -0.442586
   2.744     -0.441072
   2.747     -0.439562
   2.750     -0.438056
   2.752     -0.436553
   2.755     -0.435053
   2.758     -0.433557
   2.761     -0.432065
   2.763     -0.430576
   2.766     -0.429090
   2.769     -0.427608
   2.772     -0.426130
   2.774     -0.424655
   2.777     -0.423183
   2.780     -0.421715
   2.783     -0.420251
   2.785     -0.418790
   2.788     -0.417332
   2.791     -0.415878
   2.793     -0.414428
   2.796     -0.412980
   2.799     -0.411537
   2.802     -0.410097
   2.804     -0.408660
   2.807     -0.407227
   2.810     -0.405797
   2.813     -0.404371
   2.815     -0.402948
   2.818     -0.401529
   2.821     -0.400113
   2.824     -0.398700
   2.826     -0.397291
   2.829     -0.395886
   2.832     -0.394483
   2.834     -0.393085
   2.837     -0.391689
   2.840     -0.390298
   2.843     -0.388909
   2.845     -0.387524
   2.848     -0.386142
   2.851     -0.384764
   2.854     -0.383389
   2.856     -0.382018
   2.859     -0.380650
   2.862     -0.379285
   2.865     -0.377924
   2.867     -0.376566
   2.870     -0.375211
   2.873     -0.373860
   2.875     -0.372512
   2.878     -0.371168
   2.881     -0.369827
   2.884     -0.368489
   2.886     -0.367155
   2.889     -0.365823
   2.892     -0.364496
   2.895     -0.363171
   2.897     -0.361850
   2.900     -0.360532
   2.903     -0.359218
   2.906     -0.357906
   2.908     -0.356598
   2.911     -0.355294
   2.914     -0.353992
   2.916     -0.352694
   2.919     -0.351399
   2.922     -0.350108
   2.925     -0.348819
   2.927     -0.347534
   2.930     -0.346253
   2.933     -0.344974
   2.936     -0.343699
   2.938     -0.342426
   2.941     -0.341157
   2.944     -0.339892
   2.947     -0.338629
   2.949     -0.337370
   2.952     -0.336114
   2.955     -0.334861
   2.957     -0.333611
   2.960     -0.332364
   2.963     -0.331121
   2.966     -0.329880
   2.968     -0.328643
   2.971     -0.327409
   2.974     -0.326178
   2.977     -0.324951
   2.979     -0.323726
   2.982     -0.322504
   2.985     -0.321286
   2.988     -0.320071
   2.990     -0.318858
   2.993     -0.317649
   2.996     -0.316443
   2.998     -0.315240
   3.001     -0.314040
   3.004     -0.312843
   3.007     -0.311649
   3.009     -0.310458
   3.012     -0.309270
   3.015     -0.308086
   3.018     -0.306904
   3.020     -0.305725
   3.023     -0.304549
   3.026     -0.303377
   3.029     -0.302207
   3.031     -0.301040
   3.034     -0.299876
   3.037     -0.298715
   3.039     -0.297557
   3.042     -0.296402
   3.045     -0.295250
   3.048     -0.294101
   3.050     -0.292955
   3.053     -0.291811
   3.056     -0.290671
   3.059     -0.289534
   3.061     -0.288399
   3.064     -0.287267
   3.067     -0.286138
   3.070     -0.285012
   3.072     -0.283889
   3.075     -0.282769
   3.078     -0.281651
   3.080     -0.280537
   3.083     -0.279425
   3.086     -0.278316
   3.089     -0.277210
   3.091     -0.276107
   3.094     -0.275006
   3.097     -0.273908
   3.100     -0.272813
   3.102     -0.271721
   3.105     -0.270631
   3.108     -0.269545
   3.111     -0.268461
   3.113     -0.267379
   3.116     -0.266301
   3.119     -0.265225
   3.121     -0.264152
   3.124     -0.263082
   3.127     -0.262014
   3.130     -0.260949
   3.132     -0.259887
   3.135     -0.258827
   3.138     -0.257770
   3.141     -0.256716
   3.143     -0.255664
   3.146     -0.254615
   3.149     -0.253568
   3.152     -0.252525
   3.154     -0.251483
   3.157     -0.250445
   3.160     -0.249409
   3.162     -0.248375
   3.165     -0.247345
   3.168     -0.246316
   3.171     -0.245291
   3.173     -0.244268
   3.176     -0.243247
   3.179     -0.242229
   3.182     -0.241214
   3.184     -0.240201
   3.187     -0.239190
   3.190     -0.238182
   3.193     -0.237177
   3.195     -0.236174
   3.198     -0.235173
   3.201     -0.234175
   3.203     -0.233180
   3.206     -0.232187
   3.209     -0.231196
   3.212     -0.230208
   3.214     -0.229222
   3.217     -0.228239
   3.220     -0.227258
   3.223     -0.226280
   3.225     -0.225304
   3.228     -0.224330
   3.231     -0.223359
   3.234     -0.222390
   3.236     -0.221423
   3.239     -0.220459
   3.242     -0.219497
   3.244     -0.218538
   3.247     -0.217581
   3.250     -0.216626
   3.253     -0.215673
   3.255     -0.214723
   3.258     -0.213775
   3.261     -0.212830
   3.264     -0.211887
   3.266     -0.210946
   3.269     -0.210007
   3.272     -0.209071
   3.275     -0.208137
   3.277     -0.207205
   3.280     -0.206275
   3.283     -0.205348
   3.285     -0.204423
   3.288     -0.203500
   3.291     -0.202579
   3.294     -0.201660
   3.296     -0.200744
   3.299     -0.199830
   3.302     -0.198918
   3.305     -0.198008
   3.307     -0.197101
   3.310     -0.196195
   3.313     -0.195292
   3.316     -0.194391
   3.318     -0.193492
   3.321     -0.192595
   3.324     -0.191701
   3.326     -0.190808
   3.329     -0.189917
   3.332     -0.189029
   3.335     -0.188143
   3.337     -0.187259
   3.340     -0.186377
   3.343     -0.185496
   3.346     -0.184619
   3.348     -0.183743
   3.351     -0.182869
   3.354     -0.181997
   3.357     -0.181127
   3.359     -0.180259
   3.362     -0.179394
   3.365     -0.178530
   3.367     -0.177668
   3.370     -0.176809
   3.373     -0.175951
   3.376     -0.175095
   3.378     -0.174241
   3.381     -0.173390
   3.384     -0.172540
   3.387     -0.171692
   3.389     -0.170846
   3.392     -0.170002
   3.395     -0.169160
   3.398     -0.168320
   3.400     -0.167482
   3.403     -0.166646
   3.406     -0.165811
   3.408     -0.164979
   3.411     -0.164148
   3.414     -0.163320
   3.417     -0.162493
   3.419     -0.161668
   3.422     -0.160845
   3.425     -0.160024
   3.428     -0.159205
   3.430     -0.158387
   3.433     -0.157571
   3.436     -0.156758
   3.439     -0.155946
   3.441     -0.155135
   3.444     -0.154327
   3.447     -0.153521
   3.449     -0.152716
   3.452     -0.151913
   3.455     -0.151112
   3.458     -0.150312
   3.460     -0.149515
   3.463     -0.148719
   3.466     -0.147925
   3.469     -0.147132
   3.471     -0.146342
   3.474     -0.145553
   3.477     -0.144766
   3.480     -0.143980
   3.482     -0.143197
   3.485     -0.142415
   3.488     -0.141635
   3.490     -0.140856
   3.493     -0.140079
   3.496     -0.139304
   3.499     -0.138530
   3.501     -0.137759
   3.504     -0.136988
   3.507     -0.136220
   3.510     -0.135453
   3.512     -0.134688
   3.515     -0.133924
   3.518     -0.133163
   3.521     -0.132402
   3.523     -0.131644
   3.526     -0.130887
   3.529     -0.130131
   3.531     -0.129377
   3.534     -0.128625
   3.537     -0.127875
   3.540     -0.127126
   3.542     -0.126378
   3.545     -0.125632
   3.548     -0.124888
   3.551     -0.124145
   3.553     -0.123404
   3.556     -0.122664
   3.559     -0.121926
   3.562     -0.121190
   3.564     -0.120455
   3.567     -0.119721
   3.570     -0.118989
   3.572     -0.118259
   3.575     -0.117530
   3.578     -0.116803
   3.581     -0.116077
   3.583     -0.115352
   3.586     -0.114629
   3.589     -0.113908
   3.592     -0.113188
   3.594     -0.112470
   3.597     -0.111753
   3.600     -0.111037
   3.603     -0.110323
   3.605     -0.109610
   3.608     -0.108899
   3.611     -0.108189
   3.613     -0.107481
   3.616     -0.106774
   3.619     -0.106069
   3.622     -0.105364
   3.624     -0.104662
   3.627     -0.103961
   3.630     -0.103261
   3.633     -0.102562
   3.635     -0.101865
   3.638     -0.101170
   3.641     -0.100475
   3.644     -0.099782
   3.646     -0.099091
   3.649     -0.098401
   3.652     -0.097712
   3.654     -0.097024
   3.657     -0.096338
   3.660     -0.095654
   3.663     -0.094970
   3.665     -0.094288
   3.668     -0.093608
   3.671     -0.092928
   3.674     -0.092250
   3.676     -0.091574
   3.679     -0.090898
   3.682     -0.090225
   3.685     -0.089552
   3.687     -0.088880
   3.690     -0.088210
   3.693     -0.087542
   3.695     -0.086874
   3.698     -0.086208
   3.701     -0.085543
   3.704     -0.084880
   3.706     -0.084217
   3.709     -0.083556
   3.712     -0.082897
   3.715     -0.082238
   3.717     -0.081581
   3.720     -0.080925
   3.723     -0.080270
   3.726     -0.079617
   3.728     -0.078964
   3.731     -0.078313
   3.734     -0.077664
   3.736     -0.077015
   3.739     -0.076368
   3.742     -0.075722
   3.745     -0.075077
   3.747     -0.074433
   3.750     -0.073790
   3.753     -0.073149
   3.756     -0.072509
   3.758     -0.071870
   3.761     -0.071232
   3.764     -0.070596
   3.767     -0.069960
   3.769     -0.069326
   3.772     -0.068693
   3.775     -0.068061
   3.777     -0.067431
   3.780     -0.066801
   3.783     -0.066173
   3.786     -0.065545
   3.788     -0.064919
   3.791     -0.064294
   3.794     -0.063670
   3.797     -0.063047
   3.799     -0.062426
   3.802     -0.061805
   3.805     -0.061186
   3.808     -0.060568
   3.810     -0.059951
   3.813     -0.059334
   3.816     -0.058719
   3.818     -0.058106
   3.821     -0.057493
   3.824     -0.056881
   3.827     -0.056271
   3.829     -0.055661
   3.832     -0.055053
   3.835     -0.054445
   3.838     -0.053839
   3.840     -0.053234
   3.843     -0.052629
   3.846     -0.052026
   3.849     -0.051424
   3.851     -0.050823
   3.854     -0.050223
   3.857     -0.049624
   3.859     -0.049026
   3.862     -0.048429
   3.865     -0.047833
   3.868     -0.047238
   3.870     -0.046645
   3.873     -0.046052
   3.876     -0.045460
   3.879     -0.044869
   3.881     -0.044279
   3.884     -0.043690
   3.887     -0.043103
   3.890     -0.042516
   3.892     -0.041930
   3.895     -0.041345
   3.898     -0.040761
   3.900     -0.040178
   3.903     -0.039596
   3.906     -0.039015
   3.909     -0.038435
   3.911     -0.037856
   3.914     -0.037278
   3.917     -0.036701
   3.920     -0.036125
   3.922     -0.035550
   3.925     -0.034975
   3.928     -0.034402
   3.931     -0.033830
   3.933     -0.033258
   3.936     -0.032688
   3.939     -0.032118
   3.941     -0.031549
   3.944     -0.030982
   3.947     -0.030415
   3.950     -0.029849
   3.952     -0.029284
   3.955     -0.028719
   3.958     -0.028156
   3.961     -0.027594
   3.963     -0.027032
   3.966     -0.026472
   3.969     -0.025912
   3.972     -0.025353
   3.974     -0.024795
   3.977     -0.024238
   3.980     -0.023682
   3.982     -0.023126
   3.985     -0.022572
   3.988     -0.022018
   3.991     -0.021465
   3.993     -0.020913
   3.996     -0.020362
   3.999     -0.019812
   4.002     -0.019262
   4.004     -0.018713
   4.007     -0.018166
   4.010     -0.017619
   4.013     -0.017072
   4.015     -0.016527
   4.018     -0.015982
   4.021     -0.015439
   4.023     -0.014896
   4.026     -0.014353
   4.029     -0.013812
   4.032     -0.013271
   4.034     -0.012731
   4.037     -0.012192
   4.040     -0.011654
   4.043     -0.011117
   4.045     -0.010580
   4.048     -0.010044
   4.051     -0.009509
   4.054     -0.008974
   4.056     -0.008441
   4.059     -0.007908
   4.062     -0.007375
   4.064     -0.006844
   4.067     -0.006313
   4.070     -0.005783
   4.073     -0.005254
   4.075     -0.004725
   4.078     -0.004197
   4.081     -0.003670
   4.084     -0.003144
   4.086     -0.002618
   4.089     -0.002093
   4.092     -0.001569
   4.095     -0.001045
   4.097     -0.000522
   4.100      0.000000
