   0.000     -0.000055
   0.003      0.000027
   0.006      0.000109
   0.009      0.000246
   0.012      0.000437
   0.015      0.000682
   0.018      0.000982
   0.021      0.001337
   0.023      0.001746
   0.026      0.002210
   0.029      0.002728
   0.032      0.003300
   0.035      0.003927
   0.038      0.004608
   0.041      0.005343
   0.044      0.006132
   0.047      0.006975
   0.050      0.007872
   0.053      0.008823
   0.056      0.009828
   0.059      0.010887
   0.062      0.011999
   0.065      0.013165
   0.067      0.014384
   0.070      0.015657
   0.073      0.016983
   0.076      0.018361
   0.079      0.019793
   0.082      0.021278
   0.085      0.022815
   0.088      0.024405
   0.091      0.026047
   0.094      0.027742
   0.097      0.029488
   0.100      0.031287
   0.103      0.033137
   0.106      0.035039
   0.109      0.036993
   0.111      0.038997
   0.114      0.041053
   0.117      0.043159
   0.120      0.045316
   0.123      0.047524
   0.126      0.049781
   0.129      0.052089
   0.132      0.054447
   0.135      0.056854
   0.138      0.059310
   0.141      0.061816
   0.144      0.064370
   0.147      0.066973
   0.150      0.069624
   0.153      0.072324
   0.155      0.075071
   0.158      0.077866
   0.161      0.080708
   0.164      0.083596
   0.167      0.086532
   0.170      0.089514
   0.173      0.092542
   0.176      0.095616
   0.179      0.098735
   0.182      0.101899
   0.185      0.105108
   0.188      0.108361
   0.191      0.111659
   0.194      0.115000
   0.197      0.118385
   0.199      0.121813
   0.202      0.125283
   0.205      0.128796
   0.208      0.132350
   0.211      0.135947
   0.214      0.139584
   0.217      0.143262
   0.220      0.146980
   0.223      0.150739
   0.226      0.154536
   0.229      0.158373
   0.232      0.162249
   0.235      0.166163
   0.238      0.170115
   0.241      0.174104
   0.243      0.178130
   0.246      0.182192
   0.249      0.186291
   0.252      0.190424
   0.255      0.194593
   0.258      0.198797
   0.261      0.203035
   0.264      0.207306
   0.267      0.211610
   0.270      0.215947
   0.273      0.220316
   0.276      0.224717
   0.279      0.229149
   0.282      0.233611
   0.285      0.238103
   0.287      0.242625
   0.290      0.247176
   0.293      0.251755
   0.296      0.256362
   0.299      0.260996
   0.302      0.265657
   0.305      0.270344
   0.308      0.275057
   0.311      0.279795
   0.314      0.284558
   0.317      0.289344
   0.320      0.294154
   0.323      0.298986
   0.326      0.303841
   0.329      0.308717
   0.331      0.313615
   0.334      0.318532
   0.337      0.323470
   0.340      0.328427
   0.343      0.333402
   0.346      0.338396
   0.349      0.343407
   0.352      0.348434
   0.355      0.353478
   0.358      0.358538
   0.361      0.363612
   0.364      0.368701
   0.367      0.373803
   0.370      0.378919
   0.373      0.384047
   0.375      0.389187
   0.378      0.394339
   0.381      0.399501
   0.384      0.404673
   0.387      0.409854
   0.390      0.415045
   0.393      0.420243
   0.396      0.425449
   0.399      0.430663
   0.402      0.435882
   0.405      0.441108
   0.408      0.446338
   0.411      0.451573
   0.414      0.456812
   0.417      0.462055
   0.419      0.467300
   0.422      0.472547
   0.425      0.477796
   0.428      0.483047
   0.431      0.488297
   0.434      0.493547
   0.437      0.498797
   0.440      0.504045
   0.443      0.509292
   0.446      0.514536
   0.449      0.519777
   0.452      0.525014
   0.455      0.530248
   0.458      0.535476
   0.461      0.540700
   0.463      0.545918
   0.466      0.551130
   0.469      0.556335
   0.472      0.561533
   0.475      0.566723
   0.478      0.571906
   0.481      0.577079
   0.484      0.582243
   0.487      0.587398
   0.490      0.592542
   0.493      0.597676
   0.496      0.602799
   0.499      0.607910
   0.502      0.613010
   0.505      0.618097
   0.507      0.623172
   0.510      0.628233
   0.513      0.633281
   0.516      0.638315
   0.519      0.643334
   0.522      0.648339
   0.525      0.653329
   0.528      0.658304
   0.531      0.663263
   0.534      0.668205
   0.537      0.673132
   0.540      0.678041
   0.543      0.682934
   0.546      0.687809
   0.549      0.692667
   0.551      0.697507
   0.554      0.702329
   0.557      0.707132
   0.560      0.711917
   0.563      0.716683
   0.566      0.721429
   0.569      0.726157
   0.572      0.730865
   0.575      0.735553
   0.578      0.740221
   0.581      0.744869
   0.584      0.749497
   0.587      0.754104
   0.590      0.758691
   0.593      0.763257
   0.595      0.767803
   0.598      0.772327
   0.601      0.776830
   0.604      0.781312
   0.607      0.785773
   0.610      0.790212
   0.613      0.794630
   0.616      0.799026
   0.619      0.803401
   0.622      0.807754
   0.625      0.812085
   0.628      0.816395
   0.631      0.820682
   0.634      0.824948
   0.637      0.829193
   0.639      0.833415
   0.642      0.837616
   0.645      0.841794
   0.648      0.845951
   0.651      0.850086
   0.654      0.854200
   0.657      0.858291
   0.660      0.862361
   0.663      0.866409
   0.666      0.870436
   0.669      0.874441
   0.672      0.878425
   0.675      0.882387
   0.678      0.886328
   0.681      0.890247
   0.683      0.894145
   0.686      0.898022
   0.689      0.901878
   0.692      0.905713
   0.695      0.909527
   0.698      0.913320
   0.701      0.917093
   0.704      0.920845
   0.707      0.924576
   0.710      0.928287
   0.713      0.931977
   0.716      0.935648
   0.719      0.939298
   0.722      0.942928
   0.725      0.946539
   0.727      0.950129
   0.730      0.953700
   0.733      0.957251
   0.736      0.960783
   0.739      0.964296
   0.742      0.967789
   0.745      0.971263
   0.748      0.974718
   0.751      0.978154
   0.754      0.981572
   0.757      0.984970
   0.760      0.988351
   0.763      0.991712
   0.766      0.995055
   0.769      0.998380
   0.771      1.001687
   0.774      1.004976
   0.777      1.008246
   0.780      1.011499
   0.783      1.014734
   0.786      1.017952
   0.789      1.021151
   0.792      1.024334
   0.795      1.027498
   0.798      1.030646
   0.801      1.033776
   0.804      1.036889
   0.807      1.039985
   0.810      1.043064
   0.813      1.046126
   0.815      1.049171
   0.818      1.052199
   0.821      1.055210
   0.824      1.058205
   0.827      1.061183
   0.830      1.064144
   0.833      1.067089
   0.836      1.070017
   0.839      1.072929
   0.842      1.075825
   0.845      1.078704
   0.848      1.081567
   0.851      1.084413
   0.854      1.087243
   0.857      1.090057
   0.859      1.092855
   0.862      1.095637
   0.865      1.098402
   0.868      1.101152
   0.871      1.103885
   0.874      1.106602
   0.877      1.109303
   0.880      1.111988
   0.883      1.114657
   0.886      1.117311
   0.889      1.119947
   0.892      1.122568
   0.895      1.125173
   0.898      1.127762
   0.901      1.130335
   0.903      1.132892
   0.906      1.135433
   0.909      1.137958
   0.912      1.140467
   0.915      1.142959
   0.918      1.145436
   0.921      1.147897
   0.924      1.150341
   0.927      1.152770
   0.930      1.155182
   0.933      1.157579
   0.936      1.159959
   0.939      1.162323
   0.942      1.164671
   0.945      1.167003
   0.947      1.169319
   0.950      1.171618
   0.953      1.173901
   0.956      1.176168
   0.959      1.178419
   0.962      1.180654
   0.965      1.182872
   0.968      1.185074
   0.971      1.187260
   0.974      1.189429
   0.977      1.191582
   0.980      1.193718
   0.983      1.195839
   0.986      1.197942
   0.989      1.200030
   0.991      1.202101
   0.994      1.204155
   0.997      1.206193
   1.000      1.208215
   1.003      1.210220
   1.006      1.212209
   1.009      1.214181
   1.012      1.216136
   1.015      1.218075
   1.018      1.219997
   1.021      1.221903
   1.024      1.223792
   1.027      1.225665
   1.030      1.227521
   1.033      1.229360
   1.035      1.231183
   1.038      1.232989
   1.041      1.234778
   1.044      1.236551
   1.047      1.238307
   1.050      1.240046
   1.053      1.241769
   1.056      1.243475
   1.059      1.245164
   1.062      1.246836
   1.065      1.248492
   1.068      1.250131
   1.071      1.251754
   1.074      1.253359
   1.077      1.254948
   1.079      1.256521
   1.082      1.258076
   1.085      1.259615
   1.088      1.261137
   1.091      1.262643
   1.094      1.264131
   1.097      1.265603
   1.100      1.267059
   1.103      1.268497
   1.106      1.269919
   1.109      1.271324
   1.112      1.272713
   1.115      1.274085
   1.118      1.275440
   1.121      1.276779
   1.123      1.278101
   1.126      1.279406
   1.129      1.280695
   1.132      1.281967
   1.135      1.283222
   1.138      1.284461
   1.141      1.285683
   1.144      1.286889
   1.147      1.288078
   1.150      1.289250
   1.153      1.290406
   1.156      1.291546
   1.159      1.292669
   1.162      1.293775
   1.165      1.294865
   1.167      1.295939
   1.170      1.296996
   1.173      1.298037
   1.176      1.299061
   1.179      1.300069
   1.182      1.301060
   1.185      1.302035
   1.188      1.302994
   1.191      1.303936
   1.194      1.304863
   1.197      1.305772
   1.200      1.306666
   1.203      1.307543
   1.206      1.308404
   1.209      1.309249
   1.211      1.310078
   1.214      1.310890
   1.217      1.311687
   1.220      1.312467
   1.223      1.313231
   1.226      1.313979
   1.229      1.314711
   1.232      1.315427
   1.235      1.316126
   1.238      1.316810
   1.241      1.317478
   1.244      1.318130
   1.247      1.318766
   1.250      1.319386
   1.253      1.319990
   1.255      1.320579
   1.258      1.321151
   1.261      1.321708
   1.264      1.322249
   1.267      1.322774
   1.270      1.323284
   1.273      1.323777
   1.276      1.324256
   1.279      1.324718
   1.282      1.325165
   1.285      1.325596
   1.288      1.326012
   1.291      1.326412
   1.294      1.326796
   1.297      1.327165
   1.299      1.327519
   1.302      1.327857
   1.305      1.328180
   1.308      1.328487
   1.311      1.328779
   1.314      1.329056
   1.317      1.329318
   1.320      1.329564
   1.323      1.329795
   1.326      1.330011
   1.329      1.330211
   1.332      1.330397
   1.335      1.330567
   1.338      1.330722
   1.341      1.330862
   1.343      1.330987
   1.346      1.331098
   1.349      1.331193
   1.352      1.331273
   1.355      1.331339
   1.358      1.331389
   1.361      1.331425
   1.364      1.331446
   1.367      1.331452
   1.370      1.331443
   1.373      1.331420
   1.376      1.331382
   1.379      1.331329
   1.382      1.331262
   1.385      1.331180
   1.387      1.331084
   1.390      1.330973
   1.393      1.330848
   1.396      1.330708
   1.399      1.330554
   1.402      1.330386
   1.405      1.330203
   1.408      1.330006
   1.411      1.329795
   1.414      1.329569
   1.417      1.329329
   1.420      1.329075
   1.423      1.328807
   1.426      1.328525
   1.429      1.328229
   1.431      1.327919
   1.434      1.327595
   1.437      1.327257
   1.440      1.326905
   1.443      1.326539
   1.446      1.326159
   1.449      1.325766
   1.452      1.325359
   1.455      1.324938
   1.458      1.324503
   1.461      1.324055
   1.464      1.323593
   1.467      1.323118
   1.470      1.322629
   1.473      1.322127
   1.475      1.321611
   1.478      1.321082
   1.481      1.320539
   1.484      1.319983
   1.487      1.319414
   1.490      1.318832
   1.493      1.318236
   1.496      1.317627
   1.499      1.317005
   1.502      1.316370
   1.505      1.315722
   1.508      1.315061
   1.511      1.314387
   1.514      1.313700
   1.517      1.313000
   1.519      1.312288
   1.522      1.311562
   1.525      1.310824
   1.528      1.310073
   1.531      1.309309
   1.534      1.308533
   1.537      1.307744
   1.540      1.306943
   1.543      1.306129
   1.546      1.305302
   1.549      1.304463
   1.552      1.303612
   1.555      1.302749
   1.558      1.301873
   1.561      1.300985
   1.563      1.300084
   1.566      1.299172
   1.569      1.298247
   1.572      1.297311
   1.575      1.296362
   1.578      1.295401
   1.581      1.294429
   1.584      1.293444
   1.587      1.292448
   1.590      1.291439
   1.593      1.290419
   1.596      1.289388
   1.599      1.288344
   1.602      1.287289
   1.605      1.286222
   1.607      1.285144
   1.610      1.284054
   1.613      1.282953
   1.616      1.281841
   1.619      1.280717
   1.622      1.279581
   1.625      1.278435
   1.628      1.277277
   1.631      1.276108
   1.634      1.274928
   1.637      1.273737
   1.640      1.272535
   1.643      1.271321
   1.646      1.270097
   1.649      1.268862
   1.651      1.267616
   1.654      1.266359
   1.657      1.265092
   1.660      1.263813
   1.663      1.262524
   1.666      1.261225
   1.669      1.259914
   1.672      1.258594
   1.675      1.257263
   1.678      1.255921
   1.681      1.254569
   1.684      1.253206
   1.687      1.251834
   1.690      1.250451
   1.693      1.249058
   1.695      1.247654
   1.698      1.246241
   1.701      1.244818
   1.704      1.243384
   1.707      1.241941
   1.710      1.240487
   1.713      1.239024
   1.716      1.237551
   1.719      1.236068
   1.722      1.234576
   1.725      1.233074
   1.728      1.231562
   1.731      1.230040
   1.734      1.228509
   1.737      1.226969
   1.739      1.225419
   1.742      1.223860
   1.745      1.222291
   1.748      1.220714
   1.751      1.219127
   1.754      1.217530
   1.757      1.215925
   1.760      1.214311
   1.763      1.212687
   1.766      1.211055
   1.769      1.209413
   1.772      1.207763
   1.775      1.206104
   1.778      1.204436
   1.781      1.202759
   1.783      1.201074
   1.786      1.199380
   1.789      1.197677
   1.792      1.195966
   1.795      1.194247
   1.798      1.192519
   1.801      1.190782
   1.804      1.189038
   1.807      1.187285
   1.810      1.185523
   1.813      1.183754
   1.816      1.181976
   1.819      1.180191
   1.822      1.178397
   1.825      1.176595
   1.827      1.174786
   1.830      1.172968
   1.833      1.171143
   1.836      1.169310
   1.839      1.167469
   1.842      1.165620
   1.845      1.163764
   1.848      1.161900
   1.851      1.160029
   1.854      1.158150
   1.857      1.156264
   1.860      1.154370
   1.863      1.152470
   1.866      1.150561
   1.869      1.148646
   1.871      1.146723
   1.874      1.144794
   1.877      1.142857
   1.880      1.140913
   1.883      1.138962
   1.886      1.137004
   1.889      1.135040
   1.892      1.133068
   1.895      1.131090
   1.898      1.129105
   1.901      1.127114
   1.904      1.125116
   1.907      1.123111
   1.910      1.121099
   1.913      1.119082
   1.915      1.117058
   1.918      1.115027
   1.921      1.112990
   1.924      1.110947
   1.927      1.108898
   1.930      1.106842
   1.933      1.104781
   1.936      1.102713
   1.939      1.100639
   1.942      1.098560
   1.945      1.096474
   1.948      1.094383
   1.951      1.092285
   1.954      1.090182
   1.957      1.088074
   1.959      1.085959
   1.962      1.083840
   1.965      1.081714
   1.968      1.079583
   1.971      1.077447
   1.974      1.075305
   1.977      1.073157
   1.980      1.071005
   1.983      1.068847
   1.986      1.066684
   1.989      1.064516
   1.992      1.062343
   1.995      1.060165
   1.998      1.057981
   2.001      1.055793
   2.003      1.053600
   2.006      1.051402
   2.009      1.049199
   2.012      1.046992
   2.015      1.044779
   2.018      1.042562
   2.021      1.040341
   2.024      1.038115
   2.027      1.035884
   2.030      1.033649
   2.033      1.031410
   2.036      1.029166
   2.039      1.026918
   2.042      1.024666
   2.045      1.022409
   2.047      1.020148
   2.050      1.017884
   2.053      1.015615
   2.056      1.013342
   2.059      1.011065
   2.062      1.008784
   2.065      1.006500
   2.068      1.004211
   2.071      1.001919
   2.074      0.999623
   2.077      0.997324
   2.080      0.995021
   2.083      0.992714
   2.086      0.990404
   2.089      0.988090
   2.091      0.985773
   2.094      0.983452
   2.097      0.981128
   2.100      0.978801
   2.103      0.976471
   2.106      0.974137
   2.109      0.971801
   2.112      0.969461
   2.115      0.967118
   2.118      0.964773
   2.121      0.962424
   2.124      0.960072
   2.127      0.957718
   2.130      0.955361
   2.133      0.953001
   2.135      0.950638
   2.138      0.948272
   2.141      0.945904
   2.144      0.943534
   2.147      0.941161
   2.150      0.938785
   2.153      0.936407
   2.156      0.934027
   2.159      0.931645
   2.162      0.929260
   2.165      0.926872
   2.168      0.924483
   2.171      0.922092
   2.174      0.919698
   2.177      0.917302
   2.179      0.914905
   2.182      0.912505
   2.185      0.910104
   2.188      0.907700
   2.191      0.905295
   2.194      0.902888
   2.197      0.900480
   2.200      0.898069
   2.203      0.895657
   2.206      0.893244
   2.209      0.890828
   2.212      0.888412
   2.215      0.885994
   2.218      0.883574
   2.221      0.881153
   2.223      0.878731
   2.226      0.876308
   2.229      0.873883
   2.232      0.871457
   2.235      0.869030
   2.238      0.866602
   2.241      0.864172
   2.244      0.861742
   2.247      0.859311
   2.250      0.856879
   2.253      0.854446
   2.256      0.852012
   2.259      0.849577
   2.262      0.847141
   2.265      0.844705
   2.267      0.842268
   2.270      0.839831
   2.273      0.837393
   2.276      0.834954
   2.279      0.832515
   2.282      0.830076
   2.285      0.827636
   2.288      0.825195
   2.291      0.822755
   2.294      0.820314
   2.297      0.817872
   2.300      0.815431
   2.303      0.812989
   2.306      0.810547
   2.309      0.808106
   2.311      0.805664
   2.314      0.803222
   2.317      0.800780
   2.320      0.798338
   2.323      0.795897
   2.326      0.793455
   2.329      0.791014
   2.332      0.788573
   2.335      0.786132
   2.338      0.783691
   2.341      0.781251
   2.344      0.778812
   2.347      0.776372
   2.350      0.773933
   2.353      0.771495
   2.355      0.769057
   2.358      0.766620
   2.361      0.764184
   2.364      0.761748
   2.367      0.759313
   2.370      0.756878
   2.373      0.754445
   2.376      0.752012
   2.379      0.749580
   2.382      0.747149
   2.385      0.744719
   2.388      0.742290
   2.391      0.739861
   2.394      0.737434
   2.397      0.735008
   2.399      0.732583
   2.402      0.730160
   2.405      0.727737
   2.408      0.725316
   2.411      0.722896
   2.414      0.720477
   2.417      0.718059
   2.420      0.715643
   2.423      0.713229
   2.426      0.710816
   2.429      0.708404
   2.432      0.705994
   2.435      0.703585
   2.438      0.701178
   2.441      0.698772
   2.443      0.696369
   2.446      0.693966
   2.449      0.691566
   2.452      0.689167
   2.455      0.686770
   2.458      0.684375
   2.461      0.681982
   2.464      0.679591
   2.467      0.677201
   2.470      0.674814
   2.473      0.672429
   2.476      0.670045
   2.479      0.667664
   2.482      0.665285
   2.485      0.662907
   2.487      0.660532
   2.490      0.658159
   2.493      0.655789
   2.496      0.653420
   2.499      0.651054
   2.502      0.648691
   2.505      0.646329
   2.508      0.643970
   2.511      0.641613
   2.514      0.639259
   2.517      0.636907
   2.520      0.634558
   2.523      0.632211
   2.526      0.629867
   2.529      0.627525
   2.531      0.625186
   2.534      0.622850
   2.537      0.620516
   2.540      0.618185
   2.543      0.615857
   2.546      0.613532
   2.549      0.611209
   2.552      0.608889
   2.555      0.606572
   2.558      0.604258
   2.561      0.601947
   2.564      0.599638
   2.567      0.597333
   2.570      0.595030
   2.573      0.592731
   2.575      0.590435
   2.578      0.588141
   2.581      0.585851
   2.584      0.583564
   2.587      0.581280
   2.590      0.578999
   2.593      0.576722
   2.596      0.574448
   2.599      0.572177
   2.602      0.569909
   2.605      0.567644
   2.608      0.565383
   2.611      0.563125
   2.614      0.560871
   2.617      0.558620
   2.619      0.556372
   2.622      0.554128
   2.625      0.551888
   2.628      0.549651
   2.631      0.547417
   2.634      0.545187
   2.637      0.542960
   2.640      0.540738
   2.643      0.538518
   2.646      0.536303
   2.649      0.534091
   2.652      0.531882
   2.655      0.529678
   2.658      0.527477
   2.661      0.525280
   2.663      0.523087
   2.666      0.520897
   2.669      0.518712
   2.672      0.516530
   2.675      0.514352
   2.678      0.512178
   2.681      0.510008
   2.684      0.507842
   2.687      0.505680
   2.690      0.503522
   2.693      0.501367
   2.696      0.499217
   2.699      0.497071
   2.702      0.494929
   2.705      0.492791
   2.707      0.490657
   2.710      0.488527
   2.713      0.486401
   2.716      0.484280
   2.719      0.482163
   2.722      0.480049
   2.725      0.477941
   2.728      0.475836
   2.731      0.473735
   2.734      0.471639
   2.737      0.469547
   2.740      0.467460
   2.743      0.465377
   2.746      0.463298
   2.749      0.461223
   2.751      0.459153
   2.754      0.457087
   2.757      0.455026
   2.760      0.452969
   2.763      0.450916
   2.766      0.448868
   2.769      0.446825
   2.772      0.444786
   2.775      0.442751
   2.778      0.440721
   2.781      0.438695
   2.784      0.436675
   2.787      0.434658
   2.790      0.432646
   2.793      0.430639
   2.795      0.428637
   2.798      0.426639
   2.801      0.424645
   2.804      0.422657
   2.807      0.420673
   2.810      0.418694
   2.813      0.416719
   2.816      0.414749
   2.819      0.412784
   2.822      0.410824
   2.825      0.408868
   2.828      0.406917
   2.831      0.404971
   2.834      0.403030
   2.837      0.401094
   2.839      0.399162
   2.842      0.397235
   2.845      0.395313
   2.848      0.393396
   2.851      0.391484
   2.854      0.389577
   2.857      0.387674
   2.860      0.385777
   2.863      0.383884
   2.866      0.381996
   2.869      0.380114
   2.872      0.378236
   2.875      0.376363
   2.878      0.374495
   2.881      0.372632
   2.883      0.370775
   2.886      0.368922
   2.889      0.367074
   2.892      0.365231
   2.895      0.363393
   2.898      0.361560
   2.901      0.359733
   2.904      0.357910
   2.907      0.356092
   2.910      0.354280
   2.913      0.352472
   2.916      0.350670
   2.919      0.348873
   2.922      0.347081
   2.925      0.345294
   2.927      0.343512
   2.930      0.341735
   2.933      0.339963
   2.936      0.338197
   2.939      0.336435
   2.942      0.334679
   2.945      0.332928
   2.948      0.331183
   2.951      0.329442
   2.954      0.327706
   2.957      0.325976
   2.960      0.324251
   2.963      0.322531
   2.966      0.320817
   2.969      0.319107
   2.971      0.317403
   2.974      0.315704
   2.977      0.314011
   2.980      0.312322
   2.983      0.310639
   2.986      0.308961
   2.989      0.307288
   2.992      0.305621
   2.995      0.303959
   2.998      0.302302
   3.001      0.300650
   3.004      0.299004
   3.007      0.297363
   3.010      0.295727
   3.013      0.294097
   3.015      0.292472
   3.018      0.290852
   3.021      0.289237
   3.024      0.287628
   3.027      0.286024
   3.030      0.284426
   3.033      0.282832
   3.036      0.281244
   3.039      0.279662
   3.042      0.278084
   3.045      0.276512
   3.048      0.274946
   3.051      0.273384
   3.054      0.271828
   3.057      0.270278
   3.059      0.268732
   3.062      0.267192
   3.065      0.265658
   3.068      0.264128
   3.071      0.262604
   3.074      0.261086
   3.077      0.259572
   3.080      0.258064
   3.083      0.256562
   3.086      0.255064
   3.089      0.253572
   3.092      0.252086
   3.095      0.250605
   3.098      0.249129
   3.101      0.247658
   3.103      0.246193
   3.106      0.244733
   3.109      0.243279
   3.112      0.241829
   3.115      0.240386
   3.118      0.238947
   3.121      0.237514
   3.124      0.236086
   3.127      0.234664
   3.130      0.233247
   3.133      0.231835
   3.136      0.230428
   3.139      0.229027
   3.142      0.227631
   3.145      0.226241
   3.147      0.224856
   3.150      0.223476
   3.153      0.222102
   3.156      0.220732
   3.159      0.219369
   3.162      0.218010
   3.165      0.216657
   3.168      0.215309
   3.171      0.213966
   3.174      0.212629
   3.177      0.211297
   3.180      0.209970
   3.183      0.208649
   3.186      0.207333
   3.189      0.206022
   3.191      0.204717
   3.194      0.203416
   3.197      0.202121
   3.200      0.200832
   3.203      0.199547
   3.206      0.198268
   3.209      0.196994
   3.212      0.195726
   3.215      0.194462
   3.218      0.193204
   3.221      0.191951
   3.224      0.190703
   3.227      0.189461
   3.230      0.188224
   3.233      0.186992
   3.235      0.185765
   3.238      0.184544
   3.241      0.183327
   3.244      0.182116
   3.247      0.180910
   3.250      0.179709
   3.253      0.178514
   3.256      0.177323
   3.259      0.176138
   3.262      0.174958
   3.265      0.173783
   3.268      0.172614
   3.271      0.171449
   3.274      0.170290
   3.277      0.169135
   3.279      0.167986
   3.282      0.166842
   3.285      0.165703
   3.288      0.164569
   3.291      0.163441
   3.294      0.162317
   3.297      0.161198
   3.300      0.160085
   3.303      0.158977
   3.306      0.157873
   3.309      0.156775
   3.312      0.155682
   3.315      0.154594
   3.318      0.153511
   3.321      0.152432
   3.323      0.151359
   3.326      0.150291
   3.329      0.149228
   3.332      0.148170
   3.335      0.147117
   3.338      0.146069
   3.341      0.145026
   3.344      0.143988
   3.347      0.142955
   3.350      0.141926
   3.353      0.140903
   3.356      0.139885
   3.359      0.138871
   3.362      0.137863
   3.365      0.136859
   3.367      0.135860
   3.370      0.134866
   3.373      0.133877
   3.376      0.132893
   3.379      0.131914
   3.382      0.130940
   3.385      0.129970
   3.388      0.129005
   3.391      0.128045
   3.394      0.127090
   3.397      0.126140
   3.400      0.125195
   3.403      0.124254
   3.406      0.123318
   3.409      0.122387
   3.411      0.121460
   3.414      0.120539
   3.417      0.119622
   3.420      0.118709
   3.423      0.117802
   3.426      0.116899
   3.429      0.116001
   3.432      0.115107
   3.435      0.114219
   3.438      0.113334
   3.441      0.112455
   3.444      0.111580
   3.447      0.110710
   3.450      0.109844
   3.453      0.108983
   3.455      0.108127
   3.458      0.107275
   3.461      0.106428
   3.464      0.105585
   3.467      0.104747
   3.470      0.103913
   3.473      0.103084
   3.476      0.102260
   3.479      0.101440
   3.482      0.100624
   3.485      0.099813
   3.488      0.099007
   3.491      0.098205
   3.494      0.097407
   3.497      0.096614
   3.499      0.095825
   3.502      0.095040
   3.505      0.094260
   3.508      0.093485
   3.511      0.092714
   3.514      0.091947
   3.517      0.091184
   3.520      0.090426
   3.523      0.089672
   3.526      0.088923
   3.529      0.088178
   3.532      0.087437
   3.535      0.086700
   3.538      0.085968
   3.541      0.085240
   3.543      0.084516
   3.546      0.083796
   3.549      0.083081
   3.552      0.082370
   3.555      0.081663
   3.558      0.080960
   3.561      0.080262
   3.564      0.079567
   3.567      0.078877
   3.570      0.078191
   3.573      0.077509
   3.576      0.076831
   3.579      0.076157
   3.582      0.075487
   3.585      0.074821
   3.587      0.074160
   3.590      0.073502
   3.593      0.072849
   3.596      0.072199
   3.599      0.071554
   3.602      0.070912
   3.605      0.070275
   3.608      0.069641
   3.611      0.069012
   3.614      0.068386
   3.617      0.067764
   3.620      0.067147
   3.623      0.066533
   3.626      0.065923
   3.629      0.065317
   3.631      0.064714
   3.634      0.064116
   3.637      0.063521
   3.640      0.062931
   3.643      0.062344
   3.646      0.061760
   3.649      0.061181
   3.652      0.060606
   3.655      0.060034
   3.658      0.059466
   3.661      0.058901
   3.664      0.058341
   3.667      0.057784
   3.670      0.057231
   3.673      0.056681
   3.675      0.056135
   3.678      0.055593
   3.681      0.055054
   3.684      0.054519
   3.687      0.053988
   3.690      0.053460
   3.693      0.052936
   3.696      0.052416
   3.699      0.051899
   3.702      0.051385
   3.705      0.050875
   3.708      0.050369
   3.711      0.049866
   3.714      0.049366
   3.717      0.048870
   3.719      0.048378
   3.722      0.047889
   3.725      0.047403
   3.728      0.046921
   3.731      0.046442
   3.734      0.045967
   3.737      0.045495
   3.740      0.045026
   3.743      0.044561
   3.746      0.044099
   3.749      0.043640
   3.752      0.043185
   3.755      0.042733
   3.758      0.042284
   3.761      0.041839
   3.763      0.041396
   3.766      0.040957
   3.769      0.040522
   3.772      0.040089
   3.775      0.039660
   3.778      0.039234
   3.781      0.038811
   3.784      0.038391
   3.787      0.037974
   3.790      0.037561
   3.793      0.037150
   3.796      0.036743
   3.799      0.036339
   3.802      0.035938
   3.805      0.035540
   3.807      0.035145
   3.810      0.034753
   3.813      0.034364
   3.816      0.033978
   3.819      0.033595
   3.822      0.033215
   3.825      0.032838
   3.828      0.032464
   3.831      0.032093
   3.834      0.031725
   3.837      0.031359
   3.840      0.030997
   3.843      0.030638
   3.846      0.030281
   3.849      0.029927
   3.851      0.029577
   3.854      0.029228
   3.857      0.028883
   3.860      0.028541
   3.863      0.028201
   3.866      0.027864
   3.869      0.027530
   3.872      0.027199
   3.875      0.026870
   3.878      0.026545
   3.881      0.026221
   3.884      0.025901
   3.887      0.025583
   3.890      0.025268
   3.893      0.024956
   3.895      0.024646
   3.898      0.024339
   3.901      0.024034
   3.904      0.023732
   3.907      0.023433
   3.910      0.023136
   3.913      0.022842
   3.916      0.022550
   3.919      0.022261
   3.922      0.021974
   3.925      0.021690
   3.928      0.021409
   3.931      0.021130
   3.934      0.020853
   3.937      0.020579
   3.939      0.020307
   3.942      0.020038
   3.945      0.019771
   3.948      0.019507
   3.951      0.019244
   3.954      0.018985
   3.957      0.018727
   3.960      0.018472
   3.963      0.018220
   3.966      0.017969
   3.969      0.017721
   3.972      0.017476
   3.975      0.017232
   3.978      0.016991
   3.981      0.016752
   3.983      0.016516
   3.986      0.016281
   3.989      0.016049
   3.992      0.015819
   3.995      0.015591
   3.998      0.015366
   4.001      0.015142
   4.004      0.014921
   4.007      0.014702
   4.010      0.014485
   4.013      0.014270
   4.016      0.014058
   4.019      0.013847
   4.022      0.013639
   4.025      0.013432
   4.027      0.013228
   4.030      0.013025
   4.033      0.012825
   4.036      0.012627
   4.039      0.012430
   4.042      0.012236
   4.045      0.012044
   4.048      0.011853
   4.051      0.011665
   4.054      0.011479
   4.057      0.011294
   4.060      0.011112
   4.063      0.010931
   4.066      0.010752
   4.069      0.010575
   4.071      0.010400
   4.074      0.010227
   4.077      0.010056
   4.080      0.009887
   4.083      0.009719
   4.086      0.009553
   4.089      0.009389
   4.092      0.009227
   4.095      0.009067
   4.098      0.008908
   4.101      0.008751
   4.104      0.008596
   4.107      0.008443
   4.110      0.008291
   4.113      0.008141
   4.115      0.007993
   4.118      0.007846
   4.121      0.007701
   4.124      0.007558
   4.127      0.007416
   4.130      0.007276
   4.133      0.007138
   4.136      0.007001
   4.139      0.006866
   4.142      0.006733
   4.145      0.006601
   4.148      0.006470
   4.151      0.006342
   4.154      0.006214
   4.157      0.006089
   4.159      0.005965
   4.162      0.005842
   4.165      0.005721
   4.168      0.005601
   4.171      0.005483
   4.174      0.005366
   4.177      0.005251
   4.180      0.005137
   4.183      0.005025
   4.186      0.004914
   4.189      0.004805
   4.192      0.004697
   4.195      0.004590
   4.198      0.004485
   4.201      0.004381
   4.203      0.004278
   4.206      0.004177
   4.209      0.004077
   4.212      0.003979
   4.215      0.003882
   4.218      0.003786
   4.221      0.003691
   4.224      0.003598
   4.227      0.003506
   4.230      0.003415
   4.233      0.003326
   4.236      0.003238
   4.239      0.003151
   4.242      0.003065
   4.245      0.002980
   4.247      0.002897
   4.250      0.002815
   4.253      0.002734
   4.256      0.002655
   4.259      0.002576
   4.262      0.002499
   4.265      0.002422
   4.268      0.002347
   4.271      0.002273
   4.274      0.002201
   4.277      0.002129
   4.280      0.002058
   4.283      0.001989
   4.286      0.001920
   4.289      0.001853
   4.291      0.001787
   4.294      0.001722
   4.297      0.001658
   4.300      0.001594
   4.303      0.001532
   4.306      0.001471
   4.309      0.001411
   4.312      0.001352
   4.315      0.001294
   4.318      0.001237
   4.321      0.001181
   4.324      0.001126
   4.327      0.001072
   4.330      0.001018
   4.333      0.000966
   4.335      0.000915
   4.338      0.000864
   4.341      0.000815
   4.344      0.000766
   4.347      0.000718
   4.350      0.000671
   4.353      0.000625
   4.356      0.000580
   4.359      0.000536
   4.362      0.000493
   4.365      0.000450
   4.368      0.000408
   4.371      0.000367
   4.374      0.000327
   4.377      0.000288
   4.379      0.000249
   4.382      0.000211
   4.385      0.000174
   4.388      0.000138
   4.391      0.000103
   4.394      0.000068
   4.397      0.000034
   4.400      0.000000
