   0.000      0.006240
   0.003      0.071608
   0.006      0.136976
   0.009      0.204552
   0.012      0.272394
   0.015      0.340273
   0.018      0.408124
   0.021      0.475918
   0.023      0.543633
   0.026      0.611253
   0.029      0.678765
   0.032      0.746153
   0.035      0.813405
   0.038      0.880508
   0.041      0.947448
   0.044      1.014211
   0.047      1.080786
   0.050      1.147157
   0.053      1.213313
   0.056      1.279239
   0.059      1.344922
   0.062      1.410348
   0.065      1.475503
   0.067      1.540374
   0.070      1.604947
   0.073      1.669208
   0.076      1.733142
   0.079      1.796735
   0.082      1.859973
   0.085      1.922842
   0.088      1.985326
   0.091      2.047412
   0.094      2.109085
   0.097      2.170330
   0.100      2.231132
   0.103      2.291477
   0.106      2.351349
   0.109      2.410734
   0.111      2.469616
   0.114      2.527980
   0.117      2.585812
   0.120      2.643097
   0.123      2.699819
   0.126      2.755963
   0.129      2.811515
   0.132      2.866459
   0.135      2.920781
   0.138      2.974466
   0.141      3.027499
   0.144      3.079865
   0.147      3.131550
   0.150      3.182540
   0.153      3.232821
   0.155      3.282378
   0.158      3.331198
   0.161      3.379267
   0.164      3.426572
   0.167      3.473099
   0.170      3.518837
   0.173      3.563772
   0.176      3.607893
   0.179      3.651187
   0.182      3.693644
   0.185      3.735251
   0.188      3.775999
   0.191      3.815877
   0.194      3.854876
   0.197      3.892986
   0.199      3.930199
   0.202      3.966506
   0.205      4.001900
   0.208      4.036373
   0.211      4.069919
   0.214      4.102533
   0.217      4.134209
   0.220      4.164942
   0.223      4.194728
   0.226      4.223564
   0.229      4.251449
   0.232      4.278379
   0.235      4.304353
   0.238      4.329372
   0.241      4.353436
   0.243      4.376545
   0.246      4.398702
   0.249      4.419910
   0.252      4.440172
   0.255      4.459492
   0.258      4.477875
   0.261      4.495327
   0.264      4.511856
   0.267      4.527467
   0.270      4.542170
   0.273      4.555973
   0.276      4.568887
   0.279      4.580921
   0.282      4.592087
   0.285      4.602397
   0.287      4.611863
   0.290      4.620498
   0.293      4.628318
   0.296      4.635336
   0.299      4.641567
   0.302      4.647027
   0.305      4.651734
   0.308      4.655702
   0.311      4.658951
   0.314      4.661497
   0.317      4.663359
   0.320      4.664555
   0.323      4.665105
   0.326      4.665027
   0.329      4.664342
   0.331      4.663068
   0.334      4.661226
   0.337      4.658835
   0.340      4.655917
   0.343      4.652490
   0.346      4.648575
   0.349      4.644193
   0.352      4.639362
   0.355      4.634104
   0.358      4.628437
   0.361      4.622382
   0.364      4.615957
   0.367      4.609182
   0.370      4.602074
   0.373      4.594653
   0.375      4.586936
   0.378      4.578941
   0.381      4.570684
   0.384      4.562182
   0.387      4.553450
   0.390      4.544505
   0.393      4.535360
   0.396      4.526030
   0.399      4.516529
   0.402      4.506869
   0.405      4.497062
   0.408      4.487121
   0.411      4.477055
   0.414      4.466876
   0.417      4.456593
   0.419      4.446214
   0.422      4.435748
   0.425      4.425202
   0.428      4.414584
   0.431      4.403899
   0.434      4.393152
   0.437      4.382350
   0.440      4.371495
   0.443      4.360593
   0.446      4.349645
   0.449      4.338655
   0.452      4.327624
   0.455      4.316554
   0.458      4.305447
   0.461      4.294302
   0.463      4.283120
   0.466      4.271900
   0.469      4.260643
   0.472      4.249346
   0.475      4.238010
   0.478      4.226632
   0.481      4.215210
   0.484      4.203743
   0.487      4.192229
   0.490      4.180664
   0.493      4.169048
   0.496      4.157376
   0.499      4.145647
   0.502      4.133857
   0.505      4.122005
   0.507      4.110087
   0.510      4.098100
   0.513      4.086043
   0.516      4.073912
   0.519      4.061705
   0.522      4.049420
   0.525      4.037053
   0.528      4.024604
   0.531      4.012070
   0.534      3.999448
   0.537      3.986738
   0.540      3.973938
   0.543      3.961046
   0.546      3.948061
   0.549      3.934982
   0.551      3.921808
   0.554      3.908538
   0.557      3.895172
   0.560      3.881709
   0.563      3.868149
   0.566      3.854492
   0.569      3.840739
   0.572      3.826888
   0.575      3.812942
   0.578      3.798900
   0.581      3.784763
   0.584      3.770532
   0.587      3.756208
   0.590      3.741792
   0.593      3.727285
   0.595      3.712688
   0.598      3.698004
   0.601      3.683232
   0.604      3.668375
   0.607      3.653435
   0.610      3.638413
   0.613      3.623310
   0.616      3.608129
   0.619      3.592871
   0.622      3.577538
   0.625      3.562131
   0.628      3.546654
   0.631      3.531107
   0.634      3.515493
   0.637      3.499813
   0.639      3.484070
   0.642      3.468264
   0.645      3.452398
   0.648      3.436474
   0.651      3.420494
   0.654      3.404459
   0.657      3.388371
   0.660      3.372233
   0.663      3.356044
   0.666      3.339808
   0.669      3.323526
   0.672      3.307200
   0.675      3.290830
   0.678      3.274420
   0.681      3.257970
   0.683      3.241481
   0.686      3.224956
   0.689      3.208395
   0.692      3.191801
   0.695      3.175174
   0.698      3.158515
   0.701      3.141827
   0.704      3.125110
   0.707      3.108366
   0.710      3.091595
   0.713      3.074800
   0.716      3.057980
   0.719      3.041138
   0.722      3.024275
   0.725      3.007391
   0.727      2.990488
   0.730      2.973566
   0.733      2.956627
   0.736      2.939671
   0.739      2.922701
   0.742      2.905716
   0.745      2.888717
   0.748      2.871707
   0.751      2.854684
   0.754      2.837651
   0.757      2.820609
   0.760      2.803557
   0.763      2.786498
   0.766      2.769431
   0.769      2.752358
   0.771      2.735280
   0.774      2.718197
   0.777      2.701110
   0.780      2.684021
   0.783      2.666929
   0.786      2.649835
   0.789      2.632741
   0.792      2.615648
   0.795      2.598554
   0.798      2.581463
   0.801      2.564374
   0.804      2.547288
   0.807      2.530206
   0.810      2.513128
   0.813      2.496056
   0.815      2.478989
   0.818      2.461929
   0.821      2.444877
   0.824      2.427832
   0.827      2.410797
   0.830      2.393770
   0.833      2.376754
   0.836      2.359748
   0.839      2.342754
   0.842      2.325771
   0.845      2.308802
   0.848      2.291845
   0.851      2.274903
   0.854      2.257975
   0.857      2.241062
   0.859      2.224165
   0.862      2.207284
   0.865      2.190421
   0.868      2.173575
   0.871      2.156747
   0.874      2.139938
   0.877      2.123148
   0.880      2.106378
   0.883      2.089629
   0.886      2.072901
   0.889      2.056194
   0.892      2.039510
   0.895      2.022849
   0.898      2.006211
   0.901      1.989596
   0.903      1.973006
   0.906      1.956442
   0.909      1.939902
   0.912      1.923389
   0.915      1.906902
   0.918      1.890442
   0.921      1.874010
   0.924      1.857606
   0.927      1.841230
   0.930      1.824884
   0.933      1.808567
   0.936      1.792280
   0.939      1.776024
   0.942      1.759799
   0.945      1.743605
   0.947      1.727444
   0.950      1.711314
   0.953      1.695218
   0.956      1.679155
   0.959      1.663126
   0.962      1.647132
   0.965      1.631172
   0.968      1.615247
   0.971      1.599358
   0.974      1.583505
   0.977      1.567688
   0.980      1.551909
   0.983      1.536167
   0.986      1.520462
   0.989      1.504796
   0.991      1.489168
   0.994      1.473580
   0.997      1.458030
   1.000      1.442521
   1.003      1.427052
   1.006      1.411623
   1.009      1.396235
   1.012      1.380889
   1.015      1.365584
   1.018      1.350322
   1.021      1.335101
   1.024      1.319924
   1.027      1.304790
   1.030      1.289699
   1.033      1.274653
   1.035      1.259650
   1.038      1.244693
   1.041      1.229780
   1.044      1.214912
   1.047      1.200090
   1.050      1.185314
   1.053      1.170584
   1.056      1.155901
   1.059      1.141264
   1.062      1.126675
   1.065      1.112133
   1.068      1.097639
   1.071      1.083193
   1.074      1.068796
   1.077      1.054447
   1.079      1.040147
   1.082      1.025897
   1.085      1.011696
   1.088      0.997545
   1.091      0.983444
   1.094      0.969393
   1.097      0.955393
   1.100      0.941444
   1.103      0.927546
   1.106      0.913700
   1.109      0.899905
   1.112      0.886162
   1.115      0.872471
   1.118      0.858832
   1.121      0.845246
   1.123      0.831713
   1.126      0.818233
   1.129      0.804807
   1.132      0.791434
   1.135      0.778114
   1.138      0.764849
   1.141      0.751637
   1.144      0.738480
   1.147      0.725378
   1.150      0.712330
   1.153      0.699337
   1.156      0.686400
   1.159      0.673517
   1.162      0.660690
   1.165      0.647919
   1.167      0.635204
   1.170      0.622545
   1.173      0.609941
   1.176      0.597395
   1.179      0.584904
   1.182      0.572471
   1.185      0.560094
   1.188      0.547774
   1.191      0.535511
   1.194      0.523306
   1.197      0.511158
   1.200      0.499067
   1.203      0.487034
   1.206      0.475059
   1.209      0.463142
   1.211      0.451282
   1.214      0.439481
   1.217      0.427738
   1.220      0.416054
   1.223      0.404427
   1.226      0.392860
   1.229      0.381351
   1.232      0.369901
   1.235      0.358510
   1.238      0.347177
   1.241      0.335904
   1.244      0.324689
   1.247      0.313534
   1.250      0.302438
   1.253      0.291402
   1.255      0.280425
   1.258      0.269507
   1.261      0.258649
   1.264      0.247850
   1.267      0.237111
   1.270      0.226432
   1.273      0.215812
   1.276      0.205252
   1.279      0.194752
   1.282      0.184312
   1.285      0.173931
   1.288      0.163611
   1.291      0.153350
   1.294      0.143150
   1.297      0.133009
   1.299      0.122929
   1.302      0.112908
   1.305      0.102948
   1.308      0.093047
   1.311      0.083207
   1.314      0.073426
   1.317      0.063706
   1.320      0.054045
   1.323      0.044445
   1.326      0.034905
   1.329      0.025425
   1.332      0.016004
   1.335      0.006644
   1.338     -0.002656
   1.341     -0.011897
   1.343     -0.021077
   1.346     -0.030198
   1.349     -0.039258
   1.352     -0.048259
   1.355     -0.057201
   1.358     -0.066082
   1.361     -0.074904
   1.364     -0.083666
   1.367     -0.092368
   1.370     -0.101011
   1.373     -0.109595
   1.376     -0.118119
   1.379     -0.126583
   1.382     -0.134989
   1.385     -0.143335
   1.387     -0.151622
   1.390     -0.159850
   1.393     -0.168018
   1.396     -0.176128
   1.399     -0.184179
   1.402     -0.192171
   1.405     -0.200105
   1.408     -0.207980
   1.411     -0.215796
   1.414     -0.223554
   1.417     -0.231253
   1.420     -0.238894
   1.423     -0.246477
   1.426     -0.254002
   1.429     -0.261469
   1.431     -0.268878
   1.434     -0.276230
   1.437     -0.283524
   1.440     -0.290760
   1.443     -0.297938
   1.446     -0.305060
   1.449     -0.312124
   1.452     -0.319131
   1.455     -0.326082
   1.458     -0.332975
   1.461     -0.339812
   1.464     -0.346592
   1.467     -0.353316
   1.470     -0.359983
   1.473     -0.366594
   1.475     -0.373150
   1.478     -0.379649
   1.481     -0.386092
   1.484     -0.392480
   1.487     -0.398813
   1.490     -0.405090
   1.493     -0.411312
   1.496     -0.417479
   1.499     -0.423591
   1.502     -0.429648
   1.505     -0.435651
   1.508     -0.441599
   1.511     -0.447493
   1.514     -0.453333
   1.517     -0.459119
   1.519     -0.464852
   1.522     -0.470530
   1.525     -0.476155
   1.528     -0.481727
   1.531     -0.487246
   1.534     -0.492712
   1.537     -0.498125
   1.540     -0.503486
   1.543     -0.508794
   1.546     -0.514050
   1.549     -0.519253
   1.552     -0.524405
   1.555     -0.529505
   1.558     -0.534554
   1.561     -0.539551
   1.563     -0.544498
   1.566     -0.549393
   1.569     -0.554237
   1.572     -0.559031
   1.575     -0.563775
   1.578     -0.568468
   1.581     -0.573111
   1.584     -0.577704
   1.587     -0.582248
   1.590     -0.586742
   1.593     -0.591188
   1.596     -0.595584
   1.599     -0.599931
   1.602     -0.604229
   1.605     -0.608479
   1.607     -0.612681
   1.610     -0.616835
   1.613     -0.620941
   1.616     -0.624999
   1.619     -0.629010
   1.622     -0.632974
   1.625     -0.636891
   1.628     -0.640761
   1.631     -0.644584
   1.634     -0.648361
   1.637     -0.652091
   1.640     -0.655776
   1.643     -0.659415
   1.646     -0.663009
   1.649     -0.666557
   1.651     -0.670060
   1.654     -0.673518
   1.657     -0.676931
   1.660     -0.680300
   1.663     -0.683625
   1.666     -0.686905
   1.669     -0.690142
   1.672     -0.693335
   1.675     -0.696485
   1.678     -0.699592
   1.681     -0.702656
   1.684     -0.705677
   1.687     -0.708655
   1.690     -0.711591
   1.693     -0.714485
   1.695     -0.717338
   1.698     -0.720148
   1.701     -0.722918
   1.704     -0.725646
   1.707     -0.728333
   1.710     -0.730979
   1.713     -0.733585
   1.716     -0.736151
   1.719     -0.738676
   1.722     -0.741162
   1.725     -0.743608
   1.728     -0.746015
   1.731     -0.748382
   1.734     -0.750711
   1.737     -0.753001
   1.739     -0.755252
   1.742     -0.757465
   1.745     -0.759640
   1.748     -0.761777
   1.751     -0.763877
   1.754     -0.765939
   1.757     -0.767965
   1.760     -0.769953
   1.763     -0.771904
   1.766     -0.773820
   1.769     -0.775698
   1.772     -0.777541
   1.775     -0.779348
   1.778     -0.781120
   1.781     -0.782856
   1.783     -0.784557
   1.786     -0.786224
   1.789     -0.787855
   1.792     -0.789452
   1.795     -0.791015
   1.798     -0.792544
   1.801     -0.794039
   1.804     -0.795501
   1.807     -0.796929
   1.810     -0.798325
   1.813     -0.799687
   1.816     -0.801017
   1.819     -0.802314
   1.822     -0.803579
   1.825     -0.804813
   1.827     -0.806014
   1.830     -0.807184
   1.833     -0.808323
   1.836     -0.809430
   1.839     -0.810507
   1.842     -0.811553
   1.845     -0.812568
   1.848     -0.813554
   1.851     -0.814509
   1.854     -0.815435
   1.857     -0.816331
   1.860     -0.817197
   1.863     -0.818035
   1.866     -0.818844
   1.869     -0.819624
   1.871     -0.820375
   1.874     -0.821099
   1.877     -0.821794
   1.880     -0.822462
   1.883     -0.823101
   1.886     -0.823714
   1.889     -0.824299
   1.892     -0.824858
   1.895     -0.825389
   1.898     -0.825894
   1.901     -0.826373
   1.904     -0.826826
   1.907     -0.827252
   1.910     -0.827653
   1.913     -0.828029
   1.915     -0.828379
   1.918     -0.828704
   1.921     -0.829004
   1.924     -0.829280
   1.927     -0.829531
   1.930     -0.829758
   1.933     -0.829961
   1.936     -0.830140
   1.939     -0.830295
   1.942     -0.830427
   1.945     -0.830536
   1.948     -0.830621
   1.951     -0.830684
   1.954     -0.830724
   1.957     -0.830742
   1.959     -0.830737
   1.962     -0.830710
   1.965     -0.830662
   1.968     -0.830592
   1.971     -0.830500
   1.974     -0.830387
   1.977     -0.830253
   1.980     -0.830099
   1.983     -0.829923
   1.986     -0.829727
   1.989     -0.829511
   1.992     -0.829274
   1.995     -0.829018
   1.998     -0.828742
   2.001     -0.828446
   2.003     -0.828131
   2.006     -0.827797
   2.009     -0.827443
   2.012     -0.827071
   2.015     -0.826681
   2.018     -0.826272
   2.021     -0.825844
   2.024     -0.825399
   2.027     -0.824935
   2.030     -0.824454
   2.033     -0.823955
   2.036     -0.823439
   2.039     -0.822906
   2.042     -0.822356
   2.045     -0.821789
   2.047     -0.821205
   2.050     -0.820604
   2.053     -0.819988
   2.056     -0.819355
   2.059     -0.818706
   2.062     -0.818042
   2.065     -0.817361
   2.068     -0.816666
   2.071     -0.815955
   2.074     -0.815228
   2.077     -0.814487
   2.080     -0.813731
   2.083     -0.812960
   2.086     -0.812175
   2.089     -0.811376
   2.091     -0.810562
   2.094     -0.809734
   2.097     -0.808893
   2.100     -0.808037
   2.103     -0.807169
   2.106     -0.806287
   2.109     -0.805391
   2.112     -0.804483
   2.115     -0.803561
   2.118     -0.802627
   2.121     -0.801680
   2.124     -0.800721
   2.127     -0.799749
   2.130     -0.798766
   2.133     -0.797770
   2.135     -0.796762
   2.138     -0.795743
   2.141     -0.794712
   2.144     -0.793670
   2.147     -0.792616
   2.150     -0.791551
   2.153     -0.790475
   2.156     -0.789389
   2.159     -0.788291
   2.162     -0.787183
   2.165     -0.786065
   2.168     -0.784936
   2.171     -0.783797
   2.174     -0.782648
   2.177     -0.781489
   2.179     -0.780320
   2.182     -0.779142
   2.185     -0.777954
   2.188     -0.776757
   2.191     -0.775550
   2.194     -0.774335
   2.197     -0.773110
   2.200     -0.771877
   2.203     -0.770635
   2.206     -0.769384
   2.209     -0.768125
   2.212     -0.766857
   2.215     -0.765581
   2.218     -0.764297
   2.221     -0.763005
   2.223     -0.761705
   2.226     -0.760398
   2.229     -0.759082
   2.232     -0.757759
   2.235     -0.756429
   2.238     -0.755092
   2.241     -0.753747
   2.244     -0.752395
   2.247     -0.751037
   2.250     -0.749671
   2.253     -0.748299
   2.256     -0.746920
   2.259     -0.745535
   2.262     -0.744143
   2.265     -0.742745
   2.267     -0.741340
   2.270     -0.739930
   2.273     -0.738514
   2.276     -0.737092
   2.279     -0.735664
   2.282     -0.734230
   2.285     -0.732791
   2.288     -0.731347
   2.291     -0.729897
   2.294     -0.728442
   2.297     -0.726981
   2.300     -0.725516
   2.303     -0.724045
   2.306     -0.722570
   2.309     -0.721090
   2.311     -0.719606
   2.314     -0.718116
   2.317     -0.716623
   2.320     -0.715125
   2.323     -0.713622
   2.326     -0.712116
   2.329     -0.710605
   2.332     -0.709090
   2.335     -0.707572
   2.338     -0.706049
   2.341     -0.704523
   2.344     -0.702993
   2.347     -0.701459
   2.350     -0.699922
   2.353     -0.698381
   2.355     -0.696838
   2.358     -0.695290
   2.361     -0.693740
   2.364     -0.692187
   2.367     -0.690630
   2.370     -0.689071
   2.373     -0.687509
   2.376     -0.685944
   2.379     -0.684376
   2.382     -0.682806
   2.385     -0.681233
   2.388     -0.679657
   2.391     -0.678080
   2.394     -0.676499
   2.397     -0.674917
   2.399     -0.673333
   2.402     -0.671746
   2.405     -0.670157
   2.408     -0.668566
   2.411     -0.666974
   2.414     -0.665379
   2.417     -0.663783
   2.420     -0.662185
   2.423     -0.660586
   2.426     -0.658985
   2.429     -0.657382
   2.432     -0.655778
   2.435     -0.654173
   2.438     -0.652566
   2.441     -0.650958
   2.443     -0.649349
   2.446     -0.647738
   2.449     -0.646127
   2.452     -0.644515
   2.455     -0.642901
   2.458     -0.641287
   2.461     -0.639672
   2.464     -0.638056
   2.467     -0.636440
   2.470     -0.634823
   2.473     -0.633205
   2.476     -0.631586
   2.479     -0.629968
   2.482     -0.628348
   2.485     -0.626729
   2.487     -0.625109
   2.490     -0.623488
   2.493     -0.621868
   2.496     -0.620247
   2.499     -0.618627
   2.502     -0.617006
   2.505     -0.615385
   2.508     -0.613764
   2.511     -0.612143
   2.514     -0.610522
   2.517     -0.608902
   2.520     -0.607281
   2.523     -0.605661
   2.526     -0.604042
   2.529     -0.602422
   2.531     -0.600803
   2.534     -0.599184
   2.537     -0.597566
   2.540     -0.595949
   2.543     -0.594332
   2.546     -0.592715
   2.549     -0.591099
   2.552     -0.589484
   2.555     -0.587870
   2.558     -0.586256
   2.561     -0.584643
   2.564     -0.583031
   2.567     -0.581420
   2.570     -0.579810
   2.573     -0.578201
   2.575     -0.576592
   2.578     -0.574985
   2.581     -0.573379
   2.584     -0.571774
   2.587     -0.570170
   2.590     -0.568567
   2.593     -0.566966
   2.596     -0.565365
   2.599     -0.563766
   2.602     -0.562168
   2.605     -0.560572
   2.608     -0.558977
   2.611     -0.557383
   2.614     -0.555791
   2.617     -0.554200
   2.619     -0.552611
   2.622     -0.551023
   2.625     -0.549436
   2.628     -0.547852
   2.631     -0.546269
   2.634     -0.544687
   2.637     -0.543107
   2.640     -0.541529
   2.643     -0.539953
   2.646     -0.538378
   2.649     -0.536805
   2.652     -0.535234
   2.655     -0.533665
   2.658     -0.532097
   2.661     -0.530532
   2.663     -0.528968
   2.666     -0.527406
   2.669     -0.525846
   2.672     -0.524288
   2.675     -0.522732
   2.678     -0.521178
   2.681     -0.519626
   2.684     -0.518076
   2.687     -0.516528
   2.690     -0.514982
   2.693     -0.513439
   2.696     -0.511897
   2.699     -0.510358
   2.702     -0.508821
   2.705     -0.507285
   2.707     -0.505753
   2.710     -0.504222
   2.713     -0.502694
   2.716     -0.501167
   2.719     -0.499643
   2.722     -0.498122
   2.725     -0.496602
   2.728     -0.495085
   2.731     -0.493571
   2.734     -0.492059
   2.737     -0.490549
   2.740     -0.489041
   2.743     -0.487536
   2.746     -0.486033
   2.749     -0.484533
   2.751     -0.483035
   2.754     -0.481540
   2.757     -0.480047
   2.760     -0.478556
   2.763     -0.477068
   2.766     -0.475583
   2.769     -0.474100
   2.772     -0.472619
   2.775     -0.471141
   2.778     -0.469666
   2.781     -0.468193
   2.784     -0.466723
   2.787     -0.465256
   2.790     -0.463791
   2.793     -0.462328
   2.795     -0.460868
   2.798     -0.459411
   2.801     -0.457957
   2.804     -0.456505
   2.807     -0.455056
   2.810     -0.453609
   2.813     -0.452165
   2.816     -0.450724
   2.819     -0.449286
   2.822     -0.447850
   2.825     -0.446417
   2.828     -0.444987
   2.831     -0.443559
   2.834     -0.442134
   2.837     -0.440712
   2.839     -0.439293
   2.842     -0.437876
   2.845     -0.436462
   2.848     -0.435051
   2.851     -0.433642
   2.854     -0.432237
   2.857     -0.430834
   2.860     -0.429434
   2.863     -0.428037
   2.866     -0.426642
   2.869     -0.425251
   2.872     -0.423862
   2.875     -0.422476
   2.878     -0.421093
   2.881     -0.419712
   2.883     -0.418335
   2.886     -0.416960
   2.889     -0.415588
   2.892     -0.414219
   2.895     -0.412853
   2.898     -0.411490
   2.901     -0.410129
   2.904     -0.408772
   2.907     -0.407417
   2.910     -0.406065
   2.913     -0.404716
   2.916     -0.403369
   2.919     -0.402026
   2.922     -0.400685
   2.925     -0.399348
   2.927     -0.398013
   2.930     -0.396681
   2.933     -0.395352
   2.936     -0.394026
   2.939     -0.392702
   2.942     -0.391382
   2.945     -0.390064
   2.948     -0.388750
   2.951     -0.387438
   2.954     -0.386129
   2.957     -0.384823
   2.960     -0.383520
   2.963     -0.382219
   2.966     -0.380922
   2.969     -0.379627
   2.971     -0.378336
   2.974     -0.377047
   2.977     -0.375761
   2.980     -0.374478
   2.983     -0.373197
   2.986     -0.371920
   2.989     -0.370646
   2.992     -0.369374
   2.995     -0.368105
   2.998     -0.366840
   3.001     -0.365577
   3.004     -0.364316
   3.007     -0.363059
   3.010     -0.361805
   3.013     -0.360553
   3.015     -0.359305
   3.018     -0.358059
   3.021     -0.356816
   3.024     -0.355576
   3.027     -0.354338
   3.030     -0.353104
   3.033     -0.351872
   3.036     -0.350644
   3.039     -0.349418
   3.042     -0.348195
   3.045     -0.346975
   3.048     -0.345757
   3.051     -0.344543
   3.054     -0.343331
   3.057     -0.342122
   3.059     -0.340916
   3.062     -0.339713
   3.065     -0.338512
   3.068     -0.337315
   3.071     -0.336120
   3.074     -0.334928
   3.077     -0.333739
   3.080     -0.332552
   3.083     -0.331369
   3.086     -0.330188
   3.089     -0.329010
   3.092     -0.327835
   3.095     -0.326662
   3.098     -0.325493
   3.101     -0.324326
   3.103     -0.323162
   3.106     -0.322000
   3.109     -0.320842
   3.112     -0.319686
   3.115     -0.318533
   3.118     -0.317382
   3.121     -0.316235
   3.124     -0.315090
   3.127     -0.313948
   3.130     -0.312808
   3.133     -0.311672
   3.136     -0.310538
   3.139     -0.309407
   3.142     -0.308278
   3.145     -0.307152
   3.147     -0.306029
   3.150     -0.304909
   3.153     -0.303791
   3.156     -0.302676
   3.159     -0.301564
   3.162     -0.300454
   3.165     -0.299347
   3.168     -0.298243
   3.171     -0.297141
   3.174     -0.296042
   3.177     -0.294945
   3.180     -0.293852
   3.183     -0.292761
   3.186     -0.291672
   3.189     -0.290586
   3.191     -0.289503
   3.194     -0.288423
   3.197     -0.287345
   3.200     -0.286269
   3.203     -0.285197
   3.206     -0.284127
   3.209     -0.283059
   3.212     -0.281994
   3.215     -0.280932
   3.218     -0.279872
   3.221     -0.278815
   3.224     -0.277760
   3.227     -0.276708
   3.230     -0.275658
   3.233     -0.274611
   3.235     -0.273567
   3.238     -0.272525
   3.241     -0.271486
   3.244     -0.270449
   3.247     -0.269414
   3.250     -0.268383
   3.253     -0.267353
   3.256     -0.266327
   3.259     -0.265302
   3.262     -0.264280
   3.265     -0.263261
   3.268     -0.262244
   3.271     -0.261230
   3.274     -0.260218
   3.277     -0.259209
   3.279     -0.258202
   3.282     -0.257197
   3.285     -0.256195
   3.288     -0.255195
   3.291     -0.254198
   3.294     -0.253203
   3.297     -0.252211
   3.300     -0.251221
   3.303     -0.250233
   3.306     -0.249248
   3.309     -0.248265
   3.312     -0.247285
   3.315     -0.246307
   3.318     -0.245331
   3.321     -0.244358
   3.323     -0.243387
   3.326     -0.242419
   3.329     -0.241453
   3.332     -0.240489
   3.335     -0.239527
   3.338     -0.238568
   3.341     -0.237611
   3.344     -0.236657
   3.347     -0.235705
   3.350     -0.234755
   3.353     -0.233807
   3.356     -0.232862
   3.359     -0.231919
   3.362     -0.230978
   3.365     -0.230040
   3.367     -0.229104
   3.370     -0.228170
   3.373     -0.227238
   3.376     -0.226309
   3.379     -0.225382
   3.382     -0.224457
   3.385     -0.223534
   3.388     -0.222614
   3.391     -0.221696
   3.394     -0.220780
   3.397     -0.219866
   3.400     -0.218954
   3.403     -0.218045
   3.406     -0.217138
   3.409     -0.216233
   3.411     -0.215330
   3.414     -0.214429
   3.417     -0.213531
   3.420     -0.212634
   3.423     -0.211740
   3.426     -0.210848
   3.429     -0.209958
   3.432     -0.209071
   3.435     -0.208185
   3.438     -0.207302
   3.441     -0.206420
   3.444     -0.205541
   3.447     -0.204664
   3.450     -0.203789
   3.453     -0.202916
   3.455     -0.202045
   3.458     -0.201176
   3.461     -0.200310
   3.464     -0.199445
   3.467     -0.198582
   3.470     -0.197722
   3.473     -0.196863
   3.476     -0.196007
   3.479     -0.195152
   3.482     -0.194300
   3.485     -0.193450
   3.488     -0.192601
   3.491     -0.191755
   3.494     -0.190911
   3.497     -0.190069
   3.499     -0.189228
   3.502     -0.188390
   3.505     -0.187554
   3.508     -0.186719
   3.511     -0.185887
   3.514     -0.185056
   3.517     -0.184228
   3.520     -0.183401
   3.523     -0.182577
   3.526     -0.181754
   3.529     -0.180934
   3.532     -0.180115
   3.535     -0.179298
   3.538     -0.178483
   3.541     -0.177670
   3.543     -0.176859
   3.546     -0.176050
   3.549     -0.175243
   3.552     -0.174437
   3.555     -0.173634
   3.558     -0.172832
   3.561     -0.172032
   3.564     -0.171234
   3.567     -0.170438
   3.570     -0.169644
   3.573     -0.168852
   3.576     -0.168061
   3.579     -0.167272
   3.582     -0.166485
   3.585     -0.165700
   3.587     -0.164917
   3.590     -0.164136
   3.593     -0.163356
   3.596     -0.162578
   3.599     -0.161802
   3.602     -0.161028
   3.605     -0.160256
   3.608     -0.159485
   3.611     -0.158716
   3.614     -0.157949
   3.617     -0.157184
   3.620     -0.156420
   3.623     -0.155658
   3.626     -0.154898
   3.629     -0.154140
   3.631     -0.153383
   3.634     -0.152628
   3.637     -0.151875
   3.640     -0.151123
   3.643     -0.150374
   3.646     -0.149625
   3.649     -0.148879
   3.652     -0.148134
   3.655     -0.147391
   3.658     -0.146650
   3.661     -0.145910
   3.664     -0.145172
   3.667     -0.144436
   3.670     -0.143702
   3.673     -0.142969
   3.675     -0.142237
   3.678     -0.141507
   3.681     -0.140779
   3.684     -0.140053
   3.687     -0.139328
   3.690     -0.138605
   3.693     -0.137883
   3.696     -0.137163
   3.699     -0.136445
   3.702     -0.135728
   3.705     -0.135013
   3.708     -0.134300
   3.711     -0.133588
   3.714     -0.132877
   3.717     -0.132168
   3.719     -0.131461
   3.722     -0.130755
   3.725     -0.130051
   3.728     -0.129349
   3.731     -0.128648
   3.734     -0.127948
   3.737     -0.127250
   3.740     -0.126554
   3.743     -0.125859
   3.746     -0.125165
   3.749     -0.124474
   3.752     -0.123783
   3.755     -0.123094
   3.758     -0.122407
   3.761     -0.121721
   3.763     -0.121037
   3.766     -0.120354
   3.769     -0.119672
   3.772     -0.118993
   3.775     -0.118314
   3.778     -0.117637
   3.781     -0.116962
   3.784     -0.116287
   3.787     -0.115615
   3.790     -0.114944
   3.793     -0.114274
   3.796     -0.113606
   3.799     -0.112939
   3.802     -0.112273
   3.805     -0.111609
   3.807     -0.110946
   3.810     -0.110285
   3.813     -0.109625
   3.816     -0.108967
   3.819     -0.108310
   3.822     -0.107654
   3.825     -0.107000
   3.828     -0.106347
   3.831     -0.105696
   3.834     -0.105046
   3.837     -0.104397
   3.840     -0.103749
   3.843     -0.103103
   3.846     -0.102459
   3.849     -0.101815
   3.851     -0.101173
   3.854     -0.100533
   3.857     -0.099893
   3.860     -0.099255
   3.863     -0.098619
   3.866     -0.097983
   3.869     -0.097349
   3.872     -0.096717
   3.875     -0.096085
   3.878     -0.095455
   3.881     -0.094826
   3.884     -0.094199
   3.887     -0.093572
   3.890     -0.092947
   3.893     -0.092324
   3.895     -0.091701
   3.898     -0.091080
   3.901     -0.090460
   3.904     -0.089842
   3.907     -0.089224
   3.910     -0.088608
   3.913     -0.087993
   3.916     -0.087379
   3.919     -0.086767
   3.922     -0.086156
   3.925     -0.085546
   3.928     -0.084937
   3.931     -0.084330
   3.934     -0.083723
   3.937     -0.083118
   3.939     -0.082514
   3.942     -0.081912
   3.945     -0.081310
   3.948     -0.080710
   3.951     -0.080111
   3.954     -0.079513
   3.957     -0.078916
   3.960     -0.078320
   3.963     -0.077726
   3.966     -0.077133
   3.969     -0.076541
   3.972     -0.075950
   3.975     -0.075360
   3.978     -0.074771
   3.981     -0.074184
   3.983     -0.073597
   3.986     -0.073012
   3.989     -0.072428
   3.992     -0.071845
   3.995     -0.071263
   3.998     -0.070683
   4.001     -0.070103
   4.004     -0.069525
   4.007     -0.068947
   4.010     -0.068371
   4.013     -0.067796
   4.016     -0.067222
   4.019     -0.066649
   4.022     -0.066077
   4.025     -0.065506
   4.027     -0.064936
   4.030     -0.064367
   4.033     -0.063800
   4.036     -0.063233
   4.039     -0.062668
   4.042     -0.062103
   4.045     -0.061540
   4.048     -0.060978
   4.051     -0.060416
   4.054     -0.059856
   4.057     -0.059297
   4.060     -0.058739
   4.063     -0.058182
   4.066     -0.057626
   4.069     -0.057071
   4.071     -0.056516
   4.074     -0.055963
   4.077     -0.055411
   4.080     -0.054860
   4.083     -0.054310
   4.086     -0.053761
   4.089     -0.053213
   4.092     -0.052666
   4.095     -0.052120
   4.098     -0.051575
   4.101     -0.051031
   4.104     -0.050488
   4.107     -0.049945
   4.110     -0.049404
   4.113     -0.048864
   4.115     -0.048325
   4.118     -0.047786
   4.121     -0.047249
   4.124     -0.046713
   4.127     -0.046177
   4.130     -0.045643
   4.133     -0.045109
   4.136     -0.044576
   4.139     -0.044045
   4.142     -0.043514
   4.145     -0.042984
   4.148     -0.042455
   4.151     -0.041927
   4.154     -0.041400
   4.157     -0.040873
   4.159     -0.040348
   4.162     -0.039824
   4.165     -0.039300
   4.168     -0.038777
   4.171     -0.038255
   4.174     -0.037735
   4.177     -0.037215
   4.180     -0.036695
   4.183     -0.036177
   4.186     -0.035660
   4.189     -0.035143
   4.192     -0.034628
   4.195     -0.034113
   4.198     -0.033599
   4.201     -0.033086
   4.203     -0.032573
   4.206     -0.032062
   4.209     -0.031552
   4.212     -0.031042
   4.215     -0.030533
   4.218     -0.030025
   4.221     -0.029518
   4.224     -0.029011
   4.227     -0.028506
   4.230     -0.028001
   4.233     -0.027497
   4.236     -0.026994
   4.239     -0.026491
   4.242     -0.025990
   4.245     -0.025489
   4.247     -0.024989
   4.250     -0.024490
   4.253     -0.023992
   4.256     -0.023494
   4.259     -0.022997
   4.262     -0.022501
   4.265     -0.022006
   4.268     -0.021511
   4.271     -0.021018
   4.274     -0.020525
   4.277     -0.020032
   4.280     -0.019541
   4.283     -0.019050
   4.286     -0.018560
   4.289     -0.018071
   4.291     -0.017583
   4.294     -0.017095
   4.297     -0.016608
   4.300     -0.016122
   4.303     -0.015636
   4.306     -0.015151
   4.309     -0.014667
   4.312     -0.014184
   4.315     -0.013701
   4.318     -0.013219
   4.321     -0.012738
   4.324     -0.012257
   4.327     -0.011778
   4.330     -0.011299
   4.333     -0.010820
   4.335     -0.010342
   4.338     -0.009865
   4.341     -0.009389
   4.344     -0.008913
   4.347     -0.008438
   4.350     -0.007964
   4.353     -0.007490
   4.356     -0.007017
   4.359     -0.006545
   4.362     -0.006073
   4.365     -0.005602
   4.368     -0.005132
   4.371     -0.004662
   4.374     -0.004193
   4.377     -0.003725
   4.379     -0.003257
   4.382     -0.002790
   4.385     -0.002323
   4.388     -0.001857
   4.391     -0.001392
   4.394     -0.000927
   4.397     -0.000463
   4.400      0.000000
