   0.000      0.738039
   0.003      0.738038
   0.006      0.738038
   0.009      0.738038
   0.012      0.738038
   0.015      0.738038
   0.017      0.738038
   0.020      0.738038
   0.023      0.738038
   0.026      0.738038
   0.029      0.738038
   0.032      0.738038
   0.035      0.738038
   0.038      0.738038
   0.041      0.738038
   0.044      0.738038
   0.047      0.738038
   0.049      0.738038
   0.052      0.738038
   0.055      0.738038
   0.058      0.738038
   0.061      0.738038
   0.064      0.738038
   0.067      0.738038
   0.070      0.738038
   0.073      0.738038
   0.076      0.738038
   0.079      0.738038
   0.081      0.738038
   0.084      0.738038
   0.087      0.738038
   0.090      0.738037
   0.093      0.738037
   0.096      0.738037
   0.099      0.738037
   0.102      0.738036
   0.105      0.738036
   0.108      0.738035
   0.111      0.738035
   0.114      0.738034
   0.116      0.738034
   0.119      0.738033
   0.122      0.738032
   0.125      0.738031
   0.128      0.738030
   0.131      0.738029
   0.134      0.738027
   0.137      0.738026
   0.140      0.738024
   0.143      0.738022
   0.146      0.738020
   0.148      0.738018
   0.151      0.738016
   0.154      0.738013
   0.157      0.738010
   0.160      0.738007
   0.163      0.738003
   0.166      0.738000
   0.169      0.737995
   0.172      0.737991
   0.175      0.737986
   0.178      0.737981
   0.180      0.737975
   0.183      0.737969
   0.186      0.737963
   0.189      0.737956
   0.192      0.737948
   0.195      0.737940
   0.198      0.737932
   0.201      0.737922
   0.204      0.737913
   0.207      0.737902
   0.210      0.737891
   0.212      0.737879
   0.215      0.737866
   0.218      0.737853
   0.221      0.737839
   0.224      0.737824
   0.227      0.737808
   0.230      0.737791
   0.233      0.737773
   0.236      0.737754
   0.239      0.737734
   0.242      0.737713
   0.244      0.737691
   0.247      0.737668
   0.250      0.737644
   0.253      0.737618
   0.256      0.737591
   0.259      0.737563
   0.262      0.737533
   0.265      0.737502
   0.268      0.737470
   0.271      0.737436
   0.274      0.737401
   0.276      0.737364
   0.279      0.737325
   0.282      0.737285
   0.285      0.737243
   0.288      0.737200
   0.291      0.737154
   0.294      0.737107
   0.297      0.737058
   0.300      0.737007
   0.303      0.736954
   0.306      0.736899
   0.309      0.736843
   0.311      0.736784
   0.314      0.736722
   0.317      0.736659
   0.320      0.736594
   0.323      0.736526
   0.326      0.736456
   0.329      0.736384
   0.332      0.736309
   0.335      0.736232
   0.338      0.736153
   0.341      0.736071
   0.343      0.735986
   0.346      0.735899
   0.349      0.735810
   0.352      0.735718
   0.355      0.735623
   0.358      0.735525
   0.361      0.735425
   0.364      0.735322
   0.367      0.735216
   0.370      0.735107
   0.373      0.734996
   0.375      0.734882
   0.378      0.734764
   0.381      0.734644
   0.384      0.734521
   0.387      0.734395
   0.390      0.734266
   0.393      0.734133
   0.396      0.733998
   0.399      0.733860
   0.402      0.733718
   0.405      0.733574
   0.407      0.733426
   0.410      0.733275
   0.413      0.733120
   0.416      0.732963
   0.419      0.732802
   0.422      0.732638
   0.425      0.732471
   0.428      0.732300
   0.431      0.732126
   0.434      0.731949
   0.437      0.731768
   0.439      0.731584
   0.442      0.731397
   0.445      0.731206
   0.448      0.731012
   0.451      0.730814
   0.454      0.730613
   0.457      0.730409
   0.460      0.730201
   0.463      0.729989
   0.466      0.729774
   0.469      0.729556
   0.471      0.729334
   0.474      0.729109
   0.477      0.728880
   0.480      0.728647
   0.483      0.728411
   0.486      0.728172
   0.489      0.727929
   0.492      0.727682
   0.495      0.727432
   0.498      0.727178
   0.501      0.726921
   0.504      0.726661
   0.506      0.726396
   0.509      0.726129
   0.512      0.725857
   0.515      0.725582
   0.518      0.725304
   0.521      0.725022
   0.524      0.724737
   0.527      0.724448
   0.530      0.724155
   0.533      0.723859
   0.536      0.723560
   0.538      0.723257
   0.541      0.722950
   0.544      0.722641
   0.547      0.722327
   0.550      0.722010
   0.553      0.721690
   0.556      0.721366
   0.559      0.721039
   0.562      0.720708
   0.565      0.720374
   0.568      0.720037
   0.570      0.719696
   0.573      0.719352
   0.576      0.719004
   0.579      0.718654
   0.582      0.718300
   0.585      0.717942
   0.588      0.717581
   0.591      0.717218
   0.594      0.716850
   0.597      0.716480
   0.600      0.716106
   0.602      0.715730
   0.605      0.715350
   0.608      0.714967
   0.611      0.714581
   0.614      0.714191
   0.617      0.713799
   0.620      0.713404
   0.623      0.713005
   0.626      0.712604
   0.629      0.712200
   0.632      0.711793
   0.634      0.711383
   0.637      0.710970
   0.640      0.710554
   0.643      0.710135
   0.646      0.709714
   0.649      0.709290
   0.652      0.708863
   0.655      0.708434
   0.658      0.708001
   0.661      0.707567
   0.664      0.707129
   0.666      0.706689
   0.669      0.706247
   0.672      0.705802
   0.675      0.705354
   0.678      0.704905
   0.681      0.704452
   0.684      0.703998
   0.687      0.703541
   0.690      0.703082
   0.693      0.702620
   0.696      0.702157
   0.699      0.701691
   0.701      0.701223
   0.704      0.700753
   0.707      0.700282
   0.710      0.699808
   0.713      0.699332
   0.716      0.698854
   0.719      0.698374
   0.722      0.697892
   0.725      0.697409
   0.728      0.696924
   0.731      0.696437
   0.733      0.695949
   0.736      0.695458
   0.739      0.694967
   0.742      0.694473
   0.745      0.693979
   0.748      0.693482
   0.751      0.692985
   0.754      0.692486
   0.757      0.691985
   0.760      0.691484
   0.763      0.690981
   0.765      0.690477
   0.768      0.689971
   0.771      0.689465
   0.774      0.688957
   0.777      0.688449
   0.780      0.687939
   0.783      0.687429
   0.786      0.686918
   0.789      0.686406
   0.792      0.685893
   0.795      0.685379
   0.797      0.684864
   0.800      0.684349
   0.803      0.683834
   0.806      0.683317
   0.809      0.682800
   0.812      0.682283
   0.815      0.681765
   0.818      0.681247
   0.821      0.680728
   0.824      0.680210
   0.827      0.679690
   0.829      0.679171
   0.832      0.678651
   0.835      0.678132
   0.838      0.677612
   0.841      0.677092
   0.844      0.676572
   0.847      0.676052
   0.850      0.675532
   0.853      0.675013
   0.856      0.674493
   0.859      0.673974
   0.862      0.673455
   0.864      0.672936
   0.867      0.672417
   0.870      0.671899
   0.873      0.671382
   0.876      0.670864
   0.879      0.670347
   0.882      0.669831
   0.885      0.669315
   0.888      0.668800
   0.891      0.668286
   0.894      0.667772
   0.896      0.667259
   0.899      0.666746
   0.902      0.666235
   0.905      0.665724
   0.908      0.665214
   0.911      0.664705
   0.914      0.664197
   0.917      0.663690
   0.920      0.663184
   0.923      0.662679
   0.926      0.662175
   0.928      0.661672
   0.931      0.661171
   0.934      0.660670
   0.937      0.660171
   0.940      0.659673
   0.943      0.659176
   0.946      0.658680
   0.949      0.658186
   0.952      0.657693
   0.955      0.657201
   0.958      0.656711
   0.960      0.656223
   0.963      0.655735
   0.966      0.655250
   0.969      0.654765
   0.972      0.654283
   0.975      0.653802
   0.978      0.653322
   0.981      0.652844
   0.984      0.652368
   0.987      0.651893
   0.990      0.651420
   0.992      0.650949
   0.995      0.650480
   0.998      0.650012
   1.001      0.649546
   1.004      0.649082
   1.007      0.648619
   1.010      0.648159
   1.013      0.647700
   1.016      0.647243
   1.019      0.646788
   1.022      0.646335
   1.024      0.645883
   1.027      0.645434
   1.030      0.644986
   1.033      0.644541
   1.036      0.644097
   1.039      0.643656
   1.042      0.643216
   1.045      0.642778
   1.048      0.642342
   1.051      0.641909
   1.054      0.641477
   1.057      0.641047
   1.059      0.640619
   1.062      0.640194
   1.065      0.639770
   1.068      0.639348
   1.071      0.638929
   1.074      0.638511
   1.077      0.638095
   1.080      0.637682
   1.083      0.637270
   1.086      0.636861
   1.089      0.636453
   1.091      0.636048
   1.094      0.635644
   1.097      0.635243
   1.100      0.634843
   1.103      0.634446
   1.106      0.634051
   1.109      0.633657
   1.112      0.633266
   1.115      0.632876
   1.118      0.632489
   1.121      0.632104
   1.123      0.631720
   1.126      0.631339
   1.129      0.630959
   1.132      0.630582
   1.135      0.630206
   1.138      0.629832
   1.141      0.629460
   1.144      0.629091
   1.147      0.628722
   1.150      0.628356
   1.153      0.627992
   1.155      0.627629
   1.158      0.627269
   1.161      0.626910
   1.164      0.626553
   1.167      0.626197
   1.170      0.625844
   1.173      0.625492
   1.176      0.625142
   1.179      0.624793
   1.182      0.624446
   1.185      0.624101
   1.187      0.623758
   1.190      0.623416
   1.193      0.623075
   1.196      0.622737
   1.199      0.622399
   1.202      0.622064
   1.205      0.621729
   1.208      0.621396
   1.211      0.621065
   1.214      0.620735
   1.217      0.620406
   1.219      0.620079
   1.222      0.619753
   1.225      0.619429
   1.228      0.619105
   1.231      0.618783
   1.234      0.618462
   1.237      0.618143
   1.240      0.617824
   1.243      0.617507
   1.246      0.617190
   1.249      0.616875
   1.252      0.616561
   1.254      0.616248
   1.257      0.615935
   1.260      0.615624
   1.263      0.615313
   1.266      0.615004
   1.269      0.614695
   1.272      0.614387
   1.275      0.614080
   1.278      0.613773
   1.281      0.613468
   1.284      0.613163
   1.286      0.612858
   1.289      0.612554
   1.292      0.612251
   1.295      0.611948
   1.298      0.611646
   1.301      0.611344
   1.304      0.611043
   1.307      0.610742
   1.310      0.610441
   1.313      0.610141
   1.316      0.609841
   1.318      0.609541
   1.321      0.609241
   1.324      0.608942
   1.327      0.608642
   1.330      0.608343
   1.333      0.608044
   1.336      0.607745
   1.339      0.607445
   1.342      0.607146
   1.345      0.606847
   1.348      0.606547
   1.350      0.606247
   1.353      0.605948
   1.356      0.605647
   1.359      0.605347
   1.362      0.605046
   1.365      0.604745
   1.368      0.604444
   1.371      0.604142
   1.374      0.603839
   1.377      0.603537
   1.380      0.603233
   1.382      0.602929
   1.385      0.602624
   1.388      0.602319
   1.391      0.602013
   1.394      0.601707
   1.397      0.601399
   1.400      0.601091
   1.403      0.600782
   1.406      0.600472
   1.409      0.600161
   1.412      0.599849
   1.414      0.599537
   1.417      0.599223
   1.420      0.598908
   1.423      0.598592
   1.426      0.598276
   1.429      0.597958
   1.432      0.597638
   1.435      0.597318
   1.438      0.596996
   1.441      0.596673
   1.444      0.596349
   1.447      0.596023
   1.449      0.595696
   1.452      0.595368
   1.455      0.595038
   1.458      0.594707
   1.461      0.594374
   1.464      0.594040
   1.467      0.593704
   1.470      0.593367
   1.473      0.593028
   1.476      0.592688
   1.479      0.592345
   1.481      0.592001
   1.484      0.591656
   1.487      0.591308
   1.490      0.590959
   1.493      0.590608
   1.496      0.590255
   1.499      0.589901
   1.502      0.589544
   1.505      0.589186
   1.508      0.588826
   1.511      0.588463
   1.513      0.588099
   1.516      0.587733
   1.519      0.587365
   1.522      0.586995
   1.525      0.586622
   1.528      0.586248
   1.531      0.585872
   1.534      0.585493
   1.537      0.585112
   1.540      0.584730
   1.543      0.584345
   1.545      0.583957
   1.548      0.583568
   1.551      0.583177
   1.554      0.582783
   1.557      0.582387
   1.560      0.581988
   1.563      0.581588
   1.566      0.581185
   1.569      0.580780
   1.572      0.580372
   1.575      0.579962
   1.577      0.579550
   1.580      0.579136
   1.583      0.578719
   1.586      0.578300
   1.589      0.577878
   1.592      0.577454
   1.595      0.577028
   1.598      0.576599
   1.601      0.576168
   1.604      0.575734
   1.607      0.575298
   1.609      0.574859
   1.612      0.574418
   1.615      0.573975
   1.618      0.573529
   1.621      0.573081
   1.624      0.572630
   1.627      0.572177
   1.630      0.571721
   1.633      0.571263
   1.636      0.570802
   1.639      0.570339
   1.642      0.569874
   1.644      0.569406
   1.647      0.568935
   1.650      0.568463
   1.653      0.567987
   1.656      0.567509
   1.659      0.567029
   1.662      0.566546
   1.665      0.566061
   1.668      0.565574
   1.671      0.565083
   1.674      0.564591
   1.676      0.564096
   1.679      0.563599
   1.682      0.563099
   1.685      0.562597
   1.688      0.562092
   1.691      0.561585
   1.694      0.561076
   1.697      0.560564
   1.700      0.560050
   1.703      0.559534
   1.706      0.559015
   1.708      0.558494
   1.711      0.557971
   1.714      0.557445
   1.717      0.556917
   1.720      0.556386
   1.723      0.555854
   1.726      0.555319
   1.729      0.554782
   1.732      0.554243
   1.735      0.553701
   1.738      0.553157
   1.740      0.552612
   1.743      0.552063
   1.746      0.551513
   1.749      0.550961
   1.752      0.550406
   1.755      0.549850
   1.758      0.549291
   1.761      0.548730
   1.764      0.548167
   1.767      0.547603
   1.770      0.547036
   1.772      0.546467
   1.775      0.545896
   1.778      0.545323
   1.781      0.544748
   1.784      0.544172
   1.787      0.543593
   1.790      0.543013
   1.793      0.542431
   1.796      0.541846
   1.799      0.541261
   1.802      0.540673
   1.804      0.540083
   1.807      0.539492
   1.810      0.538899
   1.813      0.538305
   1.816      0.537708
   1.819      0.537110
   1.822      0.536511
   1.825      0.535910
   1.828      0.535307
   1.831      0.534703
   1.834      0.534097
   1.837      0.533489
   1.839      0.532881
   1.842      0.532270
   1.845      0.531659
   1.848      0.531045
   1.851      0.530431
   1.854      0.529815
   1.857      0.529198
   1.860      0.528579
   1.863      0.527960
   1.866      0.527339
   1.869      0.526717
   1.871      0.526093
   1.874      0.525469
   1.877      0.524843
   1.880      0.524216
   1.883      0.523588
   1.886      0.522959
   1.889      0.522329
   1.892      0.521698
   1.895      0.521066
   1.898      0.520433
   1.901      0.519799
   1.903      0.519165
   1.906      0.518529
   1.909      0.517893
   1.912      0.517255
   1.915      0.516617
   1.918      0.515978
   1.921      0.515339
   1.924      0.514699
   1.927      0.514058
   1.930      0.513416
   1.933      0.512774
   1.935      0.512131
   1.938      0.511488
   1.941      0.510844
   1.944      0.510200
   1.947      0.509555
   1.950      0.508910
   1.953      0.508264
   1.956      0.507618
   1.959      0.506971
   1.962      0.506324
   1.965      0.505677
   1.967      0.505030
   1.970      0.504382
   1.973      0.503734
   1.976      0.503086
   1.979      0.502438
   1.982      0.501789
   1.985      0.501141
   1.988      0.500492
   1.991      0.499843
   1.994      0.499195
   1.997      0.498546
   1.999      0.497897
   2.002      0.497248
   2.005      0.496599
   2.008      0.495951
   2.011      0.495302
   2.014      0.494654
   2.017      0.494005
   2.020      0.493357
   2.023      0.492710
   2.026      0.492062
   2.029      0.491415
   2.032      0.490767
   2.034      0.490121
   2.037      0.489474
   2.040      0.488828
   2.043      0.488182
   2.046      0.487537
   2.049      0.486892
   2.052      0.486248
   2.055      0.485604
   2.058      0.484960
   2.061      0.484317
   2.064      0.483675
   2.066      0.483033
   2.069      0.482392
   2.072      0.481751
   2.075      0.481111
   2.078      0.480471
   2.081      0.479833
   2.084      0.479194
   2.087      0.478557
   2.090      0.477920
   2.093      0.477284
   2.096      0.476649
   2.098      0.476015
   2.101      0.475381
   2.104      0.474748
   2.107      0.474116
   2.110      0.473485
   2.113      0.472855
   2.116      0.472226
   2.119      0.471597
   2.122      0.470970
   2.125      0.470343
   2.128      0.469718
   2.130      0.469093
   2.133      0.468469
   2.136      0.467847
   2.139      0.467225
   2.142      0.466605
   2.145      0.465985
   2.148      0.465367
   2.151      0.464749
   2.154      0.464133
   2.157      0.463518
   2.160      0.462904
   2.162      0.462291
   2.165      0.461679
   2.168      0.461068
   2.171      0.460459
   2.174      0.459850
   2.177      0.459243
   2.180      0.458637
   2.183      0.458033
   2.186      0.457429
   2.189      0.456827
   2.192      0.456226
   2.194      0.455626
   2.197      0.455027
   2.200      0.454430
   2.203      0.453834
   2.206      0.453239
   2.209      0.452646
   2.212      0.452054
   2.215      0.451463
   2.218      0.450874
   2.221      0.450286
   2.224      0.449699
   2.227      0.449113
   2.229      0.448529
   2.232      0.447946
   2.235      0.447365
   2.238      0.446785
   2.241      0.446206
   2.244      0.445628
   2.247      0.445052
   2.250      0.444478
   2.253      0.443904
   2.256      0.443333
   2.259      0.442762
   2.261      0.442193
   2.264      0.441625
   2.267      0.441059
   2.270      0.440494
   2.273      0.439930
   2.276      0.439368
   2.279      0.438807
   2.282      0.438247
   2.285      0.437689
   2.288      0.437133
   2.291      0.436577
   2.293      0.436023
   2.296      0.435471
   2.299      0.434920
   2.302      0.434370
   2.305      0.433821
   2.308      0.433274
   2.311      0.432729
   2.314      0.432184
   2.317      0.431642
   2.320      0.431100
   2.323      0.430560
   2.325      0.430021
   2.328      0.429483
