   0.000      0.000024
   0.004     -0.000012
   0.008     -0.000047
   0.012     -0.000107
   0.015     -0.000190
   0.019     -0.000296
   0.023     -0.000427
   0.027     -0.000581
   0.031     -0.000758
   0.035     -0.000960
   0.039     -0.001185
   0.043     -0.001434
   0.046     -0.001706
   0.050     -0.002002
   0.054     -0.002321
   0.058     -0.002664
   0.062     -0.003031
   0.066     -0.003421
   0.070     -0.003834
   0.073     -0.004271
   0.077     -0.004731
   0.081     -0.005215
   0.085     -0.005722
   0.089     -0.006253
   0.093     -0.006807
   0.097     -0.007383
   0.101     -0.007984
   0.104     -0.008607
   0.108     -0.009253
   0.112     -0.009923
   0.116     -0.010616
   0.120     -0.011331
   0.124     -0.012070
   0.128     -0.012831
   0.131     -0.013615
   0.135     -0.014422
   0.139     -0.015252
   0.143     -0.016104
   0.147     -0.016979
   0.151     -0.017876
   0.155     -0.018796
   0.159     -0.019739
   0.162     -0.020703
   0.166     -0.021690
   0.170     -0.022700
   0.174     -0.023731
   0.178     -0.024784
   0.182     -0.025860
   0.186     -0.026957
   0.189     -0.028076
   0.193     -0.029217
   0.197     -0.030380
   0.201     -0.031564
   0.205     -0.032770
   0.209     -0.033997
   0.213     -0.035245
   0.217     -0.036515
   0.220     -0.037806
   0.224     -0.039117
   0.228     -0.040450
   0.232     -0.041804
   0.236     -0.043179
   0.240     -0.044574
   0.244     -0.045990
   0.247     -0.047426
   0.251     -0.048882
   0.255     -0.050359
   0.259     -0.051856
   0.263     -0.053373
   0.267     -0.054910
   0.271     -0.056467
   0.275     -0.058043
   0.278     -0.059640
   0.282     -0.061255
   0.286     -0.062890
   0.290     -0.064544
   0.294     -0.066217
   0.298     -0.067910
   0.302     -0.069621
   0.305     -0.071350
   0.309     -0.073099
   0.313     -0.074866
   0.317     -0.076651
   0.321     -0.078454
   0.325     -0.080276
   0.329     -0.082115
   0.333     -0.083972
   0.336     -0.085847
   0.340     -0.087740
   0.344     -0.089649
   0.348     -0.091576
   0.352     -0.093520
   0.356     -0.095481
   0.360     -0.097459
   0.363     -0.099453
   0.367     -0.101464
   0.371     -0.103491
   0.375     -0.105534
   0.379     -0.107594
   0.383     -0.109669
   0.387     -0.111759
   0.391     -0.113866
   0.394     -0.115987
   0.398     -0.118124
   0.402     -0.120276
   0.406     -0.122443
   0.410     -0.124624
   0.414     -0.126820
   0.418     -0.129030
   0.421     -0.131255
   0.425     -0.133493
   0.429     -0.135746
   0.433     -0.138011
   0.437     -0.140291
   0.441     -0.142583
   0.445     -0.144889
   0.449     -0.147208
   0.452     -0.149539
   0.456     -0.151883
   0.460     -0.154239
   0.464     -0.156608
   0.468     -0.158988
   0.472     -0.161380
   0.476     -0.163784
   0.479     -0.166199
   0.483     -0.168626
   0.487     -0.171063
   0.491     -0.173512
   0.495     -0.175970
   0.499     -0.178440
   0.503     -0.180919
   0.507     -0.183409
   0.510     -0.185908
   0.514     -0.188417
   0.518     -0.190935
   0.522     -0.193462
   0.526     -0.195999
   0.530     -0.198544
   0.534     -0.201098
   0.537     -0.203660
   0.541     -0.206230
   0.545     -0.208809
   0.549     -0.211395
   0.553     -0.213988
   0.557     -0.216589
   0.561     -0.219197
   0.565     -0.221811
   0.568     -0.224433
   0.572     -0.227060
   0.576     -0.229694
   0.580     -0.232334
   0.584     -0.234980
   0.588     -0.237631
   0.592     -0.240288
   0.595     -0.242949
   0.599     -0.245616
   0.603     -0.248287
   0.607     -0.250963
   0.611     -0.253642
   0.615     -0.256326
   0.619     -0.259014
   0.623     -0.261705
   0.626     -0.264399
   0.630     -0.267096
   0.634     -0.269797
   0.638     -0.272499
   0.642     -0.275205
   0.646     -0.277912
   0.650     -0.280621
   0.653     -0.283332
   0.657     -0.286045
   0.661     -0.288758
   0.665     -0.291473
   0.669     -0.294188
   0.673     -0.296904
   0.677     -0.299620
   0.681     -0.302336
   0.684     -0.305052
   0.688     -0.307768
   0.692     -0.310483
   0.696     -0.313197
   0.700     -0.315910
   0.704     -0.318622
   0.708     -0.321332
   0.711     -0.324041
   0.715     -0.326747
   0.719     -0.329451
   0.723     -0.332153
   0.727     -0.334852
   0.731     -0.337548
   0.735     -0.340240
   0.739     -0.342930
   0.742     -0.345615
   0.746     -0.348297
   0.750     -0.350975
   0.754     -0.353648
   0.758     -0.356317
   0.762     -0.358981
   0.766     -0.361640
   0.769     -0.364294
   0.773     -0.366942
   0.777     -0.369584
   0.781     -0.372221
   0.785     -0.374852
   0.789     -0.377476
   0.793     -0.380093
   0.797     -0.382704
   0.800     -0.385307
   0.804     -0.387904
   0.808     -0.390493
   0.812     -0.393074
   0.816     -0.395647
   0.820     -0.398212
   0.824     -0.400769
   0.827     -0.403317
   0.831     -0.405856
   0.835     -0.408386
   0.839     -0.410907
   0.843     -0.413419
   0.847     -0.415921
   0.851     -0.418413
   0.855     -0.420895
   0.858     -0.423367
   0.862     -0.425828
   0.866     -0.428279
   0.870     -0.430719
   0.874     -0.433148
   0.878     -0.435565
   0.882     -0.437971
   0.885     -0.440365
   0.889     -0.442747
   0.893     -0.445118
   0.897     -0.447476
   0.901     -0.449821
   0.905     -0.452154
   0.909     -0.454474
   0.913     -0.456781
   0.916     -0.459075
   0.920     -0.461356
   0.924     -0.463622
   0.928     -0.465876
   0.932     -0.468115
   0.936     -0.470340
   0.940     -0.472550
   0.943     -0.474747
   0.947     -0.476928
   0.951     -0.479095
   0.955     -0.481247
   0.959     -0.483384
   0.963     -0.485505
   0.967     -0.487611
   0.971     -0.489702
   0.974     -0.491777
   0.978     -0.493835
   0.982     -0.495878
   0.986     -0.497904
   0.990     -0.499914
   0.994     -0.501908
   0.998     -0.503884
   1.001     -0.505844
   1.005     -0.507787
   1.009     -0.509713
   1.013     -0.511622
   1.017     -0.513513
   1.021     -0.515387
   1.025     -0.517243
   1.029     -0.519081
   1.032     -0.520902
   1.036     -0.522704
   1.040     -0.524489
   1.044     -0.526255
   1.048     -0.528002
   1.052     -0.529732
   1.056     -0.531442
   1.059     -0.533134
   1.063     -0.534807
   1.067     -0.536461
   1.071     -0.538097
   1.075     -0.539713
   1.079     -0.541309
   1.083     -0.542887
   1.087     -0.544445
   1.090     -0.545984
   1.094     -0.547503
   1.098     -0.549002
   1.102     -0.550482
   1.106     -0.551942
   1.110     -0.553381
   1.114     -0.554801
   1.117     -0.556201
   1.121     -0.557581
   1.125     -0.558940
   1.129     -0.560280
   1.133     -0.561599
   1.137     -0.562897
   1.141     -0.564175
   1.145     -0.565433
   1.148     -0.566670
   1.152     -0.567886
   1.156     -0.569082
   1.160     -0.570256
   1.164     -0.571411
   1.168     -0.572544
   1.172     -0.573657
   1.175     -0.574748
   1.179     -0.575819
   1.183     -0.576869
   1.187     -0.577898
   1.191     -0.578905
   1.195     -0.579892
   1.199     -0.580858
   1.203     -0.581802
   1.206     -0.582726
   1.210     -0.583628
   1.214     -0.584509
   1.218     -0.585369
   1.222     -0.586208
   1.226     -0.587026
   1.230     -0.587822
   1.233     -0.588598
   1.237     -0.589352
   1.241     -0.590085
   1.245     -0.590796
   1.249     -0.591487
   1.253     -0.592156
   1.257     -0.592804
   1.261     -0.593431
   1.264     -0.594037
   1.268     -0.594622
   1.272     -0.595186
   1.276     -0.595728
   1.280     -0.596249
   1.284     -0.596750
   1.288     -0.597229
   1.291     -0.597687
   1.295     -0.598124
   1.299     -0.598541
   1.303     -0.598936
   1.307     -0.599310
   1.311     -0.599664
   1.315     -0.599996
   1.319     -0.600308
   1.322     -0.600599
   1.326     -0.600870
   1.330     -0.601120
   1.334     -0.601349
   1.338     -0.601557
   1.342     -0.601745
   1.346     -0.601912
   1.349     -0.602059
   1.353     -0.602186
   1.357     -0.602292
   1.361     -0.602378
   1.365     -0.602444
   1.369     -0.602489
   1.373     -0.602515
   1.377     -0.602520
   1.380     -0.602505
   1.384     -0.602470
   1.388     -0.602416
   1.392     -0.602341
   1.396     -0.602247
   1.400     -0.602133
   1.404     -0.602000
   1.407     -0.601847
   1.411     -0.601674
   1.415     -0.601482
   1.419     -0.601271
   1.423     -0.601040
   1.427     -0.600791
   1.431     -0.600522
   1.435     -0.600234
   1.438     -0.599927
   1.442     -0.599601
   1.446     -0.599256
   1.450     -0.598893
   1.454     -0.598511
   1.458     -0.598110
   1.462     -0.597691
   1.465     -0.597253
   1.469     -0.596797
   1.473     -0.596323
   1.477     -0.595831
   1.481     -0.595320
   1.485     -0.594792
   1.489     -0.594245
   1.493     -0.593681
   1.496     -0.593099
   1.500     -0.592499
   1.504     -0.591882
   1.508     -0.591247
   1.512     -0.590595
   1.516     -0.589925
   1.520     -0.589238
   1.523     -0.588534
   1.527     -0.587813
   1.531     -0.587075
   1.535     -0.586321
   1.539     -0.585549
   1.543     -0.584761
   1.547     -0.583956
   1.551     -0.583134
   1.554     -0.582296
   1.558     -0.581442
   1.562     -0.580572
   1.566     -0.579685
   1.570     -0.578782
   1.574     -0.577864
   1.578     -0.576929
   1.581     -0.575979
   1.585     -0.575013
   1.589     -0.574031
   1.593     -0.573034
   1.597     -0.572021
   1.601     -0.570993
   1.605     -0.569950
   1.609     -0.568892
   1.612     -0.567818
   1.616     -0.566730
   1.620     -0.565627
   1.624     -0.564509
   1.628     -0.563376
   1.632     -0.562228
   1.636     -0.561066
   1.639     -0.559890
   1.643     -0.558699
   1.647     -0.557494
   1.651     -0.556275
   1.655     -0.555042
   1.659     -0.553795
   1.663     -0.552534
   1.667     -0.551259
   1.670     -0.549970
   1.674     -0.548668
   1.678     -0.547352
   1.682     -0.546023
   1.686     -0.544680
   1.690     -0.543324
   1.694     -0.541955
   1.697     -0.540573
   1.701     -0.539177
   1.705     -0.537769
   1.709     -0.536348
   1.713     -0.534914
   1.717     -0.533467
   1.721     -0.532008
   1.725     -0.530536
   1.728     -0.529052
   1.732     -0.527556
   1.736     -0.526047
   1.740     -0.524526
   1.744     -0.522992
   1.748     -0.521447
   1.752     -0.519890
   1.755     -0.518321
   1.759     -0.516740
   1.763     -0.515147
   1.767     -0.513543
   1.771     -0.511927
   1.775     -0.510300
   1.779     -0.508661
   1.783     -0.507011
   1.786     -0.505349
   1.790     -0.503677
   1.794     -0.501993
   1.798     -0.500298
   1.802     -0.498593
   1.806     -0.496876
   1.810     -0.495149
   1.813     -0.493411
   1.817     -0.491662
   1.821     -0.489903
   1.825     -0.488133
   1.829     -0.486353
   1.833     -0.484562
   1.837     -0.482761
   1.841     -0.480950
   1.844     -0.479129
   1.848     -0.477297
   1.852     -0.475456
   1.856     -0.473604
   1.860     -0.471743
   1.864     -0.469872
   1.868     -0.467991
   1.871     -0.466101
   1.875     -0.464201
   1.879     -0.462292
   1.883     -0.460373
   1.887     -0.458444
   1.891     -0.456506
   1.895     -0.454560
   1.899     -0.452603
   1.902     -0.450638
   1.906     -0.448664
   1.910     -0.446680
   1.914     -0.444688
   1.918     -0.442687
   1.922     -0.440677
   1.926     -0.438659
   1.929     -0.436632
   1.933     -0.434596
   1.937     -0.432551
   1.941     -0.430498
   1.945     -0.428437
   1.949     -0.426368
   1.953     -0.424290
   1.957     -0.422204
   1.960     -0.420110
   1.964     -0.418007
   1.968     -0.415897
   1.972     -0.413779
   1.976     -0.411653
   1.980     -0.409519
   1.984     -0.407377
   1.987     -0.405228
   1.991     -0.403071
   1.995     -0.400906
   1.999     -0.398734
   2.003     -0.396555
   2.007     -0.394368
   2.011     -0.392174
   2.015     -0.389972
   2.018     -0.387764
   2.022     -0.385548
   2.026     -0.383325
   2.030     -0.381095
   2.034     -0.378858
   2.038     -0.376615
   2.042     -0.374364
   2.045     -0.372107
   2.049     -0.369843
   2.053     -0.367573
   2.057     -0.365296
   2.061     -0.363012
   2.065     -0.360722
   2.069     -0.358426
   2.073     -0.356123
   2.076     -0.353814
   2.080     -0.351499
   2.084     -0.349178
   2.088     -0.346850
   2.092     -0.344517
   2.096     -0.342178
   2.100     -0.339833
   2.103     -0.337482
   2.107     -0.335125
   2.111     -0.332763
   2.115     -0.330395
   2.119     -0.328021
   2.123     -0.325642
   2.127     -0.323258
   2.131     -0.320868
   2.134     -0.318473
   2.138     -0.316072
   2.142     -0.313667
   2.146     -0.311256
   2.150     -0.308840
   2.154     -0.306420
   2.158     -0.303994
   2.161     -0.301563
   2.165     -0.299128
   2.169     -0.296688
   2.173     -0.294243
   2.177     -0.291794
   2.181     -0.289340
   2.185     -0.286882
   2.189     -0.284419
   2.192     -0.281952
   2.196     -0.279481
   2.200     -0.277005
   2.204     -0.274526
   2.208     -0.272042
   2.212     -0.269554
   2.216     -0.267062
   2.219     -0.264567
   2.223     -0.262067
   2.227     -0.259564
   2.231     -0.257057
   2.235     -0.254546
   2.239     -0.252032
   2.243     -0.249514
   2.247     -0.246993
   2.250     -0.244469
   2.254     -0.241941
   2.258     -0.239410
   2.262     -0.236875
   2.266     -0.234338
   2.270     -0.231798
   2.274     -0.229254
   2.277     -0.226708
   2.281     -0.224159
   2.285     -0.221607
   2.289     -0.219052
   2.293     -0.216494
   2.297     -0.213934
   2.301     -0.211372
   2.305     -0.208807
   2.308     -0.206239
   2.312     -0.203670
   2.316     -0.201098
   2.320     -0.198523
   2.324     -0.195947
   2.328     -0.193368
   2.332     -0.190788
   2.335     -0.188205
   2.339     -0.185621
   2.343     -0.183035
   2.347     -0.180447
   2.351     -0.177857
   2.355     -0.175266
   2.359     -0.172673
   2.363     -0.170079
   2.366     -0.167483
   2.370     -0.164886
   2.374     -0.162288
   2.378     -0.159688
   2.382     -0.157087
   2.386     -0.154485
   2.390     -0.151882
   2.393     -0.149278
   2.397     -0.146673
   2.401     -0.144067
   2.405     -0.141461
   2.409     -0.138853
   2.413     -0.136245
   2.417     -0.133637
   2.421     -0.131027
   2.424     -0.128418
   2.428     -0.125808
   2.432     -0.123197
   2.436     -0.120586
   2.440     -0.117976
   2.444     -0.115364
   2.448     -0.112753
   2.451     -0.110142
   2.455     -0.107531
   2.459     -0.104919
   2.463     -0.102308
   2.467     -0.099698
   2.471     -0.097087
   2.475     -0.094477
   2.479     -0.091867
   2.482     -0.089257
   2.486     -0.086648
   2.490     -0.084040
   2.494     -0.081432
   2.498     -0.078825
   2.502     -0.076219
   2.506     -0.073614
   2.509     -0.071009
   2.513     -0.068405
   2.517     -0.065803
   2.521     -0.063201
   2.525     -0.060601
   2.529     -0.058001
   2.533     -0.055403
   2.537     -0.052807
   2.540     -0.050211
   2.544     -0.047617
   2.548     -0.045024
   2.552     -0.042433
   2.556     -0.039844
   2.560     -0.037256
   2.564     -0.034670
   2.567     -0.032086
   2.571     -0.029503
   2.575     -0.026922
   2.579     -0.024344
   2.583     -0.021767
   2.587     -0.019192
   2.591     -0.016619
   2.595     -0.014049
   2.598     -0.011481
   2.602     -0.008915
   2.606     -0.006351
   2.610     -0.003790
   2.614     -0.001231
   2.618      0.001325
   2.622      0.003879
   2.625      0.006431
   2.629      0.008979
   2.633      0.011525
   2.637      0.014068
   2.641      0.016608
   2.645      0.019146
   2.649      0.021680
   2.653      0.024212
   2.656      0.026740
   2.660      0.029266
   2.664      0.031788
   2.668      0.034307
   2.672      0.036823
   2.676      0.039336
   2.680      0.041845
   2.683      0.044351
   2.687      0.046853
   2.691      0.049352
   2.695      0.051847
   2.699      0.054339
   2.703      0.056827
   2.707      0.059311
   2.711      0.061792
   2.714      0.064268
   2.718      0.066741
   2.722      0.069210
   2.726      0.071675
   2.730      0.074136
   2.734      0.076593
   2.738      0.079046
   2.741      0.081495
   2.745      0.083940
   2.749      0.086380
   2.753      0.088816
   2.757      0.091248
   2.761      0.093675
   2.765      0.096098
   2.769      0.098516
   2.772      0.100930
   2.776      0.103339
   2.780      0.105744
   2.784      0.108144
   2.788      0.110539
   2.792      0.112930
   2.796      0.115315
   2.799      0.117696
   2.803      0.120072
   2.807      0.122443
   2.811      0.124809
   2.815      0.127170
   2.819      0.129526
   2.823      0.131877
   2.827      0.134222
   2.830      0.136563
   2.834      0.138898
   2.838      0.141228
   2.842      0.143552
   2.846      0.145871
   2.850      0.148185
   2.854      0.150493
   2.857      0.152796
   2.861      0.155093
   2.865      0.157385
   2.869      0.159671
   2.873      0.161951
   2.877      0.164226
   2.881      0.166495
   2.885      0.168758
   2.888      0.171015
   2.892      0.173267
   2.896      0.175512
   2.900      0.177752
   2.904      0.179985
   2.908      0.182213
   2.912      0.184434
   2.915      0.186650
   2.919      0.188859
   2.923      0.191062
   2.927      0.193259
   2.931      0.195449
   2.935      0.197634
   2.939      0.199812
   2.943      0.201983
   2.946      0.204149
   2.950      0.206307
   2.954      0.208460
   2.958      0.210606
   2.962      0.212745
   2.966      0.214878
   2.970      0.217004
   2.973      0.219123
   2.977      0.221236
   2.981      0.223342
   2.985      0.225441
   2.989      0.227534
   2.993      0.229620
   2.997      0.231699
   3.001      0.233771
   3.004      0.235836
   3.008      0.237894
   3.012      0.239945
   3.016      0.241990
   3.020      0.244027
   3.024      0.246057
   3.028      0.248080
   3.031      0.250096
   3.035      0.252105
   3.039      0.254106
   3.043      0.256101
   3.047      0.258088
   3.051      0.260067
   3.055      0.262040
   3.059      0.264005
   3.062      0.265963
   3.066      0.267913
   3.070      0.269856
   3.074      0.271792
   3.078      0.273720
   3.082      0.275640
   3.086      0.277553
   3.089      0.279458
   3.093      0.281355
   3.097      0.283245
   3.101      0.285127
   3.105      0.287001
   3.109      0.288867
   3.113      0.290725
   3.117      0.292576
   3.120      0.294419
   3.124      0.296253
   3.128      0.298080
   3.132      0.299898
   3.136      0.301709
   3.140      0.303512
   3.144      0.305306
   3.147      0.307092
   3.151      0.308870
   3.155      0.310640
   3.159      0.312402
   3.163      0.314155
   3.167      0.315900
   3.171      0.317637
   3.175      0.319365
   3.178      0.321085
   3.182      0.322797
   3.186      0.324500
   3.190      0.326194
   3.194      0.327881
   3.198      0.329558
   3.202      0.331227
   3.205      0.332888
   3.209      0.334540
   3.213      0.336183
   3.217      0.337818
   3.221      0.339444
   3.225      0.341061
   3.229      0.342670
   3.233      0.344270
   3.236      0.345861
   3.240      0.347443
   3.244      0.349017
   3.248      0.350581
   3.252      0.352137
   3.256      0.353684
   3.260      0.355222
   3.263      0.356752
   3.267      0.358272
   3.271      0.359783
   3.275      0.361286
   3.279      0.362779
   3.283      0.364264
   3.287      0.365739
   3.291      0.367205
   3.294      0.368663
   3.298      0.370111
   3.302      0.371550
   3.306      0.372980
   3.310      0.374401
   3.314      0.375813
   3.318      0.377216
   3.321      0.378609
   3.325      0.379993
   3.329      0.381369
   3.333      0.382735
   3.337      0.384091
   3.341      0.385439
   3.345      0.386777
   3.349      0.388106
   3.352      0.389426
   3.356      0.390736
   3.360      0.392037
   3.364      0.393329
   3.368      0.394611
   3.372      0.395884
   3.376      0.397148
   3.379      0.398403
   3.383      0.399648
   3.387      0.400884
   3.391      0.402110
   3.395      0.403327
   3.399      0.404534
   3.403      0.405733
   3.407      0.406921
   3.410      0.408101
   3.414      0.409270
   3.418      0.410431
   3.422      0.411582
   3.426      0.412723
   3.430      0.413856
   3.434      0.414978
   3.437      0.416091
   3.441      0.417195
   3.445      0.418289
   3.449      0.419374
   3.453      0.420449
   3.457      0.421515
   3.461      0.422571
   3.465      0.423618
   3.468      0.424655
   3.472      0.425683
   3.476      0.426701
   3.480      0.427710
   3.484      0.428709
   3.488      0.429699
   3.492      0.430679
   3.495      0.431650
   3.499      0.432611
   3.503      0.433562
   3.507      0.434504
   3.511      0.435437
   3.515      0.436360
   3.519      0.437273
   3.523      0.438177
   3.526      0.439072
   3.530      0.439957
   3.534      0.440832
   3.538      0.441698
   3.542      0.442554
   3.546      0.443401
   3.550      0.444239
   3.553      0.445066
   3.557      0.445885
   3.561      0.446694
   3.565      0.447493
   3.569      0.448283
   3.573      0.449063
   3.577      0.449834
   3.581      0.450595
   3.584      0.451347
   3.588      0.452089
   3.592      0.452822
   3.596      0.453545
   3.600      0.454259
   3.604      0.454964
   3.608      0.455659
   3.611      0.456344
   3.615      0.457021
   3.619      0.457687
   3.623      0.458345
   3.627      0.458992
   3.631      0.459631
   3.635      0.460260
   3.639      0.460879
   3.642      0.461490
   3.646      0.462090
   3.650      0.462682
   3.654      0.463264
   3.658      0.463837
   3.662      0.464400
   3.666      0.464954
   3.669      0.465499
   3.673      0.466034
   3.677      0.466560
   3.681      0.467077
   3.685      0.467584
   3.689      0.468083
   3.693      0.468572
   3.697      0.469051
   3.700      0.469522
   3.704      0.469983
   3.708      0.470435
   3.712      0.470877
   3.716      0.471311
   3.720      0.471735
   3.724      0.472150
   3.727      0.472556
   3.731      0.472953
   3.735      0.473341
   3.739      0.473719
   3.743      0.474089
   3.747      0.474449
   3.751      0.474800
   3.755      0.475142
   3.758      0.475475
   3.762      0.475799
   3.766      0.476114
   3.770      0.476420
   3.774      0.476717
   3.778      0.477005
   3.782      0.477284
   3.785      0.477554
   3.789      0.477815
   3.793      0.478068
   3.797      0.478311
   3.801      0.478545
   3.805      0.478771
   3.809      0.478987
   3.813      0.479195
   3.816      0.479394
   3.820      0.479584
   3.824      0.479765
   3.828      0.479938
   3.832      0.480101
   3.836      0.480256
   3.840      0.480402
   3.843      0.480540
   3.847      0.480670
   3.851      0.480791
   3.855      0.480905
   3.859      0.481011
   3.863      0.481110
   3.867      0.481200
   3.871      0.481283
   3.874      0.481357
   3.878      0.481425
   3.882      0.481484
   3.886      0.481535
   3.890      0.481579
   3.894      0.481615
   3.898      0.481644
   3.901      0.481665
   3.905      0.481678
   3.909      0.481683
   3.913      0.481681
   3.917      0.481672
   3.921      0.481654
   3.925      0.481629
   3.929      0.481597
   3.932      0.481557
   3.936      0.481509
   3.940      0.481454
   3.944      0.481392
   3.948      0.481322
   3.952      0.481244
   3.956      0.481160
   3.959      0.481067
   3.963      0.480968
   3.967      0.480861
   3.971      0.480746
   3.975      0.480625
   3.979      0.480495
   3.983      0.480359
   3.987      0.480215
   3.990      0.480065
   3.994      0.479906
   3.998      0.479741
   4.002      0.479568
   4.006      0.479389
   4.010      0.479202
   4.014      0.479008
   4.017      0.478806
   4.021      0.478598
   4.025      0.478383
   4.029      0.478160
   4.033      0.477931
   4.037      0.477694
   4.041      0.477450
   4.045      0.477200
   4.048      0.476942
   4.052      0.476678
   4.056      0.476406
   4.060      0.476128
   4.064      0.475843
   4.068      0.475551
   4.072      0.475252
   4.075      0.474946
   4.079      0.474634
   4.083      0.474315
   4.087      0.473989
   4.091      0.473656
   4.095      0.473316
   4.099      0.472970
   4.103      0.472617
   4.106      0.472258
   4.110      0.471892
   4.114      0.471519
   4.118      0.471140
   4.122      0.470754
   4.126      0.470362
   4.130      0.469963
   4.133      0.469557
   4.137      0.469146
   4.141      0.468727
   4.145      0.468303
   4.149      0.467872
   4.153      0.467434
   4.157      0.466990
   4.161      0.466540
   4.164      0.466084
   4.168      0.465621
   4.172      0.465152
   4.176      0.464677
   4.180      0.464195
   4.184      0.463708
   4.188      0.463214
   4.191      0.462714
   4.195      0.462208
   4.199      0.461696
   4.203      0.461178
   4.207      0.460654
   4.211      0.460123
   4.215      0.459587
   4.219      0.459045
   4.222      0.458497
   4.226      0.457943
   4.230      0.457383
   4.234      0.456817
   4.238      0.456245
   4.242      0.455667
   4.246      0.455084
   4.249      0.454495
   4.253      0.453900
   4.257      0.453299
   4.261      0.452693
   4.265      0.452081
   4.269      0.451463
   4.273      0.450840
   4.277      0.450211
   4.280      0.449576
   4.284      0.448936
   4.288      0.448291
   4.292      0.447640
   4.296      0.446983
   4.300      0.446321
   4.304      0.445653
   4.307      0.444980
   4.311      0.444302
   4.315      0.443618
   4.319      0.442929
   4.323      0.442235
   4.327      0.441536
   4.331      0.440831
   4.335      0.440121
   4.338      0.439405
   4.342      0.438685
   4.346      0.437959
   4.350      0.437228
   4.354      0.436492
   4.358      0.435751
   4.362      0.435005
   4.365      0.434254
   4.369      0.433498
   4.373      0.432737
   4.377      0.431971
   4.381      0.431200
   4.385      0.430424
   4.389      0.429643
   4.393      0.428858
   4.396      0.428067
   4.400      0.427272
   4.404      0.426472
   4.408      0.425667
   4.412      0.424858
   4.416      0.424043
   4.420      0.423224
   4.423      0.422401
   4.427      0.421573
   4.431      0.420740
   4.435      0.419902
   4.439      0.419060
   4.443      0.418214
   4.447      0.417363
   4.451      0.416508
   4.454      0.415648
   4.458      0.414783
   4.462      0.413914
   4.466      0.413041
   4.470      0.412164
   4.474      0.411282
   4.478      0.410396
   4.481      0.409505
   4.485      0.408611
   4.489      0.407712
   4.493      0.406809
   4.497      0.405902
   4.501      0.404990
   4.505      0.404075
   4.509      0.403155
   4.512      0.402231
   4.516      0.401304
   4.520      0.400372
   4.524      0.399436
   4.528      0.398496
   4.532      0.397553
   4.536      0.396605
   4.539      0.395653
   4.543      0.394698
   4.547      0.393739
   4.551      0.392776
   4.555      0.391809
   4.559      0.390838
   4.563      0.389864
   4.567      0.388886
   4.570      0.387904
   4.574      0.386918
   4.578      0.385929
   4.582      0.384936
   4.586      0.383940
   4.590      0.382940
   4.594      0.381936
   4.597      0.380929
   4.601      0.379919
   4.605      0.378905
   4.609      0.377887
   4.613      0.376867
   4.617      0.375842
   4.621      0.374815
   4.625      0.373784
   4.628      0.372749
   4.632      0.371711
   4.636      0.370671
   4.640      0.369626
   4.644      0.368579
   4.648      0.367528
   4.652      0.366474
   4.655      0.365417
   4.659      0.364357
   4.663      0.363294
   4.667      0.362228
   4.671      0.361158
   4.675      0.360086
   4.679      0.359010
   4.683      0.357932
   4.686      0.356851
   4.690      0.355766
   4.694      0.354679
   4.698      0.353589
   4.702      0.352496
   4.706      0.351400
   4.710      0.350301
   4.713      0.349200
   4.717      0.348095
   4.721      0.346988
   4.725      0.345878
   4.729      0.344766
   4.733      0.343651
   4.737      0.342533
   4.741      0.341412
   4.744      0.340289
   4.748      0.339164
   4.752      0.338035
   4.756      0.336905
   4.760      0.335771
   4.764      0.334635
   4.768      0.333497
   4.771      0.332356
   4.775      0.331213
   4.779      0.330067
   4.783      0.328919
   4.787      0.327769
   4.791      0.326616
   4.795      0.325461
   4.799      0.324304
   4.802      0.323144
   4.806      0.321983
   4.810      0.320818
   4.814      0.319652
   4.818      0.318484
   4.822      0.317313
   4.826      0.316140
   4.829      0.314965
   4.833      0.313788
   4.837      0.312609
   4.841      0.311428
   4.845      0.310245
   4.849      0.309060
   4.853      0.307873
   4.857      0.306684
   4.860      0.305492
   4.864      0.304299
   4.868      0.303105
   4.872      0.301908
   4.876      0.300709
   4.880      0.299509
   4.884      0.298306
   4.887      0.297102
   4.891      0.295896
   4.895      0.294689
   4.899      0.293479
   4.903      0.292268
   4.907      0.291055
   4.911      0.289841
   4.915      0.288625
   4.918      0.287407
   4.922      0.286188
   4.926      0.284967
   4.930      0.283744
   4.934      0.282520
   4.938      0.281295
   4.942      0.280068
   4.945      0.278839
   4.949      0.277609
   4.953      0.276378
   4.957      0.275145
   4.961      0.273910
   4.965      0.272675
   4.969      0.271437
   4.973      0.270199
   4.976      0.268959
   4.980      0.267718
   4.984      0.266476
   4.988      0.265232
   4.992      0.263987
   4.996      0.262741
   5.000      0.261494
   5.003      0.260245
   5.007      0.258995
   5.011      0.257745
   5.015      0.256493
   5.019      0.255239
   5.023      0.253985
   5.027      0.252730
   5.031      0.251473
   5.034      0.250216
   5.038      0.248958
   5.042      0.247698
   5.046      0.246438
   5.050      0.245176
   5.054      0.243914
   5.058      0.242650
   5.061      0.241386
   5.065      0.240121
   5.069      0.238855
   5.073      0.237588
   5.077      0.236320
   5.081      0.235052
   5.085      0.233782
   5.089      0.232512
   5.092      0.231241
   5.096      0.229970
   5.100      0.228697
   5.104      0.227424
   5.108      0.226150
   5.112      0.224875
   5.116      0.223600
   5.119      0.222324
   5.123      0.221048
   5.127      0.219771
   5.131      0.218493
   5.135      0.217214
   5.139      0.215935
   5.143      0.214656
   5.147      0.213376
   5.150      0.212095
   5.154      0.210814
   5.158      0.209533
   5.162      0.208251
   5.166      0.206968
   5.170      0.205685
   5.174      0.204402
   5.177      0.203118
   5.181      0.201834
   5.185      0.200549
   5.189      0.199264
   5.193      0.197979
   5.197      0.196693
   5.201      0.195407
   5.205      0.194121
   5.208      0.192834
   5.212      0.191547
   5.216      0.190260
   5.220      0.188973
   5.224      0.187685
   5.228      0.186398
   5.232      0.185110
   5.235      0.183821
   5.239      0.182533
   5.243      0.181245
   5.247      0.179956
   5.251      0.178667
   5.255      0.177378
   5.259      0.176089
   5.263      0.174800
   5.266      0.173511
   5.270      0.172222
   5.274      0.170933
   5.278      0.169643
   5.282      0.168354
   5.286      0.167065
   5.290      0.165775
   5.293      0.164486
   5.297      0.163197
   5.301      0.161908
   5.305      0.160619
   5.309      0.159329
   5.313      0.158040
   5.317      0.156752
   5.321      0.155463
   5.324      0.154174
   5.328      0.152886
   5.332      0.151597
   5.336      0.150309
   5.340      0.149021
   5.344      0.147733
   5.348      0.146446
   5.351      0.145158
   5.355      0.143871
   5.359      0.142584
   5.363      0.141298
   5.367      0.140011
   5.371      0.138725
   5.375      0.137439
   5.379      0.136154
   5.382      0.134869
   5.386      0.133584
   5.390      0.132299
   5.394      0.131015
   5.398      0.129731
   5.402      0.128448
   5.406      0.127165
   5.409      0.125882
   5.413      0.124600
   5.417      0.123318
   5.421      0.122036
   5.425      0.120755
   5.429      0.119474
   5.433      0.118194
   5.437      0.116915
   5.440      0.115635
   5.444      0.114357
   5.448      0.113079
   5.452      0.111801
   5.456      0.110524
   5.460      0.109247
   5.464      0.107971
   5.467      0.106695
   5.471      0.105420
   5.475      0.104146
   5.479      0.102872
   5.483      0.101599
   5.487      0.100326
   5.491      0.099054
   5.495      0.097783
   5.498      0.096512
   5.502      0.095242
   5.506      0.093972
   5.510      0.092703
   5.514      0.091435
   5.518      0.090168
   5.522      0.088901
   5.525      0.087635
   5.529      0.086369
   5.533      0.085105
   5.537      0.083841
   5.541      0.082577
   5.545      0.081315
   5.549      0.080053
   5.553      0.078792
   5.556      0.077532
   5.560      0.076272
   5.564      0.075014
   5.568      0.073756
   5.572      0.072498
   5.576      0.071242
   5.580      0.069987
   5.583      0.068732
   5.587      0.067478
   5.591      0.066225
   5.595      0.064973
   5.599      0.063722
   5.603      0.062471
   5.607      0.061221
   5.611      0.059973
   5.614      0.058725
   5.618      0.057478
   5.622      0.056232
   5.626      0.054987
   5.630      0.053743
   5.634      0.052499
   5.638      0.051257
   5.641      0.050015
   5.645      0.048775
   5.649      0.047535
   5.653      0.046297
   5.657      0.045059
   5.661      0.043822
   5.665      0.042587
   5.669      0.041352
   5.672      0.040118
   5.676      0.038886
   5.680      0.037654
   5.684      0.036423
   5.688      0.035193
   5.692      0.033965
   5.696      0.032737
   5.699      0.031510
   5.703      0.030285
   5.707      0.029060
   5.711      0.027837
   5.715      0.026614
   5.719      0.025393
   5.723      0.024173
   5.727      0.022953
   5.730      0.021735
   5.734      0.020518
   5.738      0.019302
   5.742      0.018087
   5.746      0.016874
   5.750      0.015661
   5.754      0.014449
   5.757      0.013239
   5.761      0.012030
   5.765      0.010821
   5.769      0.009614
   5.773      0.008408
   5.777      0.007204
   5.781      0.006000
   5.785      0.004798
   5.788      0.003596
   5.792      0.002396
   5.796      0.001198
   5.800      0.000000
