   0.000      1.309716
   0.004      1.309715
   0.008      1.309716
   0.012      1.309715
   0.015      1.309715
   0.019      1.309715
   0.023      1.309715
   0.027      1.309715
   0.031      1.309714
   0.035      1.309714
   0.038      1.309713
   0.042      1.309711
   0.046      1.309710
   0.050      1.309707
   0.054      1.309704
   0.058      1.309701
   0.061      1.309697
   0.065      1.309692
   0.069      1.309686
   0.073      1.309678
   0.077      1.309670
   0.081      1.309660
   0.084      1.309649
   0.088      1.309636
   0.092      1.309621
   0.096      1.309605
   0.100      1.309586
   0.104      1.309565
   0.107      1.309541
   0.111      1.309515
   0.115      1.309486
   0.119      1.309454
   0.123      1.309419
   0.127      1.309381
   0.130      1.309338
   0.134      1.309292
   0.138      1.309242
   0.142      1.309188
   0.146      1.309129
   0.150      1.309065
   0.153      1.308996
   0.157      1.308923
   0.161      1.308843
   0.165      1.308758
   0.169      1.308667
   0.173      1.308569
   0.176      1.308465
   0.180      1.308354
   0.184      1.308236
   0.188      1.308111
   0.192      1.307978
   0.196      1.307837
   0.199      1.307687
   0.203      1.307529
   0.207      1.307363
   0.211      1.307186
   0.215      1.307001
   0.219      1.306806
   0.223      1.306600
   0.226      1.306384
   0.230      1.306158
   0.234      1.305920
   0.238      1.305671
   0.242      1.305410
   0.246      1.305137
   0.249      1.304851
   0.253      1.304553
   0.257      1.304242
   0.261      1.303917
   0.265      1.303579
   0.269      1.303226
   0.272      1.302859
   0.276      1.302477
   0.280      1.302081
   0.284      1.301668
   0.288      1.301240
   0.292      1.300796
   0.295      1.300335
   0.299      1.299858
   0.303      1.299363
   0.307      1.298851
   0.311      1.298321
   0.315      1.297772
   0.318      1.297206
   0.322      1.296620
   0.326      1.296015
   0.330      1.295391
   0.334      1.294747
   0.338      1.294083
   0.341      1.293398
   0.345      1.292693
   0.349      1.291967
   0.353      1.291219
   0.357      1.290449
   0.361      1.289658
   0.364      1.288844
   0.368      1.288008
   0.372      1.287149
   0.376      1.286267
   0.380      1.285361
   0.384      1.284432
   0.387      1.283478
   0.391      1.282501
   0.395      1.281499
   0.399      1.280472
   0.403      1.279421
   0.407      1.278344
   0.411      1.277242
   0.414      1.276114
   0.418      1.274961
   0.422      1.273781
   0.426      1.272576
   0.430      1.271344
   0.434      1.270085
   0.437      1.268800
   0.441      1.267487
   0.445      1.266148
   0.449      1.264782
   0.453      1.263388
   0.457      1.261967
   0.460      1.260518
   0.464      1.259041
   0.468      1.257537
   0.472      1.256005
   0.476      1.254445
   0.480      1.252857
   0.483      1.251242
   0.487      1.249598
   0.491      1.247926
   0.495      1.246225
   0.499      1.244497
   0.503      1.242741
   0.506      1.240956
   0.510      1.239144
   0.514      1.237303
   0.518      1.235434
   0.522      1.233537
   0.526      1.231613
   0.529      1.229661
   0.533      1.227680
   0.537      1.225673
   0.541      1.223637
   0.545      1.221575
   0.549      1.219485
   0.552      1.217368
   0.556      1.215224
   0.560      1.213053
   0.564      1.210856
   0.568      1.208632
   0.572      1.206382
   0.575      1.204106
   0.579      1.201805
   0.583      1.199477
   0.587      1.197125
   0.591      1.194747
   0.595      1.192345
   0.598      1.189918
   0.602      1.187467
   0.606      1.184992
   0.610      1.182493
   0.614      1.179971
   0.618      1.177426
   0.622      1.174858
   0.625      1.172268
   0.629      1.169656
   0.633      1.167023
   0.637      1.164368
   0.641      1.161692
   0.645      1.158996
   0.648      1.156280
   0.652      1.153544
   0.656      1.150789
   0.660      1.148015
   0.664      1.145222
   0.668      1.142412
   0.671      1.139583
   0.675      1.136738
   0.679      1.133876
   0.683      1.130998
   0.687      1.128103
   0.691      1.125194
   0.694      1.122269
   0.698      1.119330
   0.702      1.116377
   0.706      1.113411
   0.710      1.110431
   0.714      1.107439
   0.717      1.104435
   0.721      1.101420
   0.725      1.098393
   0.729      1.095355
   0.733      1.092308
   0.737      1.089250
   0.740      1.086184
   0.744      1.083109
   0.748      1.080026
   0.752      1.076935
   0.756      1.073837
   0.760      1.070732
   0.763      1.067621
   0.767      1.064504
   0.771      1.061382
   0.775      1.058255
   0.779      1.055124
   0.783      1.051989
   0.786      1.048851
   0.790      1.045710
   0.794      1.042566
   0.798      1.039421
   0.802      1.036274
   0.806      1.033126
   0.810      1.029977
   0.813      1.026829
   0.817      1.023681
   0.821      1.020533
   0.825      1.017387
   0.829      1.014242
   0.833      1.011100
   0.836      1.007960
   0.840      1.004823
   0.844      1.001689
   0.848      0.998559
   0.852      0.995433
   0.856      0.992312
   0.859      0.989195
   0.863      0.986084
   0.867      0.982978
   0.871      0.979879
   0.875      0.976786
   0.879      0.973699
   0.882      0.970620
   0.886      0.967547
   0.890      0.964483
   0.894      0.961427
   0.898      0.958379
   0.902      0.955340
   0.905      0.952309
   0.909      0.949288
   0.913      0.946276
   0.917      0.943275
   0.921      0.940283
   0.925      0.937302
   0.928      0.934331
   0.932      0.931371
   0.936      0.928422
   0.940      0.925484
   0.944      0.922558
   0.948      0.919644
   0.951      0.916741
   0.955      0.913851
   0.959      0.910973
   0.963      0.908108
   0.967      0.905255
   0.971      0.902415
   0.974      0.899588
   0.978      0.896774
   0.982      0.893973
   0.986      0.891186
   0.990      0.888413
   0.994      0.885653
   0.997      0.882907
   1.001      0.880175
   1.005      0.877457
   1.009      0.874753
   1.013      0.872063
   1.017      0.869388
   1.021      0.866727
   1.024      0.864080
   1.028      0.861448
   1.032      0.858831
   1.036      0.856228
   1.040      0.853639
   1.044      0.851066
   1.047      0.848507
   1.051      0.845963
   1.055      0.843434
   1.059      0.840919
   1.063      0.838420
   1.067      0.835935
   1.070      0.833465
   1.074      0.831010
   1.078      0.828569
   1.082      0.826144
   1.086      0.823733
   1.090      0.821337
   1.093      0.818955
   1.097      0.816589
   1.101      0.814237
   1.105      0.811900
   1.109      0.809577
   1.113      0.807269
   1.116      0.804975
   1.120      0.802696
   1.124      0.800431
   1.128      0.798181
   1.132      0.795944
   1.136      0.793722
   1.139      0.791515
   1.143      0.789321
   1.147      0.787141
   1.151      0.784975
   1.155      0.782823
   1.159      0.780684
   1.162      0.778560
   1.166      0.776448
   1.170      0.774351
   1.174      0.772267
   1.178      0.770196
   1.182      0.768138
   1.185      0.766093
   1.189      0.764062
   1.193      0.762043
   1.197      0.760037
   1.201      0.758044
   1.205      0.756064
   1.209      0.754096
   1.212      0.752140
   1.216      0.750197
   1.220      0.748266
   1.224      0.746347
   1.228      0.744440
   1.232      0.742545
   1.235      0.740661
   1.239      0.738789
   1.243      0.736929
   1.247      0.735081
   1.251      0.733243
   1.255      0.731417
   1.258      0.729602
   1.262      0.727798
   1.266      0.726005
   1.270      0.724223
   1.274      0.722451
   1.278      0.720690
   1.281      0.718939
   1.285      0.717199
   1.289      0.715469
   1.293      0.713749
   1.297      0.712039
   1.301      0.710339
   1.304      0.708648
   1.308      0.706968
   1.312      0.705297
   1.316      0.703635
   1.320      0.701983
   1.324      0.700340
   1.327      0.698706
   1.331      0.697082
   1.335      0.695466
   1.339      0.693859
   1.343      0.692261
   1.347      0.690672
   1.350      0.689091
   1.354      0.687518
   1.358      0.685954
   1.362      0.684398
   1.366      0.682850
   1.370      0.681311
   1.373      0.679779
   1.377      0.678255
   1.381      0.676739
   1.385      0.675231
   1.389      0.673730
   1.393      0.672237
   1.396      0.670751
   1.400      0.669273
   1.404      0.667802
   1.408      0.666338
   1.412      0.664881
   1.416      0.663431
   1.420      0.661988
   1.423      0.660551
   1.427      0.659122
   1.431      0.657699
   1.435      0.656283
   1.439      0.654873
   1.443      0.653470
   1.446      0.652073
   1.450      0.650683
   1.454      0.649299
   1.458      0.647921
   1.462      0.646549
   1.466      0.645183
   1.469      0.643822
   1.473      0.642468
   1.477      0.641120
   1.481      0.639777
   1.485      0.638440
   1.489      0.637109
   1.492      0.635783
   1.496      0.634463
   1.500      0.633148
   1.504      0.631839
   1.508      0.630535
   1.512      0.629236
   1.515      0.627942
   1.519      0.626654
   1.523      0.625371
   1.527      0.624092
   1.531      0.622819
   1.535      0.621551
   1.538      0.620287
   1.542      0.619029
   1.546      0.617775
   1.550      0.616526
   1.554      0.615281
   1.558      0.614042
   1.561      0.612806
   1.565      0.611576
   1.569      0.610350
   1.573      0.609128
   1.577      0.607911
   1.581      0.606699
   1.584      0.605490
   1.588      0.604286
   1.592      0.603086
   1.596      0.601891
   1.600      0.600699
   1.604      0.599512
   1.608      0.598329
   1.611      0.597150
   1.615      0.595975
   1.619      0.594804
   1.623      0.593638
   1.627      0.592475
   1.631      0.591316
   1.634      0.590160
   1.638      0.589009
   1.642      0.587862
   1.646      0.586718
   1.650      0.585578
   1.654      0.584442
   1.657      0.583310
   1.661      0.582181
   1.665      0.581056
   1.669      0.579934
   1.673      0.578816
   1.677      0.577702
   1.680      0.576591
   1.684      0.575484
   1.688      0.574380
   1.692      0.573280
   1.696      0.572183
   1.700      0.571090
   1.703      0.570000
   1.707      0.568914
   1.711      0.567830
   1.715      0.566751
   1.719      0.565674
   1.723      0.564601
   1.726      0.563531
   1.730      0.562464
   1.734      0.561401
   1.738      0.560341
   1.742      0.559284
   1.746      0.558230
   1.749      0.557179
   1.753      0.556132
   1.757      0.555087
   1.761      0.554046
   1.765      0.553008
   1.769      0.551973
   1.772      0.550941
   1.776      0.549912
   1.780      0.548886
   1.784      0.547864
   1.788      0.546844
   1.792      0.545827
   1.795      0.544813
   1.799      0.543802
   1.803      0.542794
   1.807      0.541789
   1.811      0.540787
   1.815      0.539788
   1.819      0.538792
   1.822      0.537798
   1.826      0.536808
   1.830      0.535820
   1.834      0.534835
   1.838      0.533853
   1.842      0.532874
   1.845      0.531898
   1.849      0.530924
   1.853      0.529954
   1.857      0.528986
   1.861      0.528020
   1.865      0.527058
   1.868      0.526098
   1.872      0.525141
   1.876      0.524187
   1.880      0.523235
   1.884      0.522286
   1.888      0.521340
   1.891      0.520397
   1.895      0.519456
   1.899      0.518518
   1.903      0.517582
   1.907      0.516649
   1.911      0.515719
   1.914      0.514792
   1.918      0.513867
   1.922      0.512944
   1.926      0.512024
   1.930      0.511107
   1.934      0.510193
   1.937      0.509281
   1.941      0.508371
   1.945      0.507464
   1.949      0.506560
   1.953      0.505658
   1.957      0.504759
   1.960      0.503862
   1.964      0.502967
   1.968      0.502076
   1.972      0.501186
   1.976      0.500299
   1.980      0.499415
   1.983      0.498533
   1.987      0.497654
   1.991      0.496777
   1.995      0.495902
   1.999      0.495030
   2.003      0.494161
   2.007      0.493294
   2.010      0.492429
   2.014      0.491566
   2.018      0.490707
   2.022      0.489849
   2.026      0.488994
   2.030      0.488141
   2.033      0.487291
   2.037      0.486443
   2.041      0.485597
   2.045      0.484754
   2.049      0.483913
   2.053      0.483074
   2.056      0.482238
   2.060      0.481404
   2.064      0.480572
   2.068      0.479743
   2.072      0.478916
   2.076      0.478091
   2.079      0.477269
   2.083      0.476449
   2.087      0.475631
   2.091      0.474815
   2.095      0.474002
   2.099      0.473191
   2.102      0.472382
   2.106      0.471576
   2.110      0.470772
   2.114      0.469970
   2.118      0.469170
   2.122      0.468372
   2.125      0.467577
   2.129      0.466784
   2.133      0.465993
   2.137      0.465204
   2.141      0.464418
   2.145      0.463633
   2.148      0.462851
   2.152      0.462071
   2.156      0.461294
   2.160      0.460518
   2.164      0.459745
   2.168      0.458973
   2.171      0.458204
   2.175      0.457437
   2.179      0.456672
   2.183      0.455909
   2.187      0.455149
   2.191      0.454390
   2.194      0.453634
   2.198      0.452880
   2.202      0.452127
   2.206      0.451377
   2.210      0.450629
   2.214      0.449884
   2.218      0.449140
   2.221      0.448398
   2.225      0.447658
   2.229      0.446921
   2.233      0.446185
   2.237      0.445452
   2.241      0.444720
   2.244      0.443991
   2.248      0.443263
   2.252      0.442538
   2.256      0.441814
   2.260      0.441093
   2.264      0.440374
   2.267      0.439656
   2.271      0.438941
   2.275      0.438228
   2.279      0.437516
   2.283      0.436807
   2.287      0.436100
   2.290      0.435394
   2.294      0.434691
   2.298      0.433989
   2.302      0.433290
   2.306      0.432592
   2.310      0.431897
   2.313      0.431203
   2.317      0.430511
   2.321      0.429821
   2.325      0.429133
   2.329      0.428447
   2.333      0.427763
   2.336      0.427081
   2.340      0.426401
   2.344      0.425722
   2.348      0.425046
   2.352      0.424371
   2.356      0.423699
   2.359      0.423028
   2.363      0.422359
   2.367      0.421692
   2.371      0.421026
   2.375      0.420363
   2.379      0.419701
   2.382      0.419042
   2.386      0.418384
   2.390      0.417728
   2.394      0.417074
   2.398      0.416421
   2.402      0.415771
   2.406      0.415122
   2.409      0.414475
   2.413      0.413830
   2.417      0.413186
   2.421      0.412545
   2.425      0.411905
   2.429      0.411267
   2.432      0.410630
   2.436      0.409996
   2.440      0.409363
   2.444      0.408732
   2.448      0.408103
   2.452      0.407476
   2.455      0.406850
   2.459      0.406226
   2.463      0.405604
   2.467      0.404983
   2.471      0.404364
   2.475      0.403747
   2.478      0.403132
   2.482      0.402518
   2.486      0.401906
   2.490      0.401296
   2.494      0.400687
   2.498      0.400080
   2.501      0.399475
   2.505      0.398872
   2.509      0.398270
   2.513      0.397670
   2.517      0.397071
   2.521      0.396474
   2.524      0.395879
   2.528      0.395285
   2.532      0.394693
   2.536      0.394103
   2.540      0.393514
   2.544      0.392927
   2.547      0.392342
   2.551      0.391758
   2.555      0.391176
   2.559      0.390595
   2.563      0.390016
   2.567      0.389439
   2.570      0.388863
   2.574      0.388289
   2.578      0.387716
   2.582      0.387145
   2.586      0.386576
   2.590      0.386008
   2.593      0.385441
   2.597      0.384876
   2.601      0.384313
   2.605      0.383751
   2.609      0.383191
   2.613      0.382633
   2.617      0.382076
   2.620      0.381520
   2.624      0.380966
   2.628      0.380413
   2.632      0.379862
   2.636      0.379313
   2.640      0.378765
   2.643      0.378218
   2.647      0.377673
   2.651      0.377130
   2.655      0.376588
   2.659      0.376047
   2.663      0.375508
   2.666      0.374971
   2.670      0.374434
   2.674      0.373900
   2.678      0.373367
   2.682      0.372835
   2.686      0.372304
   2.689      0.371776
   2.693      0.371248
   2.697      0.370722
   2.701      0.370198
   2.705      0.369674
   2.709      0.369153
   2.712      0.368632
   2.716      0.368113
   2.720      0.367596
   2.724      0.367080
   2.728      0.366565
   2.732      0.366052
   2.735      0.365540
   2.739      0.365029
   2.743      0.364520
   2.747      0.364012
   2.751      0.363506
   2.755      0.363001
   2.758      0.362497
   2.762      0.361995
   2.766      0.361494
   2.770      0.360994
   2.774      0.360496
   2.778      0.359999
   2.781      0.359503
   2.785      0.359009
   2.789      0.358516
   2.793      0.358024
   2.797      0.357534
   2.801      0.357045
   2.805      0.356557
   2.808      0.356071
   2.812      0.355586
   2.816      0.355102
   2.820      0.354619
   2.824      0.354138
   2.828      0.353658
   2.831      0.353179
   2.835      0.352702
   2.839      0.352226
   2.843      0.351751
   2.847      0.351277
   2.851      0.350805
   2.854      0.350334
   2.858      0.349864
   2.862      0.349395
   2.866      0.348928
   2.870      0.348462
   2.874      0.347997
   2.877      0.347533
   2.881      0.347070
   2.885      0.346609
   2.889      0.346149
   2.893      0.345690
   2.897      0.345232
   2.900      0.344776
   2.904      0.344321
   2.908      0.343866
   2.912      0.343414
   2.916      0.342962
   2.920      0.342511
   2.923      0.342062
   2.927      0.341614
   2.931      0.341167
   2.935      0.340721
   2.939      0.340276
   2.943      0.339832
   2.946      0.339390
   2.950      0.338949
   2.954      0.338509
   2.958      0.338070
   2.962      0.337632
   2.966      0.337195
   2.969      0.336759
   2.973      0.336325
   2.977      0.335892
   2.981      0.335459
   2.985      0.335028
   2.989      0.334598
   2.992      0.334169
   2.996      0.333741
   3.000      0.333314
   3.004      0.332889
   3.008      0.332464
   3.012      0.332041
   3.016      0.331618
   3.019      0.331197
   3.023      0.330777
   3.027      0.330357
   3.031      0.329939
   3.035      0.329522
   3.039      0.329106
   3.042      0.328691
   3.046      0.328277
   3.050      0.327864
   3.054      0.327452
   3.058      0.327041
   3.062      0.326632
   3.065      0.326223
   3.069      0.325815
