   0.000      2.364935
   0.004      2.364945
   0.008      2.364956
   0.012      2.364974
   0.015      2.364998
   0.019      2.365030
   0.023      2.365069
   0.027      2.365115
   0.031      2.365168
   0.035      2.365228
   0.039      2.365296
   0.043      2.365371
   0.046      2.365453
   0.050      2.365542
   0.054      2.365639
   0.058      2.365743
   0.062      2.365854
   0.066      2.365973
   0.070      2.366099
   0.073      2.366232
   0.077      2.366372
   0.081      2.366520
   0.085      2.366676
   0.089      2.366838
   0.093      2.367009
   0.097      2.367186
   0.101      2.367371
   0.104      2.367563
   0.108      2.367762
   0.112      2.367969
   0.116      2.368183
   0.120      2.368404
   0.124      2.368633
   0.128      2.368868
   0.131      2.369111
   0.135      2.369361
   0.139      2.369618
   0.143      2.369882
   0.147      2.370154
   0.151      2.370432
   0.155      2.370717
   0.159      2.371009
   0.162      2.371308
   0.166      2.371613
   0.170      2.371926
   0.174      2.372245
   0.178      2.372570
   0.182      2.372902
   0.186      2.373241
   0.189      2.373586
   0.193      2.373937
   0.197      2.374294
   0.201      2.374658
   0.205      2.375028
   0.209      2.375403
   0.213      2.375785
   0.217      2.376172
   0.220      2.376565
   0.224      2.376963
   0.228      2.377367
   0.232      2.377776
   0.236      2.378191
   0.240      2.378610
   0.244      2.379035
   0.247      2.379465
   0.251      2.379899
   0.255      2.380338
   0.259      2.380782
   0.263      2.381230
   0.267      2.381682
   0.271      2.382138
   0.275      2.382598
   0.278      2.383062
   0.282      2.383530
   0.286      2.384002
   0.290      2.384476
   0.294      2.384954
   0.298      2.385435
   0.302      2.385919
   0.305      2.386406
   0.309      2.386895
   0.313      2.387387
   0.317      2.387881
   0.321      2.388377
   0.325      2.388875
   0.329      2.389375
   0.333      2.389876
   0.336      2.390378
   0.340      2.390881
   0.344      2.391386
   0.348      2.391891
   0.352      2.392397
   0.356      2.392903
   0.360      2.393409
   0.363      2.393915
   0.367      2.394421
   0.371      2.394926
   0.375      2.395431
   0.379      2.395934
   0.383      2.396437
   0.387      2.396938
   0.391      2.397437
   0.394      2.397934
   0.398      2.398430
   0.402      2.398922
   0.406      2.399413
   0.410      2.399900
   0.414      2.400384
   0.418      2.400865
   0.421      2.401343
   0.425      2.401816
   0.429      2.402285
   0.433      2.402750
   0.437      2.403211
   0.441      2.403666
   0.445      2.404116
   0.449      2.404560
   0.452      2.404999
   0.456      2.405431
   0.460      2.405858
   0.464      2.406277
   0.468      2.406690
   0.472      2.407095
   0.476      2.407492
   0.479      2.407882
   0.483      2.408264
   0.487      2.408637
   0.491      2.409001
   0.495      2.409356
   0.499      2.409701
   0.503      2.410037
   0.507      2.410363
   0.510      2.410678
   0.514      2.410982
   0.518      2.411275
   0.522      2.411557
   0.526      2.411827
   0.530      2.412084
   0.534      2.412329
   0.537      2.412561
   0.541      2.412780
   0.545      2.412985
   0.549      2.413177
   0.553      2.413353
   0.557      2.413515
   0.561      2.413662
   0.565      2.413794
   0.568      2.413909
   0.572      2.414009
   0.576      2.414091
   0.580      2.414157
   0.584      2.414205
   0.588      2.414235
   0.592      2.414247
   0.595      2.414240
   0.599      2.414215
   0.603      2.414169
   0.607      2.414104
   0.611      2.414019
   0.615      2.413913
   0.619      2.413785
   0.623      2.413636
   0.626      2.413466
   0.630      2.413272
   0.634      2.413056
   0.638      2.412817
   0.642      2.412554
   0.646      2.412266
   0.650      2.411954
   0.653      2.411618
   0.657      2.411255
   0.661      2.410867
   0.665      2.410452
   0.669      2.410011
   0.673      2.409542
   0.677      2.409045
   0.681      2.408520
   0.684      2.407967
   0.688      2.407385
   0.692      2.406773
   0.696      2.406131
   0.700      2.405458
   0.704      2.404755
   0.708      2.404020
   0.711      2.403253
   0.715      2.402454
   0.719      2.401622
   0.723      2.400757
   0.727      2.399858
   0.731      2.398925
   0.735      2.397957
   0.739      2.396954
   0.742      2.395916
   0.746      2.394841
   0.750      2.393730
   0.754      2.392582
   0.758      2.391397
   0.762      2.390173
   0.766      2.388911
   0.769      2.387610
   0.773      2.386270
   0.777      2.384890
   0.781      2.383470
   0.785      2.382009
   0.789      2.380507
   0.793      2.378963
   0.797      2.377377
   0.800      2.375748
   0.804      2.374076
   0.808      2.372361
   0.812      2.370602
   0.816      2.368799
   0.820      2.366950
   0.824      2.365057
   0.827      2.363117
   0.831      2.361132
   0.835      2.359100
   0.839      2.357020
   0.843      2.354894
   0.847      2.352719
   0.851      2.350496
   0.855      2.348224
   0.858      2.345903
   0.862      2.343533
   0.866      2.341112
   0.870      2.338641
   0.874      2.336120
   0.878      2.333547
   0.882      2.330922
   0.885      2.328245
   0.889      2.325516
   0.893      2.322735
   0.897      2.319900
   0.901      2.317011
   0.905      2.314069
   0.909      2.311072
   0.913      2.308021
   0.916      2.304914
   0.920      2.301753
   0.924      2.298535
   0.928      2.295262
   0.932      2.291933
   0.936      2.288546
   0.940      2.285103
   0.943      2.281603
   0.947      2.278045
   0.951      2.274429
   0.955      2.270755
   0.959      2.267022
   0.963      2.263231
   0.967      2.259380
   0.971      2.255471
   0.974      2.251502
   0.978      2.247473
   0.982      2.243384
   0.986      2.239236
   0.990      2.235026
   0.994      2.230756
   0.998      2.226425
   1.001      2.222033
   1.005      2.217580
   1.009      2.213065
   1.013      2.208489
   1.017      2.203851
   1.021      2.199151
   1.025      2.194389
   1.029      2.189565
   1.032      2.184678
   1.036      2.179729
   1.040      2.174717
   1.044      2.169643
   1.048      2.164506
   1.052      2.159306
   1.056      2.154043
   1.059      2.148717
   1.063      2.143328
   1.067      2.137876
   1.071      2.132361
   1.075      2.126783
   1.079      2.121142
   1.083      2.115437
   1.087      2.109670
   1.090      2.103839
   1.094      2.097945
   1.098      2.091988
   1.102      2.085968
   1.106      2.079885
   1.110      2.073739
   1.114      2.067531
   1.117      2.061259
   1.121      2.054925
   1.125      2.048529
   1.129      2.042070
   1.133      2.035549
   1.137      2.028966
   1.141      2.022321
   1.145      2.015614
   1.148      2.008846
   1.152      2.002016
   1.156      1.995125
   1.160      1.988173
   1.164      1.981160
   1.168      1.974086
   1.172      1.966952
   1.175      1.959759
   1.179      1.952505
   1.183      1.945192
   1.187      1.937819
   1.191      1.930388
   1.195      1.922898
   1.199      1.915350
   1.203      1.907744
   1.206      1.900080
   1.210      1.892358
   1.214      1.884580
   1.218      1.876746
   1.222      1.868855
   1.226      1.860908
   1.230      1.852906
   1.233      1.844849
   1.237      1.836737
   1.241      1.828571
   1.245      1.820352
   1.249      1.812079
   1.253      1.803753
   1.257      1.795375
   1.261      1.786946
   1.264      1.778465
   1.268      1.769933
   1.272      1.761350
   1.276      1.752718
   1.280      1.744037
   1.284      1.735307
   1.288      1.726529
   1.291      1.717703
   1.295      1.708830
   1.299      1.699910
   1.303      1.690945
   1.307      1.681934
   1.311      1.672878
   1.315      1.663779
   1.319      1.654636
   1.322      1.645449
   1.326      1.636221
   1.330      1.626951
   1.334      1.617640
   1.338      1.608289
   1.342      1.598898
   1.346      1.589468
   1.349      1.579999
   1.353      1.570493
   1.357      1.560950
   1.361      1.551371
   1.365      1.541756
   1.369      1.532106
   1.373      1.522422
   1.377      1.512704
   1.380      1.502954
   1.384      1.493172
   1.388      1.483358
   1.392      1.473514
   1.396      1.463640
   1.400      1.453738
   1.404      1.443806
   1.407      1.433848
   1.411      1.423862
   1.415      1.413850
   1.419      1.403814
   1.423      1.393752
   1.427      1.383667
   1.431      1.373559
   1.435      1.363429
   1.438      1.353278
   1.442      1.343106
   1.446      1.332914
   1.450      1.322703
   1.454      1.312474
   1.458      1.302228
   1.462      1.291964
   1.465      1.281686
   1.469      1.271392
   1.473      1.261084
   1.477      1.250762
   1.481      1.240428
   1.485      1.230082
   1.489      1.219725
   1.493      1.209358
   1.496      1.198981
   1.500      1.188596
   1.504      1.178203
   1.508      1.167803
   1.512      1.157397
   1.516      1.146985
   1.520      1.136569
   1.523      1.126150
   1.527      1.115727
   1.531      1.105302
   1.535      1.094875
   1.539      1.084448
   1.543      1.074022
   1.547      1.063596
   1.551      1.053172
   1.554      1.042750
   1.558      1.032332
   1.562      1.021918
   1.566      1.011509
   1.570      1.001106
   1.574      0.990709
   1.578      0.980319
   1.581      0.969937
   1.585      0.959564
   1.589      0.949200
   1.593      0.938847
   1.597      0.928504
   1.601      0.918174
   1.605      0.907855
   1.609      0.897550
   1.612      0.887259
   1.616      0.876983
   1.620      0.866721
   1.624      0.856476
   1.628      0.846248
   1.632      0.836037
   1.636      0.825844
   1.639      0.815670
   1.643      0.805516
   1.647      0.795382
   1.651      0.785269
   1.655      0.775177
   1.659      0.765107
   1.663      0.755061
   1.667      0.745038
   1.670      0.735039
   1.674      0.725065
   1.678      0.715116
   1.682      0.705193
   1.686      0.695297
   1.690      0.685429
   1.694      0.675588
   1.697      0.665775
   1.701      0.655992
   1.705      0.646238
   1.709      0.636515
   1.713      0.626822
   1.717      0.617160
   1.721      0.607531
   1.725      0.597933
   1.728      0.588369
   1.732      0.578838
   1.736      0.569341
   1.740      0.559879
   1.744      0.550452
   1.748      0.541060
   1.752      0.531704
   1.755      0.522384
   1.759      0.513102
   1.763      0.503857
   1.767      0.494649
   1.771      0.485480
   1.775      0.476350
   1.779      0.467259
   1.783      0.458208
   1.786      0.449196
   1.790      0.440225
   1.794      0.431295
   1.798      0.422406
   1.802      0.413558
   1.806      0.404753
   1.810      0.395990
   1.813      0.387269
   1.817      0.378592
   1.821      0.369958
   1.825      0.361367
   1.829      0.352821
   1.833      0.344319
   1.837      0.335862
   1.841      0.327450
   1.844      0.319083
   1.848      0.310762
   1.852      0.302486
   1.856      0.294257
   1.860      0.286074
   1.864      0.277938
   1.868      0.269848
   1.871      0.261806
   1.875      0.253811
   1.879      0.245864
   1.883      0.237964
   1.887      0.230113
   1.891      0.222309
   1.895      0.214555
   1.899      0.206848
   1.902      0.199191
   1.906      0.191582
   1.910      0.184023
   1.914      0.176513
   1.918      0.169052
   1.922      0.161641
   1.926      0.154280
   1.929      0.146969
   1.933      0.139707
   1.937      0.132496
   1.941      0.125335
   1.945      0.118224
   1.949      0.111164
   1.953      0.104154
   1.957      0.097195
   1.960      0.090286
   1.964      0.083428
   1.968      0.076621
   1.972      0.069865
   1.976      0.063159
   1.980      0.056505
   1.984      0.049902
   1.987      0.043349
   1.991      0.036848
   1.995      0.030398
   1.999      0.023999
   2.003      0.017651
   2.007      0.011354
   2.011      0.005108
   2.015     -0.001086
   2.018     -0.007230
   2.022     -0.013323
   2.026     -0.019364
   2.030     -0.025355
   2.034     -0.031294
   2.038     -0.037183
   2.042     -0.043020
   2.045     -0.048807
   2.049     -0.054543
   2.053     -0.060228
   2.057     -0.065863
   2.061     -0.071447
   2.065     -0.076980
   2.069     -0.082463
   2.073     -0.087896
   2.076     -0.093278
   2.080     -0.098610
   2.084     -0.103892
   2.088     -0.109124
   2.092     -0.114306
   2.096     -0.119438
   2.100     -0.124521
   2.103     -0.129554
   2.107     -0.134538
   2.111     -0.139472
   2.115     -0.144357
   2.119     -0.149193
   2.123     -0.153980
   2.127     -0.158719
   2.131     -0.163408
   2.134     -0.168049
   2.138     -0.172642
   2.142     -0.177187
   2.146     -0.181684
   2.150     -0.186132
   2.154     -0.190533
   2.158     -0.194887
   2.161     -0.199193
   2.165     -0.203451
   2.169     -0.207663
   2.173     -0.211828
   2.177     -0.215946
   2.181     -0.220018
   2.185     -0.224043
   2.189     -0.228022
   2.192     -0.231955
   2.196     -0.235843
   2.200     -0.239685
   2.204     -0.243481
   2.208     -0.247232
   2.212     -0.250939
   2.216     -0.254600
   2.219     -0.258217
   2.223     -0.261790
   2.227     -0.265318
   2.231     -0.268803
   2.235     -0.272244
   2.239     -0.275641
   2.243     -0.278995
   2.247     -0.282306
   2.250     -0.285574
   2.254     -0.288799
   2.258     -0.291982
   2.262     -0.295123
   2.266     -0.298221
   2.270     -0.301278
   2.274     -0.304294
   2.277     -0.307268
   2.281     -0.310201
   2.285     -0.313094
   2.289     -0.315946
   2.293     -0.318757
   2.297     -0.321528
   2.301     -0.324260
   2.305     -0.326951
   2.308     -0.329604
   2.312     -0.332217
   2.316     -0.334791
   2.320     -0.337327
   2.324     -0.339824
   2.328     -0.342283
   2.332     -0.344704
   2.335     -0.347087
   2.339     -0.349433
   2.343     -0.351741
   2.347     -0.354013
   2.351     -0.356248
   2.355     -0.358446
   2.359     -0.360608
   2.363     -0.362734
   2.366     -0.364825
   2.370     -0.366880
   2.374     -0.368899
   2.378     -0.370884
   2.382     -0.372834
   2.386     -0.374749
   2.390     -0.376630
   2.393     -0.378478
   2.397     -0.380291
   2.401     -0.382071
   2.405     -0.383818
   2.409     -0.385531
   2.413     -0.387212
   2.417     -0.388860
   2.421     -0.390477
   2.424     -0.392061
   2.428     -0.393613
   2.432     -0.395134
   2.436     -0.396623
   2.440     -0.398082
   2.444     -0.399510
   2.448     -0.400907
   2.451     -0.402274
   2.455     -0.403611
   2.459     -0.404919
   2.463     -0.406196
   2.467     -0.407445
   2.471     -0.408664
   2.475     -0.409855
   2.479     -0.411017
   2.482     -0.412150
   2.486     -0.413256
   2.490     -0.414334
   2.494     -0.415384
   2.498     -0.416407
   2.502     -0.417403
   2.506     -0.418372
   2.509     -0.419315
   2.513     -0.420231
   2.517     -0.421121
   2.521     -0.421985
   2.525     -0.422823
   2.529     -0.423636
   2.533     -0.424424
   2.537     -0.425187
   2.540     -0.425925
   2.544     -0.426638
   2.548     -0.427328
   2.552     -0.427993
   2.556     -0.428635
   2.560     -0.429253
   2.564     -0.429847
   2.567     -0.430419
   2.571     -0.430968
   2.575     -0.431494
   2.579     -0.431997
   2.583     -0.432479
   2.587     -0.432938
   2.591     -0.433376
   2.595     -0.433792
   2.598     -0.434187
   2.602     -0.434560
   2.606     -0.434913
   2.610     -0.435245
   2.614     -0.435557
   2.618     -0.435849
   2.622     -0.436120
   2.625     -0.436372
   2.629     -0.436604
   2.633     -0.436817
   2.637     -0.437010
   2.641     -0.437185
   2.645     -0.437341
   2.649     -0.437478
   2.653     -0.437597
   2.656     -0.437698
   2.660     -0.437780
   2.664     -0.437845
   2.668     -0.437893
   2.672     -0.437923
   2.676     -0.437936
   2.680     -0.437932
   2.683     -0.437912
   2.687     -0.437875
   2.691     -0.437821
   2.695     -0.437751
   2.699     -0.437666
   2.703     -0.437564
   2.707     -0.437447
   2.711     -0.437315
   2.714     -0.437167
   2.718     -0.437004
   2.722     -0.436827
   2.726     -0.436634
   2.730     -0.436428
   2.734     -0.436207
   2.738     -0.435971
   2.741     -0.435722
   2.745     -0.435459
   2.749     -0.435183
   2.753     -0.434892
   2.757     -0.434589
   2.761     -0.434273
   2.765     -0.433943
   2.769     -0.433601
   2.772     -0.433247
   2.776     -0.432880
   2.780     -0.432500
   2.784     -0.432109
   2.788     -0.431705
   2.792     -0.431290
   2.796     -0.430863
   2.799     -0.430425
   2.803     -0.429976
   2.807     -0.429515
   2.811     -0.429043
   2.815     -0.428561
   2.819     -0.428068
   2.823     -0.427564
   2.827     -0.427050
   2.830     -0.426525
   2.834     -0.425991
   2.838     -0.425447
   2.842     -0.424892
   2.846     -0.424329
   2.850     -0.423755
   2.854     -0.423173
   2.857     -0.422581
   2.861     -0.421980
   2.865     -0.421370
   2.869     -0.420751
   2.873     -0.420123
   2.877     -0.419487
   2.881     -0.418843
   2.885     -0.418190
   2.888     -0.417529
   2.892     -0.416860
   2.896     -0.416184
   2.900     -0.415499
   2.904     -0.414807
   2.908     -0.414107
   2.912     -0.413400
   2.915     -0.412686
   2.919     -0.411964
   2.923     -0.411235
   2.927     -0.410500
   2.931     -0.409758
   2.935     -0.409009
   2.939     -0.408253
   2.943     -0.407491
   2.946     -0.406723
   2.950     -0.405948
   2.954     -0.405167
   2.958     -0.404380
   2.962     -0.403588
   2.966     -0.402789
   2.970     -0.401985
   2.973     -0.401176
   2.977     -0.400360
   2.981     -0.399540
   2.985     -0.398714
   2.989     -0.397883
   2.993     -0.397047
   2.997     -0.396206
   3.001     -0.395360
   3.004     -0.394509
   3.008     -0.393654
   3.012     -0.392794
   3.016     -0.391929
   3.020     -0.391060
   3.024     -0.390187
   3.028     -0.389309
   3.031     -0.388428
   3.035     -0.387542
   3.039     -0.386653
   3.043     -0.385759
   3.047     -0.384862
   3.051     -0.383961
   3.055     -0.383056
   3.059     -0.382148
   3.062     -0.381237
   3.066     -0.380322
   3.070     -0.379403
   3.074     -0.378482
   3.078     -0.377557
   3.082     -0.376630
   3.086     -0.375699
   3.089     -0.374765
   3.093     -0.373829
   3.097     -0.372890
   3.101     -0.371948
   3.105     -0.371004
   3.109     -0.370057
   3.113     -0.369107
   3.117     -0.368155
   3.120     -0.367201
   3.124     -0.366245
   3.128     -0.365286
   3.132     -0.364325
   3.136     -0.363362
   3.140     -0.362398
   3.144     -0.361431
   3.147     -0.360462
   3.151     -0.359492
   3.155     -0.358519
   3.159     -0.357545
   3.163     -0.356570
   3.167     -0.355593
   3.171     -0.354614
   3.175     -0.353634
   3.178     -0.352652
   3.182     -0.351669
   3.186     -0.350685
   3.190     -0.349700
   3.194     -0.348713
   3.198     -0.347725
   3.202     -0.346736
   3.205     -0.345746
   3.209     -0.344756
   3.213     -0.343764
   3.217     -0.342771
   3.221     -0.341777
   3.225     -0.340783
   3.229     -0.339788
   3.233     -0.338792
   3.236     -0.337796
   3.240     -0.336799
   3.244     -0.335802
   3.248     -0.334803
   3.252     -0.333805
   3.256     -0.332806
   3.260     -0.331807
   3.263     -0.330807
   3.267     -0.329807
   3.271     -0.328807
   3.275     -0.327806
   3.279     -0.326806
   3.283     -0.325805
   3.287     -0.324804
   3.291     -0.323803
   3.294     -0.322802
   3.298     -0.321801
   3.302     -0.320800
   3.306     -0.319800
   3.310     -0.318799
   3.314     -0.317798
   3.318     -0.316798
   3.321     -0.315798
   3.325     -0.314798
   3.329     -0.313798
   3.333     -0.312799
   3.337     -0.311800
   3.341     -0.310801
   3.345     -0.309803
   3.349     -0.308805
   3.352     -0.307808
   3.356     -0.306811
   3.360     -0.305814
   3.364     -0.304819
   3.368     -0.303823
   3.372     -0.302829
   3.376     -0.301835
   3.379     -0.300841
   3.383     -0.299849
   3.387     -0.298857
   3.391     -0.297866
   3.395     -0.296875
   3.399     -0.295885
   3.403     -0.294896
   3.407     -0.293908
   3.410     -0.292921
   3.414     -0.291935
   3.418     -0.290949
   3.422     -0.289965
   3.426     -0.288981
   3.430     -0.287998
   3.434     -0.287017
   3.437     -0.286036
   3.441     -0.285056
   3.445     -0.284077
   3.449     -0.283100
   3.453     -0.282123
   3.457     -0.281148
   3.461     -0.280173
   3.465     -0.279200
   3.468     -0.278228
   3.472     -0.277257
   3.476     -0.276287
   3.480     -0.275319
   3.484     -0.274351
   3.488     -0.273385
   3.492     -0.272420
   3.495     -0.271456
   3.499     -0.270494
   3.503     -0.269533
   3.507     -0.268573
   3.511     -0.267614
   3.515     -0.266657
   3.519     -0.265701
   3.523     -0.264747
   3.526     -0.263793
   3.530     -0.262842
   3.534     -0.261891
   3.538     -0.260942
   3.542     -0.259994
   3.546     -0.259048
   3.550     -0.258103
   3.553     -0.257160
   3.557     -0.256218
   3.561     -0.255278
   3.565     -0.254339
   3.569     -0.253401
   3.573     -0.252465
   3.577     -0.251530
   3.581     -0.250597
   3.584     -0.249666
   3.588     -0.248736
   3.592     -0.247808
   3.596     -0.246881
   3.600     -0.245955
   3.604     -0.245031
   3.608     -0.244109
   3.611     -0.243189
   3.615     -0.242269
   3.619     -0.241352
   3.623     -0.240436
   3.627     -0.239522
   3.631     -0.238609
   3.635     -0.237698
   3.639     -0.236789
   3.642     -0.235881
   3.646     -0.234975
   3.650     -0.234070
   3.654     -0.233167
   3.658     -0.232266
   3.662     -0.231366
   3.666     -0.230468
   3.669     -0.229572
   3.673     -0.228677
   3.677     -0.227784
   3.681     -0.226893
   3.685     -0.226003
   3.689     -0.225115
   3.693     -0.224229
   3.697     -0.223344
   3.700     -0.222462
   3.704     -0.221580
   3.708     -0.220701
   3.712     -0.219823
   3.716     -0.218947
   3.720     -0.218073
   3.724     -0.217200
   3.727     -0.216329
   3.731     -0.215460
   3.735     -0.214592
   3.739     -0.213726
   3.743     -0.212862
   3.747     -0.212000
   3.751     -0.211139
   3.755     -0.210281
   3.758     -0.209423
   3.762     -0.208568
   3.766     -0.207714
   3.770     -0.206862
   3.774     -0.206012
   3.778     -0.205164
   3.782     -0.204317
   3.785     -0.203472
   3.789     -0.202629
   3.793     -0.201787
   3.797     -0.200947
   3.801     -0.200109
   3.805     -0.199273
   3.809     -0.198438
   3.813     -0.197605
   3.816     -0.196774
   3.820     -0.195945
   3.824     -0.195117
   3.828     -0.194291
   3.832     -0.193467
   3.836     -0.192645
   3.840     -0.191824
   3.843     -0.191005
   3.847     -0.190188
   3.851     -0.189373
   3.855     -0.188559
   3.859     -0.187747
   3.863     -0.186937
   3.867     -0.186128
   3.871     -0.185321
   3.874     -0.184516
   3.878     -0.183713
   3.882     -0.182911
   3.886     -0.182112
   3.890     -0.181313
   3.894     -0.180517
   3.898     -0.179722
   3.901     -0.178929
   3.905     -0.178138
   3.909     -0.177349
   3.913     -0.176561
   3.917     -0.175775
   3.921     -0.174990
   3.925     -0.174208
   3.929     -0.173427
   3.932     -0.172648
   3.936     -0.171870
   3.940     -0.171094
   3.944     -0.170320
   3.948     -0.169548
   3.952     -0.168777
   3.956     -0.168008
   3.959     -0.167241
   3.963     -0.166475
   3.967     -0.165711
   3.971     -0.164949
   3.975     -0.164188
   3.979     -0.163429
   3.983     -0.162672
   3.987     -0.161917
   3.990     -0.161163
   3.994     -0.160411
   3.998     -0.159660
   4.002     -0.158911
   4.006     -0.158164
   4.010     -0.157419
   4.014     -0.156675
   4.017     -0.155932
   4.021     -0.155192
   4.025     -0.154453
   4.029     -0.153716
   4.033     -0.152980
   4.037     -0.152246
   4.041     -0.151514
   4.045     -0.150783
   4.048     -0.150054
   4.052     -0.149327
   4.056     -0.148601
   4.060     -0.147877
   4.064     -0.147154
   4.068     -0.146433
   4.072     -0.145714
   4.075     -0.144996
   4.079     -0.144280
   4.083     -0.143566
   4.087     -0.142853
   4.091     -0.142142
   4.095     -0.141432
   4.099     -0.140724
   4.103     -0.140017
   4.106     -0.139312
   4.110     -0.138609
   4.114     -0.137907
   4.118     -0.137207
   4.122     -0.136508
   4.126     -0.135811
   4.130     -0.135116
   4.133     -0.134422
   4.137     -0.133729
   4.141     -0.133039
   4.145     -0.132349
   4.149     -0.131662
   4.153     -0.130975
   4.157     -0.130291
   4.161     -0.129608
   4.164     -0.128926
   4.168     -0.128246
   4.172     -0.127568
   4.176     -0.126891
   4.180     -0.126215
   4.184     -0.125541
   4.188     -0.124869
   4.191     -0.124198
   4.195     -0.123528
   4.199     -0.122860
   4.203     -0.122194
   4.207     -0.121529
   4.211     -0.120865
   4.215     -0.120203
   4.219     -0.119543
   4.222     -0.118884
   4.226     -0.118226
   4.230     -0.117570
   4.234     -0.116916
   4.238     -0.116262
   4.242     -0.115611
   4.246     -0.114961
   4.249     -0.114312
   4.253     -0.113664
   4.257     -0.113018
   4.261     -0.112374
   4.265     -0.111731
   4.269     -0.111089
   4.273     -0.110449
   4.277     -0.109810
   4.280     -0.109173
   4.284     -0.108537
   4.288     -0.107903
   4.292     -0.107270
   4.296     -0.106638
   4.300     -0.106008
   4.304     -0.105379
   4.307     -0.104751
   4.311     -0.104125
   4.315     -0.103501
   4.319     -0.102877
   4.323     -0.102255
   4.327     -0.101635
   4.331     -0.101016
   4.335     -0.100398
   4.338     -0.099781
   4.342     -0.099166
   4.346     -0.098552
   4.350     -0.097940
   4.354     -0.097329
   4.358     -0.096719
   4.362     -0.096111
   4.365     -0.095504
   4.369     -0.094898
   4.373     -0.094294
   4.377     -0.093691
   4.381     -0.093089
   4.385     -0.092489
   4.389     -0.091889
   4.393     -0.091292
   4.396     -0.090695
   4.400     -0.090100
   4.404     -0.089506
   4.408     -0.088913
   4.412     -0.088322
   4.416     -0.087732
   4.420     -0.087143
   4.423     -0.086556
   4.427     -0.085970
   4.431     -0.085385
   4.435     -0.084801
   4.439     -0.084219
   4.443     -0.083638
   4.447     -0.083058
   4.451     -0.082479
   4.454     -0.081902
   4.458     -0.081326
   4.462     -0.080751
   4.466     -0.080177
   4.470     -0.079605
   4.474     -0.079033
   4.478     -0.078463
   4.481     -0.077895
   4.485     -0.077327
   4.489     -0.076761
   4.493     -0.076196
   4.497     -0.075632
   4.501     -0.075069
   4.505     -0.074507
   4.509     -0.073947
   4.512     -0.073388
   4.516     -0.072830
   4.520     -0.072273
   4.524     -0.071718
   4.528     -0.071163
   4.532     -0.070610
   4.536     -0.070058
   4.539     -0.069507
   4.543     -0.068957
   4.547     -0.068408
   4.551     -0.067861
   4.555     -0.067315
   4.559     -0.066769
   4.563     -0.066225
   4.567     -0.065683
   4.570     -0.065141
   4.574     -0.064600
   4.578     -0.064061
   4.582     -0.063522
   4.586     -0.062985
   4.590     -0.062449
   4.594     -0.061914
   4.597     -0.061380
   4.601     -0.060847
   4.605     -0.060315
   4.609     -0.059784
   4.613     -0.059255
   4.617     -0.058726
   4.621     -0.058199
   4.625     -0.057673
   4.628     -0.057147
   4.632     -0.056623
   4.636     -0.056100
   4.640     -0.055578
   4.644     -0.055057
   4.648     -0.054537
   4.652     -0.054018
   4.655     -0.053500
   4.659     -0.052984
   4.663     -0.052468
   4.667     -0.051953
   4.671     -0.051440
   4.675     -0.050927
   4.679     -0.050415
   4.683     -0.049905
   4.686     -0.049395
   4.690     -0.048887
   4.694     -0.048379
   4.698     -0.047872
   4.702     -0.047367
   4.706     -0.046862
   4.710     -0.046359
   4.713     -0.045856
   4.717     -0.045355
   4.721     -0.044854
   4.725     -0.044355
   4.729     -0.043856
   4.733     -0.043358
   4.737     -0.042862
   4.741     -0.042366
   4.744     -0.041871
   4.748     -0.041378
   4.752     -0.040885
   4.756     -0.040393
   4.760     -0.039902
   4.764     -0.039412
   4.768     -0.038923
   4.771     -0.038435
   4.775     -0.037948
   4.779     -0.037462
   4.783     -0.036976
   4.787     -0.036492
   4.791     -0.036008
   4.795     -0.035526
   4.799     -0.035044
   4.802     -0.034564
   4.806     -0.034084
   4.810     -0.033605
   4.814     -0.033127
   4.818     -0.032650
   4.822     -0.032174
   4.826     -0.031698
   4.829     -0.031224
   4.833     -0.030750
   4.837     -0.030278
   4.841     -0.029806
   4.845     -0.029335
   4.849     -0.028865
   4.853     -0.028395
   4.857     -0.027927
   4.860     -0.027460
   4.864     -0.026993
   4.868     -0.026527
   4.872     -0.026062
   4.876     -0.025598
   4.880     -0.025135
   4.884     -0.024672
   4.887     -0.024211
   4.891     -0.023750
   4.895     -0.023290
   4.899     -0.022831
   4.903     -0.022373
   4.907     -0.021915
   4.911     -0.021458
   4.915     -0.021003
   4.918     -0.020547
   4.922     -0.020093
   4.926     -0.019640
   4.930     -0.019187
   4.934     -0.018735
   4.938     -0.018284
   4.942     -0.017834
   4.945     -0.017384
   4.949     -0.016935
   4.953     -0.016487
   4.957     -0.016040
   4.961     -0.015593
   4.965     -0.015148
   4.969     -0.014703
   4.973     -0.014259
   4.976     -0.013815
   4.980     -0.013372
   4.984     -0.012930
   4.988     -0.012489
   4.992     -0.012049
   4.996     -0.011609
   5.000     -0.011170
   5.003     -0.010732
   5.007     -0.010294
   5.011     -0.009857
   5.015     -0.009421
   5.019     -0.008986
   5.023     -0.008551
   5.027     -0.008117
   5.031     -0.007683
   5.034     -0.007251
   5.038     -0.006819
   5.042     -0.006388
   5.046     -0.005957
   5.050     -0.005527
   5.054     -0.005098
   5.058     -0.004670
   5.061     -0.004242
   5.065     -0.003815
   5.069     -0.003388
   5.073     -0.002962
   5.077     -0.002537
   5.081     -0.002113
   5.085     -0.001689
   5.089     -0.001266
   5.092     -0.000843
   5.096     -0.000421
   5.100      0.000000
