   0.000      1.608950
   0.004      1.608936
   0.008      1.608895
   0.012      1.608826
   0.015      1.608730
   0.019      1.608607
   0.023      1.608456
   0.027      1.608277
   0.031      1.608071
   0.035      1.607838
   0.038      1.607577
   0.042      1.607289
   0.046      1.606973
   0.050      1.606629
   0.054      1.606259
   0.058      1.605860
   0.061      1.605434
   0.065      1.604980
   0.069      1.604499
   0.073      1.603990
   0.077      1.603454
   0.081      1.602890
   0.084      1.602298
   0.088      1.601679
   0.092      1.601031
   0.096      1.600356
   0.100      1.599654
   0.104      1.598923
   0.107      1.598165
   0.111      1.597379
   0.115      1.596565
   0.119      1.595723
   0.123      1.594853
   0.127      1.593955
   0.130      1.593029
   0.134      1.592075
   0.138      1.591093
   0.142      1.590082
   0.146      1.589044
   0.150      1.587978
   0.153      1.586883
   0.157      1.585760
   0.161      1.584609
   0.165      1.583429
   0.169      1.582221
   0.173      1.580985
   0.176      1.579720
   0.180      1.578427
   0.184      1.577105
   0.188      1.575755
   0.192      1.574376
   0.196      1.572968
   0.199      1.571532
   0.203      1.570067
   0.207      1.568573
   0.211      1.567051
   0.215      1.565500
   0.219      1.563920
   0.223      1.562311
   0.226      1.560673
   0.230      1.559007
   0.234      1.557311
   0.238      1.555586
   0.242      1.553833
   0.246      1.552050
   0.249      1.550238
   0.253      1.548397
   0.257      1.546527
   0.261      1.544628
   0.265      1.542700
   0.269      1.540742
   0.272      1.538756
   0.276      1.536740
   0.280      1.534695
   0.284      1.532621
   0.288      1.530517
   0.292      1.528385
   0.295      1.526223
   0.299      1.524032
   0.303      1.521811
   0.307      1.519562
   0.311      1.517283
   0.315      1.514975
   0.318      1.512638
   0.322      1.510272
   0.326      1.507877
   0.330      1.505452
   0.334      1.502999
   0.338      1.500517
   0.341      1.498005
   0.345      1.495465
   0.349      1.492896
   0.353      1.490298
   0.357      1.487672
   0.361      1.485016
   0.364      1.482333
   0.368      1.479620
   0.372      1.476880
   0.376      1.474110
   0.380      1.471313
   0.384      1.468488
   0.387      1.465634
   0.391      1.462753
   0.395      1.459844
   0.399      1.456907
   0.403      1.453943
   0.407      1.450951
   0.411      1.447932
   0.414      1.444886
   0.418      1.441813
   0.422      1.438714
   0.426      1.435587
   0.430      1.432435
   0.434      1.429256
   0.437      1.426051
   0.441      1.422821
   0.445      1.419564
   0.449      1.416283
   0.453      1.412976
   0.457      1.409645
   0.460      1.406289
   0.464      1.402908
   0.468      1.399504
   0.472      1.396075
   0.476      1.392623
   0.480      1.389148
   0.483      1.385650
   0.487      1.382129
   0.491      1.378586
   0.495      1.375021
   0.499      1.371434
   0.503      1.367826
   0.506      1.364197
   0.510      1.360547
   0.514      1.356877
   0.518      1.353187
   0.522      1.349478
   0.526      1.345749
   0.529      1.342002
   0.533      1.338236
   0.537      1.334453
   0.541      1.330652
   0.545      1.326834
   0.549      1.322999
   0.552      1.319148
   0.556      1.315282
   0.560      1.311400
   0.564      1.307504
   0.568      1.303593
   0.572      1.299668
   0.575      1.295731
   0.579      1.291780
   0.583      1.287817
   0.587      1.283842
   0.591      1.279856
   0.595      1.275859
   0.598      1.271852
   0.602      1.267835
   0.606      1.263808
   0.610      1.259774
   0.614      1.255731
   0.618      1.251680
   0.622      1.247622
   0.625      1.243558
   0.629      1.239488
   0.633      1.235413
   0.637      1.231332
   0.641      1.227248
   0.645      1.223159
   0.648      1.219068
   0.652      1.214974
   0.656      1.210878
   0.660      1.206780
   0.664      1.202682
   0.668      1.198583
   0.671      1.194484
   0.675      1.190386
   0.679      1.186290
   0.683      1.182195
   0.687      1.178103
   0.691      1.174014
   0.694      1.169929
   0.698      1.165847
   0.702      1.161770
   0.706      1.157699
   0.710      1.153633
   0.714      1.149573
   0.717      1.145520
   0.721      1.141475
   0.725      1.137437
   0.729      1.133407
   0.733      1.129387
   0.737      1.125375
   0.740      1.121374
   0.744      1.117382
   0.748      1.113401
   0.752      1.109432
   0.756      1.105474
   0.760      1.101528
   0.763      1.097595
   0.767      1.093675
   0.771      1.089768
   0.775      1.085875
   0.779      1.081996
   0.783      1.078132
   0.786      1.074283
   0.790      1.070449
   0.794      1.066630
   0.798      1.062828
   0.802      1.059042
   0.806      1.055273
   0.810      1.051522
   0.813      1.047787
   0.817      1.044070
   0.821      1.040371
   0.825      1.036690
   0.829      1.033028
   0.833      1.029385
   0.836      1.025760
   0.840      1.022155
   0.844      1.018570
   0.848      1.015003
   0.852      1.011457
   0.856      1.007931
   0.859      1.004425
   0.863      1.000940
   0.867      0.997475
   0.871      0.994031
   0.875      0.990608
   0.879      0.987205
   0.882      0.983824
   0.886      0.980464
   0.890      0.977125
   0.894      0.973808
   0.898      0.970512
   0.902      0.967238
   0.905      0.963985
   0.909      0.960754
   0.913      0.957544
   0.917      0.954356
   0.921      0.951190
   0.925      0.948045
   0.928      0.944922
   0.932      0.941821
   0.936      0.938742
   0.940      0.935684
   0.944      0.932647
   0.948      0.929632
   0.951      0.926639
   0.955      0.923667
   0.959      0.920717
   0.963      0.917787
   0.967      0.914879
   0.971      0.911992
   0.974      0.909126
   0.978      0.906281
   0.982      0.903457
   0.986      0.900654
   0.990      0.897871
   0.994      0.895108
   0.997      0.892366
   1.001      0.889644
   1.005      0.886943
   1.009      0.884261
   1.013      0.881599
   1.017      0.878956
   1.021      0.876333
   1.024      0.873730
   1.028      0.871145
   1.032      0.868580
   1.036      0.866033
   1.040      0.863505
   1.044      0.860996
   1.047      0.858504
   1.051      0.856031
   1.055      0.853576
   1.059      0.851139
   1.063      0.848719
   1.067      0.846317
   1.070      0.843932
   1.074      0.841564
   1.078      0.839212
   1.082      0.836878
   1.086      0.834560
   1.090      0.832258
   1.093      0.829972
   1.097      0.827702
   1.101      0.825448
   1.105      0.823210
   1.109      0.820986
   1.113      0.818778
   1.116      0.816585
   1.120      0.814406
   1.124      0.812242
   1.128      0.810093
   1.132      0.807957
   1.136      0.805836
   1.139      0.803728
   1.143      0.801634
   1.147      0.799554
   1.151      0.797486
   1.155      0.795432
   1.159      0.793391
   1.162      0.791362
   1.166      0.789346
   1.170      0.787342
   1.174      0.785350
   1.178      0.783371
   1.182      0.781403
   1.185      0.779447
   1.189      0.777502
   1.193      0.775569
   1.197      0.773647
   1.201      0.771735
   1.205      0.769835
   1.209      0.767945
   1.212      0.766066
   1.216      0.764198
   1.220      0.762339
   1.224      0.760491
   1.228      0.758652
   1.232      0.756824
   1.235      0.755005
   1.239      0.753195
   1.243      0.751395
   1.247      0.749604
   1.251      0.747822
   1.255      0.746049
   1.258      0.744285
   1.262      0.742530
   1.266      0.740783
   1.270      0.739044
   1.274      0.737314
   1.278      0.735593
   1.281      0.733879
   1.285      0.732173
   1.289      0.730476
   1.293      0.728785
   1.297      0.727103
   1.301      0.725428
   1.304      0.723761
   1.308      0.722101
   1.312      0.720448
   1.316      0.718802
   1.320      0.717164
   1.324      0.715532
   1.327      0.713908
   1.331      0.712290
   1.335      0.710678
   1.339      0.709074
   1.343      0.707476
   1.347      0.705884
   1.350      0.704299
   1.354      0.702720
   1.358      0.701147
   1.362      0.699580
   1.366      0.698020
   1.370      0.696465
   1.373      0.694917
   1.377      0.693374
   1.381      0.691837
   1.385      0.690306
   1.389      0.688780
   1.393      0.687260
   1.396      0.685746
   1.400      0.684237
   1.404      0.682734
   1.408      0.681235
   1.412      0.679743
   1.416      0.678255
   1.420      0.676773
   1.423      0.675296
   1.427      0.673824
   1.431      0.672357
   1.435      0.670895
   1.439      0.669438
   1.443      0.667987
   1.446      0.666540
   1.450      0.665097
   1.454      0.663660
   1.458      0.662228
   1.462      0.660800
   1.466      0.659377
   1.469      0.657958
   1.473      0.656545
   1.477      0.655135
   1.481      0.653731
   1.485      0.652331
   1.489      0.650935
   1.492      0.649544
   1.496      0.648158
   1.500      0.646775
   1.504      0.645398
   1.508      0.644024
   1.512      0.642655
   1.515      0.641290
   1.519      0.639930
   1.523      0.638573
   1.527      0.637221
   1.531      0.635874
   1.535      0.634530
   1.538      0.633190
   1.542      0.631855
   1.546      0.630524
   1.550      0.629197
   1.554      0.627874
   1.558      0.626555
   1.561      0.625240
   1.565      0.623929
   1.569      0.622622
   1.573      0.621319
   1.577      0.620020
   1.581      0.618726
   1.584      0.617435
   1.588      0.616147
   1.592      0.614864
   1.596      0.613585
   1.600      0.612310
   1.604      0.611038
   1.608      0.609770
   1.611      0.608507
   1.615      0.607247
   1.619      0.605990
   1.623      0.604738
   1.627      0.603489
   1.631      0.602245
   1.634      0.601003
   1.638      0.599766
   1.642      0.598532
   1.646      0.597303
   1.650      0.596076
   1.654      0.594854
   1.657      0.593635
   1.661      0.592420
   1.665      0.591209
   1.669      0.590001
   1.673      0.588797
   1.677      0.587596
   1.680      0.586400
   1.684      0.585206
   1.688      0.584017
   1.692      0.582831
   1.696      0.581648
   1.700      0.580469
   1.703      0.579294
   1.707      0.578122
   1.711      0.576954
   1.715      0.575790
   1.719      0.574629
   1.723      0.573471
   1.726      0.572317
   1.730      0.571166
   1.734      0.570019
   1.738      0.568876
   1.742      0.567736
   1.746      0.566599
   1.749      0.565466
   1.753      0.564336
   1.757      0.563210
   1.761      0.562087
   1.765      0.560968
   1.769      0.559852
   1.772      0.558740
   1.776      0.557631
   1.780      0.556525
   1.784      0.555423
   1.788      0.554324
   1.792      0.553228
   1.795      0.552136
   1.799      0.551047
   1.803      0.549962
   1.807      0.548879
   1.811      0.547801
   1.815      0.546725
   1.819      0.545653
   1.822      0.544584
   1.826      0.543519
   1.830      0.542456
   1.834      0.541397
   1.838      0.540342
   1.842      0.539289
   1.845      0.538240
   1.849      0.537194
   1.853      0.536152
   1.857      0.535112
   1.861      0.534076
   1.865      0.533043
   1.868      0.532013
   1.872      0.530987
   1.876      0.529964
   1.880      0.528943
   1.884      0.527927
   1.888      0.526913
   1.891      0.525902
   1.895      0.524895
   1.899      0.523890
   1.903      0.522889
   1.907      0.521891
   1.911      0.520896
   1.914      0.519904
   1.918      0.518916
   1.922      0.517930
   1.926      0.516948
   1.930      0.515968
   1.934      0.514992
   1.937      0.514019
   1.941      0.513048
   1.945      0.512081
   1.949      0.511117
   1.953      0.510156
   1.957      0.509198
   1.960      0.508243
   1.964      0.507291
   1.968      0.506342
   1.972      0.505396
   1.976      0.504453
   1.980      0.503513
   1.983      0.502576
   1.987      0.501642
   1.991      0.500711
   1.995      0.499782
   1.999      0.498857
   2.003      0.497935
   2.007      0.497015
   2.010      0.496099
   2.014      0.495185
   2.018      0.494274
   2.022      0.493366
   2.026      0.492461
   2.030      0.491559
   2.033      0.490660
   2.037      0.489764
   2.041      0.488870
   2.045      0.487979
   2.049      0.487091
   2.053      0.486206
   2.056      0.485324
   2.060      0.484444
   2.064      0.483568
   2.068      0.482694
   2.072      0.481823
   2.076      0.480954
   2.079      0.480089
   2.083      0.479226
   2.087      0.478366
   2.091      0.477508
   2.095      0.476654
   2.099      0.475802
   2.102      0.474952
   2.106      0.474106
   2.110      0.473262
   2.114      0.472421
   2.118      0.471582
   2.122      0.470746
   2.125      0.469913
   2.129      0.469082
   2.133      0.468254
   2.137      0.467429
   2.141      0.466606
   2.145      0.465786
   2.148      0.464969
   2.152      0.464154
   2.156      0.463342
   2.160      0.462532
   2.164      0.461725
   2.168      0.460920
   2.171      0.460118
   2.175      0.459319
   2.179      0.458522
   2.183      0.457727
   2.187      0.456935
   2.191      0.456146
   2.194      0.455359
   2.198      0.454574
   2.202      0.453792
   2.206      0.453013
   2.210      0.452236
   2.214      0.451461
   2.218      0.450689
   2.221      0.449919
   2.225      0.449152
   2.229      0.448387
   2.233      0.447625
   2.237      0.446865
   2.241      0.446107
   2.244      0.445352
   2.248      0.444599
   2.252      0.443849
   2.256      0.443101
   2.260      0.442355
   2.264      0.441612
   2.267      0.440871
   2.271      0.440132
   2.275      0.439395
   2.279      0.438661
   2.283      0.437930
   2.287      0.437200
   2.290      0.436473
   2.294      0.435748
   2.298      0.435025
   2.302      0.434305
   2.306      0.433587
   2.310      0.432871
   2.313      0.432157
   2.317      0.431446
   2.321      0.430737
   2.325      0.430030
   2.329      0.429325
   2.333      0.428623
   2.336      0.427922
   2.340      0.427224
   2.344      0.426528
   2.348      0.425834
   2.352      0.425142
   2.356      0.424453
   2.359      0.423766
   2.363      0.423080
   2.367      0.422397
   2.371      0.421716
   2.375      0.421037
   2.379      0.420360
   2.382      0.419686
   2.386      0.419013
   2.390      0.418343
   2.394      0.417674
   2.398      0.417008
   2.402      0.416343
   2.406      0.415681
   2.409      0.415021
   2.413      0.414363
   2.417      0.413706
   2.421      0.413052
   2.425      0.412400
   2.429      0.411750
   2.432      0.411102
   2.436      0.410456
   2.440      0.409811
   2.444      0.409169
   2.448      0.408529
   2.452      0.407891
   2.455      0.407254
   2.459      0.406620
   2.463      0.405987
   2.467      0.405357
   2.471      0.404728
   2.475      0.404101
   2.478      0.403476
   2.482      0.402853
   2.486      0.402232
   2.490      0.401613
   2.494      0.400996
   2.498      0.400380
   2.501      0.399767
   2.505      0.399155
   2.509      0.398545
   2.513      0.397937
   2.517      0.397331
   2.521      0.396727
   2.524      0.396124
   2.528      0.395523
   2.532      0.394924
   2.536      0.394327
   2.540      0.393732
   2.544      0.393138
   2.547      0.392546
   2.551      0.391956
   2.555      0.391368
   2.559      0.390781
   2.563      0.390196
   2.567      0.389613
   2.570      0.389032
   2.574      0.388452
   2.578      0.387874
   2.582      0.387298
   2.586      0.386723
   2.590      0.386150
   2.593      0.385579
   2.597      0.385010
   2.601      0.384442
   2.605      0.383876
   2.609      0.383311
   2.613      0.382749
   2.617      0.382187
   2.620      0.381628
   2.624      0.381070
   2.628      0.380514
   2.632      0.379959
   2.636      0.379406
   2.640      0.378855
   2.643      0.378305
   2.647      0.377756
   2.651      0.377210
   2.655      0.376665
   2.659      0.376121
   2.663      0.375579
   2.666      0.375039
   2.670      0.374500
   2.674      0.373963
   2.678      0.373427
   2.682      0.372893
   2.686      0.372360
   2.689      0.371829
   2.693      0.371299
   2.697      0.370771
   2.701      0.370244
   2.705      0.369719
   2.709      0.369195
   2.712      0.368673
   2.716      0.368152
   2.720      0.367633
   2.724      0.367115
   2.728      0.366599
   2.732      0.366084
   2.735      0.365571
   2.739      0.365059
   2.743      0.364548
   2.747      0.364039
   2.751      0.363531
   2.755      0.363025
   2.758      0.362520
   2.762      0.362017
   2.766      0.361514
   2.770      0.361014
   2.774      0.360514
   2.778      0.360016
   2.781      0.359520
   2.785      0.359025
   2.789      0.358531
   2.793      0.358038
   2.797      0.357547
   2.801      0.357057
   2.805      0.356569
   2.808      0.356082
   2.812      0.355596
   2.816      0.355112
   2.820      0.354628
   2.824      0.354147
   2.828      0.353666
   2.831      0.353187
   2.835      0.352709
   2.839      0.352232
   2.843      0.351757
   2.847      0.351283
   2.851      0.350810
   2.854      0.350339
   2.858      0.349868
   2.862      0.349399
   2.866      0.348932
   2.870      0.348465
   2.874      0.348000
   2.877      0.347536
   2.881      0.347073
   2.885      0.346612
   2.889      0.346151
   2.893      0.345692
   2.897      0.345234
   2.900      0.344778
   2.904      0.344322
   2.908      0.343868
   2.912      0.343415
   2.916      0.342963
   2.920      0.342512
   2.923      0.342063
   2.927      0.341615
   2.931      0.341167
   2.935      0.340721
   2.939      0.340277
   2.943      0.339833
   2.946      0.339391
   2.950      0.338949
   2.954      0.338509
   2.958      0.338070
   2.962      0.337632
   2.966      0.337195
   2.969      0.336760
   2.973      0.336325
   2.977      0.335892
   2.981      0.335459
   2.985      0.335028
   2.989      0.334598
   2.992      0.334169
   2.996      0.333741
   3.000      0.333315
   3.004      0.332889
   3.008      0.332464
   3.012      0.332041
   3.016      0.331618
   3.019      0.331197
   3.023      0.330777
   3.027      0.330357
   3.031      0.329939
   3.035      0.329522
   3.039      0.329106
   3.042      0.328691
   3.046      0.328277
   3.050      0.327864
   3.054      0.327452
   3.058      0.327041
   3.062      0.326631
   3.065      0.326223
   3.069      0.325815
