   0.000     -0.000238
   0.004      0.000119
   0.007      0.000475
   0.011      0.001069
   0.015      0.001901
   0.019      0.002970
   0.022      0.004276
   0.026      0.005819
   0.030      0.007598
   0.034      0.009614
   0.037      0.011865
   0.041      0.014352
   0.045      0.017074
   0.049      0.020030
   0.052      0.023220
   0.056      0.026642
   0.060      0.030298
   0.063      0.034185
   0.067      0.038303
   0.071      0.042652
   0.075      0.047230
   0.078      0.052036
   0.082      0.057070
   0.086      0.062330
   0.090      0.067816
   0.093      0.073526
   0.097      0.079460
   0.101      0.085615
   0.105      0.091992
   0.108      0.098589
   0.112      0.105404
   0.116      0.112436
   0.119      0.119683
   0.123      0.127145
   0.127      0.134820
   0.131      0.142707
   0.134      0.150803
   0.138      0.159107
   0.142      0.167618
   0.146      0.176334
   0.149      0.185253
   0.153      0.194374
   0.157      0.203694
   0.161      0.213212
   0.164      0.222927
   0.168      0.232835
   0.172      0.242936
   0.175      0.253227
   0.179      0.263706
   0.183      0.274372
   0.187      0.285222
   0.190      0.296253
   0.194      0.307465
   0.198      0.318854
   0.202      0.330418
   0.205      0.342156
   0.209      0.354065
   0.213      0.366142
   0.217      0.378386
   0.220      0.390793
   0.224      0.403362
   0.228      0.416089
   0.231      0.428973
   0.235      0.442012
   0.239      0.455201
   0.243      0.468540
   0.246      0.482025
   0.250      0.495653
   0.254      0.509422
   0.258      0.523330
   0.261      0.537373
   0.265      0.551550
   0.269      0.565856
   0.273      0.580290
   0.276      0.594848
   0.280      0.609528
   0.284      0.624327
   0.287      0.639241
   0.291      0.654269
   0.295      0.669407
   0.299      0.684653
   0.302      0.700002
   0.306      0.715453
   0.310      0.731002
   0.314      0.746647
   0.317      0.762384
   0.321      0.778210
   0.325      0.794122
   0.329      0.810118
   0.332      0.826193
   0.336      0.842346
   0.340      0.858572
   0.343      0.874869
   0.347      0.891234
   0.351      0.907663
   0.355      0.924154
   0.358      0.940702
   0.362      0.957306
   0.366      0.973961
   0.370      0.990665
   0.373      1.007414
   0.377      1.024206
   0.381      1.041037
   0.385      1.057903
   0.388      1.074802
   0.392      1.091730
   0.396      1.108685
   0.399      1.125662
   0.403      1.142660
   0.407      1.159674
   0.411      1.176701
   0.414      1.193738
   0.418      1.210782
   0.422      1.227830
   0.426      1.244879
   0.429      1.261925
   0.433      1.278965
   0.437      1.295996
   0.441      1.313015
   0.444      1.330019
   0.448      1.347004
   0.452      1.363967
   0.455      1.380906
   0.459      1.397816
   0.463      1.414696
   0.467      1.431542
   0.470      1.448351
   0.474      1.465119
   0.478      1.481844
   0.482      1.498523
   0.485      1.515152
   0.489      1.531729
   0.493      1.548251
   0.497      1.564715
   0.500      1.581117
   0.504      1.597455
   0.508      1.613726
   0.511      1.629927
   0.515      1.646056
   0.519      1.662109
   0.523      1.678083
   0.526      1.693976
   0.530      1.709785
   0.534      1.725508
   0.538      1.741141
   0.541      1.756681
   0.545      1.772128
   0.549      1.787476
   0.553      1.802725
   0.556      1.817871
   0.560      1.832912
   0.564      1.847846
   0.567      1.862669
   0.571      1.877380
   0.575      1.891976
   0.579      1.906454
   0.582      1.920813
   0.586      1.935050
   0.590      1.949163
   0.594      1.963149
   0.597      1.977006
   0.601      1.990733
   0.605      2.004326
   0.609      2.017785
   0.612      2.031106
   0.616      2.044288
   0.620      2.057329
   0.623      2.070226
   0.627      2.082979
   0.631      2.095585
   0.635      2.108042
   0.638      2.120348
   0.642      2.132502
   0.646      2.144503
   0.650      2.156347
   0.653      2.168034
   0.657      2.179563
   0.661      2.190931
   0.665      2.202137
   0.668      2.213180
   0.672      2.224058
   0.676      2.234770
   0.679      2.245314
   0.683      2.255690
   0.687      2.265895
   0.691      2.275930
   0.694      2.285792
   0.698      2.295481
   0.702      2.304995
   0.706      2.314333
   0.709      2.323495
   0.713      2.332480
   0.717      2.341286
   0.721      2.349914
   0.724      2.358361
   0.728      2.366627
   0.732      2.374712
   0.735      2.382615
   0.739      2.390335
   0.743      2.397872
   0.747      2.405224
   0.750      2.412393
   0.754      2.419377
   0.758      2.426175
   0.762      2.432788
   0.765      2.439215
   0.769      2.445456
   0.773      2.451510
   0.777      2.457378
   0.780      2.463059
   0.784      2.468553
   0.788      2.473861
   0.791      2.478981
   0.795      2.483915
   0.799      2.488661
   0.803      2.493221
   0.806      2.497595
   0.810      2.501782
   0.814      2.505783
   0.818      2.509598
   0.821      2.513227
   0.825      2.516672
   0.829      2.519931
   0.833      2.523006
   0.836      2.525897
   0.840      2.528604
   0.844      2.531129
   0.847      2.533471
   0.851      2.535632
   0.855      2.537611
   0.859      2.539410
   0.862      2.541029
   0.866      2.542470
   0.870      2.543732
   0.874      2.544817
   0.877      2.545725
   0.881      2.546458
   0.885      2.547017
   0.889      2.547401
   0.892      2.547613
   0.896      2.547653
   0.900      2.547522
   0.903      2.547222
   0.907      2.546753
   0.911      2.546117
   0.915      2.545315
   0.918      2.544347
   0.922      2.543216
   0.926      2.541922
   0.930      2.540467
   0.933      2.538852
   0.937      2.537078
   0.941      2.535147
   0.945      2.533059
   0.948      2.530817
   0.952      2.528422
   0.956      2.525875
   0.959      2.523178
   0.963      2.520331
   0.967      2.517338
   0.971      2.514198
   0.974      2.510914
   0.978      2.507487
   0.982      2.503919
   0.986      2.500211
   0.989      2.496365
   0.993      2.492382
   0.997      2.488264
   1.001      2.484013
   1.004      2.479631
   1.008      2.475118
   1.012      2.470478
   1.015      2.465710
   1.019      2.460818
   1.023      2.455802
   1.027      2.450665
   1.030      2.445408
   1.034      2.440033
   1.038      2.434541
   1.042      2.428936
   1.045      2.423217
   1.049      2.417387
   1.053      2.411448
   1.057      2.405401
   1.060      2.399248
   1.064      2.392992
   1.068      2.386633
   1.071      2.380174
   1.075      2.373616
   1.079      2.366961
   1.083      2.360211
   1.086      2.353368
   1.090      2.346434
   1.094      2.339409
   1.098      2.332297
   1.101      2.325099
   1.105      2.317816
   1.109      2.310451
   1.113      2.303004
   1.116      2.295479
   1.120      2.287877
   1.124      2.280199
   1.127      2.272447
   1.131      2.264624
   1.135      2.256730
   1.139      2.248767
   1.142      2.240738
   1.146      2.232644
   1.150      2.224487
   1.154      2.216268
   1.157      2.207989
   1.161      2.199652
   1.165      2.191259
   1.169      2.182810
   1.172      2.174309
   1.176      2.165756
   1.180      2.157154
   1.183      2.148503
   1.187      2.139805
   1.191      2.131063
   1.195      2.122278
   1.198      2.113450
   1.202      2.104583
   1.206      2.095677
   1.210      2.086734
   1.213      2.077756
   1.217      2.068743
   1.221      2.059698
   1.225      2.050623
   1.228      2.041518
   1.232      2.032385
   1.236      2.023225
   1.239      2.014041
   1.243      2.004833
   1.247      1.995603
   1.251      1.986352
   1.254      1.977081
   1.258      1.967793
   1.262      1.958488
   1.266      1.949168
   1.269      1.939834
   1.273      1.930487
   1.277      1.921128
   1.281      1.911760
   1.284      1.902383
   1.288      1.892998
   1.292      1.883607
   1.295      1.874211
   1.299      1.864811
   1.303      1.855408
   1.307      1.846003
   1.310      1.836599
   1.314      1.827194
   1.318      1.817792
   1.322      1.808392
   1.325      1.798997
   1.329      1.789606
   1.333      1.780222
   1.337      1.770845
   1.340      1.761476
   1.344      1.752115
   1.348      1.742766
   1.351      1.733427
   1.355      1.724100
   1.359      1.714786
   1.363      1.705486
   1.366      1.696201
   1.370      1.686931
   1.374      1.677678
   1.378      1.668442
   1.381      1.659224
   1.385      1.650025
   1.389      1.640846
   1.393      1.631688
   1.396      1.622550
   1.400      1.613435
   1.404      1.604343
   1.407      1.595274
   1.411      1.586229
   1.415      1.577209
   1.419      1.568215
   1.422      1.559247
   1.426      1.550306
   1.430      1.541392
   1.434      1.532506
   1.437      1.523649
   1.441      1.514821
   1.445      1.506023
   1.449      1.497255
   1.452      1.488518
   1.456      1.479812
   1.460      1.471138
   1.463      1.462496
   1.467      1.453888
   1.471      1.445312
   1.475      1.436770
   1.478      1.428263
   1.482      1.419790
   1.486      1.411352
   1.490      1.402949
   1.493      1.394582
   1.497      1.386251
   1.501      1.377956
   1.505      1.369699
   1.508      1.361478
   1.512      1.353295
   1.516      1.345149
   1.519      1.337042
   1.523      1.328973
   1.527      1.320942
   1.531      1.312950
   1.534      1.304997
   1.538      1.297084
   1.542      1.289210
   1.546      1.281376
   1.549      1.273581
   1.553      1.265827
   1.557      1.258113
   1.561      1.250439
   1.564      1.242806
   1.568      1.235214
   1.572      1.227662
   1.575      1.220152
   1.579      1.212683
   1.583      1.205255
   1.587      1.197868
   1.590      1.190522
   1.594      1.183218
   1.598      1.175956
   1.602      1.168735
   1.605      1.161556
   1.609      1.154419
   1.613      1.147323
   1.617      1.140269
   1.620      1.133257
   1.624      1.126287
   1.628      1.119359
   1.631      1.112472
   1.635      1.105628
   1.639      1.098825
   1.643      1.092063
   1.646      1.085344
   1.650      1.078666
   1.654      1.072030
   1.658      1.065436
   1.661      1.058883
   1.665      1.052372
   1.669      1.045902
   1.673      1.039473
   1.676      1.033086
   1.680      1.026740
   1.684      1.020435
   1.687      1.014171
   1.691      1.007948
   1.695      1.001766
   1.699      0.995625
   1.702      0.989524
   1.706      0.983463
   1.710      0.977443
   1.714      0.971464
   1.717      0.965524
   1.721      0.959624
   1.725      0.953764
   1.729      0.947944
   1.732      0.942163
   1.736      0.936422
   1.740      0.930719
   1.743      0.925056
   1.747      0.919432
   1.751      0.913846
   1.755      0.908299
   1.758      0.902790
   1.762      0.897320
   1.766      0.891888
   1.770      0.886493
   1.773      0.881136
   1.777      0.875817
   1.781      0.870534
   1.785      0.865289
   1.788      0.860081
   1.792      0.854909
   1.796      0.849774
   1.799      0.844676
   1.803      0.839613
   1.807      0.834586
   1.811      0.829595
   1.814      0.824640
   1.818      0.819720
   1.822      0.814834
   1.826      0.809984
   1.829      0.805168
   1.833      0.800387
   1.837      0.795640
   1.841      0.790927
   1.844      0.786248
   1.848      0.781602
   1.852      0.776990
   1.855      0.772411
   1.859      0.767864
   1.863      0.763351
   1.867      0.758869
   1.870      0.754420
   1.874      0.750003
   1.878      0.745618
   1.882      0.741264
   1.885      0.736942
   1.889      0.732651
   1.893      0.728391
   1.897      0.724161
   1.900      0.719962
   1.904      0.715793
   1.908      0.711654
   1.911      0.707544
   1.915      0.703465
   1.919      0.699414
   1.923      0.695393
   1.926      0.691400
   1.930      0.687436
   1.934      0.683501
   1.938      0.679593
   1.941      0.675714
   1.945      0.671862
   1.949      0.668038
   1.953      0.664241
   1.956      0.660471
   1.960      0.656728
   1.964      0.653011
   1.967      0.649321
   1.971      0.645658
   1.975      0.642020
   1.979      0.638407
   1.982      0.634821
   1.986      0.631259
   1.990      0.627723
   1.994      0.624212
   1.997      0.620725
   2.001      0.617262
   2.005      0.613824
   2.009      0.610410
   2.012      0.607020
   2.016      0.603653
   2.020      0.600310
   2.023      0.596990
   2.027      0.593692
   2.031      0.590418
   2.035      0.587166
   2.038      0.583937
   2.042      0.580729
   2.046      0.577544
   2.050      0.574380
   2.053      0.571238
   2.057      0.568118
   2.061      0.565018
   2.065      0.561940
   2.068      0.558882
   2.072      0.555845
   2.076      0.552828
   2.079      0.549832
   2.083      0.546855
   2.087      0.543899
   2.091      0.540962
   2.094      0.538044
   2.098      0.535146
   2.102      0.532267
   2.106      0.529407
   2.109      0.526565
   2.113      0.523743
   2.117      0.520938
   2.121      0.518152
   2.124      0.515384
   2.128      0.512634
   2.132      0.509901
   2.135      0.507187
   2.139      0.504489
   2.143      0.501809
   2.147      0.499146
   2.150      0.496500
   2.154      0.493870
   2.158      0.491257
   2.162      0.488661
   2.165      0.486081
   2.169      0.483517
   2.173      0.480969
   2.177      0.478437
   2.180      0.475920
   2.184      0.473419
   2.188      0.470934
   2.191      0.468464
   2.195      0.466009
   2.199      0.463569
   2.203      0.461143
   2.206      0.458733
   2.210      0.456337
   2.214      0.453955
   2.218      0.451588
   2.221      0.449235
   2.225      0.446896
   2.229      0.444571
   2.233      0.442260
   2.236      0.439962
   2.240      0.437678
   2.244      0.435408
   2.247      0.433150
   2.251      0.430906
   2.255      0.428676
   2.259      0.426458
   2.262      0.424252
   2.266      0.422060
   2.270      0.419880
   2.274      0.417713
   2.277      0.415558
   2.281      0.413416
   2.285      0.411286
   2.289      0.409168
   2.292      0.407062
   2.296      0.404967
   2.300      0.402885
   2.303      0.400814
   2.307      0.398755
   2.311      0.396708
   2.315      0.394672
   2.318      0.392647
   2.322      0.390634
   2.326      0.388631
   2.330      0.386640
   2.333      0.384660
   2.337      0.382691
   2.341      0.380732
   2.345      0.378785
   2.348      0.376848
   2.352      0.374921
   2.356      0.373005
   2.359      0.371100
   2.363      0.369205
   2.367      0.367320
   2.371      0.365445
   2.374      0.363581
   2.378      0.361726
   2.382      0.359882
   2.386      0.358047
   2.389      0.356223
   2.393      0.354408
   2.397      0.352603
   2.401      0.350807
   2.404      0.349021
   2.408      0.347245
   2.412      0.345478
   2.415      0.343721
   2.419      0.341973
   2.423      0.340234
   2.427      0.338505
   2.430      0.336784
   2.434      0.335073
   2.438      0.333371
   2.442      0.331678
   2.445      0.329993
   2.449      0.328318
   2.453      0.326651
   2.457      0.324994
   2.460      0.323345
   2.464      0.321705
   2.468      0.320073
   2.471      0.318450
   2.475      0.316835
   2.479      0.315229
   2.483      0.313632
   2.486      0.312042
   2.490      0.310461
   2.494      0.308889
   2.498      0.307324
   2.501      0.305768
   2.505      0.304220
   2.509      0.302680
   2.513      0.301148
   2.516      0.299624
   2.520      0.298108
   2.524      0.296600
   2.527      0.295100
   2.531      0.293607
   2.535      0.292122
   2.539      0.290645
   2.542      0.289176
   2.546      0.287714
   2.550      0.286260
   2.554      0.284814
   2.557      0.283375
   2.561      0.281943
   2.565      0.280519
   2.569      0.279102
   2.572      0.277692
   2.576      0.276290
   2.580      0.274895
   2.583      0.273507
   2.587      0.272127
   2.591      0.270753
   2.595      0.269387
   2.598      0.268027
   2.602      0.266675
   2.606      0.265329
   2.610      0.263991
   2.613      0.262659
   2.617      0.261334
   2.621      0.260016
   2.625      0.258704
   2.628      0.257400
   2.632      0.256102
   2.636      0.254810
   2.639      0.253525
   2.643      0.252247
   2.647      0.250975
   2.651      0.249710
   2.654      0.248451
   2.658      0.247199
   2.662      0.245953
   2.666      0.244713
   2.669      0.243480
   2.673      0.242253
   2.677      0.241032
   2.681      0.239817
   2.684      0.238608
   2.688      0.237406
   2.692      0.236209
   2.695      0.235019
   2.699      0.233834
   2.703      0.232656
   2.707      0.231484
   2.710      0.230317
   2.714      0.229156
   2.718      0.228001
   2.722      0.226852
   2.725      0.225709
   2.729      0.224572
   2.733      0.223440
   2.737      0.222313
   2.740      0.221193
   2.744      0.220078
   2.748      0.218969
   2.751      0.217865
   2.755      0.216767
   2.759      0.215674
   2.763      0.214586
   2.766      0.213504
   2.770      0.212428
   2.774      0.211357
   2.778      0.210291
   2.781      0.209230
   2.785      0.208175
   2.789      0.207125
   2.793      0.206080
   2.796      0.205040
   2.800      0.204005
   2.804      0.202976
   2.807      0.201951
   2.811      0.200932
   2.815      0.199918
   2.819      0.198908
   2.822      0.197904
   2.826      0.196905
   2.830      0.195910
   2.834      0.194921
   2.837      0.193936
   2.841      0.192956
   2.845      0.191981
   2.849      0.191011
   2.852      0.190045
   2.856      0.189084
   2.860      0.188128
   2.863      0.187176
   2.867      0.186230
   2.871      0.185287
   2.875      0.184350
   2.878      0.183417
   2.882      0.182488
   2.886      0.181564
   2.890      0.180645
   2.893      0.179729
   2.897      0.178819
   2.901      0.177913
   2.905      0.177011
   2.908      0.176113
   2.912      0.175220
   2.916      0.174331
   2.919      0.173447
   2.923      0.172566
   2.927      0.171690
   2.931      0.170819
   2.934      0.169951
   2.938      0.169087
   2.942      0.168228
   2.946      0.167373
   2.949      0.166522
   2.953      0.165675
   2.957      0.164832
   2.961      0.163993
   2.964      0.163158
   2.968      0.162327
   2.972      0.161500
   2.975      0.160677
   2.979      0.159858
   2.983      0.159043
   2.987      0.158231
   2.990      0.157424
   2.994      0.156620
   2.998      0.155820
   3.002      0.155024
   3.005      0.154232
   3.009      0.153443
   3.013      0.152659
   3.017      0.151877
   3.020      0.151100
   3.024      0.150326
   3.028      0.149556
   3.031      0.148790
   3.035      0.148027
   3.039      0.147267
   3.043      0.146512
   3.046      0.145759
   3.050      0.145011
   3.054      0.144266
   3.058      0.143524
   3.061      0.142786
   3.065      0.142051
   3.069      0.141320
   3.073      0.140592
   3.076      0.139867
   3.080      0.139146
   3.084      0.138428
   3.087      0.137713
   3.091      0.137002
   3.095      0.136294
   3.099      0.135590
   3.102      0.134888
   3.106      0.134190
   3.110      0.133495
   3.114      0.132804
   3.117      0.132115
   3.121      0.131430
   3.125      0.130748
   3.129      0.130069
   3.132      0.129393
   3.136      0.128720
   3.140      0.128050
   3.143      0.127383
   3.147      0.126720
   3.151      0.126059
   3.155      0.125402
   3.158      0.124747
   3.162      0.124095
   3.166      0.123447
   3.170      0.122801
   3.173      0.122158
   3.177      0.121518
   3.181      0.120882
   3.185      0.120247
   3.188      0.119616
   3.192      0.118988
   3.196      0.118362
   3.199      0.117740
   3.203      0.117120
   3.207      0.116503
   3.211      0.115889
   3.214      0.115277
   3.218      0.114668
   3.222      0.114062
   3.226      0.113459
   3.229      0.112858
   3.233      0.112260
   3.237      0.111665
   3.241      0.111072
   3.244      0.110482
   3.248      0.109895
   3.252      0.109310
   3.255      0.108728
   3.259      0.108149
   3.263      0.107572
   3.267      0.106997
   3.270      0.106425
   3.274      0.105856
   3.278      0.105289
   3.282      0.104725
   3.285      0.104163
   3.289      0.103603
   3.293      0.103047
   3.297      0.102492
   3.300      0.101940
   3.304      0.101390
   3.308      0.100843
   3.311      0.100298
   3.315      0.099756
   3.319      0.099216
   3.323      0.098678
   3.326      0.098143
   3.330      0.097610
   3.334      0.097079
   3.338      0.096550
   3.341      0.096024
   3.345      0.095500
   3.349      0.094979
   3.353      0.094459
   3.356      0.093942
   3.360      0.093427
   3.364      0.092915
   3.367      0.092404
   3.371      0.091896
   3.375      0.091390
   3.379      0.090886
   3.382      0.090384
   3.386      0.089884
   3.390      0.089387
   3.394      0.088892
   3.397      0.088398
   3.401      0.087907
   3.405      0.087418
   3.409      0.086931
   3.412      0.086446
   3.416      0.085963
   3.420      0.085482
   3.423      0.085003
   3.427      0.084527
   3.431      0.084052
   3.435      0.083579
   3.438      0.083108
   3.442      0.082639
   3.446      0.082173
   3.450      0.081708
   3.453      0.081245
   3.457      0.080784
   3.461      0.080324
   3.465      0.079867
   3.468      0.079412
   3.472      0.078958
   3.476      0.078507
   3.479      0.078057
   3.483      0.077609
   3.487      0.077164
   3.491      0.076719
   3.494      0.076277
   3.498      0.075837
   3.502      0.075398
   3.506      0.074961
   3.509      0.074526
   3.513      0.074093
   3.517      0.073661
   3.521      0.073231
   3.524      0.072803
   3.528      0.072377
   3.532      0.071953
   3.535      0.071530
   3.539      0.071109
   3.543      0.070689
   3.547      0.070272
   3.550      0.069856
   3.554      0.069441
   3.558      0.069028
   3.562      0.068617
   3.565      0.068208
   3.569      0.067800
   3.573      0.067394
   3.577      0.066990
   3.580      0.066587
   3.584      0.066186
   3.588      0.065786
   3.591      0.065388
   3.595      0.064991
   3.599      0.064596
   3.603      0.064203
   3.606      0.063811
   3.610      0.063421
   3.614      0.063032
   3.618      0.062645
   3.621      0.062259
   3.625      0.061875
   3.629      0.061492
   3.633      0.061111
   3.636      0.060731
   3.640      0.060353
   3.644      0.059976
   3.647      0.059601
   3.651      0.059227
   3.655      0.058855
   3.659      0.058484
   3.662      0.058114
   3.666      0.057746
   3.670      0.057379
   3.674      0.057014
   3.677      0.056650
   3.681      0.056287
   3.685      0.055926
   3.689      0.055566
   3.692      0.055208
   3.696      0.054851
   3.700      0.054495
   3.703      0.054141
   3.707      0.053788
   3.711      0.053436
   3.715      0.053086
   3.718      0.052736
   3.722      0.052389
   3.726      0.052042
   3.730      0.051697
   3.733      0.051353
   3.737      0.051011
   3.741      0.050669
   3.745      0.050329
   3.748      0.049990
   3.752      0.049653
   3.756      0.049316
   3.759      0.048981
   3.763      0.048647
   3.767      0.048315
   3.771      0.047983
   3.774      0.047653
   3.778      0.047324
   3.782      0.046996
   3.786      0.046669
   3.789      0.046344
   3.793      0.046020
   3.797      0.045697
   3.801      0.045375
   3.804      0.045054
   3.808      0.044734
   3.812      0.044415
   3.815      0.044098
   3.819      0.043782
   3.823      0.043467
   3.827      0.043153
   3.830      0.042840
   3.834      0.042528
   3.838      0.042217
   3.842      0.041908
   3.845      0.041599
   3.849      0.041291
   3.853      0.040985
   3.857      0.040680
   3.860      0.040375
   3.864      0.040072
   3.868      0.039770
   3.871      0.039469
   3.875      0.039169
   3.879      0.038870
   3.883      0.038572
   3.886      0.038275
   3.890      0.037979
   3.894      0.037684
   3.898      0.037390
   3.901      0.037097
   3.905      0.036804
   3.909      0.036513
   3.913      0.036223
   3.916      0.035934
   3.920      0.035646
   3.924      0.035359
   3.927      0.035073
   3.931      0.034787
   3.935      0.034503
   3.939      0.034220
   3.942      0.033937
   3.946      0.033656
   3.950      0.033375
   3.954      0.033095
   3.957      0.032816
   3.961      0.032539
   3.965      0.032262
   3.969      0.031985
   3.972      0.031710
   3.976      0.031436
   3.980      0.031162
   3.983      0.030890
   3.987      0.030618
   3.991      0.030347
   3.995      0.030077
   3.998      0.029808
   4.002      0.029540
   4.006      0.029272
   4.010      0.029006
   4.013      0.028740
   4.017      0.028475
   4.021      0.028211
   4.025      0.027948
   4.028      0.027685
   4.032      0.027423
   4.036      0.027163
   4.039      0.026902
   4.043      0.026643
   4.047      0.026385
   4.051      0.026127
   4.054      0.025870
   4.058      0.025614
   4.062      0.025358
   4.066      0.025104
   4.069      0.024850
   4.073      0.024597
   4.077      0.024344
   4.081      0.024093
   4.084      0.023842
   4.088      0.023591
   4.092      0.023342
   4.095      0.023093
   4.099      0.022845
   4.103      0.022598
   4.107      0.022351
   4.110      0.022106
   4.114      0.021860
   4.118      0.021616
   4.122      0.021372
   4.125      0.021129
   4.129      0.020887
   4.133      0.020645
   4.137      0.020404
   4.140      0.020164
   4.144      0.019924
   4.148      0.019685
   4.151      0.019446
   4.155      0.019209
   4.159      0.018972
   4.163      0.018735
   4.166      0.018499
   4.170      0.018264
   4.174      0.018030
   4.178      0.017796
   4.181      0.017563
   4.185      0.017330
   4.189      0.017098
   4.193      0.016867
   4.196      0.016636
   4.200      0.016406
   4.204      0.016176
   4.207      0.015947
   4.211      0.015719
   4.215      0.015491
   4.219      0.015264
   4.222      0.015037
   4.226      0.014811
   4.230      0.014585
   4.234      0.014360
   4.237      0.014136
   4.241      0.013912
   4.245      0.013689
   4.249      0.013466
   4.252      0.013244
   4.256      0.013022
   4.260      0.012801
   4.263      0.012581
   4.267      0.012361
   4.271      0.012141
   4.275      0.011922
   4.278      0.011704
   4.282      0.011486
   4.286      0.011269
   4.290      0.011052
   4.293      0.010836
   4.297      0.010620
   4.301      0.010404
   4.305      0.010189
   4.308      0.009975
   4.312      0.009761
   4.316      0.009548
   4.319      0.009335
   4.323      0.009122
   4.327      0.008910
   4.331      0.008699
   4.334      0.008488
   4.338      0.008277
   4.342      0.008067
   4.346      0.007858
   4.349      0.007648
   4.353      0.007440
   4.357      0.007231
   4.361      0.007023
   4.364      0.006816
   4.368      0.006609
   4.372      0.006402
   4.375      0.006196
   4.379      0.005991
   4.383      0.005785
   4.387      0.005580
   4.390      0.005376
   4.394      0.005172
   4.398      0.004968
   4.402      0.004765
   4.405      0.004562
   4.409      0.004360
   4.413      0.004158
   4.417      0.003956
   4.420      0.003755
   4.424      0.003554
   4.428      0.003353
   4.431      0.003153
   4.435      0.002954
   4.439      0.002754
   4.443      0.002555
   4.446      0.002356
   4.450      0.002158
   4.454      0.001960
   4.458      0.001763
   4.461      0.001565
   4.465      0.001369
   4.469      0.001172
   4.473      0.000976
   4.476      0.000780
   4.480      0.000585
   4.484      0.000389
   4.487      0.000195
   4.491      0.000000
