   0.000      0.000185
   0.004      0.002131
   0.007      0.004077
   0.011      0.006089
   0.015      0.008110
   0.019      0.010134
   0.022      0.012158
   0.026      0.014184
   0.030      0.016209
   0.034      0.018235
   0.037      0.020261
   0.041      0.022287
   0.045      0.024313
   0.049      0.026339
   0.052      0.028365
   0.056      0.030391
   0.060      0.032417
   0.063      0.034443
   0.067      0.036469
   0.071      0.038496
   0.075      0.040522
   0.078      0.042549
   0.082      0.044575
   0.086      0.046602
   0.090      0.048628
   0.093      0.050655
   0.097      0.052682
   0.101      0.054709
   0.105      0.056735
   0.108      0.058762
   0.112      0.060789
   0.116      0.062817
   0.119      0.064844
   0.123      0.066871
   0.127      0.068898
   0.131      0.070926
   0.134      0.072953
   0.138      0.074981
   0.142      0.077009
   0.146      0.079037
   0.149      0.081065
   0.153      0.083093
   0.157      0.085121
   0.161      0.087149
   0.164      0.089178
   0.168      0.091206
   0.172      0.093235
   0.175      0.095264
   0.179      0.097293
   0.183      0.099322
   0.187      0.101351
   0.190      0.103380
   0.194      0.105410
   0.198      0.107439
   0.202      0.109469
   0.205      0.111499
   0.209      0.113529
   0.213      0.115559
   0.217      0.117590
   0.220      0.119620
   0.224      0.121651
   0.228      0.123682
   0.231      0.125713
   0.235      0.127744
   0.239      0.129775
   0.243      0.131807
   0.246      0.133839
   0.250      0.135871
   0.254      0.137903
   0.258      0.139935
   0.261      0.141968
   0.265      0.144000
   0.269      0.146033
   0.273      0.148067
   0.276      0.150100
   0.280      0.152133
   0.284      0.154167
   0.287      0.156201
   0.291      0.158235
   0.295      0.160270
   0.299      0.162304
   0.302      0.164339
   0.306      0.166374
   0.310      0.168410
   0.314      0.170445
   0.317      0.172481
   0.321      0.174517
   0.325      0.176553
   0.329      0.178590
   0.332      0.180626
   0.336      0.182663
   0.340      0.184700
   0.343      0.186738
   0.347      0.188776
   0.351      0.190814
   0.355      0.192852
   0.358      0.194890
   0.362      0.196929
   0.366      0.198968
   0.370      0.201007
   0.373      0.203047
   0.377      0.205087
   0.381      0.207127
   0.385      0.209167
   0.388      0.211208
   0.392      0.213249
   0.396      0.215290
   0.399      0.217332
   0.403      0.219373
   0.407      0.221416
   0.411      0.223458
   0.414      0.225501
   0.418      0.227543
   0.422      0.229587
   0.426      0.231630
   0.429      0.233674
   0.433      0.235718
   0.437      0.237763
   0.441      0.239807
   0.444      0.241852
   0.448      0.243898
   0.452      0.245943
   0.455      0.247989
   0.459      0.250035
   0.463      0.252082
   0.467      0.254129
   0.470      0.256176
   0.474      0.258223
   0.478      0.260271
   0.482      0.262319
   0.485      0.264368
   0.489      0.266416
   0.493      0.268465
   0.497      0.270515
   0.500      0.272564
   0.504      0.274614
   0.508      0.276665
   0.511      0.278715
   0.515      0.280766
   0.519      0.282817
   0.523      0.284869
   0.526      0.286921
   0.530      0.288973
   0.534      0.291026
   0.538      0.293078
   0.541      0.295131
   0.545      0.297185
   0.549      0.299239
   0.553      0.301293
   0.556      0.303347
   0.560      0.305402
   0.564      0.307457
   0.567      0.309512
   0.571      0.311567
   0.575      0.313623
   0.579      0.315680
   0.582      0.317736
   0.586      0.319793
   0.590      0.321850
   0.594      0.323907
   0.597      0.325965
   0.601      0.328023
   0.605      0.330081
   0.609      0.332140
   0.612      0.334198
   0.616      0.336257
   0.620      0.338317
   0.623      0.340376
   0.627      0.342436
   0.631      0.344497
   0.635      0.346557
   0.638      0.348618
   0.642      0.350679
   0.646      0.352740
   0.650      0.354801
   0.653      0.356863
   0.657      0.358925
   0.661      0.360987
   0.665      0.363049
   0.668      0.365112
   0.672      0.367175
   0.676      0.369238
   0.679      0.371301
   0.683      0.373365
   0.687      0.375428
   0.691      0.377492
   0.694      0.379556
   0.698      0.381620
   0.702      0.383685
   0.706      0.385749
   0.709      0.387814
   0.713      0.389879
   0.717      0.391944
   0.721      0.394009
   0.724      0.396075
   0.728      0.398140
   0.732      0.400206
   0.735      0.402271
   0.739      0.404337
   0.743      0.406403
   0.747      0.408469
   0.750      0.410535
   0.754      0.412601
   0.758      0.414667
   0.762      0.416733
   0.765      0.418799
   0.769      0.420866
   0.773      0.422932
   0.777      0.424998
   0.780      0.427064
   0.784      0.429131
   0.788      0.431197
   0.791      0.433263
   0.795      0.435329
   0.799      0.437395
   0.803      0.439461
   0.806      0.441527
   0.810      0.443593
   0.814      0.445658
   0.818      0.447724
   0.821      0.449789
   0.825      0.451855
   0.829      0.453920
   0.833      0.455985
   0.836      0.458049
   0.840      0.460114
   0.844      0.462178
   0.847      0.464242
   0.851      0.466306
   0.855      0.468370
   0.859      0.470433
   0.862      0.472496
   0.866      0.474558
   0.870      0.476621
   0.874      0.478682
   0.877      0.480744
   0.881      0.482805
   0.885      0.484866
   0.889      0.486926
   0.892      0.488986
   0.896      0.491045
   0.900      0.493104
   0.903      0.495163
   0.907      0.497221
   0.911      0.499278
   0.915      0.501335
   0.918      0.503391
   0.922      0.505447
   0.926      0.507502
   0.930      0.509556
   0.933      0.511609
   0.937      0.513662
   0.941      0.515715
   0.945      0.517766
   0.948      0.519817
   0.952      0.521867
   0.956      0.523916
   0.959      0.525964
   0.963      0.528011
   0.967      0.530058
   0.971      0.532103
   0.974      0.534148
   0.978      0.536192
   0.982      0.538234
   0.986      0.540276
   0.989      0.542317
   0.993      0.544356
   0.997      0.546395
   1.001      0.548432
   1.004      0.550468
   1.008      0.552503
   1.012      0.554537
   1.015      0.556569
   1.019      0.558600
   1.023      0.560630
   1.027      0.562659
   1.030      0.564686
   1.034      0.566712
   1.038      0.568736
   1.042      0.570759
   1.045      0.572780
   1.049      0.574800
   1.053      0.576818
   1.057      0.578834
   1.060      0.580849
   1.064      0.582863
   1.068      0.584874
   1.071      0.586884
   1.075      0.588892
   1.079      0.590898
   1.083      0.592903
   1.086      0.594905
   1.090      0.596905
   1.094      0.598904
   1.098      0.600900
   1.101      0.602895
   1.105      0.604887
   1.109      0.606878
   1.113      0.608866
   1.116      0.610851
   1.120      0.612835
   1.124      0.614816
   1.127      0.616795
   1.131      0.618772
   1.135      0.620746
   1.139      0.622718
   1.142      0.624687
   1.146      0.626654
   1.150      0.628618
   1.154      0.630579
   1.157      0.632538
   1.161      0.634494
   1.165      0.636448
   1.169      0.638398
   1.172      0.640346
   1.176      0.642290
   1.180      0.644232
   1.183      0.646171
   1.187      0.648106
   1.191      0.650039
   1.195      0.651968
   1.198      0.653895
   1.202      0.655818
   1.206      0.657737
   1.210      0.659654
   1.213      0.661566
   1.217      0.663476
   1.221      0.665382
   1.225      0.667284
   1.228      0.669183
   1.232      0.671078
   1.236      0.672970
   1.239      0.674857
   1.243      0.676741
   1.247      0.678621
   1.251      0.680497
   1.254      0.682370
   1.258      0.684238
   1.262      0.686102
   1.266      0.687961
   1.269      0.689817
   1.273      0.691668
   1.277      0.693515
   1.281      0.695358
   1.284      0.697196
   1.288      0.699030
   1.292      0.700859
   1.295      0.702684
   1.299      0.704504
   1.303      0.706319
   1.307      0.708130
   1.310      0.709935
   1.314      0.711736
   1.318      0.713532
   1.322      0.715323
   1.325      0.717108
   1.329      0.718889
   1.333      0.720664
   1.337      0.722434
   1.340      0.724199
   1.344      0.725959
   1.348      0.727713
   1.351      0.729461
   1.355      0.731204
   1.359      0.732941
   1.363      0.734673
   1.366      0.736398
   1.370      0.738118
   1.374      0.739832
   1.378      0.741540
   1.381      0.743243
   1.385      0.744939
   1.389      0.746628
   1.393      0.748312
   1.396      0.749990
   1.400      0.751661
   1.404      0.753325
   1.407      0.754983
   1.411      0.756635
   1.415      0.758280
   1.419      0.759918
   1.422      0.761550
   1.426      0.763175
   1.430      0.764793
   1.434      0.766404
   1.437      0.768008
   1.441      0.769605
   1.445      0.771195
   1.449      0.772777
   1.452      0.774353
   1.456      0.775921
   1.460      0.777481
   1.463      0.779034
   1.467      0.780580
   1.471      0.782118
   1.475      0.783648
   1.478      0.785171
   1.482      0.786686
   1.486      0.788193
   1.490      0.789692
   1.493      0.791183
   1.497      0.792665
   1.501      0.794140
   1.505      0.795607
   1.508      0.797065
   1.512      0.798515
   1.516      0.799956
   1.519      0.801389
   1.523      0.802814
   1.527      0.804230
   1.531      0.805637
   1.534      0.807035
   1.538      0.808425
   1.542      0.809805
   1.546      0.811177
   1.549      0.812540
   1.553      0.813894
   1.557      0.815238
   1.561      0.816573
   1.564      0.817899
   1.568      0.819216
   1.572      0.820523
   1.575      0.821821
   1.579      0.823109
   1.583      0.824388
   1.587      0.825657
   1.590      0.826916
   1.594      0.828165
   1.598      0.829405
   1.602      0.830635
   1.605      0.831854
   1.609      0.833064
   1.613      0.834263
   1.617      0.835452
   1.620      0.836631
   1.624      0.837800
   1.628      0.838958
   1.631      0.840106
   1.635      0.841244
   1.639      0.842370
   1.643      0.843487
   1.646      0.844592
   1.650      0.845687
   1.654      0.846771
   1.658      0.847844
   1.661      0.848907
   1.665      0.849958
   1.669      0.850998
   1.673      0.852027
   1.676      0.853045
   1.680      0.854052
   1.684      0.855048
   1.687      0.856032
   1.691      0.857005
   1.695      0.857967
   1.699      0.858917
   1.702      0.859855
   1.706      0.860782
   1.710      0.861698
   1.714      0.862601
   1.717      0.863493
   1.721      0.864373
   1.725      0.865242
   1.729      0.866098
   1.732      0.866943
   1.736      0.867775
   1.740      0.868596
   1.743      0.869404
   1.747      0.870200
   1.751      0.870984
   1.755      0.871756
   1.758      0.872516
   1.762      0.873263
   1.766      0.873998
   1.770      0.874721
   1.773      0.875431
   1.777      0.876129
   1.781      0.876814
   1.785      0.877487
   1.788      0.878147
   1.792      0.878795
   1.796      0.879430
   1.799      0.880052
   1.803      0.880661
   1.807      0.881258
   1.811      0.881842
   1.814      0.882413
   1.818      0.882971
   1.822      0.883516
   1.826      0.884049
   1.829      0.884568
   1.833      0.885074
   1.837      0.885568
   1.841      0.886048
   1.844      0.886515
   1.848      0.886969
   1.852      0.887410
   1.855      0.887838
   1.859      0.888253
   1.863      0.888654
   1.867      0.889043
   1.870      0.889418
   1.874      0.889780
   1.878      0.890128
   1.882      0.890463
   1.885      0.890785
   1.889      0.891094
   1.893      0.891389
   1.897      0.891671
   1.900      0.891939
   1.904      0.892194
   1.908      0.892436
   1.911      0.892664
   1.915      0.892879
   1.919      0.893081
   1.923      0.893269
   1.926      0.893443
   1.930      0.893604
   1.934      0.893752
   1.938      0.893886
   1.941      0.894007
   1.945      0.894114
   1.949      0.894208
   1.953      0.894288
   1.956      0.894355
   1.960      0.894408
   1.964      0.894448
   1.967      0.894474
   1.971      0.894487
   1.975      0.894487
   1.979      0.894473
   1.982      0.894446
   1.986      0.894405
   1.990      0.894350
   1.994      0.894283
   1.997      0.894202
   2.001      0.894107
   2.005      0.894000
   2.009      0.893878
   2.012      0.893744
   2.016      0.893596
   2.020      0.893435
   2.023      0.893260
   2.027      0.893073
   2.031      0.892872
   2.035      0.892657
   2.038      0.892430
   2.042      0.892189
   2.046      0.891935
   2.050      0.891668
   2.053      0.891388
   2.057      0.891095
   2.061      0.890789
   2.065      0.890470
   2.068      0.890137
   2.072      0.889792
   2.076      0.889434
   2.079      0.889063
   2.083      0.888679
   2.087      0.888282
   2.091      0.887872
   2.094      0.887450
   2.098      0.887014
   2.102      0.886566
   2.106      0.886106
   2.109      0.885633
   2.113      0.885147
   2.117      0.884648
   2.121      0.884138
   2.124      0.883614
   2.128      0.883079
   2.132      0.882530
   2.135      0.881970
   2.139      0.881397
   2.143      0.880812
   2.147      0.880215
   2.150      0.879606
   2.154      0.878985
   2.158      0.878351
   2.162      0.877706
   2.165      0.877048
   2.169      0.876379
   2.173      0.875698
   2.177      0.875005
   2.180      0.874301
   2.184      0.873584
   2.188      0.872857
   2.191      0.872117
   2.195      0.871366
   2.199      0.870604
   2.203      0.869830
   2.206      0.869045
   2.210      0.868249
   2.214      0.867441
   2.218      0.866623
   2.221      0.865793
   2.225      0.864952
   2.229      0.864100
   2.233      0.863238
   2.236      0.862364
   2.240      0.861480
   2.244      0.860585
   2.247      0.859680
   2.251      0.858763
   2.255      0.857837
   2.259      0.856900
   2.262      0.855952
   2.266      0.854995
   2.270      0.854027
   2.274      0.853049
   2.277      0.852060
   2.281      0.851062
   2.285      0.850054
   2.289      0.849036
   2.292      0.848008
   2.296      0.846971
   2.300      0.845923
   2.303      0.844867
   2.307      0.843800
   2.311      0.842724
   2.315      0.841639
   2.318      0.840545
   2.322      0.839441
   2.326      0.838328
   2.330      0.837206
   2.333      0.836075
   2.337      0.834936
   2.341      0.833787
   2.345      0.832629
   2.348      0.831463
   2.352      0.830288
   2.356      0.829105
   2.359      0.827913
   2.363      0.826713
   2.367      0.825504
   2.371      0.824287
   2.374      0.823062
   2.378      0.821829
   2.382      0.820588
   2.386      0.819339
   2.389      0.818082
   2.393      0.816817
   2.397      0.815545
   2.401      0.814265
   2.404      0.812977
   2.408      0.811682
   2.412      0.810379
   2.415      0.809070
   2.419      0.807752
   2.423      0.806428
   2.427      0.805096
   2.430      0.803758
   2.434      0.802412
   2.438      0.801060
   2.442      0.799701
   2.445      0.798335
   2.449      0.796962
   2.453      0.795583
   2.457      0.794198
   2.460      0.792805
   2.464      0.791407
   2.468      0.790002
   2.471      0.788591
   2.475      0.787174
   2.479      0.785751
   2.483      0.784321
   2.486      0.782886
   2.490      0.781445
   2.494      0.779998
   2.498      0.778545
   2.501      0.777087
   2.505      0.775623
   2.509      0.774154
   2.513      0.772679
   2.516      0.771199
   2.520      0.769713
   2.524      0.768222
   2.527      0.766726
   2.531      0.765225
   2.535      0.763719
   2.539      0.762208
   2.542      0.760692
   2.546      0.759171
   2.550      0.757645
   2.554      0.756114
   2.557      0.754579
   2.561      0.753039
   2.565      0.751495
   2.569      0.749946
   2.572      0.748393
   2.576      0.746835
   2.580      0.745274
   2.583      0.743707
   2.587      0.742137
   2.591      0.740563
   2.595      0.738984
   2.598      0.737402
   2.602      0.735815
   2.606      0.734225
   2.610      0.732631
   2.613      0.731033
   2.617      0.729431
   2.621      0.727826
   2.625      0.726217
   2.628      0.724605
   2.632      0.722989
   2.636      0.721370
   2.639      0.719747
   2.643      0.718121
   2.647      0.716492
   2.651      0.714860
   2.654      0.713224
   2.658      0.711586
   2.662      0.709944
   2.666      0.708299
   2.669      0.706652
   2.673      0.705001
   2.677      0.703348
   2.681      0.701692
   2.684      0.700033
   2.688      0.698371
   2.692      0.696707
   2.695      0.695040
   2.699      0.693371
   2.703      0.691700
   2.707      0.690025
   2.710      0.688349
   2.714      0.686670
   2.718      0.684989
   2.722      0.683306
   2.725      0.681620
   2.729      0.679932
   2.733      0.678243
   2.737      0.676551
   2.740      0.674857
   2.744      0.673161
   2.748      0.671464
   2.751      0.669764
   2.755      0.668063
   2.759      0.666360
   2.763      0.664655
   2.766      0.662949
   2.770      0.661241
   2.774      0.659531
   2.778      0.657820
   2.781      0.656108
   2.785      0.654394
   2.789      0.652678
   2.793      0.650961
   2.796      0.649243
   2.800      0.647524
   2.804      0.645803
   2.807      0.644081
   2.811      0.642358
   2.815      0.640634
   2.819      0.638909
   2.822      0.637183
   2.826      0.635456
   2.830      0.633728
   2.834      0.631999
   2.837      0.630269
   2.841      0.628538
   2.845      0.626807
   2.849      0.625075
   2.852      0.623342
   2.856      0.621608
   2.860      0.619874
   2.863      0.618139
   2.867      0.616404
   2.871      0.614668
   2.875      0.612932
   2.878      0.611195
   2.882      0.609458
   2.886      0.607720
   2.890      0.605983
   2.893      0.604244
   2.897      0.602506
   2.901      0.600767
   2.905      0.599029
   2.908      0.597290
   2.912      0.595551
   2.916      0.593812
   2.919      0.592072
   2.923      0.590333
   2.927      0.588594
   2.931      0.586855
   2.934      0.585116
   2.938      0.583377
   2.942      0.581639
   2.946      0.579900
   2.949      0.578162
   2.953      0.576424
   2.957      0.574686
   2.961      0.572949
   2.964      0.571212
   2.968      0.569475
   2.972      0.567739
   2.975      0.566003
   2.979      0.564268
   2.983      0.562533
   2.987      0.560799
   2.990      0.559065
   2.994      0.557332
   2.998      0.555600
   3.002      0.553868
   3.005      0.552137
   3.009      0.550407
   3.013      0.548677
   3.017      0.546949
   3.020      0.545221
   3.024      0.543494
   3.028      0.541767
   3.031      0.540042
   3.035      0.538318
   3.039      0.536594
   3.043      0.534872
   3.046      0.533150
   3.050      0.531430
   3.054      0.529711
   3.058      0.527992
   3.061      0.526275
   3.065      0.524559
   3.069      0.522845
   3.073      0.521131
   3.076      0.519419
   3.080      0.517708
   3.084      0.515998
   3.087      0.514289
   3.091      0.512582
   3.095      0.510876
   3.099      0.509172
   3.102      0.507469
   3.106      0.505767
   3.110      0.504067
   3.114      0.502368
   3.117      0.500671
   3.121      0.498975
   3.125      0.497281
   3.129      0.495588
   3.132      0.493897
   3.136      0.492208
   3.140      0.490520
   3.143      0.488834
   3.147      0.487150
   3.151      0.485467
   3.155      0.483786
   3.158      0.482107
   3.162      0.480430
   3.166      0.478754
   3.170      0.477080
   3.173      0.475408
   3.177      0.473738
   3.181      0.472070
   3.185      0.470404
   3.188      0.468739
   3.192      0.467077
   3.196      0.465416
   3.199      0.463758
   3.203      0.462101
   3.207      0.460447
   3.211      0.458794
   3.214      0.457144
   3.218      0.455496
   3.222      0.453849
   3.226      0.452205
   3.229      0.450563
   3.233      0.448924
   3.237      0.447286
   3.241      0.445651
   3.244      0.444018
   3.248      0.442387
   3.252      0.440758
   3.255      0.439132
   3.259      0.437507
   3.263      0.435886
   3.267      0.434266
   3.270      0.432649
   3.274      0.431034
   3.278      0.429422
   3.282      0.427812
   3.285      0.426204
   3.289      0.424599
   3.293      0.422996
   3.297      0.421396
   3.300      0.419798
   3.304      0.418202
   3.308      0.416609
   3.311      0.415019
   3.315      0.413431
   3.319      0.411846
   3.323      0.410263
   3.326      0.408683
   3.330      0.407106
   3.334      0.405531
   3.338      0.403958
   3.341      0.402389
   3.345      0.400822
   3.349      0.399257
   3.353      0.397696
   3.356      0.396137
   3.360      0.394580
   3.364      0.393027
   3.367      0.391476
   3.371      0.389928
   3.375      0.388383
   3.379      0.386840
   3.382      0.385301
   3.386      0.383764
   3.390      0.382229
   3.394      0.380698
   3.397      0.379170
   3.401      0.377644
   3.405      0.376121
   3.409      0.374602
   3.412      0.373085
   3.416      0.371571
   3.420      0.370059
   3.423      0.368551
   3.427      0.367046
   3.431      0.365544
   3.435      0.364044
   3.438      0.362548
   3.442      0.361054
   3.446      0.359564
   3.450      0.358076
   3.453      0.356592
   3.457      0.355111
   3.461      0.353632
   3.465      0.352157
   3.468      0.350685
   3.472      0.349215
   3.476      0.347749
   3.479      0.346286
   3.483      0.344826
   3.487      0.343369
   3.491      0.341916
   3.494      0.340465
   3.498      0.339017
   3.502      0.337573
   3.506      0.336132
   3.509      0.334694
   3.513      0.333259
   3.517      0.331827
   3.521      0.330399
   3.524      0.328973
   3.528      0.327551
   3.532      0.326132
   3.535      0.324716
   3.539      0.323304
   3.543      0.321895
   3.547      0.320488
   3.550      0.319086
   3.554      0.317686
   3.558      0.316290
   3.562      0.314897
   3.565      0.313507
   3.569      0.312121
   3.573      0.310737
   3.577      0.309358
   3.580      0.307981
   3.584      0.306608
   3.588      0.305238
   3.591      0.303871
   3.595      0.302508
   3.599      0.301148
   3.603      0.299791
   3.606      0.298438
   3.610      0.297088
   3.614      0.295741
   3.618      0.294398
   3.621      0.293058
   3.625      0.291722
   3.629      0.290389
   3.633      0.289059
   3.636      0.287733
   3.640      0.286410
   3.644      0.285091
   3.647      0.283774
   3.651      0.282462
   3.655      0.281153
   3.659      0.279847
   3.662      0.278544
   3.666      0.277245
   3.670      0.275950
   3.674      0.274658
   3.677      0.273369
   3.681      0.272084
   3.685      0.270802
   3.689      0.269524
   3.692      0.268249
   3.696      0.266977
   3.700      0.265710
   3.703      0.264445
   3.707      0.263184
   3.711      0.261927
   3.715      0.260673
   3.718      0.259422
   3.722      0.258175
   3.726      0.256931
   3.730      0.255691
   3.733      0.254455
   3.737      0.253222
   3.741      0.251992
   3.745      0.250766
   3.748      0.249543
   3.752      0.248324
   3.756      0.247109
   3.759      0.245897
   3.763      0.244688
   3.767      0.243483
   3.771      0.242282
   3.774      0.241084
   3.778      0.239889
   3.782      0.238698
   3.786      0.237511
   3.789      0.236327
   3.793      0.235147
   3.797      0.233970
   3.801      0.232797
   3.804      0.231627
   3.808      0.230461
   3.812      0.229298
   3.815      0.228139
   3.819      0.226983
   3.823      0.225831
   3.827      0.224683
   3.830      0.223538
   3.834      0.222396
   3.838      0.221258
   3.842      0.220124
   3.845      0.218993
   3.849      0.217866
   3.853      0.216742
   3.857      0.215622
   3.860      0.214505
   3.864      0.213392
   3.868      0.212283
   3.871      0.211177
   3.875      0.210074
   3.879      0.208975
   3.883      0.207880
   3.886      0.206788
   3.890      0.205700
   3.894      0.204615
   3.898      0.203534
   3.901      0.202456
   3.905      0.201382
   3.909      0.200311
   3.913      0.199244
   3.916      0.198181
   3.920      0.197121
   3.924      0.196064
   3.927      0.195011
   3.931      0.193962
   3.935      0.192916
   3.939      0.191874
   3.942      0.190835
   3.946      0.189800
   3.950      0.188768
   3.954      0.187740
   3.957      0.186715
   3.961      0.185694
   3.965      0.184676
   3.969      0.183662
   3.972      0.182652
   3.976      0.181644
   3.980      0.180641
   3.983      0.179641
   3.987      0.178644
   3.991      0.177651
   3.995      0.176662
   3.998      0.175676
   4.002      0.174693
   4.006      0.173714
   4.010      0.172738
   4.013      0.171766
   4.017      0.170798
   4.021      0.169833
   4.025      0.168871
   4.028      0.167913
   4.032      0.166958
   4.036      0.166007
   4.039      0.165059
   4.043      0.164115
   4.047      0.163174
   4.051      0.162237
   4.054      0.161303
   4.058      0.160373
   4.062      0.159446
   4.066      0.158522
   4.069      0.157602
   4.073      0.156686
   4.077      0.155773
   4.081      0.154863
   4.084      0.153957
   4.088      0.153054
   4.092      0.152155
   4.095      0.151259
   4.099      0.150366
   4.103      0.149477
   4.107      0.148591
   4.110      0.147709
   4.114      0.146830
   4.118      0.145955
   4.122      0.145082
   4.125      0.144214
   4.129      0.143348
   4.133      0.142487
   4.137      0.141628
   4.140      0.140773
   4.144      0.139921
   4.148      0.139073
   4.151      0.138228
   4.155      0.137386
   4.159      0.136547
   4.163      0.135712
   4.166      0.134881
   4.170      0.134053
   4.174      0.133228
   4.178      0.132406
   4.181      0.131588
   4.185      0.130773
   4.189      0.129961
   4.193      0.129153
   4.196      0.128348
   4.200      0.127546
   4.204      0.126747
   4.207      0.125952
   4.211      0.125160
   4.215      0.124372
   4.219      0.123587
   4.222      0.122805
   4.226      0.122026
   4.230      0.121250
   4.234      0.120478
   4.237      0.119709
   4.241      0.118943
   4.245      0.118181
   4.249      0.117422
   4.252      0.116666
   4.256      0.115913
   4.260      0.115163
   4.263      0.114417
   4.267      0.113674
   4.271      0.112934
   4.275      0.112197
   4.278      0.111464
   4.282      0.110734
   4.286      0.110006
   4.290      0.109282
   4.293      0.108562
   4.297      0.107844
   4.301      0.107129
   4.305      0.106418
   4.308      0.105710
   4.312      0.105005
   4.316      0.104303
   4.319      0.103604
   4.323      0.102909
   4.327      0.102216
   4.331      0.101527
   4.334      0.100840
   4.338      0.100157
   4.342      0.099477
   4.346      0.098800
   4.349      0.098126
   4.353      0.097455
   4.357      0.096787
   4.361      0.096123
   4.364      0.095461
   4.368      0.094802
   4.372      0.094147
   4.375      0.093494
   4.379      0.092845
   4.383      0.092198
   4.387      0.091555
   4.390      0.090914
   4.394      0.090277
   4.398      0.089642
   4.402      0.089011
   4.405      0.088382
   4.409      0.087757
   4.413      0.087134
   4.417      0.086515
   4.420      0.085898
   4.424      0.085284
   4.428      0.084674
   4.431      0.084066
   4.435      0.083461
   4.439      0.082859
   4.443      0.082260
   4.446      0.081664
   4.450      0.081071
   4.454      0.080480
   4.458      0.079893
   4.461      0.079308
   4.465      0.078727
   4.469      0.078148
   4.473      0.077572
   4.476      0.076999
   4.480      0.076429
   4.484      0.075861
   4.487      0.075297
   4.491      0.074735
   4.495      0.074176
   4.499      0.073620
   4.502      0.073067
   4.506      0.072516
   4.510      0.071969
   4.514      0.071424
   4.517      0.070882
   4.521      0.070342
   4.525      0.069806
   4.529      0.069272
   4.532      0.068741
   4.536      0.068212
   4.540      0.067687
   4.543      0.067164
   4.547      0.066644
   4.551      0.066126
   4.555      0.065612
   4.558      0.065099
   4.562      0.064590
   4.566      0.064083
   4.570      0.063579
   4.573      0.063078
   4.577      0.062579
   4.581      0.062083
   4.585      0.061590
   4.588      0.061099
   4.592      0.060611
   4.596      0.060126
   4.599      0.059643
   4.603      0.059162
   4.607      0.058685
   4.611      0.058210
   4.614      0.057737
   4.618      0.057267
   4.622      0.056800
   4.626      0.056335
   4.629      0.055873
   4.633      0.055413
   4.637      0.054956
   4.641      0.054501
   4.644      0.054049
   4.648      0.053600
   4.652      0.053153
   4.655      0.052708
   4.659      0.052266
   4.663      0.051826
   4.667      0.051389
   4.670      0.050955
   4.674      0.050522
   4.678      0.050093
   4.682      0.049665
   4.685      0.049241
   4.689      0.048818
   4.693      0.048398
   4.697      0.047981
   4.700      0.047566
   4.704      0.047153
   4.708      0.046743
   4.711      0.046335
   4.715      0.045929
   4.719      0.045526
   4.723      0.045125
   4.726      0.044726
   4.730      0.044330
   4.734      0.043937
   4.738      0.043545
   4.741      0.043156
   4.745      0.042769
   4.749      0.042385
   4.753      0.042002
   4.756      0.041623
   4.760      0.041245
   4.764      0.040870
   4.767      0.040497
   4.771      0.040126
   4.775      0.039757
   4.779      0.039391
   4.782      0.039027
   4.786      0.038665
   4.790      0.038305
   4.794      0.037948
   4.797      0.037593
   4.801      0.037240
   4.805      0.036889
   4.809      0.036540
   4.812      0.036194
   4.816      0.035850
   4.820      0.035508
   4.823      0.035168
   4.827      0.034830
   4.831      0.034494
   4.835      0.034161
   4.838      0.033829
   4.842      0.033500
   4.846      0.033173
   4.850      0.032848
   4.853      0.032525
   4.857      0.032204
   4.861      0.031885
   4.865      0.031569
   4.868      0.031254
   4.872      0.030941
   4.876      0.030631
   4.879      0.030322
   4.883      0.030016
   4.887      0.029711
   4.891      0.029409
   4.894      0.029108
   4.898      0.028810
   4.902      0.028513
   4.906      0.028219
   4.909      0.027927
   4.913      0.027636
   4.917      0.027347
   4.921      0.027061
   4.924      0.026776
   4.928      0.026494
   4.932      0.026213
   4.935      0.025934
   4.939      0.025657
   4.943      0.025382
   4.947      0.025109
   4.950      0.024838
   4.954      0.024568
   4.958      0.024301
   4.962      0.024035
   4.965      0.023771
   4.969      0.023510
   4.973      0.023250
   4.977      0.022991
   4.980      0.022735
   4.984      0.022481
   4.988      0.022228
   4.991      0.021977
   4.995      0.021728
   4.999      0.021481
   5.003      0.021235
   5.006      0.020991
   5.010      0.020749
   5.014      0.020509
   5.018      0.020271
   5.021      0.020034
   5.025      0.019799
   5.029      0.019566
   5.033      0.019334
   5.036      0.019104
   5.040      0.018876
   5.044      0.018650
   5.047      0.018425
   5.051      0.018202
   5.055      0.017981
   5.059      0.017761
   5.062      0.017543
   5.066      0.017327
   5.070      0.017112
   5.074      0.016899
   5.077      0.016688
   5.081      0.016478
   5.085      0.016270
   5.089      0.016063
   5.092      0.015858
   5.096      0.015655
   5.100      0.015453
   5.103      0.015253
   5.107      0.015054
   5.111      0.014857
   5.115      0.014662
   5.118      0.014468
   5.122      0.014276
   5.126      0.014085
   5.130      0.013896
   5.133      0.013708
   5.137      0.013522
   5.141      0.013337
   5.145      0.013154
   5.148      0.012972
   5.152      0.012792
   5.156      0.012613
   5.159      0.012436
   5.163      0.012260
   5.167      0.012086
   5.171      0.011913
   5.174      0.011742
   5.178      0.011572
   5.182      0.011404
   5.186      0.011237
   5.189      0.011071
   5.193      0.010907
   5.197      0.010744
   5.201      0.010583
   5.204      0.010423
   5.208      0.010264
   5.212      0.010107
   5.215      0.009951
   5.219      0.009797
   5.223      0.009643
   5.227      0.009492
   5.230      0.009341
   5.234      0.009192
   5.238      0.009044
   5.242      0.008898
   5.245      0.008753
   5.249      0.008609
   5.253      0.008467
   5.257      0.008325
   5.260      0.008185
   5.264      0.008047
   5.268      0.007909
   5.271      0.007773
   5.275      0.007638
   5.279      0.007505
   5.283      0.007372
   5.286      0.007241
   5.290      0.007112
   5.294      0.006983
   5.298      0.006855
   5.301      0.006729
   5.305      0.006604
   5.309      0.006480
   5.313      0.006358
   5.316      0.006236
   5.320      0.006116
   5.324      0.005997
   5.327      0.005879
   5.331      0.005762
   5.335      0.005647
   5.339      0.005532
   5.342      0.005419
   5.346      0.005307
   5.350      0.005196
   5.354      0.005086
   5.357      0.004977
   5.361      0.004869
   5.365      0.004763
   5.369      0.004657
   5.372      0.004553
   5.376      0.004450
   5.380      0.004347
   5.383      0.004246
   5.387      0.004146
   5.391      0.004047
   5.395      0.003949
   5.398      0.003852
   5.402      0.003756
   5.406      0.003661
   5.410      0.003567
   5.413      0.003475
   5.417      0.003383
   5.421      0.003292
   5.425      0.003202
   5.428      0.003113
   5.432      0.003025
   5.436      0.002939
   5.439      0.002853
   5.443      0.002768
   5.447      0.002684
   5.451      0.002601
   5.454      0.002519
   5.458      0.002438
   5.462      0.002358
   5.466      0.002279
   5.469      0.002200
   5.473      0.002123
   5.477      0.002047
   5.481      0.001971
   5.484      0.001896
   5.488      0.001823
   5.492      0.001750
   5.495      0.001678
   5.499      0.001607
   5.503      0.001537
   5.507      0.001467
   5.510      0.001399
   5.514      0.001331
   5.518      0.001265
   5.522      0.001199
   5.525      0.001134
   5.529      0.001070
   5.533      0.001006
   5.537      0.000944
   5.540      0.000882
   5.544      0.000821
   5.548      0.000761
   5.551      0.000702
   5.555      0.000643
   5.559      0.000585
   5.563      0.000529
   5.566      0.000472
   5.570      0.000417
   5.574      0.000362
   5.578      0.000308
   5.581      0.000255
   5.585      0.000203
   5.589      0.000151
   5.593      0.000100
   5.596      0.000050
   5.600      0.000000
