   0.000      0.365883
   0.004      0.365891
   0.007      0.365900
   0.011      0.365914
   0.015      0.365934
   0.019      0.365960
   0.022      0.365991
   0.026      0.366028
   0.030      0.366071
   0.034      0.366120
   0.037      0.366174
   0.041      0.366234
   0.045      0.366300
   0.049      0.366371
   0.052      0.366448
   0.056      0.366531
   0.060      0.366620
   0.063      0.366714
   0.067      0.366814
   0.071      0.366920
   0.075      0.367031
   0.078      0.367149
   0.082      0.367272
   0.086      0.367400
   0.090      0.367535
   0.093      0.367675
   0.097      0.367821
   0.101      0.367973
   0.105      0.368131
   0.108      0.368294
   0.112      0.368464
   0.116      0.368639
   0.119      0.368819
   0.123      0.369006
   0.127      0.369198
   0.131      0.369397
   0.134      0.369601
   0.138      0.369811
   0.142      0.370026
   0.146      0.370248
   0.149      0.370476
   0.153      0.370709
   0.157      0.370948
   0.161      0.371193
   0.164      0.371444
   0.168      0.371701
   0.172      0.371964
   0.175      0.372233
   0.179      0.372507
   0.183      0.372788
   0.187      0.373074
   0.190      0.373367
   0.194      0.373665
   0.198      0.373969
   0.202      0.374280
   0.205      0.374596
   0.209      0.374918
   0.213      0.375247
   0.217      0.375581
   0.220      0.375921
   0.224      0.376267
   0.228      0.376620
   0.231      0.376978
   0.235      0.377343
   0.239      0.377713
   0.243      0.378090
   0.246      0.378472
   0.250      0.378861
   0.254      0.379256
   0.258      0.379657
   0.261      0.380064
   0.265      0.380477
   0.269      0.380896
   0.273      0.381322
   0.276      0.381753
   0.280      0.382191
   0.284      0.382635
   0.287      0.383085
   0.291      0.383542
   0.295      0.384004
   0.299      0.384473
   0.302      0.384948
   0.306      0.385429
   0.310      0.385917
   0.314      0.386411
   0.317      0.386911
   0.321      0.387417
   0.325      0.387930
   0.329      0.388449
   0.332      0.388974
   0.336      0.389506
   0.340      0.390044
   0.343      0.390588
   0.347      0.391139
   0.351      0.391696
   0.355      0.392259
   0.358      0.392829
   0.362      0.393405
   0.366      0.393988
   0.370      0.394577
   0.373      0.395173
   0.377      0.395775
   0.381      0.396384
   0.385      0.396999
   0.388      0.397620
   0.392      0.398248
   0.396      0.398883
   0.399      0.399524
   0.403      0.400172
   0.407      0.400826
   0.411      0.401487
   0.414      0.402155
   0.418      0.402829
   0.422      0.403509
   0.426      0.404197
   0.429      0.404891
   0.433      0.405591
   0.437      0.406299
   0.441      0.407013
   0.444      0.407733
   0.448      0.408461
   0.452      0.409195
   0.455      0.409936
   0.459      0.410683
   0.463      0.411437
   0.467      0.412198
   0.470      0.412966
   0.474      0.413741
   0.478      0.414522
   0.482      0.415311
   0.485      0.416106
   0.489      0.416908
   0.493      0.417716
   0.497      0.418532
   0.500      0.419355
   0.504      0.420184
   0.508      0.421020
   0.511      0.421864
   0.515      0.422714
   0.519      0.423571
   0.523      0.424435
   0.526      0.425306
   0.530      0.426184
   0.534      0.427068
   0.538      0.427960
   0.541      0.428859
   0.545      0.429765
   0.549      0.430678
   0.553      0.431598
   0.556      0.432525
   0.560      0.433459
   0.564      0.434400
   0.567      0.435348
   0.571      0.436303
   0.575      0.437266
   0.579      0.438235
   0.582      0.439211
   0.586      0.440195
   0.590      0.441186
   0.594      0.442183
   0.597      0.443188
   0.601      0.444201
   0.605      0.445220
   0.609      0.446246
   0.612      0.447280
   0.616      0.448320
   0.620      0.449368
   0.623      0.450423
   0.627      0.451486
   0.631      0.452555
   0.635      0.453632
   0.638      0.454716
   0.642      0.455807
   0.646      0.456905
   0.650      0.458011
   0.653      0.459123
   0.657      0.460243
   0.661      0.461370
   0.665      0.462505
   0.668      0.463646
   0.672      0.464795
   0.676      0.465951
   0.679      0.467115
   0.683      0.468285
   0.687      0.469463
   0.691      0.470648
   0.694      0.471841
   0.698      0.473040
   0.702      0.474247
   0.706      0.475461
   0.709      0.476682
   0.713      0.477910
   0.717      0.479146
   0.721      0.480389
   0.724      0.481639
   0.728      0.482896
   0.732      0.484161
   0.735      0.485433
   0.739      0.486712
   0.743      0.487998
   0.747      0.489291
   0.750      0.490592
   0.754      0.491899
   0.758      0.493214
   0.762      0.494536
   0.765      0.495865
   0.769      0.497202
   0.773      0.498545
   0.777      0.499896
   0.780      0.501253
   0.784      0.502618
   0.788      0.503990
   0.791      0.505368
   0.795      0.506754
   0.799      0.508147
   0.803      0.509547
   0.806      0.510954
   0.810      0.512368
   0.814      0.513789
   0.818      0.515217
   0.821      0.516652
   0.825      0.518093
   0.829      0.519542
   0.833      0.520997
   0.836      0.522460
   0.840      0.523929
   0.844      0.525405
   0.847      0.526888
   0.851      0.528377
   0.855      0.529873
   0.859      0.531376
   0.862      0.532886
   0.866      0.534402
   0.870      0.535925
   0.874      0.537454
   0.877      0.538990
   0.881      0.540533
   0.885      0.542082
   0.889      0.543638
   0.892      0.545200
   0.896      0.546768
   0.900      0.548343
   0.903      0.549924
   0.907      0.551511
   0.911      0.553105
   0.915      0.554705
   0.918      0.556311
   0.922      0.557923
   0.926      0.559541
   0.930      0.561165
   0.933      0.562796
   0.937      0.564432
   0.941      0.566074
   0.945      0.567722
   0.948      0.569376
   0.952      0.571036
   0.956      0.572701
   0.959      0.574372
   0.963      0.576049
   0.967      0.577731
   0.971      0.579419
   0.974      0.581113
   0.978      0.582811
   0.982      0.584515
   0.986      0.586225
   0.989      0.587940
   0.993      0.589659
   0.997      0.591384
   1.001      0.593115
   1.004      0.594850
   1.008      0.596590
   1.012      0.598335
   1.015      0.600084
   1.019      0.601839
   1.023      0.603598
   1.027      0.605362
   1.030      0.607130
   1.034      0.608903
   1.038      0.610680
   1.042      0.612462
   1.045      0.614247
   1.049      0.616037
   1.053      0.617831
   1.057      0.619629
   1.060      0.621431
   1.064      0.623237
   1.068      0.625047
   1.071      0.626861
   1.075      0.628678
   1.079      0.630498
   1.083      0.632322
   1.086      0.634150
   1.090      0.635980
   1.094      0.637814
   1.098      0.639651
   1.101      0.641491
   1.105      0.643334
   1.109      0.645180
   1.113      0.647029
   1.116      0.648880
   1.120      0.650734
   1.124      0.652590
   1.127      0.654448
   1.131      0.656309
   1.135      0.658172
   1.139      0.660037
   1.142      0.661904
   1.146      0.663773
   1.150      0.665643
   1.154      0.667516
   1.157      0.669389
   1.161      0.671264
   1.165      0.673141
   1.169      0.675019
   1.172      0.676897
   1.176      0.678777
   1.180      0.680658
   1.183      0.682539
   1.187      0.684421
   1.191      0.686304
   1.195      0.688187
   1.198      0.690070
   1.202      0.691953
   1.206      0.693837
   1.210      0.695720
   1.213      0.697603
   1.217      0.699486
   1.221      0.701369
   1.225      0.703250
   1.228      0.705132
   1.232      0.707012
   1.236      0.708891
   1.239      0.710770
   1.243      0.712647
   1.247      0.714523
   1.251      0.716397
   1.254      0.718270
   1.258      0.720141
   1.262      0.722010
   1.266      0.723878
   1.269      0.725743
   1.273      0.727605
   1.277      0.729466
   1.281      0.731324
   1.284      0.733179
   1.288      0.735032
   1.292      0.736881
   1.295      0.738727
   1.299      0.740571
   1.303      0.742410
   1.307      0.744247
   1.310      0.746079
   1.314      0.747908
   1.318      0.749733
   1.322      0.751554
   1.325      0.753371
   1.329      0.755183
   1.333      0.756991
   1.337      0.758794
   1.340      0.760592
   1.344      0.762386
   1.348      0.764174
   1.351      0.765957
   1.355      0.767735
   1.359      0.769507
   1.363      0.771273
   1.366      0.773034
   1.370      0.774789
   1.374      0.776537
   1.378      0.778280
   1.381      0.780016
   1.385      0.781745
   1.389      0.783468
   1.393      0.785183
   1.396      0.786892
   1.400      0.788594
   1.404      0.790288
   1.407      0.791975
   1.411      0.793654
   1.415      0.795326
   1.419      0.796990
   1.422      0.798645
   1.426      0.800293
   1.430      0.801932
   1.434      0.803562
   1.437      0.805184
   1.441      0.806798
   1.445      0.808402
   1.449      0.809997
   1.452      0.811583
   1.456      0.813160
   1.460      0.814727
   1.463      0.816285
   1.467      0.817833
   1.471      0.819371
   1.475      0.820899
   1.478      0.822416
   1.482      0.823924
   1.486      0.825421
   1.490      0.826907
   1.493      0.828382
   1.497      0.829847
   1.501      0.831301
   1.505      0.832743
   1.508      0.834174
   1.512      0.835594
   1.516      0.837002
   1.519      0.838398
   1.523      0.839783
   1.527      0.841156
   1.531      0.842516
   1.534      0.843865
   1.538      0.845201
   1.542      0.846524
   1.546      0.847835
   1.549      0.849134
   1.553      0.850419
   1.557      0.851692
   1.561      0.852951
   1.564      0.854197
   1.568      0.855430
   1.572      0.856650
   1.575      0.857856
   1.579      0.859048
   1.583      0.860227
   1.587      0.861392
   1.590      0.862542
   1.594      0.863679
   1.598      0.864802
   1.602      0.865910
   1.605      0.867004
   1.609      0.868083
   1.613      0.869148
   1.617      0.870198
   1.620      0.871233
   1.624      0.872254
   1.628      0.873259
   1.631      0.874250
   1.635      0.875225
   1.639      0.876185
   1.643      0.877130
   1.646      0.878060
   1.650      0.878974
   1.654      0.879872
   1.658      0.880755
   1.661      0.881622
   1.665      0.882474
   1.669      0.883309
   1.673      0.884129
   1.676      0.884933
   1.680      0.885720
   1.684      0.886492
   1.687      0.887247
   1.691      0.887986
   1.695      0.888709
   1.699      0.889416
   1.702      0.890106
   1.706      0.890780
   1.710      0.891437
   1.714      0.892078
   1.717      0.892702
   1.721      0.893310
   1.725      0.893901
   1.729      0.894475
   1.732      0.895033
   1.736      0.895574
   1.740      0.896098
   1.743      0.896605
   1.747      0.897095
   1.751      0.897569
   1.755      0.898026
   1.758      0.898465
   1.762      0.898888
   1.766      0.899294
   1.770      0.899683
   1.773      0.900056
   1.777      0.900411
   1.781      0.900749
   1.785      0.901070
   1.788      0.901374
   1.792      0.901662
   1.796      0.901932
   1.799      0.902185
   1.803      0.902422
   1.807      0.902641
   1.811      0.902844
   1.814      0.903030
   1.818      0.903198
   1.822      0.903350
   1.826      0.903485
   1.829      0.903603
   1.833      0.903705
   1.837      0.903789
   1.841      0.903857
   1.844      0.903908
   1.848      0.903943
   1.852      0.903960
   1.855      0.903962
   1.859      0.903946
   1.863      0.903914
   1.867      0.903866
   1.870      0.903801
   1.874      0.903720
   1.878      0.903622
   1.882      0.903508
   1.885      0.903378
   1.889      0.903231
   1.893      0.903069
   1.897      0.902890
   1.900      0.902696
   1.904      0.902485
   1.908      0.902259
   1.911      0.902017
   1.915      0.901759
   1.919      0.901485
   1.923      0.901196
   1.926      0.900891
   1.930      0.900571
   1.934      0.900235
   1.938      0.899884
   1.941      0.899518
   1.945      0.899136
   1.949      0.898740
   1.953      0.898329
   1.956      0.897902
   1.960      0.897461
   1.964      0.897005
   1.967      0.896535
   1.971      0.896050
   1.975      0.895551
   1.979      0.895037
   1.982      0.894509
   1.986      0.893967
   1.990      0.893410
   1.994      0.892840
   1.997      0.892256
   2.001      0.891658
   2.005      0.891047
   2.009      0.890422
   2.012      0.889783
   2.016      0.889132
   2.020      0.888467
   2.023      0.887788
   2.027      0.887097
   2.031      0.886393
   2.035      0.885676
   2.038      0.884946
   2.042      0.884204
   2.046      0.883449
   2.050      0.882682
   2.053      0.881903
   2.057      0.881111
   2.061      0.880308
   2.065      0.879492
   2.068      0.878665
   2.072      0.877826
   2.076      0.876976
   2.079      0.876114
   2.083      0.875241
   2.087      0.874356
   2.091      0.873461
   2.094      0.872554
   2.098      0.871637
   2.102      0.870709
   2.106      0.869770
   2.109      0.868821
   2.113      0.867862
   2.117      0.866892
   2.121      0.865912
   2.124      0.864922
   2.128      0.863922
   2.132      0.862912
   2.135      0.861893
   2.139      0.860864
   2.143      0.859825
   2.147      0.858778
   2.150      0.857721
   2.154      0.856655
   2.158      0.855580
   2.162      0.854496
   2.165      0.853404
   2.169      0.852303
   2.173      0.851193
   2.177      0.850075
   2.180      0.848949
   2.184      0.847815
   2.188      0.846672
   2.191      0.845522
   2.195      0.844364
   2.199      0.843198
   2.203      0.842025
   2.206      0.840844
   2.210      0.839656
   2.214      0.838460
   2.218      0.837258
   2.221      0.836048
   2.225      0.834832
   2.229      0.833608
   2.233      0.832378
   2.236      0.831142
   2.240      0.829899
   2.244      0.828649
   2.247      0.827393
   2.251      0.826132
   2.255      0.824864
   2.259      0.823590
   2.262      0.822310
   2.266      0.821024
   2.270      0.819733
   2.274      0.818436
   2.277      0.817134
   2.281      0.815826
   2.285      0.814513
   2.289      0.813195
   2.292      0.811871
   2.296      0.810543
   2.300      0.809210
   2.303      0.807872
   2.307      0.806529
   2.311      0.805182
   2.315      0.803830
   2.318      0.802473
   2.322      0.801112
   2.326      0.799747
   2.330      0.798378
   2.333      0.797004
   2.337      0.795626
   2.341      0.794245
   2.345      0.792859
   2.348      0.791470
   2.352      0.790077
   2.356      0.788680
   2.359      0.787279
   2.363      0.785875
   2.367      0.784468
   2.371      0.783057
   2.374      0.781643
   2.378      0.780225
   2.382      0.778805
   2.386      0.777381
   2.389      0.775954
   2.393      0.774524
   2.397      0.773092
   2.401      0.771656
   2.404      0.770218
   2.408      0.768777
   2.412      0.767333
   2.415      0.765886
   2.419      0.764437
   2.423      0.762986
   2.427      0.761531
   2.430      0.760075
   2.434      0.758616
   2.438      0.757155
   2.442      0.755692
   2.445      0.754226
   2.449      0.752758
   2.453      0.751289
   2.457      0.749817
   2.460      0.748343
   2.464      0.746867
   2.468      0.745389
   2.471      0.743910
   2.475      0.742428
   2.479      0.740945
   2.483      0.739460
   2.486      0.737974
   2.490      0.736486
   2.494      0.734996
   2.498      0.733504
   2.501      0.732012
   2.505      0.730517
   2.509      0.729021
   2.513      0.727524
   2.516      0.726026
   2.520      0.724526
   2.524      0.723025
   2.527      0.721523
   2.531      0.720019
   2.535      0.718515
   2.539      0.717009
   2.542      0.715502
   2.546      0.713994
   2.550      0.712485
   2.554      0.710976
   2.557      0.709465
   2.561      0.707953
   2.565      0.706441
   2.569      0.704928
   2.572      0.703414
   2.576      0.701899
   2.580      0.700383
   2.583      0.698867
   2.587      0.697350
   2.591      0.695833
   2.595      0.694315
   2.598      0.692796
   2.602      0.691277
   2.606      0.689758
   2.610      0.688238
   2.613      0.686717
   2.617      0.685196
   2.621      0.683675
   2.625      0.682154
   2.628      0.680632
   2.632      0.679110
   2.636      0.677587
   2.639      0.676065
   2.643      0.674542
   2.647      0.673019
   2.651      0.671496
   2.654      0.669973
   2.658      0.668450
   2.662      0.666927
   2.666      0.665403
   2.669      0.663880
   2.673      0.662357
   2.677      0.660834
   2.681      0.659311
   2.684      0.657788
   2.688      0.656265
   2.692      0.654742
   2.695      0.653220
   2.699      0.651698
   2.703      0.650176
   2.707      0.648654
   2.710      0.647133
   2.714      0.645612
   2.718      0.644091
   2.722      0.642570
   2.725      0.641050
   2.729      0.639531
   2.733      0.638011
   2.737      0.636492
   2.740      0.634974
   2.744      0.633456
   2.748      0.631939
   2.751      0.630422
   2.755      0.628906
   2.759      0.627390
   2.763      0.625875
   2.766      0.624361
   2.770      0.622847
   2.774      0.621333
   2.778      0.619821
   2.781      0.618309
   2.785      0.616798
   2.789      0.615288
   2.793      0.613778
   2.796      0.612269
   2.800      0.610761
   2.804      0.609253
   2.807      0.607747
   2.811      0.606241
   2.815      0.604736
   2.819      0.603233
   2.822      0.601729
   2.826      0.600227
   2.830      0.598726
   2.834      0.597226
   2.837      0.595726
   2.841      0.594228
   2.845      0.592731
   2.849      0.591234
   2.852      0.589739
   2.856      0.588245
   2.860      0.586751
   2.863      0.585259
   2.867      0.583768
   2.871      0.582278
   2.875      0.580789
   2.878      0.579301
   2.882      0.577814
   2.886      0.576329
   2.890      0.574844
   2.893      0.573361
   2.897      0.571879
   2.901      0.570398
   2.905      0.568919
   2.908      0.567440
   2.912      0.565963
   2.916      0.564487
   2.919      0.563013
   2.923      0.561539
   2.927      0.560067
   2.931      0.558597
   2.934      0.557127
   2.938      0.555659
   2.942      0.554192
   2.946      0.552727
   2.949      0.551263
   2.953      0.549800
   2.957      0.548339
   2.961      0.546879
   2.964      0.545421
   2.968      0.543963
   2.972      0.542508
   2.975      0.541054
   2.979      0.539601
   2.983      0.538150
   2.987      0.536700
   2.990      0.535251
   2.994      0.533805
   2.998      0.532359
   3.002      0.530915
   3.005      0.529473
   3.009      0.528032
   3.013      0.526593
   3.017      0.525155
   3.020      0.523719
   3.024      0.522284
   3.028      0.520851
   3.031      0.519420
   3.035      0.517990
   3.039      0.516562
   3.043      0.515135
   3.046      0.513710
   3.050      0.512286
   3.054      0.510865
   3.058      0.509444
   3.061      0.508026
   3.065      0.506609
   3.069      0.505194
   3.073      0.503780
   3.076      0.502368
   3.080      0.500958
   3.084      0.499549
   3.087      0.498143
   3.091      0.496737
   3.095      0.495334
   3.099      0.493932
   3.102      0.492532
   3.106      0.491134
   3.110      0.489737
   3.114      0.488343
   3.117      0.486950
   3.121      0.485558
   3.125      0.484169
   3.129      0.482781
   3.132      0.481395
   3.136      0.480011
   3.140      0.478628
   3.143      0.477247
   3.147      0.475869
   3.151      0.474491
   3.155      0.473116
   3.158      0.471743
   3.162      0.470371
   3.166      0.469001
   3.170      0.467633
   3.173      0.466267
   3.177      0.464903
   3.181      0.463540
   3.185      0.462179
   3.188      0.460821
   3.192      0.459464
   3.196      0.458108
   3.199      0.456755
   3.203      0.455404
   3.207      0.454054
   3.211      0.452706
   3.214      0.451361
   3.218      0.450017
   3.222      0.448675
   3.226      0.447335
   3.229      0.445996
   3.233      0.444660
   3.237      0.443325
   3.241      0.441993
   3.244      0.440662
   3.248      0.439333
   3.252      0.438007
   3.255      0.436682
   3.259      0.435359
   3.263      0.434038
   3.267      0.432718
   3.270      0.431401
   3.274      0.430086
   3.278      0.428772
   3.282      0.427461
   3.285      0.426152
   3.289      0.424844
   3.293      0.423538
   3.297      0.422235
   3.300      0.420933
   3.304      0.419633
   3.308      0.418335
   3.311      0.417039
   3.315      0.415746
   3.319      0.414454
   3.323      0.413164
   3.326      0.411876
   3.330      0.410589
   3.334      0.409305
   3.338      0.408023
   3.341      0.406743
   3.345      0.405465
   3.349      0.404189
   3.353      0.402915
   3.356      0.401642
   3.360      0.400372
   3.364      0.399104
   3.367      0.397837
   3.371      0.396573
   3.375      0.395311
   3.379      0.394050
   3.382      0.392792
   3.386      0.391536
   3.390      0.390281
   3.394      0.389029
   3.397      0.387779
   3.401      0.386530
   3.405      0.385284
   3.409      0.384039
   3.412      0.382797
   3.416      0.381557
   3.420      0.380318
   3.423      0.379082
   3.427      0.377847
   3.431      0.376615
   3.435      0.375385
   3.438      0.374156
   3.442      0.372930
   3.446      0.371705
   3.450      0.370483
   3.453      0.369263
   3.457      0.368044
   3.461      0.366828
   3.465      0.365613
   3.468      0.364401
   3.472      0.363191
   3.476      0.361982
   3.479      0.360776
   3.483      0.359572
   3.487      0.358369
   3.491      0.357169
   3.494      0.355971
   3.498      0.354774
   3.502      0.353580
   3.506      0.352388
   3.509      0.351198
   3.513      0.350009
   3.517      0.348823
   3.521      0.347639
   3.524      0.346457
   3.528      0.345276
   3.532      0.344098
   3.535      0.342922
   3.539      0.341748
   3.543      0.340575
   3.547      0.339405
   3.550      0.338237
   3.554      0.337071
   3.558      0.335907
   3.562      0.334744
   3.565      0.333584
   3.569      0.332426
   3.573      0.331270
   3.577      0.330115
   3.580      0.328963
   3.584      0.327813
   3.588      0.326665
   3.591      0.325519
   3.595      0.324374
   3.599      0.323232
   3.603      0.322092
   3.606      0.320954
   3.610      0.319817
   3.614      0.318683
   3.618      0.317551
   3.621      0.316421
   3.625      0.315292
   3.629      0.314166
   3.633      0.313042
   3.636      0.311919
   3.640      0.310799
   3.644      0.309681
   3.647      0.308564
   3.651      0.307450
   3.655      0.306337
   3.659      0.305227
   3.662      0.304119
   3.666      0.303012
   3.670      0.301908
   3.674      0.300805
   3.677      0.299704
   3.681      0.298606
   3.685      0.297509
   3.689      0.296414
   3.692      0.295322
   3.696      0.294231
   3.700      0.293142
   3.703      0.292055
   3.707      0.290971
   3.711      0.289888
   3.715      0.288807
   3.718      0.287728
   3.722      0.286651
   3.726      0.285576
   3.730      0.284502
   3.733      0.283431
   3.737      0.282362
   3.741      0.281295
   3.745      0.280229
   3.748      0.279166
   3.752      0.278104
   3.756      0.277045
   3.759      0.275987
   3.763      0.274932
   3.767      0.273878
   3.771      0.272826
   3.774      0.271776
   3.778      0.270728
   3.782      0.269682
   3.786      0.268638
   3.789      0.267596
   3.793      0.266555
   3.797      0.265517
   3.801      0.264481
   3.804      0.263446
   3.808      0.262413
   3.812      0.261383
   3.815      0.260354
   3.819      0.259327
   3.823      0.258302
   3.827      0.257279
   3.830      0.256258
   3.834      0.255238
   3.838      0.254221
   3.842      0.253205
   3.845      0.252192
   3.849      0.251180
   3.853      0.250170
   3.857      0.249162
   3.860      0.248156
   3.864      0.247152
   3.868      0.246149
   3.871      0.245149
   3.875      0.244150
   3.879      0.243154
   3.883      0.242159
   3.886      0.241166
   3.890      0.240174
   3.894      0.239185
   3.898      0.238198
   3.901      0.237212
   3.905      0.236228
   3.909      0.235246
   3.913      0.234266
   3.916      0.233288
   3.920      0.232312
   3.924      0.231337
   3.927      0.230365
   3.931      0.229394
   3.935      0.228425
   3.939      0.227458
   3.942      0.226492
   3.946      0.225529
   3.950      0.224567
   3.954      0.223607
   3.957      0.222649
   3.961      0.221693
   3.965      0.220738
   3.969      0.219786
   3.972      0.218835
   3.976      0.217886
   3.980      0.216938
   3.983      0.215993
   3.987      0.215049
   3.991      0.214107
   3.995      0.213167
   3.998      0.212229
   4.002      0.211293
   4.006      0.210358
   4.010      0.209425
   4.013      0.208494
   4.017      0.207564
   4.021      0.206637
   4.025      0.205711
   4.028      0.204787
   4.032      0.203865
   4.036      0.202944
   4.039      0.202025
   4.043      0.201108
   4.047      0.200193
   4.051      0.199279
   4.054      0.198367
   4.058      0.197457
   4.062      0.196549
   4.066      0.195642
   4.069      0.194738
   4.073      0.193834
   4.077      0.192933
   4.081      0.192033
   4.084      0.191135
   4.088      0.190239
   4.092      0.189345
   4.095      0.188452
   4.099      0.187561
   4.103      0.186672
   4.107      0.185784
   4.110      0.184898
   4.114      0.184014
   4.118      0.183131
   4.122      0.182250
   4.125      0.181371
   4.129      0.180493
   4.133      0.179618
   4.137      0.178744
   4.140      0.177871
   4.144      0.177000
   4.148      0.176131
   4.151      0.175264
   4.155      0.174398
   4.159      0.173534
   4.163      0.172671
   4.166      0.171811
   4.170      0.170952
   4.174      0.170094
   4.178      0.169238
   4.181      0.168384
   4.185      0.167531
   4.189      0.166681
   4.193      0.165831
   4.196      0.164984
   4.200      0.164138
   4.204      0.163293
   4.207      0.162451
   4.211      0.161609
   4.215      0.160770
   4.219      0.159932
   4.222      0.159096
   4.226      0.158261
   4.230      0.157428
   4.234      0.156596
   4.237      0.155767
   4.241      0.154938
   4.245      0.154112
   4.249      0.153286
   4.252      0.152463
   4.256      0.151641
   4.260      0.150821
   4.263      0.150002
   4.267      0.149185
   4.271      0.148369
   4.275      0.147555
   4.278      0.146742
   4.282      0.145932
   4.286      0.145122
   4.290      0.144314
   4.293      0.143508
   4.297      0.142703
   4.301      0.141900
   4.305      0.141099
   4.308      0.140298
   4.312      0.139500
   4.316      0.138703
   4.319      0.137907
   4.323      0.137113
   4.327      0.136321
   4.331      0.135530
   4.334      0.134740
   4.338      0.133953
   4.342      0.133166
   4.346      0.132381
   4.349      0.131598
   4.353      0.130816
   4.357      0.130036
   4.361      0.129257
   4.364      0.128479
   4.368      0.127703
   4.372      0.126929
   4.375      0.126156
   4.379      0.125384
   4.383      0.124614
   4.387      0.123846
   4.390      0.123079
   4.394      0.122313
   4.398      0.121549
   4.402      0.120786
   4.405      0.120025
   4.409      0.119265
   4.413      0.118507
   4.417      0.117750
   4.420      0.116995
   4.424      0.116240
   4.428      0.115488
   4.431      0.114737
   4.435      0.113987
   4.439      0.113239
   4.443      0.112492
   4.446      0.111746
   4.450      0.111002
   4.454      0.110260
   4.458      0.109518
   4.461      0.108778
   4.465      0.108040
   4.469      0.107303
   4.473      0.106567
   4.476      0.105833
   4.480      0.105100
   4.484      0.104369
   4.487      0.103638
   4.491      0.102910
   4.495      0.102182
   4.499      0.101456
   4.502      0.100732
   4.506      0.100008
   4.510      0.099286
   4.514      0.098566
   4.517      0.097847
   4.521      0.097129
   4.525      0.096412
   4.529      0.095697
   4.532      0.094983
   4.536      0.094271
   4.540      0.093560
   4.543      0.092850
   4.547      0.092141
   4.551      0.091434
   4.555      0.090728
   4.558      0.090024
   4.562      0.089320
   4.566      0.088618
   4.570      0.087918
   4.573      0.087218
   4.577      0.086520
   4.581      0.085824
   4.585      0.085128
   4.588      0.084434
   4.592      0.083741
   4.596      0.083050
   4.599      0.082359
   4.603      0.081670
   4.607      0.080982
   4.611      0.080296
   4.614      0.079611
   4.618      0.078927
   4.622      0.078244
   4.626      0.077562
   4.629      0.076882
   4.633      0.076203
   4.637      0.075525
   4.641      0.074849
   4.644      0.074174
   4.648      0.073500
   4.652      0.072827
   4.655      0.072155
   4.659      0.071485
   4.663      0.070816
   4.667      0.070148
   4.670      0.069481
   4.674      0.068816
   4.678      0.068151
   4.682      0.067488
   4.685      0.066826
   4.689      0.066166
   4.693      0.065506
   4.697      0.064848
   4.700      0.064191
   4.704      0.063535
   4.708      0.062880
   4.711      0.062226
   4.715      0.061574
   4.719      0.060923
   4.723      0.060273
   4.726      0.059624
   4.730      0.058976
   4.734      0.058329
   4.738      0.057684
   4.741      0.057039
   4.745      0.056396
   4.749      0.055754
   4.753      0.055113
   4.756      0.054474
   4.760      0.053835
   4.764      0.053197
   4.767      0.052561
   4.771      0.051926
   4.775      0.051292
   4.779      0.050659
   4.782      0.050027
   4.786      0.049396
   4.790      0.048766
   4.794      0.048138
   4.797      0.047510
   4.801      0.046884
   4.805      0.046258
   4.809      0.045634
   4.812      0.045011
   4.816      0.044389
   4.820      0.043768
   4.823      0.043148
   4.827      0.042529
   4.831      0.041911
   4.835      0.041294
   4.838      0.040679
   4.842      0.040064
   4.846      0.039450
   4.850      0.038838
   4.853      0.038226
   4.857      0.037616
   4.861      0.037006
   4.865      0.036398
   4.868      0.035791
   4.872      0.035184
   4.876      0.034579
   4.879      0.033975
   4.883      0.033372
   4.887      0.032769
   4.891      0.032168
   4.894      0.031568
   4.898      0.030969
   4.902      0.030370
   4.906      0.029773
   4.909      0.029177
   4.913      0.028582
   4.917      0.027987
   4.921      0.027394
   4.924      0.026802
   4.928      0.026210
   4.932      0.025620
   4.935      0.025031
   4.939      0.024442
   4.943      0.023855
   4.947      0.023268
   4.950      0.022683
   4.954      0.022098
   4.958      0.021514
   4.962      0.020932
   4.965      0.020350
   4.969      0.019769
   4.973      0.019189
   4.977      0.018610
   4.980      0.018032
   4.984      0.017455
   4.988      0.016879
   4.991      0.016303
   4.995      0.015729
   4.999      0.015155
   5.003      0.014583
   5.006      0.014011
   5.010      0.013440
   5.014      0.012870
   5.018      0.012301
   5.021      0.011733
   5.025      0.011166
   5.029      0.010600
   5.033      0.010034
   5.036      0.009469
   5.040      0.008906
   5.044      0.008343
   5.047      0.007781
   5.051      0.007219
   5.055      0.006659
   5.059      0.006100
   5.062      0.005541
   5.066      0.004983
   5.070      0.004426
   5.074      0.003870
   5.077      0.003315
   5.081      0.002760
   5.085      0.002207
   5.089      0.001654
   5.092      0.001102
   5.096      0.000550
   5.100      0.000000
