   0.000      0.821323
   0.004      0.821323
   0.007      0.821323
   0.011      0.821323
   0.015      0.821323
   0.019      0.821323
   0.022      0.821323
   0.026      0.821323
   0.030      0.821323
   0.033      0.821323
   0.037      0.821322
   0.041      0.821322
   0.044      0.821322
   0.048      0.821322
   0.052      0.821322
   0.056      0.821322
   0.059      0.821322
   0.063      0.821322
   0.067      0.821322
   0.070      0.821321
   0.074      0.821321
   0.078      0.821321
   0.081      0.821320
   0.085      0.821320
   0.089      0.821319
   0.093      0.821319
   0.096      0.821318
   0.100      0.821317
   0.104      0.821316
   0.107      0.821316
   0.111      0.821315
   0.115      0.821313
   0.119      0.821312
   0.122      0.821311
   0.126      0.821309
   0.130      0.821308
   0.133      0.821306
   0.137      0.821304
   0.141      0.821302
   0.144      0.821300
   0.148      0.821297
   0.152      0.821295
   0.156      0.821292
   0.159      0.821289
   0.163      0.821285
   0.167      0.821282
   0.170      0.821278
   0.174      0.821274
   0.178      0.821270
   0.182      0.821265
   0.185      0.821261
   0.189      0.821255
   0.193      0.821250
   0.196      0.821244
   0.200      0.821238
   0.204      0.821232
   0.207      0.821225
   0.211      0.821218
   0.215      0.821210
   0.219      0.821202
   0.222      0.821194
   0.226      0.821185
   0.230      0.821176
   0.233      0.821166
   0.237      0.821156
   0.241      0.821145
   0.244      0.821134
   0.248      0.821122
   0.252      0.821110
   0.256      0.821097
   0.259      0.821084
   0.263      0.821070
   0.267      0.821056
   0.270      0.821040
   0.274      0.821025
   0.278      0.821008
   0.282      0.820991
   0.285      0.820973
   0.289      0.820954
   0.293      0.820935
   0.296      0.820915
   0.300      0.820894
   0.304      0.820873
   0.307      0.820850
   0.311      0.820827
   0.315      0.820803
   0.319      0.820778
   0.322      0.820752
   0.326      0.820725
   0.330      0.820698
   0.333      0.820669
   0.337      0.820640
   0.341      0.820609
   0.344      0.820577
   0.348      0.820545
   0.352      0.820511
   0.356      0.820476
   0.359      0.820440
   0.363      0.820403
   0.367      0.820365
   0.370      0.820325
   0.374      0.820285
   0.378      0.820243
   0.382      0.820200
   0.385      0.820155
   0.389      0.820110
   0.393      0.820062
   0.396      0.820014
   0.400      0.819964
   0.404      0.819913
   0.407      0.819860
   0.411      0.819806
   0.415      0.819751
   0.419      0.819694
   0.422      0.819635
   0.426      0.819575
   0.430      0.819513
   0.433      0.819449
   0.437      0.819384
   0.441      0.819317
   0.445      0.819249
   0.448      0.819178
   0.452      0.819106
   0.456      0.819032
   0.459      0.818957
   0.463      0.818879
   0.467      0.818800
   0.470      0.818718
   0.474      0.818635
   0.478      0.818549
   0.482      0.818462
   0.485      0.818373
   0.489      0.818281
   0.493      0.818187
   0.496      0.818092
   0.500      0.817994
   0.504      0.817893
   0.507      0.817791
   0.511      0.817686
   0.515      0.817579
   0.519      0.817470
   0.522      0.817358
   0.526      0.817244
   0.530      0.817127
   0.533      0.817008
   0.537      0.816887
   0.541      0.816762
   0.545      0.816636
   0.548      0.816506
   0.552      0.816374
   0.556      0.816239
   0.559      0.816102
   0.563      0.815962
   0.567      0.815819
   0.570      0.815673
   0.574      0.815524
   0.578      0.815373
   0.582      0.815218
   0.585      0.815060
   0.589      0.814900
   0.593      0.814736
   0.596      0.814570
   0.600      0.814400
   0.604      0.814227
   0.607      0.814051
   0.611      0.813871
   0.615      0.813688
   0.619      0.813502
   0.622      0.813313
   0.626      0.813120
   0.630      0.812924
   0.633      0.812724
   0.637      0.812521
   0.641      0.812315
   0.645      0.812104
   0.648      0.811891
   0.652      0.811673
   0.656      0.811452
   0.659      0.811227
   0.663      0.810998
   0.667      0.810766
   0.670      0.810529
   0.674      0.810289
   0.678      0.810045
   0.682      0.809797
   0.685      0.809545
   0.689      0.809289
   0.693      0.809029
   0.696      0.808765
   0.700      0.808496
   0.704      0.808224
   0.708      0.807947
   0.711      0.807666
   0.715      0.807381
   0.719      0.807091
   0.722      0.806797
   0.726      0.806499
   0.730      0.806196
   0.733      0.805889
   0.737      0.805577
   0.741      0.805261
   0.745      0.804940
   0.748      0.804615
   0.752      0.804285
   0.756      0.803950
   0.759      0.803610
   0.763      0.803266
   0.767      0.802917
   0.770      0.802564
   0.774      0.802205
   0.778      0.801842
   0.782      0.801473
   0.785      0.801100
   0.789      0.800722
   0.793      0.800339
   0.796      0.799950
   0.800      0.799557
   0.804      0.799159
   0.808      0.798755
   0.811      0.798346
   0.815      0.797933
   0.819      0.797514
   0.822      0.797089
   0.826      0.796660
   0.830      0.796225
   0.833      0.795785
   0.837      0.795340
   0.841      0.794889
   0.845      0.794433
   0.848      0.793971
   0.852      0.793504
   0.856      0.793032
   0.859      0.792554
   0.863      0.792070
   0.867      0.791582
   0.870      0.791087
   0.874      0.790587
   0.878      0.790082
   0.882      0.789571
   0.885      0.789054
   0.889      0.788532
   0.893      0.788004
   0.896      0.787470
   0.900      0.786931
   0.904      0.786386
   0.908      0.785835
   0.911      0.785279
   0.915      0.784717
   0.919      0.784149
   0.922      0.783576
   0.926      0.782997
   0.930      0.782412
   0.933      0.781821
   0.937      0.781224
   0.941      0.780622
   0.945      0.780014
   0.948      0.779400
   0.952      0.778781
   0.956      0.778155
   0.959      0.777524
   0.963      0.776887
   0.967      0.776245
   0.971      0.775596
   0.974      0.774942
   0.978      0.774282
   0.982      0.773616
   0.985      0.772945
   0.989      0.772267
   0.993      0.771584
   0.996      0.770895
   1.000      0.770201
   1.004      0.769500
   1.008      0.768794
   1.011      0.768083
   1.015      0.767365
   1.019      0.766642
   1.022      0.765913
   1.026      0.765179
   1.030      0.764439
   1.033      0.763693
   1.037      0.762942
   1.041      0.762185
   1.045      0.761422
   1.048      0.760654
   1.052      0.759881
   1.056      0.759101
   1.059      0.758317
   1.063      0.757527
   1.067      0.756731
   1.071      0.755931
   1.074      0.755124
   1.078      0.754313
   1.082      0.753496
   1.085      0.752673
   1.089      0.751846
   1.093      0.751013
   1.096      0.750175
   1.100      0.749332
   1.104      0.748483
   1.108      0.747630
   1.111      0.746771
   1.115      0.745908
   1.119      0.745039
   1.122      0.744166
   1.126      0.743287
   1.130      0.742404
   1.133      0.741515
   1.137      0.740622
   1.141      0.739724
   1.145      0.738822
   1.148      0.737914
   1.152      0.737002
   1.156      0.736086
   1.159      0.735164
   1.163      0.734239
   1.167      0.733308
   1.171      0.732374
   1.174      0.731434
   1.178      0.730491
   1.182      0.729543
   1.185      0.728591
   1.189      0.727635
   1.193      0.726674
   1.196      0.725710
   1.200      0.724741
   1.204      0.723768
   1.208      0.722792
   1.211      0.721811
   1.215      0.720827
   1.219      0.719838
   1.222      0.718846
   1.226      0.717851
   1.230      0.716851
   1.234      0.715848
   1.237      0.714841
   1.241      0.713831
   1.245      0.712817
   1.248      0.711800
   1.252      0.710780
   1.256      0.709756
   1.259      0.708729
   1.263      0.707699
   1.267      0.706666
   1.271      0.705629
   1.274      0.704590
   1.278      0.703547
   1.282      0.702502
   1.285      0.701453
   1.289      0.700402
   1.293      0.699348
   1.296      0.698292
   1.300      0.697232
   1.304      0.696171
   1.308      0.695106
   1.311      0.694039
   1.315      0.692970
   1.319      0.691898
   1.322      0.690824
   1.326      0.689748
   1.330      0.688669
   1.334      0.687588
   1.337      0.686505
   1.341      0.685420
   1.345      0.684333
   1.348      0.683244
   1.352      0.682154
   1.356      0.681061
   1.359      0.679966
   1.363      0.678870
   1.367      0.677772
   1.371      0.676673
   1.374      0.675571
   1.378      0.674469
   1.382      0.673365
   1.385      0.672259
   1.389      0.671152
   1.393      0.670044
   1.396      0.668934
   1.400      0.667823
   1.404      0.666711
   1.408      0.665598
   1.411      0.664484
   1.415      0.663369
   1.419      0.662253
   1.422      0.661136
   1.426      0.660018
   1.430      0.658899
   1.434      0.657780
   1.437      0.656659
   1.441      0.655538
   1.445      0.654417
   1.448      0.653295
   1.452      0.652172
   1.456      0.651049
   1.459      0.649925
   1.463      0.648801
   1.467      0.647677
   1.471      0.646552
   1.474      0.645427
   1.478      0.644302
   1.482      0.643177
   1.485      0.642051
   1.489      0.640926
   1.493      0.639800
   1.497      0.638675
   1.500      0.637549
   1.504      0.636424
   1.508      0.635299
   1.511      0.634173
   1.515      0.633049
   1.519      0.631924
   1.522      0.630800
   1.526      0.629675
   1.530      0.628552
   1.534      0.627429
   1.537      0.626306
   1.541      0.625184
   1.545      0.624062
   1.548      0.622941
   1.552      0.621820
   1.556      0.620700
   1.559      0.619581
   1.563      0.618462
   1.567      0.617344
   1.571      0.616227
   1.574      0.615111
   1.578      0.613996
   1.582      0.612881
   1.585      0.611768
   1.589      0.610655
   1.593      0.609543
   1.597      0.608433
   1.600      0.607323
   1.604      0.606215
   1.608      0.605107
   1.611      0.604001
   1.615      0.602896
   1.619      0.601792
   1.622      0.600690
   1.626      0.599588
   1.630      0.598488
   1.634      0.597389
   1.637      0.596292
   1.641      0.595196
   1.645      0.594101
   1.648      0.593008
   1.652      0.591916
   1.656      0.590826
   1.659      0.589737
   1.663      0.588650
   1.667      0.587565
   1.671      0.586480
   1.674      0.585398
   1.678      0.584317
   1.682      0.583238
   1.685      0.582160
   1.689      0.581085
   1.693      0.580011
   1.697      0.578938
   1.700      0.577868
   1.704      0.576799
   1.708      0.575732
   1.711      0.574667
   1.715      0.573603
   1.719      0.572542
   1.722      0.571482
   1.726      0.570425
   1.730      0.569369
   1.734      0.568315
   1.737      0.567263
   1.741      0.566214
   1.745      0.565166
   1.748      0.564120
   1.752      0.563076
   1.756      0.562034
   1.760      0.560994
   1.763      0.559957
   1.767      0.558921
   1.771      0.557888
   1.774      0.556856
   1.778      0.555827
   1.782      0.554800
   1.785      0.553775
   1.789      0.552753
   1.793      0.551732
   1.797      0.550714
   1.800      0.549698
   1.804      0.548684
   1.808      0.547672
   1.811      0.546663
   1.815      0.545656
   1.819      0.544651
   1.822      0.543648
   1.826      0.542648
   1.830      0.541650
   1.834      0.540654
   1.837      0.539661
   1.841      0.538670
   1.845      0.537681
   1.848      0.536695
   1.852      0.535710
   1.856      0.534729
   1.860      0.533750
   1.863      0.532773
   1.867      0.531798
   1.871      0.530826
   1.874      0.529856
   1.878      0.528889
   1.882      0.527924
   1.885      0.526961
   1.889      0.526001
   1.893      0.525044
   1.897      0.524088
   1.900      0.523136
   1.904      0.522185
   1.908      0.521237
   1.911      0.520292
   1.915      0.519349
   1.919      0.518408
   1.923      0.517470
   1.926      0.516535
   1.930      0.515601
   1.934      0.514671
   1.937      0.513743
   1.941      0.512817
   1.945      0.511894
   1.948      0.510973
   1.952      0.510054
   1.956      0.509139
   1.960      0.508225
   1.963      0.507314
   1.967      0.506406
   1.971      0.505500
   1.974      0.504597
   1.978      0.503696
   1.982      0.502798
   1.985      0.501902
   1.989      0.501008
   1.993      0.500117
   1.997      0.499229
   2.000      0.498343
   2.004      0.497460
   2.008      0.496579
   2.011      0.495700
   2.015      0.494824
   2.019      0.493951
   2.023      0.493080
   2.026      0.492211
   2.030      0.491345
   2.034      0.490482
   2.037      0.489621
   2.041      0.488762
   2.045      0.487906
   2.048      0.487052
   2.052      0.486201
   2.056      0.485353
   2.060      0.484506
   2.063      0.483663
   2.067      0.482821
   2.071      0.481982
   2.074      0.481146
   2.078      0.480312
   2.082      0.479480
   2.085      0.478651
   2.089      0.477825
   2.093      0.477001
   2.097      0.476179
   2.100      0.475359
   2.104      0.474543
   2.108      0.473728
   2.111      0.472916
   2.115      0.472106
   2.119      0.471299
   2.123      0.470494
   2.126      0.469692
   2.130      0.468892
   2.134      0.468094
   2.137      0.467299
   2.141      0.466506
   2.145      0.465715
   2.148      0.464927
   2.152      0.464141
   2.156      0.463358
   2.160      0.462577
   2.163      0.461798
   2.167      0.461021
   2.171      0.460247
   2.174      0.459476
   2.178      0.458706
   2.182      0.457939
   2.186      0.457174
   2.189      0.456412
   2.193      0.455652
   2.197      0.454894
   2.200      0.454138
   2.204      0.453385
   2.208      0.452634
   2.211      0.451885
   2.215      0.451139
   2.219      0.450394
   2.223      0.449652
   2.226      0.448913
   2.230      0.448175
   2.234      0.447440
   2.237      0.446707
   2.241      0.445976
   2.245      0.445247
   2.248      0.444521
   2.252      0.443797
   2.256      0.443075
   2.260      0.442355
   2.263      0.441637
   2.267      0.440922
   2.271      0.440209
   2.274      0.439497
   2.278      0.438788
   2.282      0.438082
   2.286      0.437377
   2.289      0.436674
   2.293      0.435974
   2.297      0.435276
   2.300      0.434579
   2.304      0.433885
   2.308      0.433193
   2.311      0.432503
   2.315      0.431816
   2.319      0.431130
   2.323      0.430446
   2.326      0.429765
   2.330      0.429085
   2.334      0.428407
   2.337      0.427732
   2.341      0.427059
   2.345      0.426387
   2.348      0.425718
   2.352      0.425050
   2.356      0.424385
   2.360      0.423722
   2.363      0.423060
   2.367      0.422401
   2.371      0.421744
   2.374      0.421088
   2.378      0.420435
   2.382      0.419783
   2.386      0.419134
   2.389      0.418486
   2.393      0.417840
   2.397      0.417197
   2.400      0.416555
   2.404      0.415915
   2.408      0.415277
   2.411      0.414641
   2.415      0.414007
   2.419      0.413374
   2.423      0.412744
   2.426      0.412115
   2.430      0.411488
   2.434      0.410864
   2.437      0.410241
   2.441      0.409619
   2.445      0.409000
   2.449      0.408383
   2.452      0.407767
   2.456      0.407153
   2.460      0.406541
   2.463      0.405931
   2.467      0.405322
   2.471      0.404716
   2.474      0.404111
   2.478      0.403508
   2.482      0.402906
   2.486      0.402307
   2.489      0.401709
   2.493      0.401113
   2.497      0.400518
   2.500      0.399926
   2.504      0.399335
   2.508      0.398746
   2.511      0.398158
   2.515      0.397572
   2.519      0.396988
   2.523      0.396406
   2.526      0.395825
   2.530      0.395246
   2.534      0.394669
   2.537      0.394093
   2.541      0.393519
   2.545      0.392947
   2.549      0.392376
   2.552      0.391807
   2.556      0.391240
   2.560      0.390674
   2.563      0.390110
   2.567      0.389547
   2.571      0.388986
   2.574      0.388427
   2.578      0.387869
   2.582      0.387313
   2.586      0.386758
   2.589      0.386205
   2.593      0.385654
   2.597      0.385104
   2.600      0.384556
   2.604      0.384009
   2.608      0.383464
   2.611      0.382920
   2.615      0.382378
   2.619      0.381837
   2.623      0.381298
   2.626      0.380760
   2.630      0.380224
   2.634      0.379689
   2.637      0.379156
   2.641      0.378625
   2.645      0.378094
   2.649      0.377566
   2.652      0.377039
   2.656      0.376513
   2.660      0.375989
   2.663      0.375466
   2.667      0.374944
   2.671      0.374424
   2.674      0.373906
   2.678      0.373389
   2.682      0.372873
   2.686      0.372359
   2.689      0.371846
   2.693      0.371335
   2.697      0.370825
   2.700      0.370316
   2.704      0.369809
   2.708      0.369303
   2.712      0.368799
   2.715      0.368295
   2.719      0.367794
   2.723      0.367293
   2.726      0.366794
   2.730      0.366297
   2.734      0.365800
   2.737      0.365305
   2.741      0.364812
   2.745      0.364319
   2.749      0.363829
   2.752      0.363339
   2.756      0.362851
   2.760      0.362364
   2.763      0.361878
   2.767      0.361393
   2.771      0.360910
   2.774      0.360428
   2.778      0.359948
   2.782      0.359469
   2.786      0.358991
   2.789      0.358514
   2.793      0.358038
   2.797      0.357564
   2.800      0.357091
   2.804      0.356619
   2.808      0.356149
   2.812      0.355680
   2.815      0.355212
   2.819      0.354745
   2.823      0.354279
   2.826      0.353815
   2.830      0.353352
   2.834      0.352890
   2.837      0.352429
   2.841      0.351970
   2.845      0.351512
   2.849      0.351055
   2.852      0.350599
   2.856      0.350144
   2.860      0.349690
   2.863      0.349238
   2.867      0.348787
   2.871      0.348337
   2.874      0.347888
   2.878      0.347440
   2.882      0.346994
   2.886      0.346548
   2.889      0.346104
   2.893      0.345661
   2.897      0.345219
   2.900      0.344778
   2.904      0.344338
   2.908      0.343899
   2.912      0.343462
   2.915      0.343025
   2.919      0.342590
   2.923      0.342156
   2.926      0.341723
   2.930      0.341291
   2.934      0.340860
   2.937      0.340430
   2.941      0.340001
   2.945      0.339574
   2.949      0.339147
   2.952      0.338721
   2.956      0.338297
   2.960      0.337874
   2.963      0.337451
