   0.000      1.596660
   0.004      1.596660
   0.007      1.596660
   0.011      1.596660
   0.015      1.596660
   0.019      1.596660
   0.022      1.596660
   0.026      1.596660
   0.030      1.596660
   0.033      1.596660
   0.037      1.596660
   0.041      1.596660
   0.044      1.596660
   0.048      1.596660
   0.052      1.596659
   0.056      1.596659
   0.059      1.596659
   0.063      1.596658
   0.067      1.596658
   0.070      1.596657
   0.074      1.596656
   0.078      1.596655
   0.081      1.596654
   0.085      1.596652
   0.089      1.596649
   0.093      1.596646
   0.096      1.596643
   0.100      1.596639
   0.104      1.596634
   0.107      1.596628
   0.111      1.596621
   0.115      1.596612
   0.119      1.596603
   0.122      1.596591
   0.126      1.596578
   0.130      1.596563
   0.133      1.596546
   0.137      1.596526
   0.141      1.596504
   0.144      1.596478
   0.148      1.596449
   0.152      1.596417
   0.156      1.596381
   0.159      1.596341
   0.163      1.596295
   0.167      1.596245
   0.170      1.596190
   0.174      1.596128
   0.178      1.596061
   0.182      1.595986
   0.185      1.595904
   0.189      1.595814
   0.193      1.595717
   0.196      1.595610
   0.200      1.595493
   0.204      1.595367
   0.207      1.595230
   0.211      1.595082
   0.215      1.594921
   0.219      1.594749
   0.222      1.594562
   0.226      1.594362
   0.230      1.594147
   0.233      1.593917
   0.237      1.593671
   0.241      1.593407
   0.244      1.593126
   0.248      1.592826
   0.252      1.592507
   0.256      1.592167
   0.259      1.591807
   0.263      1.591425
   0.267      1.591020
   0.270      1.590592
   0.274      1.590139
   0.278      1.589662
   0.282      1.589158
   0.285      1.588627
   0.289      1.588068
   0.293      1.587481
   0.296      1.586864
   0.300      1.586217
   0.304      1.585539
   0.307      1.584828
   0.311      1.584085
   0.315      1.583308
   0.319      1.582496
   0.322      1.581649
   0.326      1.580766
   0.330      1.579846
   0.333      1.578888
   0.337      1.577892
   0.341      1.576856
   0.344      1.575781
   0.348      1.574665
   0.352      1.573508
   0.356      1.572309
   0.359      1.571067
   0.363      1.569783
   0.367      1.568454
   0.370      1.567082
   0.374      1.565664
   0.378      1.564201
   0.382      1.562693
   0.385      1.561138
   0.389      1.559537
   0.393      1.557889
   0.396      1.556193
   0.400      1.554450
   0.404      1.552659
   0.407      1.550819
   0.411      1.548932
   0.415      1.546996
   0.419      1.545011
   0.422      1.542977
   0.426      1.540894
   0.430      1.538763
   0.433      1.536583
   0.437      1.534353
   0.441      1.532075
   0.445      1.529748
   0.448      1.527373
   0.452      1.524949
   0.456      1.522476
   0.459      1.519956
   0.463      1.517388
   0.467      1.514772
   0.470      1.512110
   0.474      1.509400
   0.478      1.506644
   0.482      1.503842
   0.485      1.500995
   0.489      1.498102
   0.493      1.495165
   0.496      1.492183
   0.500      1.489159
   0.504      1.486091
   0.507      1.482981
   0.511      1.479829
   0.515      1.476636
   0.519      1.473402
   0.522      1.470129
   0.526      1.466817
   0.530      1.463467
   0.533      1.460079
   0.537      1.456654
   0.541      1.453193
   0.545      1.449697
   0.548      1.446167
   0.552      1.442603
   0.556      1.439006
   0.559      1.435377
   0.563      1.431717
   0.567      1.428027
   0.570      1.424308
   0.574      1.420560
   0.578      1.416784
   0.582      1.412982
   0.585      1.409153
   0.589      1.405300
   0.593      1.401423
   0.596      1.397522
   0.600      1.393599
   0.604      1.389654
   0.607      1.385689
   0.611      1.381705
   0.615      1.377701
   0.619      1.373680
   0.622      1.369641
   0.626      1.365587
   0.630      1.361517
   0.633      1.357432
   0.637      1.353334
   0.641      1.349223
   0.645      1.345100
   0.648      1.340966
   0.652      1.336822
   0.656      1.332668
   0.659      1.328505
   0.663      1.324334
   0.667      1.320157
   0.670      1.315973
   0.674      1.311783
   0.678      1.307588
   0.682      1.303389
   0.685      1.299186
   0.689      1.294981
   0.693      1.290773
   0.696      1.286565
   0.700      1.282355
   0.704      1.278145
   0.708      1.273936
   0.711      1.269727
   0.715      1.265521
   0.719      1.261317
   0.722      1.257115
   0.726      1.252918
   0.730      1.248724
   0.733      1.244534
   0.737      1.240350
   0.741      1.236171
   0.745      1.231998
   0.748      1.227832
   0.752      1.223673
   0.756      1.219521
   0.759      1.215377
   0.763      1.211242
   0.767      1.207115
   0.770      1.202997
   0.774      1.198889
   0.778      1.194791
   0.782      1.190703
   0.785      1.186625
   0.789      1.182559
   0.793      1.178504
   0.796      1.174460
   0.800      1.170428
   0.804      1.166408
   0.808      1.162401
   0.811      1.158407
   0.815      1.154425
   0.819      1.150457
   0.822      1.146502
   0.826      1.142561
   0.830      1.138633
   0.833      1.134720
   0.837      1.130821
   0.841      1.126936
   0.845      1.123066
   0.848      1.119211
   0.852      1.115371
   0.856      1.111546
   0.859      1.107736
   0.863      1.103942
   0.867      1.100163
   0.870      1.096399
   0.874      1.092652
   0.878      1.088920
   0.882      1.085204
   0.885      1.081504
   0.889      1.077821
   0.893      1.074153
   0.896      1.070502
   0.900      1.066867
   0.904      1.063248
   0.908      1.059646
   0.911      1.056060
   0.915      1.052491
   0.919      1.048938
   0.922      1.045402
   0.926      1.041882
   0.930      1.038380
   0.933      1.034893
   0.937      1.031423
   0.941      1.027970
   0.945      1.024534
   0.948      1.021114
   0.952      1.017711
   0.956      1.014324
   0.959      1.010954
   0.963      1.007601
   0.967      1.004264
   0.971      1.000944
   0.974      0.997640
   0.978      0.994353
   0.982      0.991082
   0.985      0.987828
   0.989      0.984590
   0.993      0.981369
   0.996      0.978163
   1.000      0.974974
   1.004      0.971802
   1.008      0.968645
   1.011      0.965504
   1.015      0.962380
   1.019      0.959272
   1.022      0.956179
   1.026      0.953103
   1.030      0.950042
   1.033      0.946997
   1.037      0.943968
   1.041      0.940955
   1.045      0.937957
   1.048      0.934975
   1.052      0.932008
   1.056      0.929056
   1.059      0.926120
   1.063      0.923199
   1.067      0.920294
   1.071      0.917403
   1.074      0.914528
   1.078      0.911667
   1.082      0.908822
   1.085      0.905991
   1.089      0.903175
   1.093      0.900374
   1.096      0.897587
   1.100      0.894815
   1.104      0.892058
   1.108      0.889314
   1.111      0.886585
   1.115      0.883871
   1.119      0.881170
   1.122      0.878484
   1.126      0.875811
   1.130      0.873153
   1.133      0.870508
   1.137      0.867878
   1.141      0.865260
   1.145      0.862657
   1.148      0.860067
   1.152      0.857490
   1.156      0.854927
   1.159      0.852378
   1.163      0.849841
   1.167      0.847318
   1.171      0.844807
   1.174      0.842310
   1.178      0.839826
   1.182      0.837354
   1.185      0.834895
   1.189      0.832449
   1.193      0.830016
   1.196      0.827595
   1.200      0.825187
   1.204      0.822791
   1.208      0.820407
   1.211      0.818036
   1.215      0.815676
   1.219      0.813329
   1.222      0.810994
   1.226      0.808671
   1.230      0.806360
   1.234      0.804060
   1.237      0.801772
   1.241      0.799496
   1.245      0.797232
   1.248      0.794979
   1.252      0.792737
   1.256      0.790507
   1.259      0.788288
   1.263      0.786081
   1.267      0.783884
   1.271      0.781699
   1.274      0.779525
   1.278      0.777361
   1.282      0.775209
   1.285      0.773067
   1.289      0.770936
   1.293      0.768816
   1.296      0.766706
   1.300      0.764607
   1.304      0.762519
   1.308      0.760441
   1.311      0.758373
   1.315      0.756315
   1.319      0.754268
   1.322      0.752231
   1.326      0.750204
   1.330      0.748187
   1.334      0.746180
   1.337      0.744183
   1.341      0.742195
   1.345      0.740218
   1.348      0.738250
   1.352      0.736292
   1.356      0.734343
   1.359      0.732404
   1.363      0.730475
   1.367      0.728555
   1.371      0.726644
   1.374      0.724742
   1.378      0.722850
   1.382      0.720967
   1.385      0.719093
   1.389      0.717228
   1.393      0.715372
   1.396      0.713526
   1.400      0.711688
   1.404      0.709858
   1.408      0.708038
   1.411      0.706226
   1.415      0.704423
   1.419      0.702629
   1.422      0.700843
   1.426      0.699066
   1.430      0.697297
   1.434      0.695536
   1.437      0.693784
   1.441      0.692040
   1.445      0.690305
   1.448      0.688577
   1.452      0.686858
   1.456      0.685147
   1.459      0.683444
   1.463      0.681749
   1.467      0.680061
   1.471      0.678382
   1.474      0.676711
   1.478      0.675047
   1.482      0.673391
   1.485      0.671743
   1.489      0.670102
   1.493      0.668469
   1.497      0.666843
   1.500      0.665225
   1.504      0.663615
   1.508      0.662012
   1.511      0.660416
   1.515      0.658828
   1.519      0.657246
   1.522      0.655672
   1.526      0.654106
   1.530      0.652546
   1.534      0.650993
   1.537      0.649448
   1.541      0.647909
   1.545      0.646378
   1.548      0.644853
   1.552      0.643335
   1.556      0.641824
   1.559      0.640320
   1.563      0.638823
   1.567      0.637332
   1.571      0.635848
   1.574      0.634371
   1.578      0.632900
   1.582      0.631436
   1.585      0.629978
   1.589      0.628526
   1.593      0.627082
   1.597      0.625643
   1.600      0.624211
   1.604      0.622785
   1.608      0.621365
   1.611      0.619952
   1.615      0.618545
   1.619      0.617144
   1.622      0.615749
   1.626      0.614360
   1.630      0.612977
   1.634      0.611601
   1.637      0.610230
   1.641      0.608865
   1.645      0.607506
   1.648      0.606153
   1.652      0.604806
   1.656      0.603464
   1.659      0.602128
   1.663      0.600798
   1.667      0.599474
   1.671      0.598155
   1.674      0.596842
   1.678      0.595535
   1.682      0.594233
   1.685      0.592937
   1.689      0.591646
   1.693      0.590360
   1.697      0.589080
   1.700      0.587806
   1.704      0.586536
   1.708      0.585273
   1.711      0.584014
   1.715      0.582761
   1.719      0.581512
   1.722      0.580269
   1.726      0.579032
   1.730      0.577799
   1.734      0.576572
   1.737      0.575349
   1.741      0.574132
   1.745      0.572919
   1.748      0.571712
   1.752      0.570510
   1.756      0.569312
   1.760      0.568120
   1.763      0.566932
   1.767      0.565749
   1.771      0.564571
   1.774      0.563398
   1.778      0.562230
   1.782      0.561066
   1.785      0.559907
   1.789      0.558753
   1.793      0.557603
   1.797      0.556458
   1.800      0.555318
   1.804      0.554182
   1.808      0.553050
   1.811      0.551924
   1.815      0.550801
   1.819      0.549684
   1.822      0.548570
   1.826      0.547461
   1.830      0.546357
   1.834      0.545257
   1.837      0.544161
   1.841      0.543070
   1.845      0.541982
   1.848      0.540900
   1.852      0.539821
   1.856      0.538747
   1.860      0.537676
   1.863      0.536610
   1.867      0.535548
   1.871      0.534491
   1.874      0.533437
   1.878      0.532388
   1.882      0.531342
   1.885      0.530301
   1.889      0.529263
   1.893      0.528230
   1.897      0.527201
   1.900      0.526175
   1.904      0.525153
   1.908      0.524136
   1.911      0.523122
   1.915      0.522112
   1.919      0.521106
   1.923      0.520104
   1.926      0.519106
   1.930      0.518111
   1.934      0.517120
   1.937      0.516133
   1.941      0.515150
   1.945      0.514170
   1.948      0.513194
   1.952      0.512222
   1.956      0.511253
   1.960      0.510288
   1.963      0.509326
   1.967      0.508368
   1.971      0.507414
   1.974      0.506463
   1.978      0.505516
   1.982      0.504572
   1.985      0.503632
   1.989      0.502695
   1.993      0.501762
   1.997      0.500832
   2.000      0.499905
   2.004      0.498982
   2.008      0.498062
   2.011      0.497146
   2.015      0.496233
   2.019      0.495323
   2.023      0.494417
   2.026      0.493514
   2.030      0.492614
   2.034      0.491717
   2.037      0.490824
   2.041      0.489934
   2.045      0.489047
   2.048      0.488163
   2.052      0.487282
   2.056      0.486405
   2.060      0.485531
   2.063      0.484660
   2.067      0.483791
   2.071      0.482926
   2.074      0.482065
   2.078      0.481206
   2.082      0.480350
   2.085      0.479497
   2.089      0.478647
   2.093      0.477800
   2.097      0.476957
   2.100      0.476116
   2.104      0.475278
   2.108      0.474443
   2.111      0.473611
   2.115      0.472782
   2.119      0.471955
   2.123      0.471132
   2.126      0.470311
   2.130      0.469494
   2.134      0.468679
   2.137      0.467867
   2.141      0.467058
   2.145      0.466251
   2.148      0.465447
   2.152      0.464646
   2.156      0.463848
   2.160      0.463053
   2.163      0.462260
   2.167      0.461470
   2.171      0.460683
   2.174      0.459898
   2.178      0.459116
   2.182      0.458336
   2.186      0.457560
   2.189      0.456786
   2.193      0.456014
   2.197      0.455245
   2.200      0.454479
   2.204      0.453715
   2.208      0.452954
   2.211      0.452195
   2.215      0.451439
   2.219      0.450686
   2.223      0.449934
   2.226      0.449186
   2.230      0.448440
   2.234      0.447696
   2.237      0.446955
   2.241      0.446216
   2.245      0.445480
   2.248      0.444746
   2.252      0.444015
   2.256      0.443285
   2.260      0.442559
   2.263      0.441834
   2.267      0.441113
   2.271      0.440393
   2.274      0.439676
   2.278      0.438961
   2.282      0.438248
   2.286      0.437538
   2.289      0.436830
   2.293      0.436124
   2.297      0.435421
   2.300      0.434720
   2.304      0.434021
   2.308      0.433324
   2.311      0.432630
   2.315      0.431938
   2.319      0.431248
   2.323      0.430560
   2.326      0.429874
   2.330      0.429191
   2.334      0.428509
   2.337      0.427830
   2.341      0.427153
   2.345      0.426479
   2.348      0.425806
   2.352      0.425135
   2.356      0.424467
   2.360      0.423801
   2.363      0.423136
   2.367      0.422474
   2.371      0.421814
   2.374      0.421156
   2.378      0.420500
   2.382      0.419846
   2.386      0.419194
   2.389      0.418544
   2.393      0.417896
   2.397      0.417250
   2.400      0.416606
   2.404      0.415964
   2.408      0.415325
   2.411      0.414687
   2.415      0.414051
   2.419      0.413416
   2.423      0.412784
   2.426      0.412154
   2.430      0.411526
   2.434      0.410899
   2.437      0.410275
   2.441      0.409652
   2.445      0.409032
   2.449      0.408413
   2.452      0.407796
   2.456      0.407181
   2.460      0.406568
   2.463      0.405956
   2.467      0.405347
   2.471      0.404739
   2.474      0.404133
   2.478      0.403529
   2.482      0.402927
   2.486      0.402326
   2.489      0.401728
   2.493      0.401131
   2.497      0.400536
   2.500      0.399942
   2.504      0.399351
   2.508      0.398761
   2.511      0.398173
   2.515      0.397586
   2.519      0.397001
   2.523      0.396418
   2.526      0.395837
   2.530      0.395258
   2.534      0.394680
   2.537      0.394104
   2.541      0.393529
   2.545      0.392956
   2.549      0.392385
   2.552      0.391816
   2.556      0.391248
   2.560      0.390682
   2.563      0.390117
   2.567      0.389554
   2.571      0.388993
   2.574      0.388433
   2.578      0.387875
   2.582      0.387318
   2.586      0.386764
   2.589      0.386210
   2.593      0.385659
   2.597      0.385108
   2.600      0.384560
   2.604      0.384013
   2.608      0.383467
   2.611      0.382923
   2.615      0.382381
   2.619      0.381840
   2.623      0.381301
   2.626      0.380763
   2.630      0.380227
   2.634      0.379692
   2.637      0.379159
   2.641      0.378627
   2.645      0.378097
   2.649      0.377568
   2.652      0.377040
   2.656      0.376515
   2.660      0.375990
   2.663      0.375467
   2.667      0.374946
   2.671      0.374426
   2.674      0.373907
   2.678      0.373390
   2.682      0.372874
   2.686      0.372360
   2.689      0.371847
   2.693      0.371336
   2.697      0.370825
   2.700      0.370317
   2.704      0.369810
   2.708      0.369304
   2.712      0.368799
   2.715      0.368296
   2.719      0.367794
   2.723      0.367294
   2.726      0.366795
   2.730      0.366297
   2.734      0.365801
   2.737      0.365306
   2.741      0.364812
   2.745      0.364320
   2.749      0.363829
   2.752      0.363339
   2.756      0.362851
   2.760      0.362364
   2.763      0.361878
   2.767      0.361394
   2.771      0.360910
   2.774      0.360429
   2.778      0.359948
   2.782      0.359469
   2.786      0.358991
   2.789      0.358514
   2.793      0.358038
   2.797      0.357564
   2.800      0.357091
   2.804      0.356619
   2.808      0.356149
   2.812      0.355680
   2.815      0.355212
   2.819      0.354745
   2.823      0.354279
   2.826      0.353815
   2.830      0.353352
   2.834      0.352890
   2.837      0.352429
   2.841      0.351970
   2.845      0.351512
   2.849      0.351055
   2.852      0.350599
   2.856      0.350144
   2.860      0.349690
   2.863      0.349238
   2.867      0.348787
   2.871      0.348337
   2.874      0.347888
   2.878      0.347440
   2.882      0.346994
   2.886      0.346548
   2.889      0.346104
   2.893      0.345661
   2.897      0.345219
   2.900      0.344778
   2.904      0.344338
   2.908      0.343899
   2.912      0.343462
   2.915      0.343025
   2.919      0.342590
   2.923      0.342156
   2.926      0.341723
   2.930      0.341291
   2.934      0.340860
   2.937      0.340430
   2.941      0.340001
   2.945      0.339574
   2.949      0.339147
   2.952      0.338721
   2.956      0.338297
   2.960      0.337874
   2.963      0.337451
