   0.000     -0.000298
   0.004      0.000149
   0.007      0.000595
   0.011      0.001339
   0.015      0.002381
   0.019      0.003719
   0.022      0.005354
   0.026      0.007286
   0.030      0.009514
   0.034      0.012037
   0.037      0.014856
   0.041      0.017969
   0.045      0.021375
   0.049      0.025075
   0.052      0.029067
   0.056      0.033350
   0.060      0.037923
   0.063      0.042786
   0.067      0.047937
   0.071      0.053375
   0.075      0.059100
   0.078      0.065108
   0.082      0.071401
   0.086      0.077975
   0.090      0.084830
   0.093      0.091964
   0.097      0.099375
   0.101      0.107063
   0.105      0.115024
   0.108      0.123257
   0.112      0.131761
   0.116      0.140534
   0.119      0.149573
   0.123      0.158877
   0.127      0.168443
   0.131      0.178270
   0.134      0.188355
   0.138      0.198695
   0.142      0.209290
   0.146      0.220135
   0.149      0.231229
   0.153      0.242569
   0.157      0.254153
   0.161      0.265978
   0.164      0.278042
   0.168      0.290341
   0.172      0.302873
   0.175      0.315635
   0.179      0.328624
   0.183      0.341837
   0.187      0.355272
   0.190      0.368925
   0.194      0.382792
   0.198      0.396872
   0.202      0.411160
   0.205      0.425654
   0.209      0.440350
   0.213      0.455245
   0.217      0.470335
   0.220      0.485617
   0.224      0.501088
   0.228      0.516743
   0.231      0.532580
   0.235      0.548595
   0.239      0.564784
   0.243      0.581143
   0.246      0.597669
   0.250      0.614357
   0.254      0.631205
   0.258      0.648208
   0.261      0.665362
   0.265      0.682664
   0.269      0.700109
   0.273      0.717693
   0.276      0.735413
   0.280      0.753264
   0.284      0.771242
   0.287      0.789343
   0.291      0.807564
   0.295      0.825898
   0.299      0.844344
   0.302      0.862895
   0.306      0.881548
   0.310      0.900299
   0.314      0.919144
   0.317      0.938077
   0.321      0.957095
   0.325      0.976193
   0.329      0.995367
   0.332      1.014613
   0.336      1.033925
   0.340      1.053300
   0.343      1.072733
   0.347      1.092219
   0.351      1.111754
   0.355      1.131334
   0.358      1.150954
   0.362      1.170609
   0.366      1.190295
   0.370      1.210008
   0.373      1.229742
   0.377      1.249493
   0.381      1.269257
   0.385      1.289029
   0.388      1.308805
   0.392      1.328580
   0.396      1.348348
   0.399      1.368107
   0.403      1.387851
   0.407      1.407575
   0.411      1.427275
   0.414      1.446947
   0.418      1.466586
   0.422      1.486187
   0.426      1.505746
   0.429      1.525258
   0.433      1.544719
   0.437      1.564124
   0.441      1.583469
   0.444      1.602749
   0.448      1.621960
   0.452      1.641098
   0.455      1.660157
   0.459      1.679134
   0.463      1.698024
   0.467      1.716823
   0.470      1.735527
   0.474      1.754130
   0.478      1.772630
   0.482      1.791021
   0.485      1.809299
   0.489      1.827461
   0.493      1.845501
   0.497      1.863416
   0.500      1.881202
   0.504      1.898854
   0.508      1.916369
   0.511      1.933742
   0.515      1.950970
   0.519      1.968048
   0.523      1.984973
   0.526      2.001740
   0.530      2.018346
   0.534      2.034788
   0.538      2.051060
   0.541      2.067160
   0.545      2.083084
   0.549      2.098828
   0.553      2.114389
   0.556      2.129762
   0.560      2.144945
   0.564      2.159934
   0.567      2.174726
   0.571      2.189317
   0.575      2.203704
   0.579      2.217884
   0.582      2.231853
   0.586      2.245608
   0.590      2.259146
   0.594      2.272464
   0.597      2.285559
   0.601      2.298429
   0.605      2.311069
   0.609      2.323477
   0.612      2.335651
   0.616      2.347588
   0.620      2.359284
   0.623      2.370738
   0.627      2.381946
   0.631      2.392907
   0.635      2.403617
   0.638      2.414075
   0.642      2.424277
   0.646      2.434222
   0.650      2.443908
   0.653      2.453331
   0.657      2.462491
   0.661      2.471384
   0.665      2.480010
   0.668      2.488365
   0.672      2.496449
   0.676      2.504258
   0.679      2.511793
   0.683      2.519050
   0.687      2.526029
   0.691      2.532727
   0.694      2.539143
   0.698      2.545276
   0.702      2.551124
   0.706      2.556686
   0.709      2.561961
   0.713      2.566947
   0.717      2.571643
   0.721      2.576049
   0.724      2.580163
   0.728      2.583984
   0.732      2.587511
   0.735      2.590744
   0.739      2.593682
   0.743      2.596324
   0.747      2.598669
   0.750      2.600717
   0.754      2.602467
   0.758      2.603920
   0.762      2.605073
   0.765      2.605928
   0.769      2.606484
   0.773      2.606740
   0.777      2.606697
   0.780      2.606354
   0.784      2.605712
   0.788      2.604770
   0.791      2.603528
   0.795      2.601987
   0.799      2.600147
   0.803      2.598008
   0.806      2.595571
   0.810      2.592835
   0.814      2.589801
   0.818      2.586471
   0.821      2.582844
   0.825      2.578920
   0.829      2.574702
   0.833      2.570188
   0.836      2.565381
   0.840      2.560281
   0.844      2.554889
   0.847      2.549206
   0.851      2.543232
   0.855      2.536970
   0.859      2.530420
   0.862      2.523583
   0.866      2.516460
   0.870      2.509053
   0.874      2.501364
   0.877      2.493393
   0.881      2.485142
   0.885      2.476612
   0.889      2.467805
   0.892      2.458724
   0.896      2.449368
   0.900      2.439740
   0.903      2.429843
   0.907      2.419676
   0.911      2.409243
   0.915      2.398546
   0.918      2.387586
   0.922      2.376365
   0.926      2.364886
   0.930      2.353150
   0.933      2.341159
   0.937      2.328917
   0.941      2.316425
   0.945      2.303685
   0.948      2.290700
   0.952      2.277472
   0.956      2.264003
   0.959      2.250297
   0.963      2.236355
   0.967      2.222181
   0.971      2.207776
   0.974      2.193144
   0.978      2.178287
   0.982      2.163207
   0.986      2.147909
   0.989      2.132394
   0.993      2.116665
   0.997      2.100726
   1.001      2.084579
   1.004      2.068227
   1.008      2.051674
   1.012      2.034922
   1.015      2.017974
   1.019      2.000834
   1.023      1.983505
   1.027      1.965990
   1.030      1.948292
   1.034      1.930415
   1.038      1.912362
   1.042      1.894136
   1.045      1.875740
   1.049      1.857179
   1.053      1.838455
   1.057      1.819572
   1.060      1.800533
   1.064      1.781343
   1.068      1.762004
   1.071      1.742520
   1.075      1.722895
   1.079      1.703132
   1.083      1.683236
   1.086      1.663209
   1.090      1.643056
   1.094      1.622779
   1.098      1.602384
   1.101      1.581873
   1.105      1.561251
   1.109      1.540521
   1.113      1.519686
   1.116      1.498752
   1.120      1.477722
   1.124      1.456598
   1.127      1.435387
   1.131      1.414090
   1.135      1.392713
   1.139      1.371259
   1.142      1.349731
   1.146      1.328134
   1.150      1.306472
   1.154      1.284749
   1.157      1.262968
   1.161      1.241133
   1.165      1.219249
   1.169      1.197319
   1.172      1.175346
   1.176      1.153336
   1.180      1.131292
   1.183      1.109217
   1.187      1.087116
   1.191      1.064992
   1.195      1.042850
   1.198      1.020692
   1.202      0.998524
   1.206      0.976348
   1.210      0.954169
   1.213      0.931990
   1.217      0.909815
   1.221      0.887648
   1.225      0.865493
   1.228      0.843352
   1.232      0.821231
   1.236      0.799132
   1.239      0.777059
   1.243      0.755017
   1.247      0.733007
   1.251      0.711034
   1.254      0.689102
   1.258      0.667214
   1.262      0.645373
   1.266      0.623583
   1.269      0.601847
   1.273      0.580168
   1.277      0.558551
   1.281      0.536998
   1.284      0.515512
   1.288      0.494097
   1.292      0.472755
   1.295      0.451491
   1.299      0.430306
   1.303      0.409205
   1.307      0.388190
   1.310      0.367264
   1.314      0.346431
   1.318      0.325692
   1.322      0.305051
   1.325      0.284510
   1.329      0.264073
   1.333      0.243742
   1.337      0.223520
   1.340      0.203409
   1.344      0.183412
   1.348      0.163532
   1.351      0.143770
   1.355      0.124130
   1.359      0.104614
   1.363      0.085223
   1.366      0.065961
   1.370      0.046829
   1.374      0.027831
   1.378      0.008967
   1.381     -0.009761
   1.385     -0.028349
   1.389     -0.046796
   1.393     -0.065101
   1.396     -0.083261
   1.400     -0.101274
   1.404     -0.119140
   1.407     -0.136855
   1.411     -0.154419
   1.415     -0.171830
   1.419     -0.189086
   1.422     -0.206186
   1.426     -0.223128
   1.430     -0.239911
   1.434     -0.256534
   1.437     -0.272996
   1.441     -0.289294
   1.445     -0.305429
   1.449     -0.321398
   1.452     -0.337202
   1.456     -0.352838
   1.460     -0.368306
   1.463     -0.383605
   1.467     -0.398734
   1.471     -0.413692
   1.475     -0.428479
   1.478     -0.443094
   1.482     -0.457536
   1.486     -0.471804
   1.490     -0.485899
   1.493     -0.499818
   1.497     -0.513563
   1.501     -0.527133
   1.505     -0.540526
   1.508     -0.553744
   1.512     -0.566785
   1.516     -0.579650
   1.519     -0.592337
   1.523     -0.604848
   1.527     -0.617182
   1.531     -0.629339
   1.534     -0.641319
   1.538     -0.653121
   1.542     -0.664747
   1.546     -0.676196
   1.549     -0.687468
   1.553     -0.698564
   1.557     -0.709484
   1.561     -0.720227
   1.564     -0.730796
   1.568     -0.741188
   1.572     -0.751406
   1.575     -0.761450
   1.579     -0.771320
   1.583     -0.781016
   1.587     -0.790539
   1.590     -0.799890
   1.594     -0.809069
   1.598     -0.818077
   1.602     -0.826915
   1.605     -0.835583
   1.609     -0.844082
   1.613     -0.852413
   1.617     -0.860577
   1.620     -0.868574
   1.624     -0.876405
   1.628     -0.884071
   1.631     -0.891574
   1.635     -0.898913
   1.639     -0.906090
   1.643     -0.913107
   1.646     -0.919963
   1.650     -0.926660
   1.654     -0.933199
   1.658     -0.939581
   1.661     -0.945807
   1.665     -0.951879
   1.669     -0.957797
   1.673     -0.963562
   1.676     -0.969176
   1.680     -0.974640
   1.684     -0.979955
   1.687     -0.985123
   1.691     -0.990144
   1.695     -0.995020
   1.699     -0.999751
   1.702     -1.004341
   1.706     -1.008788
   1.710     -1.013096
   1.714     -1.017265
   1.717     -1.021296
   1.721     -1.025192
   1.725     -1.028952
   1.729     -1.032579
   1.732     -1.036074
   1.736     -1.039439
   1.740     -1.042674
   1.743     -1.045781
   1.747     -1.048761
   1.751     -1.051617
   1.755     -1.054348
   1.758     -1.056958
   1.762     -1.059446
   1.766     -1.061815
   1.770     -1.064066
   1.773     -1.066200
   1.777     -1.068219
   1.781     -1.070124
   1.785     -1.071916
   1.788     -1.073598
   1.792     -1.075170
   1.796     -1.076634
   1.799     -1.077991
   1.803     -1.079242
   1.807     -1.080390
   1.811     -1.081436
   1.814     -1.082380
   1.818     -1.083225
   1.822     -1.083972
   1.826     -1.084621
   1.829     -1.085176
   1.833     -1.085636
   1.837     -1.086004
   1.841     -1.086280
   1.844     -1.086467
   1.848     -1.086565
   1.852     -1.086576
   1.855     -1.086502
   1.859     -1.086343
   1.863     -1.086101
   1.867     -1.085777
   1.870     -1.085373
   1.874     -1.084890
   1.878     -1.084329
   1.882     -1.083692
   1.885     -1.082980
   1.889     -1.082194
   1.893     -1.081336
   1.897     -1.080406
   1.900     -1.079407
   1.904     -1.078339
   1.908     -1.077204
   1.911     -1.076002
   1.915     -1.074735
   1.919     -1.073405
   1.923     -1.072013
   1.926     -1.070559
   1.930     -1.069045
   1.934     -1.067472
   1.938     -1.065841
   1.941     -1.064154
   1.945     -1.062411
   1.949     -1.060614
   1.953     -1.058764
   1.956     -1.056861
   1.960     -1.054908
   1.964     -1.052905
   1.967     -1.050853
   1.971     -1.048754
   1.975     -1.046608
   1.979     -1.044416
   1.982     -1.042180
   1.986     -1.039900
   1.990     -1.037577
   1.994     -1.035214
   1.997     -1.032809
   2.001     -1.030365
   2.005     -1.027882
   2.009     -1.025362
   2.012     -1.022805
   2.016     -1.020212
   2.020     -1.017585
   2.023     -1.014923
   2.027     -1.012229
   2.031     -1.009502
   2.035     -1.006744
   2.038     -1.003955
   2.042     -1.001137
   2.046     -0.998290
   2.050     -0.995415
   2.053     -0.992513
   2.057     -0.989585
   2.061     -0.986631
   2.065     -0.983652
   2.068     -0.980649
   2.072     -0.977623
   2.076     -0.974575
   2.079     -0.971504
   2.083     -0.968413
   2.087     -0.965301
   2.091     -0.962170
   2.094     -0.959019
   2.098     -0.955851
   2.102     -0.952664
   2.106     -0.949461
   2.109     -0.946242
   2.113     -0.943006
   2.117     -0.939756
   2.121     -0.936491
   2.124     -0.933213
   2.128     -0.929921
   2.132     -0.926616
   2.135     -0.923299
   2.139     -0.919971
   2.143     -0.916632
   2.147     -0.913282
   2.150     -0.909923
   2.154     -0.906554
   2.158     -0.903176
   2.162     -0.899790
   2.165     -0.896396
   2.169     -0.892994
   2.173     -0.889586
   2.177     -0.886171
   2.180     -0.882750
   2.184     -0.879324
   2.188     -0.875893
   2.191     -0.872457
   2.195     -0.869016
   2.199     -0.865572
   2.203     -0.862125
   2.206     -0.858675
   2.210     -0.855222
   2.214     -0.851766
   2.218     -0.848309
   2.221     -0.844851
   2.225     -0.841391
   2.229     -0.837931
   2.233     -0.834471
   2.236     -0.831010
   2.240     -0.827550
   2.244     -0.824090
   2.247     -0.820631
   2.251     -0.817174
   2.255     -0.813718
   2.259     -0.810264
   2.262     -0.806812
   2.266     -0.803363
   2.270     -0.799916
   2.274     -0.796472
   2.277     -0.793032
   2.281     -0.789595
   2.285     -0.786163
   2.289     -0.782734
   2.292     -0.779309
   2.296     -0.775889
   2.300     -0.772474
   2.303     -0.769064
   2.307     -0.765659
   2.311     -0.762260
   2.315     -0.758866
   2.318     -0.755479
   2.322     -0.752097
   2.326     -0.748722
   2.330     -0.745353
   2.333     -0.741991
   2.337     -0.738636
   2.341     -0.735288
   2.345     -0.731947
   2.348     -0.728613
   2.352     -0.725288
   2.356     -0.721970
   2.359     -0.718660
   2.363     -0.715358
   2.367     -0.712064
   2.371     -0.708778
   2.374     -0.705502
   2.378     -0.702233
   2.382     -0.698974
   2.386     -0.695724
   2.389     -0.692482
   2.393     -0.689250
   2.397     -0.686027
   2.401     -0.682814
   2.404     -0.679610
   2.408     -0.676416
   2.412     -0.673232
   2.415     -0.670057
   2.419     -0.666893
   2.423     -0.663738
   2.427     -0.660594
   2.430     -0.657460
   2.434     -0.654337
   2.438     -0.651224
   2.442     -0.648121
   2.445     -0.645029
   2.449     -0.641948
   2.453     -0.638877
   2.457     -0.635818
   2.460     -0.632769
   2.464     -0.629731
   2.468     -0.626704
   2.471     -0.623689
   2.475     -0.620684
   2.479     -0.617691
   2.483     -0.614709
   2.486     -0.611738
   2.490     -0.608778
   2.494     -0.605830
   2.498     -0.602894
   2.501     -0.599969
   2.505     -0.597055
   2.509     -0.594153
   2.513     -0.591263
   2.516     -0.588384
   2.520     -0.585516
   2.524     -0.582661
   2.527     -0.579817
   2.531     -0.576984
   2.535     -0.574164
   2.539     -0.571355
   2.542     -0.568558
   2.546     -0.565772
   2.550     -0.562998
   2.554     -0.560236
   2.557     -0.557486
   2.561     -0.554747
   2.565     -0.552021
   2.569     -0.549306
   2.572     -0.546602
   2.576     -0.543911
   2.580     -0.541231
   2.583     -0.538563
   2.587     -0.535907
   2.591     -0.533262
   2.595     -0.530629
   2.598     -0.528008
   2.602     -0.525398
   2.606     -0.522800
   2.610     -0.520214
   2.613     -0.517639
   2.617     -0.515076
   2.621     -0.512524
   2.625     -0.509984
   2.628     -0.507456
   2.632     -0.504939
   2.636     -0.502433
   2.639     -0.499939
   2.643     -0.497456
   2.647     -0.494985
   2.651     -0.492525
   2.654     -0.490077
   2.658     -0.487639
   2.662     -0.485214
   2.666     -0.482799
   2.669     -0.480395
   2.673     -0.478003
   2.677     -0.475622
   2.681     -0.473252
   2.684     -0.470893
   2.688     -0.468545
   2.692     -0.466208
   2.695     -0.463882
   2.699     -0.461567
   2.703     -0.459263
   2.707     -0.456969
   2.710     -0.454687
   2.714     -0.452415
   2.718     -0.450154
   2.722     -0.447904
   2.725     -0.445664
   2.729     -0.443435
   2.733     -0.441217
   2.737     -0.439009
   2.740     -0.436812
   2.744     -0.434625
   2.748     -0.432448
   2.751     -0.430282
   2.755     -0.428126
   2.759     -0.425980
   2.763     -0.423845
   2.766     -0.421720
   2.770     -0.419605
   2.774     -0.417500
   2.778     -0.415405
   2.781     -0.413320
   2.785     -0.411245
   2.789     -0.409180
   2.793     -0.407125
   2.796     -0.405080
   2.800     -0.403044
   2.804     -0.401019
   2.807     -0.399003
   2.811     -0.396996
   2.815     -0.395000
   2.819     -0.393013
   2.822     -0.391035
   2.826     -0.389067
   2.830     -0.387108
   2.834     -0.385159
   2.837     -0.383219
   2.841     -0.381288
   2.845     -0.379366
   2.849     -0.377454
   2.852     -0.375551
   2.856     -0.373657
   2.860     -0.371772
   2.863     -0.369896
   2.867     -0.368029
   2.871     -0.366171
   2.875     -0.364322
   2.878     -0.362482
   2.882     -0.360651
   2.886     -0.358828
   2.890     -0.357014
   2.893     -0.355209
   2.897     -0.353412
   2.901     -0.351624
   2.905     -0.349845
   2.908     -0.348073
   2.912     -0.346311
   2.916     -0.344557
   2.919     -0.342811
   2.923     -0.341073
   2.927     -0.339344
   2.931     -0.337623
   2.934     -0.335910
   2.938     -0.334206
   2.942     -0.332509
   2.946     -0.330821
   2.949     -0.329140
   2.953     -0.327468
   2.957     -0.325803
   2.961     -0.324146
   2.964     -0.322497
   2.968     -0.320856
   2.972     -0.319223
   2.975     -0.317598
   2.979     -0.315980
   2.983     -0.314370
   2.987     -0.312767
   2.990     -0.311172
   2.994     -0.309584
   2.998     -0.308004
   3.002     -0.306432
   3.005     -0.304867
   3.009     -0.303309
   3.013     -0.301758
   3.017     -0.300215
   3.020     -0.298679
   3.024     -0.297150
   3.028     -0.295629
   3.031     -0.294114
   3.035     -0.292607
   3.039     -0.291107
   3.043     -0.289613
   3.046     -0.288127
   3.050     -0.286648
   3.054     -0.285175
   3.058     -0.283709
   3.061     -0.282251
   3.065     -0.280799
   3.069     -0.279353
   3.073     -0.277915
   3.076     -0.276483
   3.080     -0.275058
   3.084     -0.273639
   3.087     -0.272227
   3.091     -0.270821
   3.095     -0.269422
   3.099     -0.268030
   3.102     -0.266644
   3.106     -0.265264
   3.110     -0.263890
   3.114     -0.262523
   3.117     -0.261163
   3.121     -0.259808
   3.125     -0.258460
   3.129     -0.257118
   3.132     -0.255782
   3.136     -0.254452
   3.140     -0.253128
   3.143     -0.251810
   3.147     -0.250499
   3.151     -0.249193
   3.155     -0.247893
   3.158     -0.246599
   3.162     -0.245311
   3.166     -0.244029
   3.170     -0.242753
   3.173     -0.241483
   3.177     -0.240218
   3.181     -0.238959
   3.185     -0.237706
   3.188     -0.236458
   3.192     -0.235216
   3.196     -0.233980
   3.199     -0.232749
   3.203     -0.231524
   3.207     -0.230304
   3.211     -0.229090
   3.214     -0.227881
   3.218     -0.226677
   3.222     -0.225479
   3.226     -0.224287
   3.229     -0.223099
   3.233     -0.221917
   3.237     -0.220741
   3.241     -0.219569
   3.244     -0.218403
   3.248     -0.217242
   3.252     -0.216086
   3.255     -0.214935
   3.259     -0.213790
   3.263     -0.212649
   3.267     -0.211514
   3.270     -0.210383
   3.274     -0.209258
   3.278     -0.208137
   3.282     -0.207021
   3.285     -0.205911
   3.289     -0.204805
   3.293     -0.203704
   3.297     -0.202608
   3.300     -0.201517
   3.304     -0.200430
   3.308     -0.199348
   3.311     -0.198271
   3.315     -0.197199
   3.319     -0.196131
   3.323     -0.195068
   3.326     -0.194010
   3.330     -0.192956
   3.334     -0.191907
   3.338     -0.190863
   3.341     -0.189822
   3.345     -0.188787
   3.349     -0.187756
   3.353     -0.186729
   3.356     -0.185707
   3.360     -0.184689
   3.364     -0.183675
   3.367     -0.182666
   3.371     -0.181662
   3.375     -0.180661
   3.379     -0.179665
   3.382     -0.178673
   3.386     -0.177685
   3.390     -0.176702
   3.394     -0.175723
   3.397     -0.174747
   3.401     -0.173776
   3.405     -0.172810
   3.409     -0.171847
   3.412     -0.170888
   3.416     -0.169934
   3.420     -0.168983
   3.423     -0.168037
   3.427     -0.167094
   3.431     -0.166155
   3.435     -0.165221
   3.438     -0.164290
   3.442     -0.163363
   3.446     -0.162440
   3.450     -0.161521
   3.453     -0.160606
   3.457     -0.159695
   3.461     -0.158787
   3.465     -0.157883
   3.468     -0.156983
   3.472     -0.156087
   3.476     -0.155194
   3.479     -0.154305
   3.483     -0.153420
   3.487     -0.152538
   3.491     -0.151660
   3.494     -0.150786
   3.498     -0.149915
   3.502     -0.149048
   3.506     -0.148185
   3.509     -0.147325
   3.513     -0.146468
   3.517     -0.145615
   3.521     -0.144765
   3.524     -0.143919
   3.528     -0.143077
   3.532     -0.142237
   3.535     -0.141402
   3.539     -0.140569
   3.543     -0.139740
   3.547     -0.138914
   3.550     -0.138092
   3.554     -0.137273
   3.558     -0.136457
   3.562     -0.135644
   3.565     -0.134835
   3.569     -0.134029
   3.573     -0.133226
   3.577     -0.132427
   3.580     -0.131630
   3.584     -0.130837
   3.588     -0.130047
   3.591     -0.129260
   3.595     -0.128476
   3.599     -0.127695
   3.603     -0.126918
   3.606     -0.126143
   3.610     -0.125372
   3.614     -0.124603
   3.618     -0.123838
   3.621     -0.123075
   3.625     -0.122316
   3.629     -0.121559
   3.633     -0.120805
   3.636     -0.120055
   3.640     -0.119307
   3.644     -0.118562
   3.647     -0.117820
   3.651     -0.117081
   3.655     -0.116345
   3.659     -0.115612
   3.662     -0.114881
   3.666     -0.114153
   3.670     -0.113428
   3.674     -0.112706
   3.677     -0.111987
   3.681     -0.111270
   3.685     -0.110556
   3.689     -0.109845
   3.692     -0.109136
   3.696     -0.108430
   3.700     -0.107727
   3.703     -0.107027
   3.707     -0.106329
   3.711     -0.105633
   3.715     -0.104941
   3.718     -0.104251
   3.722     -0.103563
   3.726     -0.102878
   3.730     -0.102196
   3.733     -0.101516
   3.737     -0.100839
   3.741     -0.100164
   3.745     -0.099492
   3.748     -0.098822
   3.752     -0.098154
   3.756     -0.097490
   3.759     -0.096827
   3.763     -0.096167
   3.767     -0.095509
   3.771     -0.094854
   3.774     -0.094201
   3.778     -0.093551
   3.782     -0.092903
   3.786     -0.092257
   3.789     -0.091614
   3.793     -0.090973
   3.797     -0.090334
   3.801     -0.089697
   3.804     -0.089063
   3.808     -0.088431
   3.812     -0.087802
   3.815     -0.087174
   3.819     -0.086549
   3.823     -0.085926
   3.827     -0.085305
   3.830     -0.084686
   3.834     -0.084070
   3.838     -0.083456
   3.842     -0.082844
   3.845     -0.082234
   3.849     -0.081626
   3.853     -0.081020
   3.857     -0.080417
   3.860     -0.079815
   3.864     -0.079216
   3.868     -0.078618
   3.871     -0.078023
   3.875     -0.077430
   3.879     -0.076838
   3.883     -0.076249
   3.886     -0.075662
   3.890     -0.075077
   3.894     -0.074494
   3.898     -0.073912
   3.901     -0.073333
   3.905     -0.072756
   3.909     -0.072180
   3.913     -0.071607
   3.916     -0.071036
   3.920     -0.070466
   3.924     -0.069898
   3.927     -0.069332
   3.931     -0.068768
   3.935     -0.068206
   3.939     -0.067646
   3.942     -0.067088
   3.946     -0.066531
   3.950     -0.065976
   3.954     -0.065423
   3.957     -0.064872
   3.961     -0.064323
   3.965     -0.063775
   3.969     -0.063230
   3.972     -0.062686
   3.976     -0.062143
   3.980     -0.061603
   3.983     -0.061064
   3.987     -0.060527
   3.991     -0.059991
   3.995     -0.059458
   3.998     -0.058925
   4.002     -0.058395
   4.006     -0.057866
   4.010     -0.057339
   4.013     -0.056814
   4.017     -0.056290
   4.021     -0.055768
   4.025     -0.055247
   4.028     -0.054729
   4.032     -0.054211
   4.036     -0.053695
   4.039     -0.053181
   4.043     -0.052669
   4.047     -0.052158
   4.051     -0.051648
   4.054     -0.051140
   4.058     -0.050634
   4.062     -0.050129
   4.066     -0.049625
   4.069     -0.049123
   4.073     -0.048623
   4.077     -0.048124
   4.081     -0.047627
   4.084     -0.047131
   4.088     -0.046636
   4.092     -0.046143
   4.095     -0.045651
   4.099     -0.045161
   4.103     -0.044672
   4.107     -0.044185
   4.110     -0.043699
   4.114     -0.043214
   4.118     -0.042731
   4.122     -0.042249
   4.125     -0.041768
   4.129     -0.041289
   4.133     -0.040811
   4.137     -0.040335
   4.140     -0.039860
   4.144     -0.039386
   4.148     -0.038913
   4.151     -0.038442
   4.155     -0.037972
   4.159     -0.037504
   4.163     -0.037036
   4.166     -0.036570
   4.170     -0.036105
   4.174     -0.035642
   4.178     -0.035179
   4.181     -0.034718
   4.185     -0.034258
   4.189     -0.033800
   4.193     -0.033342
   4.196     -0.032886
   4.200     -0.032431
   4.204     -0.031977
   4.207     -0.031524
   4.211     -0.031073
   4.215     -0.030622
   4.219     -0.030173
   4.222     -0.029725
   4.226     -0.029278
   4.230     -0.028833
   4.234     -0.028388
   4.237     -0.027944
   4.241     -0.027502
   4.245     -0.027061
   4.249     -0.026620
   4.252     -0.026181
   4.256     -0.025743
   4.260     -0.025306
   4.263     -0.024870
   4.267     -0.024435
   4.271     -0.024001
   4.275     -0.023569
   4.278     -0.023137
   4.282     -0.022706
   4.286     -0.022276
   4.290     -0.021848
   4.293     -0.021420
   4.297     -0.020993
   4.301     -0.020567
   4.305     -0.020143
   4.308     -0.019719
   4.312     -0.019296
   4.316     -0.018874
   4.319     -0.018453
   4.323     -0.018033
   4.327     -0.017614
   4.331     -0.017196
   4.334     -0.016779
   4.338     -0.016363
   4.342     -0.015947
   4.346     -0.015533
   4.349     -0.015119
   4.353     -0.014707
   4.357     -0.014295
   4.361     -0.013884
   4.364     -0.013474
   4.368     -0.013065
   4.372     -0.012656
   4.375     -0.012249
   4.379     -0.011842
   4.383     -0.011436
   4.387     -0.011031
   4.390     -0.010627
   4.394     -0.010224
   4.398     -0.009821
   4.402     -0.009420
   4.405     -0.009019
   4.409     -0.008618
   4.413     -0.008219
   4.417     -0.007820
   4.420     -0.007422
   4.424     -0.007025
   4.428     -0.006629
   4.431     -0.006233
   4.435     -0.005839
   4.439     -0.005444
   4.443     -0.005051
   4.446     -0.004658
   4.450     -0.004266
   4.454     -0.003875
   4.458     -0.003485
   4.461     -0.003095
   4.465     -0.002705
   4.469     -0.002317
   4.473     -0.001929
   4.476     -0.001542
   4.480     -0.001156
   4.484     -0.000770
   4.487     -0.000385
   4.491      0.000000
