   0.000     -0.202704
   0.003     -0.202855
   0.007     -0.202965
   0.010     -0.203176
   0.013     -0.203540
   0.017     -0.204074
   0.020     -0.204652
   0.023     -0.205400
   0.026     -0.206282
   0.030     -0.207254
   0.033     -0.208422
   0.036     -0.209721
   0.040     -0.211144
   0.043     -0.212700
   0.046     -0.214387
   0.050     -0.216216
   0.053     -0.218164
   0.056     -0.220226
   0.060     -0.222409
   0.063     -0.224722
   0.066     -0.227162
   0.069     -0.229712
   0.073     -0.232354
   0.076     -0.235093
   0.079     -0.237951
   0.083     -0.240907
   0.086     -0.243966
   0.089     -0.247117
   0.093     -0.250341
   0.096     -0.253656
   0.099     -0.257081
   0.103     -0.260578
   0.106     -0.264134
   0.109     -0.267777
   0.112     -0.271502
   0.116     -0.275296
   0.119     -0.279159
   0.122     -0.283093
   0.126     -0.287094
   0.129     -0.291167
   0.132     -0.295304
   0.136     -0.299499
   0.139     -0.303756
   0.142     -0.308087
   0.146     -0.312471
   0.149     -0.316912
   0.152     -0.321412
   0.155     -0.325965
   0.159     -0.330577
   0.162     -0.335240
   0.165     -0.339956
   0.169     -0.344717
   0.172     -0.349515
   0.175     -0.354367
   0.179     -0.359256
   0.182     -0.364180
   0.185     -0.369141
   0.189     -0.374137
   0.192     -0.379165
   0.195     -0.384214
   0.198     -0.389288
   0.202     -0.394387
   0.205     -0.399508
   0.208     -0.404644
   0.212     -0.409797
   0.215     -0.414963
   0.218     -0.420141
   0.222     -0.425335
   0.225     -0.430529
   0.228     -0.435730
   0.232     -0.440943
   0.235     -0.446156
   0.238     -0.451372
   0.241     -0.456591
   0.245     -0.461809
   0.248     -0.467022
   0.251     -0.472236
   0.255     -0.477444
   0.258     -0.482642
   0.261     -0.487829
   0.265     -0.493010
   0.268     -0.498177
   0.271     -0.503330
   0.275     -0.508463
   0.278     -0.513573
   0.281     -0.518662
   0.284     -0.523730
   0.288     -0.528770
   0.291     -0.533776
   0.294     -0.538748
   0.298     -0.543694
   0.301     -0.548601
   0.304     -0.553469
   0.308     -0.558296
   0.311     -0.563081
   0.314     -0.567824
   0.318     -0.572521
   0.321     -0.577173
   0.324     -0.581777
   0.327     -0.586331
   0.331     -0.590835
   0.334     -0.595290
   0.337     -0.599692
   0.341     -0.604042
   0.344     -0.608341
   0.347     -0.612585
   0.351     -0.616776
   0.354     -0.620913
   0.357     -0.624994
   0.361     -0.629023
   0.364     -0.632996
   0.367     -0.636917
   0.370     -0.640782
   0.374     -0.644590
   0.377     -0.648348
   0.380     -0.652051
   0.384     -0.655700
   0.387     -0.659297
   0.390     -0.662840
   0.394     -0.666331
   0.397     -0.669770
   0.400     -0.673157
   0.403     -0.676493
   0.407     -0.679778
   0.410     -0.683013
   0.413     -0.686199
   0.417     -0.689337
   0.420     -0.692424
   0.423     -0.695464
   0.427     -0.698457
   0.430     -0.701402
   0.433     -0.704300
   0.437     -0.707153
   0.440     -0.709962
   0.443     -0.712725
   0.446     -0.715444
   0.450     -0.718120
   0.453     -0.720752
   0.456     -0.723341
   0.460     -0.725887
   0.463     -0.728392
   0.466     -0.730857
   0.470     -0.733282
   0.473     -0.735666
   0.476     -0.738009
   0.480     -0.740314
   0.483     -0.742580
   0.486     -0.744807
   0.489     -0.746996
   0.493     -0.749148
   0.496     -0.751264
   0.499     -0.753342
   0.503     -0.755384
   0.506     -0.757391
   0.509     -0.759362
   0.513     -0.761297
   0.516     -0.763198
   0.519     -0.765064
   0.523     -0.766895
   0.526     -0.768694
   0.529     -0.770459
   0.532     -0.772191
   0.536     -0.773889
   0.539     -0.775555
   0.542     -0.777190
   0.546     -0.778792
   0.549     -0.780362
   0.552     -0.781900
   0.556     -0.783408
   0.559     -0.784887
   0.562     -0.786331
   0.566     -0.787746
   0.569     -0.789132
   0.572     -0.790487
   0.575     -0.791812
   0.579     -0.793107
   0.582     -0.794373
   0.585     -0.795610
   0.589     -0.796819
   0.592     -0.797998
   0.595     -0.799148
   0.599     -0.800269
   0.602     -0.801362
   0.605     -0.802427
   0.609     -0.803463
   0.612     -0.804471
   0.615     -0.805452
   0.618     -0.806405
   0.622     -0.807331
   0.625     -0.808227
   0.628     -0.809096
   0.632     -0.809936
   0.635     -0.810751
   0.638     -0.811537
   0.642     -0.812295
   0.645     -0.813026
   0.648     -0.813730
   0.652     -0.814406
   0.655     -0.815053
   0.658     -0.815673
   0.661     -0.816265
   0.665     -0.816830
   0.668     -0.817368
   0.671     -0.817875
   0.675     -0.818354
   0.678     -0.818806
   0.681     -0.819229
   0.685     -0.819624
   0.688     -0.819988
   0.691     -0.820324
   0.695     -0.820631
   0.698     -0.820909
   0.701     -0.821156
   0.704     -0.821373
   0.708     -0.821559
   0.711     -0.821716
   0.714     -0.821843
   0.718     -0.821935
   0.721     -0.821997
   0.724     -0.822028
   0.728     -0.822027
   0.731     -0.821993
   0.734     -0.821925
   0.738     -0.821823
   0.741     -0.821689
   0.744     -0.821522
   0.747     -0.821318
   0.751     -0.821079
   0.754     -0.820805
   0.757     -0.820494
   0.761     -0.820148
   0.764     -0.819766
   0.767     -0.819346
   0.771     -0.818892
   0.774     -0.818404
   0.777     -0.817879
   0.781     -0.817314
   0.784     -0.816712
   0.787     -0.816070
   0.790     -0.815387
   0.794     -0.814662
   0.797     -0.813893
   0.800     -0.813084
   0.804     -0.812233
   0.807     -0.811339
   0.810     -0.810401
   0.814     -0.809420
   0.817     -0.808395
   0.820     -0.807326
   0.824     -0.806213
   0.827     -0.805053
   0.830     -0.803848
   0.833     -0.802597
   0.837     -0.801301
   0.840     -0.799958
   0.843     -0.798565
   0.847     -0.797127
   0.850     -0.795642
   0.853     -0.794109
   0.857     -0.792526
   0.860     -0.790894
   0.863     -0.789214
   0.867     -0.787487
   0.870     -0.785711
   0.873     -0.783881
   0.876     -0.782004
   0.880     -0.780078
   0.883     -0.778101
   0.886     -0.776075
   0.890     -0.773998
   0.893     -0.771870
   0.896     -0.769693
   0.900     -0.767467
   0.903     -0.765189
   0.906     -0.762859
   0.910     -0.760481
   0.913     -0.758052
   0.916     -0.755574
   0.919     -0.753044
   0.923     -0.750464
   0.926     -0.747834
   0.929     -0.745156
   0.933     -0.742428
   0.936     -0.739649
   0.939     -0.736821
   0.943     -0.733946
   0.946     -0.731022
   0.949     -0.728049
   0.953     -0.725027
   0.956     -0.721958
   0.959     -0.718843
   0.962     -0.715681
   0.966     -0.712471
   0.969     -0.709214
   0.972     -0.705913
   0.976     -0.702567
   0.979     -0.699176
   0.982     -0.695740
   0.986     -0.692260
   0.989     -0.688738
   0.992     -0.685174
   0.996     -0.681567
   0.999     -0.677917
   1.002     -0.674227
   1.005     -0.670498
   1.009     -0.666730
   1.012     -0.662922
   1.015     -0.659074
   1.019     -0.655190
   1.022     -0.651271
   1.025     -0.647316
   1.029     -0.643324
   1.032     -0.639297
   1.035     -0.635237
   1.039     -0.631146
   1.042     -0.627022
   1.045     -0.622865
   1.048     -0.618678
   1.052     -0.614463
   1.055     -0.610219
   1.058     -0.605947
   1.062     -0.601647
   1.065     -0.597322
   1.068     -0.592973
   1.072     -0.588599
   1.075     -0.584201
   1.078     -0.579780
   1.082     -0.575339
   1.085     -0.570878
   1.088     -0.566398
   1.091     -0.561897
   1.095     -0.557379
   1.098     -0.552846
   1.101     -0.548297
   1.105     -0.543733
   1.108     -0.539154
   1.111     -0.534564
   1.115     -0.529963
   1.118     -0.525350
   1.121     -0.520727
   1.125     -0.516095
   1.128     -0.511456
   1.131     -0.506811
   1.134     -0.502160
   1.138     -0.497503
   1.141     -0.492842
   1.144     -0.488180
   1.148     -0.483516
   1.151     -0.478849
   1.154     -0.474183
   1.158     -0.469519
   1.161     -0.464856
   1.164     -0.460197
   1.167     -0.455540
   1.171     -0.450889
   1.174     -0.446244
   1.177     -0.441606
   1.181     -0.436975
   1.184     -0.432351
   1.187     -0.427738
   1.191     -0.423135
   1.194     -0.418543
   1.197     -0.413964
   1.201     -0.409396
   1.204     -0.404842
   1.207     -0.400303
   1.210     -0.395780
   1.214     -0.391272
   1.217     -0.386781
   1.220     -0.382308
   1.224     -0.377853
   1.227     -0.373418
   1.230     -0.369002
   1.234     -0.364608
   1.237     -0.360234
   1.240     -0.355882
   1.244     -0.351554
   1.247     -0.347248
   1.250     -0.342966
   1.253     -0.338709
   1.257     -0.334478
   1.260     -0.330272
   1.263     -0.326092
   1.267     -0.321939
   1.270     -0.317814
   1.273     -0.313718
   1.277     -0.309649
   1.280     -0.305610
   1.283     -0.301600
   1.287     -0.297619
   1.290     -0.293670
   1.293     -0.289751
   1.296     -0.285863
   1.300     -0.282007
   1.303     -0.278183
   1.306     -0.274392
   1.310     -0.270633
   1.313     -0.266907
   1.316     -0.263213
   1.320     -0.259554
   1.323     -0.255929
   1.326     -0.252337
   1.330     -0.248780
   1.333     -0.245257
   1.336     -0.241769
   1.339     -0.238316
   1.343     -0.234898
   1.346     -0.231515
   1.349     -0.228168
   1.353     -0.224856
   1.356     -0.221579
   1.359     -0.218338
   1.363     -0.215132
   1.366     -0.211963
   1.369     -0.208829
   1.373     -0.205731
   1.376     -0.202669
   1.379     -0.199642
   1.382     -0.196651
   1.386     -0.193695
   1.389     -0.190776
   1.392     -0.187892
   1.396     -0.185043
   1.399     -0.182230
   1.402     -0.179452
   1.406     -0.176710
   1.409     -0.174002
   1.412     -0.171330
   1.416     -0.168693
   1.419     -0.166089
   1.422     -0.163520
   1.425     -0.160985
   1.429     -0.158485
   1.432     -0.156018
   1.435     -0.153585
   1.439     -0.151186
   1.442     -0.148820
   1.445     -0.146486
   1.449     -0.144186
   1.452     -0.141918
   1.455     -0.139682
   1.459     -0.137478
   1.462     -0.135305
   1.465     -0.133164
   1.468     -0.131054
   1.472     -0.128975
   1.475     -0.126927
   1.478     -0.124909
   1.482     -0.122920
   1.485     -0.120962
   1.488     -0.119033
   1.492     -0.117131
   1.495     -0.115259
   1.498     -0.113416
   1.502     -0.111600
   1.505     -0.109812
   1.508     -0.108052
   1.511     -0.106318
   1.515     -0.104611
   1.518     -0.102931
   1.521     -0.101276
   1.525     -0.099647
   1.528     -0.098044
   1.531     -0.096465
   1.535     -0.094910
   1.538     -0.093380
   1.541     -0.091874
   1.545     -0.090392
   1.548     -0.088933
   1.551     -0.087497
   1.554     -0.086084
   1.558     -0.084693
   1.561     -0.083324
   1.564     -0.081976
   1.568     -0.080649
   1.571     -0.079343
   1.574     -0.078058
   1.578     -0.076793
   1.581     -0.075548
   1.584     -0.074323
   1.588     -0.073117
   1.591     -0.071931
   1.594     -0.070763
   1.597     -0.069613
   1.601     -0.068482
   1.604     -0.067368
   1.607     -0.066271
   1.611     -0.065192
   1.614     -0.064130
   1.617     -0.063085
   1.621     -0.062055
   1.624     -0.061042
   1.627     -0.060045
   1.631     -0.059063
   1.634     -0.058097
   1.637     -0.057145
   1.640     -0.056209
   1.644     -0.055287
   1.647     -0.054379
   1.650     -0.053485
   1.654     -0.052604
   1.657     -0.051738
   1.660     -0.050885
   1.664     -0.050044
   1.667     -0.049217
   1.670     -0.048402
   1.674     -0.047600
   1.677     -0.046810
   1.680     -0.046032
   1.683     -0.045265
   1.687     -0.044510
   1.690     -0.043767
   1.693     -0.043035
   1.697     -0.042314
   1.700     -0.041603
   1.703     -0.040904
   1.707     -0.040215
   1.710     -0.039536
   1.713     -0.038867
   1.717     -0.038208
   1.720     -0.037559
   1.723     -0.036920
   1.726     -0.036290
   1.730     -0.035670
   1.733     -0.035059
   1.736     -0.034457
   1.740     -0.033864
   1.743     -0.033279
   1.746     -0.032703
   1.750     -0.032136
   1.753     -0.031577
   1.756     -0.031026
   1.760     -0.030483
   1.763     -0.029949
   1.766     -0.029422
   1.769     -0.028904
   1.773     -0.028392
   1.776     -0.027889
   1.779     -0.027393
   1.783     -0.026904
   1.786     -0.026422
   1.789     -0.025948
   1.793     -0.025480
   1.796     -0.025020
   1.799     -0.024566
   1.803     -0.024119
   1.806     -0.023679
   1.809     -0.023245
   1.812     -0.022818
   1.816     -0.022397
   1.819     -0.021982
   1.822     -0.021574
   1.826     -0.021172
   1.829     -0.020776
   1.832     -0.020386
   1.836     -0.020002
   1.839     -0.019624
   1.842     -0.019251
   1.846     -0.018884
   1.849     -0.018523
   1.852     -0.018167
   1.855     -0.017817
   1.859     -0.017473
   1.862     -0.017133
   1.865     -0.016799
   1.869     -0.016470
   1.872     -0.016146
   1.875     -0.015828
   1.879     -0.015514
   1.882     -0.015205
   1.885     -0.014901
   1.889     -0.014602
   1.892     -0.014308
   1.895     -0.014019
   1.898     -0.013734
   1.902     -0.013454
   1.905     -0.013178
   1.908     -0.012907
   1.912     -0.012641
   1.915     -0.012378
   1.918     -0.012121
   1.922     -0.011867
   1.925     -0.011618
   1.928     -0.011372
   1.931     -0.011131
   1.935     -0.010894
   1.938     -0.010661
   1.941     -0.010432
   1.945     -0.010207
   1.948     -0.009986
   1.951     -0.009768
   1.955     -0.009555
   1.958     -0.009345
   1.961     -0.009139
   1.965     -0.008936
   1.968     -0.008737
   1.971     -0.008542
   1.974     -0.008350
   1.978     -0.008161
   1.981     -0.007976
   1.984     -0.007794
   1.988     -0.007616
   1.991     -0.007441
   1.994     -0.007269
   1.998     -0.007100
   2.001     -0.006935
   2.004     -0.006772
   2.008     -0.006612
   2.011     -0.006456
   2.014     -0.006303
   2.017     -0.006152
   2.021     -0.006004
   2.024     -0.005860
   2.027     -0.005718
   2.031     -0.005578
   2.034     -0.005442
   2.037     -0.005308
   2.041     -0.005177
   2.044     -0.005048
   2.047     -0.004922
   2.051     -0.004799
   2.054     -0.004677
   2.057     -0.004559
   2.060     -0.004443
   2.064     -0.004329
   2.067     -0.004217
   2.070     -0.004109
   2.074     -0.004002
   2.077     -0.003896
   2.080     -0.003794
   2.084     -0.003694
   2.087     -0.003596
   2.090     -0.003500
   2.094     -0.003406
   2.097     -0.003314
   2.100     -0.003224
   2.103     -0.003136
   2.107     -0.003050
   2.110     -0.002966
   2.113     -0.002883
   2.117     -0.002803
   2.120     -0.002724
   2.123     -0.002647
   2.127     -0.002572
   2.130     -0.002499
   2.133     -0.002427
   2.137     -0.002357
   2.140     -0.002289
   2.143     -0.002222
   2.146     -0.002156
   2.150     -0.002093
   2.153     -0.002031
   2.156     -0.001970
   2.160     -0.001911
   2.163     -0.001853
   2.166     -0.001797
   2.170     -0.001742
   2.173     -0.001688
   2.176     -0.001636
   2.180     -0.001585
   2.183     -0.001536
   2.186     -0.001487
   2.189     -0.001440
   2.193     -0.001394
   2.196     -0.001349
   2.199     -0.001306
   2.203     -0.001263
   2.206     -0.001222
   2.209     -0.001182
   2.213     -0.001143
   2.216     -0.001105
   2.219     -0.001068
   2.223     -0.001031
   2.226     -0.000996
   2.229     -0.000962
   2.232     -0.000929
   2.236     -0.000897
   2.239     -0.000865
   2.242     -0.000835
   2.246     -0.000805
   2.249     -0.000776
   2.252     -0.000749
   2.256     -0.000721
   2.259     -0.000695
   2.262     -0.000669
   2.266     -0.000645
   2.269     -0.000621
   2.272     -0.000597
   2.275     -0.000575
   2.279     -0.000553
   2.282     -0.000531
   2.285     -0.000511
   2.289     -0.000491
   2.292     -0.000471
   2.295     -0.000453
   2.299     -0.000434
   2.302     -0.000417
   2.305     -0.000400
   2.309     -0.000383
   2.312     -0.000367
   2.315     -0.000352
   2.318     -0.000337
   2.322     -0.000323
   2.325     -0.000309
   2.328     -0.000295
   2.332     -0.000283
   2.335     -0.000270
   2.338     -0.000258
   2.342     -0.000246
   2.345     -0.000235
   2.348     -0.000224
   2.352     -0.000214
   2.355     -0.000204
   2.358     -0.000194
   2.361     -0.000185
   2.365     -0.000176
   2.368     -0.000167
   2.371     -0.000159
   2.375     -0.000151
   2.378     -0.000144
   2.381     -0.000136
   2.385     -0.000129
   2.388     -0.000122
   2.391     -0.000116
   2.395     -0.000110
   2.398     -0.000104
   2.401     -0.000098
   2.404     -0.000093
   2.408     -0.000088
   2.411     -0.000083
   2.414     -0.000078
   2.418     -0.000073
   2.421     -0.000069
   2.424     -0.000065
   2.428     -0.000061
   2.431     -0.000057
   2.434     -0.000054
   2.438     -0.000050
   2.441     -0.000047
   2.444     -0.000044
   2.447     -0.000041
   2.451     -0.000038
   2.454     -0.000036
   2.457     -0.000033
   2.461     -0.000031
   2.464     -0.000029
   2.467     -0.000027
   2.471     -0.000025
   2.474     -0.000023
   2.477     -0.000021
   2.481     -0.000019
   2.484     -0.000018
   2.487     -0.000016
   2.490     -0.000015
   2.494     -0.000014
   2.497     -0.000013
   2.500     -0.000012
   2.504     -0.000010
   2.507     -0.000010
   2.510     -0.000009
   2.514     -0.000008
   2.517     -0.000007
   2.520     -0.000006
   2.524     -0.000006
   2.527     -0.000005
   2.530     -0.000005
   2.533     -0.000004
   2.537     -0.000004
   2.540     -0.000003
   2.543     -0.000003
   2.547     -0.000002
   2.550     -0.000002
   2.553     -0.000002
   2.557     -0.000002
   2.560     -0.000001
   2.563     -0.000001
   2.567     -0.000001
   2.570     -0.000001
   2.573     -0.000001
   2.576     -0.000001
   2.580     -0.000001
   2.583      0.000000
   2.586      0.000000
   2.590      0.000000
   2.593      0.000000
   2.596      0.000000
   2.600      0.000000
   2.603      0.000000
   2.606      0.000000
   2.610      0.000000
   2.613      0.000000
   2.616      0.000000
   2.619      0.000000
   2.623      0.000000
   2.626      0.000000
   2.629      0.000000
   2.633      0.000000
   2.636      0.000000
   2.639      0.000000
   2.643      0.000000
   2.646      0.000000
