   0.000      1.419848
   0.003      1.419893
   0.007      1.419938
   0.010      1.420013
   0.013      1.420118
   0.017      1.420253
   0.020      1.420418
   0.023      1.420613
   0.027      1.420838
   0.030      1.421092
   0.033      1.421376
   0.037      1.421691
   0.040      1.422034
   0.043      1.422408
   0.047      1.422811
   0.050      1.423243
   0.053      1.423705
   0.057      1.424196
   0.060      1.424717
   0.063      1.425267
   0.067      1.425847
   0.070      1.426456
   0.073      1.427094
   0.077      1.427761
   0.080      1.428457
   0.083      1.429182
   0.087      1.429936
   0.090      1.430720
   0.093      1.431532
   0.097      1.432373
   0.100      1.433243
   0.103      1.434141
   0.107      1.435069
   0.110      1.436025
   0.113      1.437009
   0.117      1.438023
   0.120      1.439065
   0.123      1.440135
   0.127      1.441234
   0.130      1.442361
   0.133      1.443517
   0.137      1.444701
   0.140      1.445913
   0.143      1.447154
   0.147      1.448423
   0.150      1.449720
   0.153      1.451046
   0.157      1.452399
   0.160      1.453781
   0.163      1.455190
   0.167      1.456628
   0.170      1.458094
   0.173      1.459588
   0.177      1.461110
   0.180      1.462659
   0.183      1.464237
   0.187      1.465843
   0.190      1.467476
   0.193      1.469138
   0.197      1.470827
   0.200      1.472544
   0.203      1.474289
   0.207      1.476061
   0.210      1.477862
   0.213      1.479690
   0.217      1.481546
   0.220      1.483429
   0.223      1.485340
   0.227      1.487279
   0.230      1.489246
   0.233      1.491240
   0.237      1.493262
   0.240      1.495312
   0.243      1.497389
   0.247      1.499494
   0.250      1.501627
   0.253      1.503787
   0.257      1.505975
   0.260      1.508190
   0.263      1.510433
   0.267      1.512704
   0.270      1.515002
   0.273      1.517328
   0.277      1.519681
   0.280      1.522062
   0.283      1.524471
   0.287      1.526907
   0.290      1.529370
   0.293      1.531862
   0.297      1.534380
   0.300      1.536926
   0.303      1.539500
   0.307      1.542101
   0.310      1.544730
   0.313      1.547386
   0.317      1.550070
   0.320      1.552781
   0.323      1.555519
   0.327      1.558285
   0.330      1.561079
   0.333      1.563900
   0.337      1.566748
   0.340      1.569624
   0.343      1.572527
   0.347      1.575457
   0.350      1.578414
   0.353      1.581399
   0.357      1.584411
   0.360      1.587451
   0.363      1.590517
   0.367      1.593611
   0.370      1.596732
   0.373      1.599880
   0.377      1.603055
   0.380      1.606257
   0.383      1.609486
   0.387      1.612742
   0.390      1.616024
   0.393      1.619334
   0.397      1.622671
   0.400      1.626034
   0.403      1.629423
   0.407      1.632840
   0.410      1.636283
   0.413      1.639752
   0.417      1.643248
   0.420      1.646770
   0.423      1.650318
   0.427      1.653893
   0.430      1.657493
   0.433      1.661120
   0.437      1.664772
   0.440      1.668450
   0.443      1.672154
   0.447      1.675883
   0.450      1.679638
   0.453      1.683418
   0.457      1.687223
   0.460      1.691054
   0.463      1.694909
   0.467      1.698789
   0.470      1.702693
   0.473      1.706622
   0.477      1.710576
   0.480      1.714553
   0.483      1.718555
   0.487      1.722580
   0.490      1.726629
   0.493      1.730701
   0.497      1.734797
   0.500      1.738915
   0.503      1.743057
   0.507      1.747220
   0.510      1.751407
   0.513      1.755615
   0.517      1.759845
   0.520      1.764097
   0.523      1.768370
   0.527      1.772664
   0.530      1.776979
   0.533      1.781315
   0.537      1.785670
   0.540      1.790046
   0.543      1.794441
   0.547      1.798856
   0.550      1.803289
   0.553      1.807741
   0.557      1.812212
   0.560      1.816700
   0.563      1.821206
   0.567      1.825729
   0.570      1.830269
   0.573      1.834826
   0.577      1.839398
   0.580      1.843986
   0.583      1.848589
   0.587      1.853207
   0.590      1.857839
   0.593      1.862485
   0.597      1.867144
   0.600      1.871816
   0.603      1.876501
   0.607      1.881198
   0.610      1.885905
   0.613      1.890624
   0.617      1.895353
   0.620      1.900092
   0.623      1.904841
   0.627      1.909597
   0.630      1.914362
   0.633      1.919135
   0.637      1.923914
   0.640      1.928700
   0.643      1.933491
   0.647      1.938288
   0.650      1.943089
   0.653      1.947893
   0.657      1.952701
   0.660      1.957511
   0.663      1.962323
   0.667      1.967135
   0.670      1.971948
   0.673      1.976761
   0.677      1.981572
   0.680      1.986381
   0.683      1.991188
   0.687      1.995991
   0.690      2.000790
   0.693      2.005583
   0.697      2.010371
   0.700      2.015152
   0.703      2.019925
   0.707      2.024689
   0.710      2.029445
   0.713      2.034190
   0.717      2.038924
   0.720      2.043646
   0.723      2.048354
   0.727      2.053050
   0.730      2.057730
   0.733      2.062394
   0.737      2.067042
   0.740      2.071672
   0.743      2.076283
   0.747      2.080874
   0.750      2.085445
   0.753      2.089994
   0.757      2.094520
   0.760      2.099022
   0.763      2.103500
   0.767      2.107951
   0.770      2.112375
   0.773      2.116771
   0.777      2.121138
   0.780      2.125475
   0.783      2.129780
   0.787      2.134052
   0.790      2.138291
   0.793      2.142495
   0.797      2.146663
   0.800      2.150793
   0.803      2.154885
   0.807      2.158938
   0.810      2.162950
   0.813      2.166919
   0.817      2.170846
   0.820      2.174728
   0.823      2.178565
   0.827      2.182355
   0.830      2.186096
   0.833      2.189789
   0.837      2.193431
   0.840      2.197021
   0.843      2.200558
   0.847      2.204041
   0.850      2.207468
   0.853      2.210838
   0.857      2.214150
   0.860      2.217403
   0.863      2.220595
   0.867      2.223726
   0.870      2.226793
   0.873      2.229796
   0.877      2.232733
   0.880      2.235603
   0.883      2.238404
   0.887      2.241136
   0.890      2.243798
   0.893      2.246387
   0.897      2.248903
   0.900      2.251344
   0.903      2.253709
   0.907      2.255997
   0.910      2.258207
   0.913      2.260337
   0.917      2.262386
   0.920      2.264353
   0.923      2.266236
   0.927      2.268035
   0.930      2.269748
   0.933      2.271374
   0.937      2.272912
   0.940      2.274360
   0.943      2.275718
   0.947      2.276984
   0.950      2.278157
   0.953      2.279236
   0.957      2.280220
   0.960      2.281107
   0.963      2.281897
   0.967      2.282588
   0.970      2.283179
   0.973      2.283670
   0.977      2.284059
   0.980      2.284345
   0.983      2.284527
   0.987      2.284605
   0.990      2.284576
   0.993      2.284441
   0.997      2.284197
   1.000      2.283845
   1.003      2.283384
   1.007      2.282811
   1.010      2.282127
   1.013      2.281331
   1.017      2.280422
   1.020      2.279399
   1.023      2.278261
   1.027      2.277007
   1.030      2.275637
   1.033      2.274150
   1.037      2.272545
   1.040      2.270822
   1.043      2.268979
   1.047      2.267017
   1.050      2.264935
   1.053      2.262731
   1.057      2.260406
   1.060      2.257959
   1.063      2.255390
   1.067      2.252697
   1.070      2.249881
   1.073      2.246941
   1.077      2.243877
   1.080      2.240688
   1.083      2.237374
   1.087      2.233934
   1.090      2.230369
   1.093      2.226678
   1.097      2.222862
   1.100      2.218918
   1.103      2.214848
   1.107      2.210652
   1.110      2.206329
   1.113      2.201879
   1.117      2.197302
   1.120      2.192598
   1.123      2.187767
   1.127      2.182810
   1.130      2.177725
   1.133      2.172514
   1.137      2.167176
   1.140      2.161712
   1.143      2.156122
   1.147      2.150405
   1.150      2.144563
   1.153      2.138595
   1.157      2.132502
   1.160      2.126285
   1.163      2.119942
   1.167      2.113476
   1.170      2.106886
   1.173      2.100172
   1.177      2.093336
   1.180      2.086378
   1.183      2.079298
   1.187      2.072096
   1.190      2.064775
   1.193      2.057333
   1.197      2.049772
   1.200      2.042092
   1.203      2.034295
   1.207      2.026380
   1.210      2.018349
   1.213      2.010203
   1.217      2.001941
   1.220      1.993566
   1.223      1.985077
   1.227      1.976477
   1.230      1.967765
   1.233      1.958943
   1.237      1.950011
   1.240      1.940971
   1.243      1.931823
   1.247      1.922569
   1.250      1.913210
   1.253      1.903747
   1.257      1.894180
   1.260      1.884512
   1.263      1.874742
   1.267      1.864873
   1.270      1.854905
   1.273      1.844840
   1.277      1.834679
   1.280      1.824423
   1.283      1.814074
   1.287      1.803632
   1.290      1.793099
   1.293      1.782476
   1.297      1.771764
   1.300      1.760966
   1.303      1.750082
   1.307      1.739113
   1.310      1.728062
   1.313      1.716929
   1.317      1.705715
   1.320      1.694423
   1.323      1.683054
   1.327      1.671608
   1.330      1.660088
   1.333      1.648495
   1.337      1.636831
   1.340      1.625096
   1.343      1.613293
   1.347      1.601423
   1.350      1.589487
   1.353      1.577488
   1.357      1.565425
   1.360      1.553302
   1.363      1.541119
   1.367      1.528879
   1.370      1.516582
   1.373      1.504230
   1.377      1.491825
   1.380      1.479368
   1.383      1.466861
   1.387      1.454305
   1.390      1.441702
   1.393      1.429054
   1.397      1.416362
   1.400      1.403627
   1.403      1.390852
   1.407      1.378037
   1.410      1.365185
   1.413      1.352297
   1.417      1.339374
   1.420      1.326418
   1.423      1.313430
   1.427      1.300413
   1.430      1.287367
   1.433      1.274294
   1.437      1.261197
   1.440      1.248075
   1.443      1.234931
   1.447      1.221767
   1.450      1.208583
   1.453      1.195381
   1.457      1.182164
   1.460      1.168932
   1.463      1.155686
   1.467      1.142429
   1.470      1.129162
   1.473      1.115885
   1.477      1.102602
   1.480      1.089313
   1.483      1.076019
   1.487      1.062723
   1.490      1.049424
   1.493      1.036126
   1.497      1.022829
   1.500      1.009535
   1.503      0.996244
   1.507      0.982959
   1.510      0.969681
   1.513      0.956411
   1.517      0.943151
   1.520      0.929901
   1.523      0.916663
   1.527      0.903439
   1.530      0.890229
   1.533      0.877036
   1.537      0.863859
   1.540      0.850702
   1.543      0.837563
   1.547      0.824446
   1.550      0.811351
   1.553      0.798279
   1.557      0.785232
   1.560      0.772210
   1.563      0.759216
   1.567      0.746249
   1.570      0.733312
   1.573      0.720404
   1.577      0.707528
   1.580      0.694685
   1.583      0.681875
   1.587      0.669100
   1.590      0.656360
   1.593      0.643657
   1.597      0.630991
   1.600      0.618364
   1.603      0.605777
   1.607      0.593231
   1.610      0.580726
   1.613      0.568263
   1.617      0.555844
   1.620      0.543469
   1.623      0.531140
   1.627      0.518856
   1.630      0.506620
   1.633      0.494431
   1.637      0.482291
   1.640      0.470201
   1.643      0.458160
   1.647      0.446171
   1.650      0.434234
   1.653      0.422349
   1.657      0.410518
   1.660      0.398741
   1.663      0.387018
   1.667      0.375351
   1.670      0.363741
   1.673      0.352187
   1.677      0.340690
   1.680      0.329252
   1.683      0.317873
   1.687      0.306553
   1.690      0.295293
   1.693      0.284093
   1.697      0.272955
   1.700      0.261878
   1.703      0.250864
   1.707      0.239913
   1.710      0.229024
   1.713      0.218200
   1.717      0.207440
   1.720      0.196744
   1.723      0.186114
   1.727      0.175550
   1.730      0.165051
   1.733      0.154619
   1.737      0.144254
   1.740      0.133956
   1.743      0.123726
   1.747      0.113564
   1.750      0.103471
   1.753      0.093446
   1.757      0.083490
   1.760      0.073603
   1.763      0.063787
   1.767      0.054040
   1.770      0.044363
   1.773      0.034757
   1.777      0.025222
   1.780      0.015758
   1.783      0.006364
   1.787     -0.002957
   1.790     -0.012207
   1.793     -0.021385
   1.797     -0.030492
   1.800     -0.039525
   1.803     -0.048487
   1.807     -0.057376
   1.810     -0.066193
   1.813     -0.074936
   1.817     -0.083607
   1.820     -0.092205
   1.823     -0.100730
   1.827     -0.109181
   1.830     -0.117559
   1.833     -0.125864
   1.837     -0.134096
   1.840     -0.142254
   1.843     -0.150339
   1.847     -0.158350
   1.850     -0.166288
   1.853     -0.174153
   1.857     -0.181943
   1.860     -0.189661
   1.863     -0.197305
   1.867     -0.204875
   1.870     -0.212373
   1.873     -0.219796
   1.877     -0.227147
   1.880     -0.234424
   1.883     -0.241629
   1.887     -0.248760
   1.890     -0.255818
   1.893     -0.262803
   1.897     -0.269716
   1.900     -0.276556
   1.903     -0.283323
   1.907     -0.290018
   1.910     -0.296641
   1.913     -0.303191
   1.917     -0.309670
   1.920     -0.316077
   1.923     -0.322412
   1.927     -0.328676
   1.930     -0.334868
   1.933     -0.340989
   1.937     -0.347040
   1.940     -0.353019
   1.943     -0.358928
   1.947     -0.364767
   1.950     -0.370535
   1.953     -0.376234
   1.957     -0.381863
   1.960     -0.387423
   1.963     -0.392913
   1.967     -0.398334
   1.970     -0.403687
   1.973     -0.408971
   1.977     -0.414187
   1.980     -0.419335
   1.983     -0.424416
   1.987     -0.429429
   1.990     -0.434375
   1.993     -0.439254
   1.997     -0.444066
   2.000     -0.448812
   2.003     -0.453493
   2.007     -0.458107
   2.010     -0.462657
   2.013     -0.467141
   2.017     -0.471560
   2.020     -0.475915
   2.023     -0.480206
   2.027     -0.484433
   2.030     -0.488597
   2.033     -0.492697
   2.037     -0.496735
   2.040     -0.500710
   2.043     -0.504623
   2.047     -0.508474
   2.050     -0.512264
   2.053     -0.515992
   2.057     -0.519660
   2.060     -0.523268
   2.063     -0.526815
   2.067     -0.530303
   2.070     -0.533731
   2.073     -0.537100
   2.077     -0.540411
   2.080     -0.543664
   2.083     -0.546858
   2.087     -0.549995
   2.090     -0.553075
   2.093     -0.556099
   2.097     -0.559065
   2.100     -0.561976
   2.103     -0.564831
   2.107     -0.567631
   2.110     -0.570376
   2.113     -0.573067
   2.117     -0.575703
   2.120     -0.578286
   2.123     -0.580815
   2.127     -0.583291
   2.130     -0.585715
   2.133     -0.588087
   2.137     -0.590407
   2.140     -0.592675
   2.143     -0.594893
   2.147     -0.597059
   2.150     -0.599176
   2.153     -0.601243
   2.157     -0.603260
   2.160     -0.605228
   2.163     -0.607148
   2.167     -0.609019
   2.170     -0.610843
   2.173     -0.612619
   2.177     -0.614348
   2.180     -0.616030
   2.183     -0.617666
   2.187     -0.619256
   2.190     -0.620801
   2.193     -0.622300
   2.197     -0.623755
   2.200     -0.625166
   2.203     -0.626532
   2.207     -0.627855
   2.210     -0.629135
   2.213     -0.630373
   2.217     -0.631568
   2.220     -0.632720
   2.223     -0.633832
   2.227     -0.634902
   2.230     -0.635931
   2.233     -0.636920
   2.237     -0.637869
   2.240     -0.638779
   2.243     -0.639649
   2.247     -0.640480
   2.250     -0.641273
   2.253     -0.642028
   2.257     -0.642745
   2.260     -0.643424
   2.263     -0.644067
   2.267     -0.644673
   2.270     -0.645243
   2.273     -0.645778
   2.277     -0.646276
   2.280     -0.646740
   2.283     -0.647169
   2.287     -0.647564
   2.290     -0.647925
   2.293     -0.648252
   2.297     -0.648546
   2.300     -0.648807
   2.303     -0.649035
   2.307     -0.649232
   2.310     -0.649397
   2.313     -0.649530
   2.317     -0.649632
   2.320     -0.649704
   2.323     -0.649745
   2.327     -0.649757
   2.330     -0.649738
   2.333     -0.649691
   2.337     -0.649614
   2.340     -0.649509
   2.343     -0.649376
   2.347     -0.649215
   2.350     -0.649026
   2.353     -0.648810
   2.357     -0.648567
   2.360     -0.648298
   2.363     -0.648002
   2.367     -0.647680
   2.370     -0.647333
   2.373     -0.646961
   2.377     -0.646564
   2.380     -0.646142
   2.383     -0.645696
   2.387     -0.645226
   2.390     -0.644732
   2.393     -0.644215
   2.397     -0.643675
   2.400     -0.643113
   2.403     -0.642528
   2.407     -0.641921
   2.410     -0.641292
   2.413     -0.640642
   2.417     -0.639971
   2.420     -0.639278
   2.423     -0.638566
   2.427     -0.637833
   2.430     -0.637080
   2.433     -0.636307
   2.437     -0.635515
   2.440     -0.634704
   2.443     -0.633874
   2.447     -0.633025
   2.450     -0.632158
   2.453     -0.631274
   2.457     -0.630371
   2.460     -0.629451
   2.463     -0.628514
   2.467     -0.627560
   2.470     -0.626590
   2.473     -0.625603
   2.477     -0.624600
   2.480     -0.623581
   2.483     -0.622546
   2.487     -0.621497
   2.490     -0.620432
   2.493     -0.619352
   2.497     -0.618258
   2.500     -0.617150
   2.503     -0.616027
   2.507     -0.614891
   2.510     -0.613741
   2.513     -0.612578
   2.517     -0.611401
   2.520     -0.610212
   2.523     -0.609010
   2.527     -0.607796
   2.530     -0.606569
   2.533     -0.605331
   2.537     -0.604081
   2.540     -0.602819
   2.543     -0.601546
   2.547     -0.600262
   2.550     -0.598967
   2.553     -0.597662
   2.557     -0.596346
   2.560     -0.595019
   2.563     -0.593683
   2.567     -0.592337
   2.570     -0.590982
   2.573     -0.589617
   2.577     -0.588243
   2.580     -0.586859
   2.583     -0.585468
   2.587     -0.584067
   2.590     -0.582658
   2.593     -0.581241
   2.597     -0.579815
   2.600     -0.578382
   2.603     -0.576941
   2.607     -0.575493
   2.610     -0.574038
   2.613     -0.572575
   2.617     -0.571105
   2.620     -0.569629
   2.623     -0.568145
   2.627     -0.566656
   2.630     -0.565160
   2.633     -0.563658
   2.637     -0.562150
   2.640     -0.560637
   2.643     -0.559117
   2.647     -0.557592
   2.650     -0.556062
   2.653     -0.554527
   2.657     -0.552987
   2.660     -0.551442
   2.663     -0.549892
   2.667     -0.548338
   2.670     -0.546779
   2.673     -0.545216
   2.677     -0.543649
   2.680     -0.542077
   2.683     -0.540503
   2.687     -0.538924
   2.690     -0.537342
   2.693     -0.535756
   2.697     -0.534167
   2.700     -0.532575
   2.703     -0.530980
   2.707     -0.529381
   2.710     -0.527781
   2.713     -0.526177
   2.717     -0.524571
   2.720     -0.522962
   2.723     -0.521351
   2.727     -0.519738
   2.730     -0.518123
   2.733     -0.516506
   2.737     -0.514887
   2.740     -0.513267
   2.743     -0.511644
   2.747     -0.510021
   2.750     -0.508395
   2.753     -0.506769
   2.757     -0.505141
   2.760     -0.503512
   2.763     -0.501882
   2.767     -0.500252
   2.770     -0.498620
   2.773     -0.496988
   2.777     -0.495355
   2.780     -0.493722
   2.783     -0.492088
   2.787     -0.490454
   2.790     -0.488820
   2.793     -0.487185
   2.797     -0.485551
   2.800     -0.483916
   2.803     -0.482282
   2.807     -0.480648
   2.810     -0.479014
   2.813     -0.477380
   2.817     -0.475747
   2.820     -0.474114
   2.823     -0.472482
   2.827     -0.470851
   2.830     -0.469220
   2.833     -0.467590
   2.837     -0.465961
   2.840     -0.464333
   2.843     -0.462706
   2.847     -0.461081
   2.850     -0.459456
   2.853     -0.457832
   2.857     -0.456210
   2.860     -0.454589
   2.863     -0.452970
   2.867     -0.451352
   2.870     -0.449736
   2.873     -0.448121
   2.877     -0.446508
   2.880     -0.444896
   2.883     -0.443286
   2.887     -0.441679
   2.890     -0.440073
   2.893     -0.438469
   2.897     -0.436867
   2.900     -0.435267
   2.903     -0.433669
   2.907     -0.432073
   2.910     -0.430480
   2.913     -0.428888
   2.917     -0.427299
   2.920     -0.425713
   2.923     -0.424129
   2.927     -0.422547
   2.930     -0.420967
   2.933     -0.419390
   2.937     -0.417816
   2.940     -0.416244
   2.943     -0.414675
   2.947     -0.413109
   2.950     -0.411545
   2.953     -0.409984
   2.957     -0.408426
   2.960     -0.406871
   2.963     -0.405318
   2.967     -0.403769
   2.970     -0.402222
   2.973     -0.400679
   2.977     -0.399138
   2.980     -0.397600
   2.983     -0.396066
   2.987     -0.394534
   2.990     -0.393006
   2.993     -0.391481
   2.997     -0.389958
   3.000     -0.388440
   3.003     -0.386924
   3.007     -0.385412
   3.010     -0.383902
   3.013     -0.382397
   3.017     -0.380894
   3.020     -0.379395
   3.023     -0.377899
   3.027     -0.376407
   3.030     -0.374918
   3.033     -0.373432
   3.037     -0.371950
   3.040     -0.370472
   3.043     -0.368997
   3.047     -0.367525
   3.050     -0.366057
   3.053     -0.364593
   3.057     -0.363132
   3.060     -0.361675
   3.063     -0.360221
   3.067     -0.358771
   3.070     -0.357324
   3.073     -0.355882
   3.077     -0.354443
   3.080     -0.353007
   3.083     -0.351575
   3.087     -0.350147
   3.090     -0.348723
   3.093     -0.347302
   3.097     -0.345886
   3.100     -0.344473
   3.103     -0.343063
   3.107     -0.341658
   3.110     -0.340256
   3.113     -0.338858
   3.117     -0.337464
   3.120     -0.336073
   3.123     -0.334687
   3.127     -0.333304
   3.130     -0.331925
   3.133     -0.330550
   3.137     -0.329179
   3.140     -0.327812
   3.143     -0.326448
   3.147     -0.325089
   3.150     -0.323733
   3.153     -0.322381
   3.157     -0.321033
   3.160     -0.319689
   3.163     -0.318349
   3.167     -0.317012
   3.170     -0.315680
   3.173     -0.314351
   3.177     -0.313027
   3.180     -0.311706
   3.183     -0.310389
   3.187     -0.309076
   3.190     -0.307767
   3.193     -0.306462
   3.197     -0.305161
   3.200     -0.303863
   3.203     -0.302570
   3.207     -0.301281
   3.210     -0.299995
   3.213     -0.298713
   3.217     -0.297436
   3.220     -0.296162
   3.223     -0.294892
   3.227     -0.293626
   3.230     -0.292364
   3.233     -0.291105
   3.237     -0.289851
   3.240     -0.288600
   3.243     -0.287354
   3.247     -0.286111
   3.250     -0.284872
   3.253     -0.283638
   3.257     -0.282407
   3.260     -0.281179
   3.263     -0.279956
   3.267     -0.278737
   3.270     -0.277521
   3.273     -0.276310
   3.277     -0.275102
   3.280     -0.273898
   3.283     -0.272698
   3.287     -0.271501
   3.290     -0.270309
   3.293     -0.269120
   3.297     -0.267936
   3.300     -0.266755
   3.303     -0.265578
   3.307     -0.264404
   3.310     -0.263235
   3.313     -0.262069
   3.317     -0.260907
   3.320     -0.259749
   3.323     -0.258594
   3.327     -0.257444
   3.330     -0.256297
   3.333     -0.255154
   3.337     -0.254015
   3.340     -0.252879
   3.343     -0.251747
   3.347     -0.250619
   3.350     -0.249495
   3.353     -0.248374
   3.357     -0.247257
   3.360     -0.246144
   3.363     -0.245034
   3.367     -0.243928
   3.370     -0.242826
   3.373     -0.241727
   3.377     -0.240632
   3.380     -0.239541
   3.383     -0.238453
   3.387     -0.237369
   3.390     -0.236289
   3.393     -0.235212
   3.397     -0.234139
   3.400     -0.233069
   3.403     -0.232003
   3.407     -0.230941
   3.410     -0.229882
   3.413     -0.228827
   3.417     -0.227775
   3.420     -0.226727
   3.423     -0.225682
   3.427     -0.224641
   3.430     -0.223604
   3.433     -0.222569
   3.437     -0.221539
   3.440     -0.220512
   3.443     -0.219488
   3.447     -0.218468
   3.450     -0.217451
   3.453     -0.216438
   3.457     -0.215428
   3.460     -0.214421
   3.463     -0.213418
   3.467     -0.212419
   3.470     -0.211422
   3.473     -0.210430
   3.477     -0.209440
   3.480     -0.208454
   3.483     -0.207471
   3.487     -0.206492
   3.490     -0.205516
   3.493     -0.204543
   3.497     -0.203574
   3.500     -0.202607
   3.503     -0.201645
   3.507     -0.200685
   3.510     -0.199729
   3.513     -0.198776
   3.517     -0.197826
   3.520     -0.196879
   3.523     -0.195936
   3.527     -0.194996
   3.530     -0.194059
   3.533     -0.193125
   3.537     -0.192195
   3.540     -0.191268
   3.543     -0.190343
   3.547     -0.189422
   3.550     -0.188505
   3.553     -0.187590
   3.557     -0.186678
   3.560     -0.185770
   3.563     -0.184864
   3.567     -0.183962
   3.570     -0.183063
   3.573     -0.182167
   3.577     -0.181274
   3.580     -0.180384
   3.583     -0.179497
   3.587     -0.178613
   3.590     -0.177732
   3.593     -0.176854
   3.597     -0.175979
   3.600     -0.175107
   3.603     -0.174238
   3.607     -0.173372
   3.610     -0.172509
   3.613     -0.171649
   3.617     -0.170792
   3.620     -0.169937
   3.623     -0.169086
   3.627     -0.168238
   3.630     -0.167392
   3.633     -0.166549
   3.637     -0.165710
   3.640     -0.164873
   3.643     -0.164039
   3.647     -0.163207
   3.650     -0.162379
   3.653     -0.161553
   3.657     -0.160730
   3.660     -0.159910
   3.663     -0.159093
   3.667     -0.158279
   3.670     -0.157467
   3.673     -0.156658
   3.677     -0.155852
   3.680     -0.155048
   3.683     -0.154247
   3.687     -0.153449
   3.690     -0.152654
   3.693     -0.151861
   3.697     -0.151071
   3.700     -0.150284
   3.703     -0.149499
   3.707     -0.148717
   3.710     -0.147938
   3.713     -0.147161
   3.717     -0.146387
   3.720     -0.145615
   3.723     -0.144846
   3.727     -0.144080
   3.730     -0.143316
   3.733     -0.142555
   3.737     -0.141796
   3.740     -0.141040
   3.743     -0.140287
   3.747     -0.139536
   3.750     -0.138787
   3.753     -0.138041
   3.757     -0.137297
   3.760     -0.136556
   3.763     -0.135818
   3.767     -0.135082
   3.770     -0.134348
   3.773     -0.133617
   3.777     -0.132888
   3.780     -0.132161
   3.783     -0.131437
   3.787     -0.130716
   3.790     -0.129997
   3.793     -0.129280
   3.797     -0.128566
   3.800     -0.127853
   3.803     -0.127144
   3.807     -0.126436
   3.810     -0.125731
   3.813     -0.125029
   3.817     -0.124328
   3.820     -0.123630
   3.823     -0.122934
   3.827     -0.122241
   3.830     -0.121550
   3.833     -0.120861
   3.837     -0.120174
   3.840     -0.119490
   3.843     -0.118807
   3.847     -0.118127
   3.850     -0.117450
   3.853     -0.116774
   3.857     -0.116101
   3.860     -0.115430
   3.863     -0.114761
   3.867     -0.114094
   3.870     -0.113429
   3.873     -0.112767
   3.877     -0.112106
   3.880     -0.111448
   3.883     -0.110792
   3.887     -0.110138
   3.890     -0.109486
   3.893     -0.108836
   3.897     -0.108189
   3.900     -0.107543
   3.903     -0.106900
   3.907     -0.106258
   3.910     -0.105619
   3.913     -0.104981
   3.917     -0.104346
   3.920     -0.103713
   3.923     -0.103081
   3.927     -0.102452
   3.930     -0.101825
   3.933     -0.101199
   3.937     -0.100576
   3.940     -0.099955
   3.943     -0.099335
   3.947     -0.098718
   3.950     -0.098102
   3.953     -0.097489
   3.957     -0.096877
   3.960     -0.096268
   3.963     -0.095660
   3.967     -0.095054
   3.970     -0.094450
   3.973     -0.093848
   3.977     -0.093248
   3.980     -0.092649
   3.983     -0.092053
   3.987     -0.091458
   3.990     -0.090865
   3.993     -0.090274
   3.997     -0.089685
   4.000     -0.089098
   4.003     -0.088512
   4.007     -0.087928
   4.010     -0.087346
   4.013     -0.086766
   4.017     -0.086188
   4.020     -0.085611
   4.023     -0.085036
   4.027     -0.084463
   4.030     -0.083892
   4.033     -0.083322
   4.037     -0.082754
   4.040     -0.082188
   4.043     -0.081624
   4.047     -0.081061
   4.050     -0.080500
   4.053     -0.079940
   4.057     -0.079383
   4.060     -0.078826
   4.063     -0.078272
   4.067     -0.077719
   4.070     -0.077168
   4.073     -0.076619
   4.077     -0.076071
   4.080     -0.075525
   4.083     -0.074980
   4.087     -0.074437
   4.090     -0.073896
   4.093     -0.073356
   4.097     -0.072818
   4.100     -0.072281
   4.103     -0.071746
   4.107     -0.071212
   4.110     -0.070680
   4.113     -0.070150
   4.117     -0.069621
   4.120     -0.069094
   4.123     -0.068568
   4.127     -0.068043
   4.130     -0.067521
   4.133     -0.066999
   4.137     -0.066479
   4.140     -0.065961
   4.143     -0.065444
   4.147     -0.064929
   4.150     -0.064415
   4.153     -0.063902
   4.157     -0.063391
   4.160     -0.062881
   4.163     -0.062373
   4.167     -0.061867
   4.170     -0.061361
   4.173     -0.060857
   4.177     -0.060355
   4.180     -0.059854
   4.183     -0.059354
   4.187     -0.058855
   4.190     -0.058358
   4.193     -0.057863
   4.197     -0.057368
   4.200     -0.056876
   4.203     -0.056384
   4.207     -0.055894
   4.210     -0.055405
   4.213     -0.054917
   4.217     -0.054431
   4.220     -0.053946
   4.223     -0.053462
   4.227     -0.052980
   4.230     -0.052499
   4.233     -0.052019
   4.237     -0.051540
   4.240     -0.051063
   4.243     -0.050587
   4.247     -0.050112
   4.250     -0.049639
   4.253     -0.049167
   4.257     -0.048696
   4.260     -0.048226
   4.263     -0.047757
   4.267     -0.047290
   4.270     -0.046824
   4.273     -0.046359
   4.277     -0.045895
   4.280     -0.045432
   4.283     -0.044971
   4.287     -0.044511
   4.290     -0.044052
   4.293     -0.043594
   4.297     -0.043137
   4.300     -0.042682
   4.303     -0.042227
   4.307     -0.041774
   4.310     -0.041322
   4.313     -0.040870
   4.317     -0.040421
   4.320     -0.039972
   4.323     -0.039524
   4.327     -0.039077
   4.330     -0.038632
   4.333     -0.038187
   4.337     -0.037744
   4.340     -0.037301
   4.343     -0.036860
   4.347     -0.036420
   4.350     -0.035981
   4.353     -0.035543
   4.357     -0.035105
   4.360     -0.034669
   4.363     -0.034234
   4.367     -0.033800
   4.370     -0.033367
   4.373     -0.032935
   4.377     -0.032504
   4.380     -0.032074
   4.383     -0.031645
   4.387     -0.031217
   4.390     -0.030790
   4.393     -0.030364
   4.397     -0.029939
   4.400     -0.029515
   4.403     -0.029092
   4.407     -0.028669
   4.410     -0.028248
   4.413     -0.027827
   4.417     -0.027408
   4.420     -0.026989
   4.423     -0.026572
   4.427     -0.026155
   4.430     -0.025739
   4.433     -0.025324
   4.437     -0.024910
   4.440     -0.024497
   4.443     -0.024085
   4.447     -0.023673
   4.450     -0.023263
   4.453     -0.022853
   4.457     -0.022444
   4.460     -0.022036
   4.463     -0.021629
   4.467     -0.021223
   4.470     -0.020817
   4.473     -0.020413
   4.477     -0.020009
   4.480     -0.019606
   4.483     -0.019204
   4.487     -0.018802
   4.490     -0.018402
   4.493     -0.018002
   4.497     -0.017603
   4.500     -0.017205
   4.503     -0.016807
   4.507     -0.016410
   4.510     -0.016014
   4.513     -0.015619
   4.517     -0.015225
   4.520     -0.014831
   4.523     -0.014438
   4.527     -0.014046
   4.530     -0.013654
   4.533     -0.013264
   4.537     -0.012874
   4.540     -0.012484
   4.543     -0.012096
   4.547     -0.011708
   4.550     -0.011321
   4.553     -0.010934
   4.557     -0.010548
   4.560     -0.010163
   4.563     -0.009778
   4.567     -0.009395
   4.570     -0.009011
   4.573     -0.008629
   4.577     -0.008247
   4.580     -0.007866
   4.583     -0.007485
   4.587     -0.007105
   4.590     -0.006726
   4.593     -0.006347
   4.597     -0.005969
   4.600     -0.005592
   4.603     -0.005215
   4.607     -0.004839
   4.610     -0.004463
   4.613     -0.004088
   4.617     -0.003714
   4.620     -0.003340
   4.623     -0.002966
   4.627     -0.002594
   4.630     -0.002221
   4.633     -0.001850
   4.637     -0.001479
   4.640     -0.001108
   4.643     -0.000738
   4.647     -0.000369
   4.650      0.000000
