   0.000      0.905147
   0.003      0.905147
   0.007      0.905147
   0.010      0.905147
   0.013      0.905147
   0.017      0.905147
   0.020      0.905147
   0.023      0.905147
   0.026      0.905147
   0.030      0.905147
   0.033      0.905147
   0.036      0.905147
   0.040      0.905147
   0.043      0.905147
   0.046      0.905147
   0.050      0.905147
   0.053      0.905147
   0.056      0.905147
   0.060      0.905147
   0.063      0.905147
   0.066      0.905146
   0.069      0.905146
   0.073      0.905146
   0.076      0.905146
   0.079      0.905146
   0.083      0.905145
   0.086      0.905145
   0.089      0.905145
   0.093      0.905144
   0.096      0.905144
   0.099      0.905143
   0.103      0.905143
   0.106      0.905142
   0.109      0.905141
   0.112      0.905140
   0.116      0.905140
   0.119      0.905139
   0.122      0.905138
   0.126      0.905136
   0.129      0.905135
   0.132      0.905134
   0.136      0.905132
   0.139      0.905131
   0.142      0.905129
   0.146      0.905127
   0.149      0.905126
   0.152      0.905124
   0.155      0.905121
   0.159      0.905119
   0.162      0.905116
   0.165      0.905114
   0.169      0.905111
   0.172      0.905108
   0.175      0.905105
   0.179      0.905101
   0.182      0.905097
   0.185      0.905094
   0.189      0.905089
   0.192      0.905085
   0.195      0.905080
   0.198      0.905076
   0.202      0.905070
   0.205      0.905065
   0.208      0.905059
   0.212      0.905053
   0.215      0.905047
   0.218      0.905040
   0.222      0.905033
   0.225      0.905026
   0.228      0.905018
   0.232      0.905010
   0.235      0.905001
   0.238      0.904992
   0.241      0.904983
   0.245      0.904973
   0.248      0.904963
   0.251      0.904952
   0.255      0.904941
   0.258      0.904929
   0.261      0.904917
   0.265      0.904904
   0.268      0.904890
   0.271      0.904876
   0.275      0.904862
   0.278      0.904847
   0.281      0.904831
   0.284      0.904814
   0.288      0.904797
   0.291      0.904779
   0.294      0.904760
   0.298      0.904741
   0.301      0.904721
   0.304      0.904700
   0.308      0.904678
   0.311      0.904655
   0.314      0.904632
   0.318      0.904607
   0.321      0.904582
   0.324      0.904556
   0.327      0.904529
   0.331      0.904500
   0.334      0.904471
   0.337      0.904441
   0.341      0.904409
   0.344      0.904377
   0.347      0.904343
   0.351      0.904308
   0.354      0.904272
   0.357      0.904235
   0.361      0.904196
   0.364      0.904156
   0.367      0.904115
   0.370      0.904072
   0.374      0.904028
   0.377      0.903982
   0.380      0.903935
   0.384      0.903886
   0.387      0.903836
   0.390      0.903784
   0.394      0.903731
   0.397      0.903676
   0.400      0.903619
   0.403      0.903560
   0.407      0.903500
   0.410      0.903438
   0.413      0.903373
   0.417      0.903307
   0.420      0.903239
   0.423      0.903169
   0.427      0.903097
   0.430      0.903022
   0.433      0.902946
   0.437      0.902867
   0.440      0.902786
   0.443      0.902703
   0.446      0.902617
   0.450      0.902529
   0.453      0.902438
   0.456      0.902345
   0.460      0.902249
   0.463      0.902151
   0.466      0.902050
   0.470      0.901946
   0.473      0.901840
   0.476      0.901730
   0.480      0.901618
   0.483      0.901503
   0.486      0.901385
   0.489      0.901264
   0.493      0.901139
   0.496      0.901012
   0.499      0.900881
   0.503      0.900747
   0.506      0.900610
   0.509      0.900469
   0.513      0.900325
   0.516      0.900177
   0.519      0.900026
   0.523      0.899871
   0.526      0.899712
   0.529      0.899549
   0.532      0.899383
   0.536      0.899213
   0.539      0.899039
   0.542      0.898861
   0.546      0.898679
   0.549      0.898492
   0.552      0.898302
   0.556      0.898107
   0.559      0.897908
   0.562      0.897705
   0.566      0.897497
   0.569      0.897284
   0.572      0.897067
   0.575      0.896846
   0.579      0.896620
   0.582      0.896389
   0.585      0.896153
   0.589      0.895912
   0.592      0.895666
   0.595      0.895416
   0.599      0.895160
   0.602      0.894900
   0.605      0.894634
   0.609      0.894363
   0.612      0.894086
   0.615      0.893804
   0.618      0.893517
   0.622      0.893225
   0.625      0.892927
   0.628      0.892623
   0.632      0.892314
   0.635      0.891999
   0.638      0.891678
   0.642      0.891352
   0.645      0.891020
   0.648      0.890681
   0.652      0.890337
   0.655      0.889987
   0.658      0.889631
   0.661      0.889269
   0.665      0.888901
   0.668      0.888526
   0.671      0.888146
   0.675      0.887759
   0.678      0.887366
   0.681      0.886966
   0.685      0.886560
   0.688      0.886148
   0.691      0.885729
   0.695      0.885304
   0.698      0.884872
   0.701      0.884433
   0.704      0.883988
   0.708      0.883537
   0.711      0.883078
   0.714      0.882613
   0.718      0.882142
   0.721      0.881663
   0.724      0.881178
   0.728      0.880686
   0.731      0.880187
   0.734      0.879681
   0.738      0.879168
   0.741      0.878649
   0.744      0.878122
   0.747      0.877589
   0.751      0.877049
   0.754      0.876502
   0.757      0.875947
   0.761      0.875386
   0.764      0.874818
   0.767      0.874243
   0.771      0.873661
   0.774      0.873072
   0.777      0.872475
   0.781      0.871872
   0.784      0.871262
   0.787      0.870645
   0.790      0.870021
   0.794      0.869390
   0.797      0.868751
   0.800      0.868106
   0.804      0.867454
   0.807      0.866795
   0.810      0.866129
   0.814      0.865456
   0.817      0.864776
   0.820      0.864089
   0.824      0.863395
   0.827      0.862695
   0.830      0.861987
   0.833      0.861273
   0.837      0.860551
   0.840      0.859823
   0.843      0.859089
   0.847      0.858347
   0.850      0.857599
   0.853      0.856844
   0.857      0.856082
   0.860      0.855314
   0.863      0.854539
   0.867      0.853758
   0.870      0.852970
   0.873      0.852175
   0.876      0.851374
   0.880      0.850567
   0.883      0.849753
   0.886      0.848933
   0.890      0.848106
   0.893      0.847274
   0.896      0.846435
   0.900      0.845590
   0.903      0.844738
   0.906      0.843881
   0.910      0.843017
   0.913      0.842148
   0.916      0.841272
   0.919      0.840391
   0.923      0.839504
   0.926      0.838611
   0.929      0.837712
   0.933      0.836808
   0.936      0.835898
   0.939      0.834982
   0.943      0.834060
   0.946      0.833134
   0.949      0.832201
   0.953      0.831264
   0.956      0.830321
   0.959      0.829372
   0.962      0.828419
   0.966      0.827460
   0.969      0.826496
   0.972      0.825528
   0.976      0.824554
   0.979      0.823575
   0.982      0.822591
   0.986      0.821603
   0.989      0.820609
   0.992      0.819611
   0.996      0.818609
   0.999      0.817602
   1.002      0.816590
   1.005      0.815574
   1.009      0.814553
   1.012      0.813528
   1.015      0.812499
   1.019      0.811465
   1.022      0.810428
   1.025      0.809386
   1.029      0.808340
   1.032      0.807291
   1.035      0.806237
   1.039      0.805179
   1.042      0.804118
   1.045      0.803053
   1.048      0.801984
   1.052      0.800912
   1.055      0.799836
   1.058      0.798757
   1.062      0.797674
   1.065      0.796588
   1.068      0.795498
   1.072      0.794406
   1.075      0.793310
   1.078      0.792211
   1.082      0.791109
   1.085      0.790004
   1.088      0.788895
   1.091      0.787785
   1.095      0.786671
   1.098      0.785554
   1.101      0.784435
   1.105      0.783313
   1.108      0.782189
   1.111      0.781062
   1.115      0.779932
   1.118      0.778800
   1.121      0.777666
   1.125      0.776530
   1.128      0.775391
   1.131      0.774250
   1.134      0.773107
   1.138      0.771961
   1.141      0.770814
   1.144      0.769665
   1.148      0.768514
   1.151      0.767361
   1.154      0.766206
   1.158      0.765050
   1.161      0.763891
   1.164      0.762732
   1.167      0.761570
   1.171      0.760407
   1.174      0.759243
   1.177      0.758077
   1.181      0.756910
   1.184      0.755741
   1.187      0.754571
   1.191      0.753400
   1.194      0.752228
   1.197      0.751054
   1.201      0.749880
   1.204      0.748704
   1.207      0.747528
   1.210      0.746350
   1.214      0.745172
   1.217      0.743993
   1.220      0.742813
   1.224      0.741632
   1.227      0.740450
   1.230      0.739268
   1.234      0.738085
   1.237      0.736902
   1.240      0.735718
   1.244      0.734534
   1.247      0.733349
   1.250      0.732164
   1.253      0.730978
   1.257      0.729793
   1.260      0.728606
   1.263      0.727420
   1.267      0.726234
   1.270      0.725047
   1.273      0.723860
   1.277      0.722673
   1.280      0.721486
   1.283      0.720299
   1.287      0.719112
   1.290      0.717926
   1.293      0.716739
   1.296      0.715552
   1.300      0.714366
   1.303      0.713180
   1.306      0.711994
   1.310      0.710809
   1.313      0.709623
   1.316      0.708439
   1.320      0.707254
   1.323      0.706070
   1.326      0.704887
   1.330      0.703704
   1.333      0.702521
   1.336      0.701339
   1.339      0.700158
   1.343      0.698977
   1.346      0.697797
   1.349      0.696618
   1.353      0.695439
   1.356      0.694261
   1.359      0.693084
   1.363      0.691908
   1.366      0.690732
   1.369      0.689558
   1.373      0.688384
   1.376      0.687211
   1.379      0.686040
   1.382      0.684869
   1.386      0.683699
   1.389      0.682530
   1.392      0.681362
   1.396      0.680196
   1.399      0.679030
   1.402      0.677866
   1.406      0.676702
   1.409      0.675540
   1.412      0.674379
   1.416      0.673219
   1.419      0.672061
   1.422      0.670904
   1.425      0.669748
   1.429      0.668593
   1.432      0.667440
   1.435      0.666288
   1.439      0.665137
   1.442      0.663988
   1.445      0.662841
   1.449      0.661694
   1.452      0.660549
   1.455      0.659406
   1.459      0.658264
   1.462      0.657124
   1.465      0.655985
   1.468      0.654848
   1.472      0.653712
   1.475      0.652578
   1.478      0.651446
   1.482      0.650315
   1.485      0.649185
   1.488      0.648058
   1.492      0.646932
   1.495      0.645808
   1.498      0.644685
   1.502      0.643564
   1.505      0.642445
   1.508      0.641328
   1.511      0.640212
   1.515      0.639098
   1.518      0.637986
   1.521      0.636876
   1.525      0.635768
   1.528      0.634661
   1.531      0.633557
   1.535      0.632454
   1.538      0.631353
   1.541      0.630254
   1.545      0.629156
   1.548      0.628061
   1.551      0.626968
   1.554      0.625876
   1.558      0.624786
   1.561      0.623699
   1.564      0.622613
   1.568      0.621530
   1.571      0.620448
   1.574      0.619368
   1.578      0.618290
   1.581      0.617215
   1.584      0.616141
   1.588      0.615069
   1.591      0.614000
   1.594      0.612932
   1.597      0.611867
   1.601      0.610803
   1.604      0.609742
   1.607      0.608683
   1.611      0.607625
   1.614      0.606570
   1.617      0.605517
   1.621      0.604466
   1.624      0.603418
   1.627      0.602371
   1.631      0.601326
   1.634      0.600284
   1.637      0.599244
   1.640      0.598206
   1.644      0.597170
   1.647      0.596136
   1.650      0.595104
   1.654      0.594075
   1.657      0.593047
   1.660      0.592022
   1.664      0.590999
   1.667      0.589979
   1.670      0.588960
   1.674      0.587944
   1.677      0.586930
   1.680      0.585918
   1.683      0.584908
   1.687      0.583900
   1.690      0.582895
   1.693      0.581892
   1.697      0.580891
   1.700      0.579893
   1.703      0.578896
   1.707      0.577902
   1.710      0.576910
   1.713      0.575920
   1.717      0.574933
   1.720      0.573948
   1.723      0.572965
   1.726      0.571984
   1.730      0.571006
   1.733      0.570030
   1.736      0.569056
   1.740      0.568084
   1.743      0.567115
   1.746      0.566148
   1.750      0.565183
   1.753      0.564220
   1.756      0.563260
   1.760      0.562302
   1.763      0.561346
   1.766      0.560392
   1.769      0.559441
   1.773      0.558492
   1.776      0.557545
   1.779      0.556601
   1.783      0.555659
   1.786      0.554719
   1.789      0.553781
   1.793      0.552846
   1.796      0.551912
   1.799      0.550982
   1.803      0.550053
   1.806      0.549127
   1.809      0.548203
   1.812      0.547281
   1.816      0.546361
   1.819      0.545444
   1.822      0.544529
   1.826      0.543617
   1.829      0.542706
   1.832      0.541798
   1.836      0.540892
   1.839      0.539988
   1.842      0.539087
   1.846      0.538188
   1.849      0.537291
   1.852      0.536396
   1.855      0.535504
   1.859      0.534614
   1.862      0.533726
   1.865      0.532840
   1.869      0.531957
   1.872      0.531076
   1.875      0.530197
   1.879      0.529320
   1.882      0.528446
   1.885      0.527574
   1.889      0.526704
   1.892      0.525836
   1.895      0.524971
   1.898      0.524107
   1.902      0.523246
   1.905      0.522388
   1.908      0.521531
   1.912      0.520677
   1.915      0.519825
   1.918      0.518975
   1.922      0.518127
   1.925      0.517281
   1.928      0.516438
   1.931      0.515597
   1.935      0.514758
   1.938      0.513921
   1.941      0.513087
   1.945      0.512254
   1.948      0.511424
   1.951      0.510596
   1.955      0.509770
   1.958      0.508947
   1.961      0.508125
   1.965      0.507306
   1.968      0.506489
   1.971      0.505674
   1.974      0.504861
   1.978      0.504050
   1.981      0.503242
   1.984      0.502435
   1.988      0.501631
   1.991      0.500829
   1.994      0.500029
   1.998      0.499231
   2.001      0.498435
   2.004      0.497642
   2.008      0.496850
   2.011      0.496061
   2.014      0.495274
   2.017      0.494488
   2.021      0.493705
   2.024      0.492924
   2.027      0.492145
   2.031      0.491369
   2.034      0.490594
   2.037      0.489821
   2.041      0.489051
   2.044      0.488282
   2.047      0.487516
   2.051      0.486752
   2.054      0.485989
   2.057      0.485229
   2.060      0.484471
   2.064      0.483715
   2.067      0.482961
   2.070      0.482209
   2.074      0.481459
   2.077      0.480711
   2.080      0.479965
   2.084      0.479221
   2.087      0.478479
   2.090      0.477739
   2.094      0.477001
   2.097      0.476265
   2.100      0.475531
   2.103      0.474799
   2.107      0.474069
   2.110      0.473341
   2.113      0.472615
   2.117      0.471891
   2.120      0.471169
   2.123      0.470449
   2.127      0.469731
   2.130      0.469014
   2.133      0.468300
   2.137      0.467588
   2.140      0.466877
   2.143      0.466169
   2.146      0.465462
   2.150      0.464758
   2.153      0.464055
   2.156      0.463354
   2.160      0.462655
   2.163      0.461958
   2.166      0.461263
   2.170      0.460570
   2.173      0.459879
   2.176      0.459190
   2.180      0.458502
   2.183      0.457816
   2.186      0.457133
   2.189      0.456451
   2.193      0.455771
   2.196      0.455092
   2.199      0.454416
   2.203      0.453742
   2.206      0.453069
   2.209      0.452398
   2.213      0.451729
   2.216      0.451062
   2.219      0.450396
   2.223      0.449733
   2.226      0.449071
   2.229      0.448411
   2.232      0.447753
   2.236      0.447097
   2.239      0.446442
   2.242      0.445789
   2.246      0.445138
   2.249      0.444489
   2.252      0.443841
   2.256      0.443196
   2.259      0.442552
   2.262      0.441909
   2.266      0.441269
   2.269      0.440630
   2.272      0.439993
   2.275      0.439358
   2.279      0.438724
   2.282      0.438093
   2.285      0.437462
   2.289      0.436834
   2.292      0.436207
   2.295      0.435582
   2.299      0.434959
   2.302      0.434337
   2.305      0.433717
   2.309      0.433099
   2.312      0.432483
   2.315      0.431868
   2.318      0.431254
   2.322      0.430643
   2.325      0.430033
   2.328      0.429425
   2.332      0.428818
   2.335      0.428213
   2.338      0.427610
   2.342      0.427008
   2.345      0.426408
   2.348      0.425809
   2.352      0.425212
   2.355      0.424617
   2.358      0.424023
   2.361      0.423431
   2.365      0.422841
   2.368      0.422252
   2.371      0.421665
   2.375      0.421079
   2.378      0.420495
   2.381      0.419912
   2.385      0.419331
   2.388      0.418752
   2.391      0.418174
   2.395      0.417597
   2.398      0.417022
   2.401      0.416449
   2.404      0.415877
   2.408      0.415307
   2.411      0.414738
   2.414      0.414171
   2.418      0.413605
   2.421      0.413041
   2.424      0.412479
   2.428      0.411917
   2.431      0.411358
   2.434      0.410799
   2.438      0.410243
   2.441      0.409687
   2.444      0.409134
   2.447      0.408581
   2.451      0.408031
   2.454      0.407481
   2.457      0.406933
   2.461      0.406387
   2.464      0.405842
   2.467      0.405298
   2.471      0.404756
   2.474      0.404215
   2.477      0.403676
   2.481      0.403138
   2.484      0.402601
   2.487      0.402066
   2.490      0.401533
   2.494      0.401000
   2.497      0.400469
   2.500      0.399940
   2.504      0.399412
   2.507      0.398885
   2.510      0.398360
   2.514      0.397836
   2.517      0.397313
   2.520      0.396792
   2.524      0.396272
   2.527      0.395753
   2.530      0.395236
   2.533      0.394720
   2.537      0.394206
   2.540      0.393692
   2.543      0.393181
   2.547      0.392670
   2.550      0.392161
   2.553      0.391653
   2.557      0.391146
   2.560      0.390641
   2.563      0.390137
   2.567      0.389634
   2.570      0.389133
   2.573      0.388633
   2.576      0.388134
   2.580      0.387636
   2.583      0.387140
   2.586      0.386645
   2.590      0.386151
   2.593      0.385658
   2.596      0.385167
   2.600      0.384677
   2.603      0.384188
   2.606      0.383701
   2.610      0.383215
   2.613      0.382729
   2.616      0.382246
   2.619      0.381763
   2.623      0.381282
   2.626      0.380801
   2.629      0.380322
   2.633      0.379845
   2.636      0.379368
   2.639      0.378893
   2.643      0.378418
   2.646      0.377945
