   0.000      0.296722
   0.003      0.296745
   0.007      0.296768
   0.010      0.296806
   0.013      0.296859
   0.017      0.296927
   0.020      0.297011
   0.023      0.297110
   0.027      0.297224
   0.030      0.297353
   0.033      0.297498
   0.037      0.297658
   0.040      0.297833
   0.043      0.298023
   0.047      0.298229
   0.050      0.298450
   0.053      0.298686
   0.057      0.298937
   0.060      0.299204
   0.063      0.299486
   0.067      0.299784
   0.070      0.300096
   0.073      0.300425
   0.077      0.300768
   0.080      0.301127
   0.083      0.301501
   0.087      0.301891
   0.090      0.302296
   0.093      0.302717
   0.097      0.303153
   0.100      0.303605
   0.103      0.304072
   0.107      0.304555
   0.110      0.305053
   0.113      0.305567
   0.117      0.306097
   0.120      0.306642
   0.123      0.307204
   0.127      0.307780
   0.130      0.308373
   0.133      0.308981
   0.137      0.309606
   0.140      0.310246
   0.143      0.310902
   0.147      0.311574
   0.150      0.312262
   0.153      0.312966
   0.157      0.313686
   0.160      0.314422
   0.163      0.315174
   0.167      0.315943
   0.170      0.316728
   0.173      0.317529
   0.177      0.318346
   0.180      0.319180
   0.183      0.320030
   0.187      0.320896
   0.190      0.321779
   0.193      0.322679
   0.197      0.323595
   0.200      0.324528
   0.203      0.325478
   0.207      0.326444
   0.210      0.327428
   0.213      0.328428
   0.217      0.329445
   0.220      0.330479
   0.223      0.331530
   0.227      0.332598
   0.230      0.333683
   0.233      0.334786
   0.237      0.335906
   0.240      0.337043
   0.243      0.338198
   0.247      0.339370
   0.250      0.340559
   0.253      0.341767
   0.257      0.342992
   0.260      0.344234
   0.263      0.345495
   0.267      0.346773
   0.270      0.348069
   0.273      0.349383
   0.277      0.350716
   0.280      0.352066
   0.283      0.353435
   0.287      0.354822
   0.290      0.356227
   0.293      0.357651
   0.297      0.359093
   0.300      0.360554
   0.303      0.362033
   0.307      0.363531
   0.310      0.365048
   0.313      0.366584
   0.317      0.368139
   0.320      0.369712
   0.323      0.371305
   0.327      0.372917
   0.330      0.374548
   0.333      0.376199
   0.337      0.377869
   0.340      0.379558
   0.343      0.381267
   0.347      0.382995
   0.350      0.384743
   0.353      0.386511
   0.357      0.388299
   0.360      0.390106
   0.363      0.391934
   0.367      0.393782
   0.370      0.395649
   0.373      0.397537
   0.377      0.399446
   0.380      0.401374
   0.383      0.403323
   0.387      0.405293
   0.390      0.407283
   0.393      0.409294
   0.397      0.411325
   0.400      0.413377
   0.403      0.415450
   0.407      0.417544
   0.410      0.419660
   0.413      0.421796
   0.417      0.423953
   0.420      0.426132
   0.423      0.428331
   0.427      0.430553
   0.430      0.432795
   0.433      0.435059
   0.437      0.437345
   0.440      0.439652
   0.443      0.441981
   0.447      0.444332
   0.450      0.446704
   0.453      0.449099
   0.457      0.451515
   0.460      0.453953
   0.463      0.456414
   0.467      0.458896
   0.470      0.461401
   0.473      0.463927
   0.477      0.466476
   0.480      0.469048
   0.483      0.471642
   0.487      0.474258
   0.490      0.476896
   0.493      0.479557
   0.497      0.482241
   0.500      0.484947
   0.503      0.487676
   0.507      0.490427
   0.510      0.493201
   0.513      0.495998
   0.517      0.498818
   0.520      0.501660
   0.523      0.504525
   0.527      0.507413
   0.530      0.510324
   0.533      0.513257
   0.537      0.516214
   0.540      0.519193
   0.543      0.522196
   0.547      0.525221
   0.550      0.528269
   0.553      0.531340
   0.557      0.534434
   0.560      0.537551
   0.563      0.540691
   0.567      0.543854
   0.570      0.547039
   0.573      0.550248
   0.577      0.553479
   0.580      0.556734
   0.583      0.560011
   0.587      0.563311
   0.590      0.566633
   0.593      0.569979
   0.597      0.573347
   0.600      0.576738
   0.603      0.580151
   0.607      0.583588
   0.610      0.587046
   0.613      0.590527
   0.617      0.594031
   0.620      0.597557
   0.623      0.601105
   0.627      0.604676
   0.630      0.608269
   0.633      0.611883
   0.637      0.615520
   0.640      0.619179
   0.643      0.622860
   0.647      0.626562
   0.650      0.630286
   0.653      0.634032
   0.657      0.637799
   0.660      0.641588
   0.663      0.645397
   0.667      0.649228
   0.670      0.653080
   0.673      0.656953
   0.677      0.660846
   0.680      0.664760
   0.683      0.668695
   0.687      0.672650
   0.690      0.676625
   0.693      0.680620
   0.697      0.684635
   0.700      0.688670
   0.703      0.692725
   0.707      0.696798
   0.710      0.700891
   0.713      0.705003
   0.717      0.709134
   0.720      0.713283
   0.723      0.717450
   0.727      0.721636
   0.730      0.725840
   0.733      0.730062
   0.737      0.734301
   0.740      0.738558
   0.743      0.742832
   0.747      0.747122
   0.750      0.751429
   0.753      0.755753
   0.757      0.760093
   0.760      0.764448
   0.763      0.768819
   0.767      0.773206
   0.770      0.777607
   0.773      0.782024
   0.777      0.786455
   0.780      0.790900
   0.783      0.795359
   0.787      0.799831
   0.790      0.804317
   0.793      0.808816
   0.797      0.813327
   0.800      0.817851
   0.803      0.822387
   0.807      0.826934
   0.810      0.831493
   0.813      0.836063
   0.817      0.840643
   0.820      0.845234
   0.823      0.849834
   0.827      0.854444
   0.830      0.859063
   0.833      0.863691
   0.837      0.868327
   0.840      0.872972
   0.843      0.877624
   0.847      0.882283
   0.850      0.886949
   0.853      0.891621
   0.857      0.896299
   0.860      0.900983
   0.863      0.905672
   0.867      0.910366
   0.870      0.915064
   0.873      0.919766
   0.877      0.924471
   0.880      0.929179
   0.883      0.933890
   0.887      0.938602
   0.890      0.943317
   0.893      0.948032
   0.897      0.952748
   0.900      0.957464
   0.903      0.962180
   0.907      0.966895
   0.910      0.971609
   0.913      0.976321
   0.917      0.981030
   0.920      0.985737
   0.923      0.990441
   0.927      0.995141
   0.930      0.999837
   0.933      1.004528
   0.937      1.009214
   0.940      1.013894
   0.943      1.018568
   0.947      1.023235
   0.950      1.027894
   0.953      1.032546
   0.957      1.037190
   0.960      1.041825
   0.963      1.046450
   0.967      1.051065
   0.970      1.055670
   0.973      1.060264
   0.977      1.064847
   0.980      1.069417
   0.983      1.073975
   0.987      1.078520
   0.990      1.083051
   0.993      1.087568
   0.997      1.092070
   1.000      1.096558
   1.003      1.101029
   1.007      1.105484
   1.010      1.109923
   1.013      1.114344
   1.017      1.118747
   1.020      1.123132
   1.023      1.127497
   1.027      1.131844
   1.030      1.136170
   1.033      1.140477
   1.037      1.144762
   1.040      1.149025
   1.043      1.153267
   1.047      1.157486
   1.050      1.161682
   1.053      1.165854
   1.057      1.170002
   1.060      1.174126
   1.063      1.178225
   1.067      1.182298
   1.070      1.186345
   1.073      1.190366
   1.077      1.194359
   1.080      1.198326
   1.083      1.202264
   1.087      1.206173
   1.090      1.210054
   1.093      1.213906
   1.097      1.217727
   1.100      1.221519
   1.103      1.225280
   1.107      1.229009
   1.110      1.232707
   1.113      1.236373
   1.117      1.240007
   1.120      1.243607
   1.123      1.247175
   1.127      1.250708
   1.130      1.254208
   1.133      1.257673
   1.137      1.261103
   1.140      1.264498
   1.143      1.267857
   1.147      1.271181
   1.150      1.274468
   1.153      1.277718
   1.157      1.280931
   1.160      1.284107
   1.163      1.287245
   1.167      1.290345
   1.170      1.293407
   1.173      1.296430
   1.177      1.299414
   1.180      1.302358
   1.183      1.305263
   1.187      1.308128
   1.190      1.310953
   1.193      1.313738
   1.197      1.316482
   1.200      1.319185
   1.203      1.321847
   1.207      1.324467
   1.210      1.327046
   1.213      1.329583
   1.217      1.332078
   1.220      1.334531
   1.223      1.336941
   1.227      1.339309
   1.230      1.341634
   1.233      1.343916
   1.237      1.346155
   1.240      1.348350
   1.243      1.350502
   1.247      1.352611
   1.250      1.354676
   1.253      1.356697
   1.257      1.358674
   1.260      1.360607
   1.263      1.362496
   1.267      1.364341
   1.270      1.366142
   1.273      1.367898
   1.277      1.369610
   1.280      1.371277
   1.283      1.372900
   1.287      1.374479
   1.290      1.376012
   1.293      1.377502
   1.297      1.378946
   1.300      1.380346
   1.303      1.381702
   1.307      1.383013
   1.310      1.384279
   1.313      1.385501
   1.317      1.386678
   1.320      1.387811
   1.323      1.388900
   1.327      1.389944
   1.330      1.390944
   1.333      1.391899
   1.337      1.392811
   1.340      1.393678
   1.343      1.394502
   1.347      1.395281
   1.350      1.396017
   1.353      1.396709
   1.357      1.397358
   1.360      1.397963
   1.363      1.398525
   1.367      1.399044
   1.370      1.399520
   1.373      1.399953
   1.377      1.400343
   1.380      1.400691
   1.383      1.400996
   1.387      1.401259
   1.390      1.401481
   1.393      1.401660
   1.397      1.401798
   1.400      1.401894
   1.403      1.401949
   1.407      1.401964
   1.410      1.401937
   1.413      1.401870
   1.417      1.401762
   1.420      1.401614
   1.423      1.401426
   1.427      1.401199
   1.430      1.400932
   1.433      1.400625
   1.437      1.400280
   1.440      1.399896
   1.443      1.399474
   1.447      1.399013
   1.450      1.398515
   1.453      1.397978
   1.457      1.397404
   1.460      1.396794
   1.463      1.396146
   1.467      1.395461
   1.470      1.394740
   1.473      1.393984
   1.477      1.393191
   1.480      1.392363
   1.483      1.391499
   1.487      1.390601
   1.490      1.389668
   1.493      1.388701
   1.497      1.387700
   1.500      1.386665
   1.503      1.385596
   1.507      1.384495
   1.510      1.383360
   1.513      1.382193
   1.517      1.380994
   1.520      1.379763
   1.523      1.378500
   1.527      1.377206
   1.530      1.375881
   1.533      1.374526
   1.537      1.373140
   1.540      1.371724
   1.543      1.370278
   1.547      1.368803
   1.550      1.367298
   1.553      1.365765
   1.557      1.364204
   1.560      1.362614
   1.563      1.360996
   1.567      1.359351
   1.570      1.357679
   1.573      1.355980
   1.577      1.354254
   1.580      1.352502
   1.583      1.350724
   1.587      1.348920
   1.590      1.347091
   1.593      1.345237
   1.597      1.343359
   1.600      1.341456
   1.603      1.339529
   1.607      1.337578
   1.610      1.335603
   1.613      1.333606
   1.617      1.331586
   1.620      1.329543
   1.623      1.327478
   1.627      1.325391
   1.630      1.323283
   1.633      1.321153
   1.637      1.319002
   1.640      1.316831
   1.643      1.314639
   1.647      1.312427
   1.650      1.310195
   1.653      1.307944
   1.657      1.305673
   1.660      1.303384
   1.663      1.301076
   1.667      1.298749
   1.670      1.296405
   1.673      1.294043
   1.677      1.291663
   1.680      1.289266
   1.683      1.286852
   1.687      1.284422
   1.690      1.281975
   1.693      1.279512
   1.697      1.277033
   1.700      1.274539
   1.703      1.272030
   1.707      1.269505
   1.710      1.266966
   1.713      1.264412
   1.717      1.261845
   1.720      1.259263
   1.723      1.256667
   1.727      1.254058
   1.730      1.251436
   1.733      1.248801
   1.737      1.246153
   1.740      1.243493
   1.743      1.240821
   1.747      1.238137
   1.750      1.235441
   1.753      1.232734
   1.757      1.230015
   1.760      1.227285
   1.763      1.224545
   1.767      1.221794
   1.770      1.219033
   1.773      1.216262
   1.777      1.213481
   1.780      1.210691
   1.783      1.207891
   1.787      1.205082
   1.790      1.202264
   1.793      1.199437
   1.797      1.196602
   1.800      1.193759
   1.803      1.190907
   1.807      1.188048
   1.810      1.185181
   1.813      1.182306
   1.817      1.179425
   1.820      1.176536
   1.823      1.173640
   1.827      1.170738
   1.830      1.167829
   1.833      1.164914
   1.837      1.161992
   1.840      1.159065
   1.843      1.156132
   1.847      1.153194
   1.850      1.150250
   1.853      1.147301
   1.857      1.144347
   1.860      1.141388
   1.863      1.138425
   1.867      1.135457
   1.870      1.132485
   1.873      1.129508
   1.877      1.126528
   1.880      1.123544
   1.883      1.120556
   1.887      1.117565
   1.890      1.114570
   1.893      1.111573
   1.897      1.108572
   1.900      1.105568
   1.903      1.102562
   1.907      1.099553
   1.910      1.096541
   1.913      1.093528
   1.917      1.090512
   1.920      1.087494
   1.923      1.084475
   1.927      1.081453
   1.930      1.078431
   1.933      1.075406
   1.937      1.072381
   1.940      1.069354
   1.943      1.066326
   1.947      1.063297
   1.950      1.060268
   1.953      1.057238
   1.957      1.054207
   1.960      1.051176
   1.963      1.048145
   1.967      1.045113
   1.970      1.042082
   1.973      1.039050
   1.977      1.036019
   1.980      1.032988
   1.983      1.029957
   1.987      1.026927
   1.990      1.023898
   1.993      1.020869
   1.997      1.017841
   2.000      1.014815
   2.003      1.011789
   2.007      1.008764
   2.010      1.005741
   2.013      1.002718
   2.017      0.999698
   2.020      0.996679
   2.023      0.993661
   2.027      0.990646
   2.030      0.987632
   2.033      0.984620
   2.037      0.981610
   2.040      0.978602
   2.043      0.975596
   2.047      0.972593
   2.050      0.969592
   2.053      0.966593
   2.057      0.963597
   2.060      0.960604
   2.063      0.957613
   2.067      0.954625
   2.070      0.951639
   2.073      0.948657
   2.077      0.945678
   2.080      0.942702
   2.083      0.939729
   2.087      0.936759
   2.090      0.933792
   2.093      0.930829
   2.097      0.927869
   2.100      0.924913
   2.103      0.921960
   2.107      0.919011
   2.110      0.916065
   2.113      0.913123
   2.117      0.910185
   2.120      0.907251
   2.123      0.904321
   2.127      0.901395
   2.130      0.898473
   2.133      0.895555
   2.137      0.892641
   2.140      0.889732
   2.143      0.886826
   2.147      0.883925
   2.150      0.881029
   2.153      0.878137
   2.157      0.875249
   2.160      0.872366
   2.163      0.869487
   2.167      0.866613
   2.170      0.863744
   2.173      0.860880
   2.177      0.858020
   2.180      0.855165
   2.183      0.852315
   2.187      0.849470
   2.190      0.846630
   2.193      0.843794
   2.197      0.840964
   2.200      0.838139
   2.203      0.835319
   2.207      0.832504
   2.210      0.829695
   2.213      0.826890
   2.217      0.824091
   2.220      0.821298
   2.223      0.818509
   2.227      0.815726
   2.230      0.812948
   2.233      0.810176
   2.237      0.807409
   2.240      0.804648
   2.243      0.801892
   2.247      0.799142
   2.250      0.796398
   2.253      0.793659
   2.257      0.790926
   2.260      0.788198
   2.263      0.785476
   2.267      0.782760
   2.270      0.780050
   2.273      0.777345
   2.277      0.774647
   2.280      0.771954
   2.283      0.769267
   2.287      0.766586
   2.290      0.763911
   2.293      0.761241
   2.297      0.758578
   2.300      0.755921
   2.303      0.753270
   2.307      0.750624
   2.310      0.747985
   2.313      0.745352
   2.317      0.742725
   2.320      0.740104
   2.323      0.737489
   2.327      0.734880
   2.330      0.732278
   2.333      0.729681
   2.337      0.727091
   2.340      0.724507
   2.343      0.721929
   2.347      0.719358
   2.350      0.716792
   2.353      0.714233
   2.357      0.711681
   2.360      0.709134
   2.363      0.706594
   2.367      0.704060
   2.370      0.701532
   2.373      0.699011
   2.377      0.696496
   2.380      0.693987
   2.383      0.691485
   2.387      0.688989
   2.390      0.686500
   2.393      0.684017
   2.397      0.681540
   2.400      0.679070
   2.403      0.676606
   2.407      0.674149
   2.410      0.671697
   2.413      0.669253
   2.417      0.666815
   2.420      0.664383
   2.423      0.661958
   2.427      0.659539
   2.430      0.657127
   2.433      0.654721
   2.437      0.652321
   2.440      0.649928
   2.443      0.647542
   2.447      0.645162
   2.450      0.642788
   2.453      0.640421
   2.457      0.638061
   2.460      0.635707
   2.463      0.633359
   2.467      0.631018
   2.470      0.628683
   2.473      0.626355
   2.477      0.624034
   2.480      0.621718
   2.483      0.619410
   2.487      0.617108
   2.490      0.614812
   2.493      0.612523
   2.497      0.610240
   2.500      0.607964
   2.503      0.605695
   2.507      0.603431
   2.510      0.601175
   2.513      0.598925
   2.517      0.596681
   2.520      0.594444
   2.523      0.592213
   2.527      0.589989
   2.530      0.587771
   2.533      0.585559
   2.537      0.583354
   2.540      0.581156
   2.543      0.578964
   2.547      0.576779
   2.550      0.574599
   2.553      0.572427
   2.557      0.570261
   2.560      0.568101
   2.563      0.565948
   2.567      0.563801
   2.570      0.561660
   2.573      0.559526
   2.577      0.557398
   2.580      0.555277
   2.583      0.553162
   2.587      0.551054
   2.590      0.548951
   2.593      0.546856
   2.597      0.544766
   2.600      0.542683
   2.603      0.540606
   2.607      0.538536
   2.610      0.536472
   2.613      0.534414
   2.617      0.532363
   2.620      0.530318
   2.623      0.528279
   2.627      0.526247
   2.630      0.524220
   2.633      0.522201
   2.637      0.520187
   2.640      0.518179
   2.643      0.516178
   2.647      0.514183
   2.650      0.512195
   2.653      0.510212
   2.657      0.508236
   2.660      0.506266
   2.663      0.504302
   2.667      0.502344
   2.670      0.500393
   2.673      0.498448
   2.677      0.496508
   2.680      0.494575
   2.683      0.492649
   2.687      0.490728
   2.690      0.488813
   2.693      0.486905
   2.697      0.485002
   2.700      0.483106
   2.703      0.481215
   2.707      0.479331
   2.710      0.477453
   2.713      0.475581
   2.717      0.473714
   2.720      0.471854
   2.723      0.470000
   2.727      0.468152
   2.730      0.466310
   2.733      0.464473
   2.737      0.462643
   2.740      0.460819
   2.743      0.459000
   2.747      0.457188
   2.750      0.455381
   2.753      0.453580
   2.757      0.451786
   2.760      0.449997
   2.763      0.448214
   2.767      0.446436
   2.770      0.444665
   2.773      0.442899
   2.777      0.441139
   2.780      0.439385
   2.783      0.437637
   2.787      0.435895
   2.790      0.434158
   2.793      0.432427
   2.797      0.430702
   2.800      0.428982
   2.803      0.427268
   2.807      0.425560
   2.810      0.423857
   2.813      0.422161
   2.817      0.420469
   2.820      0.418784
   2.823      0.417104
   2.827      0.415429
   2.830      0.413761
   2.833      0.412098
   2.837      0.410440
   2.840      0.408788
   2.843      0.407141
   2.847      0.405500
   2.850      0.403865
   2.853      0.402235
   2.857      0.400610
   2.860      0.398991
   2.863      0.397378
   2.867      0.395770
   2.870      0.394167
   2.873      0.392570
   2.877      0.390978
   2.880      0.389391
   2.883      0.387810
   2.887      0.386235
   2.890      0.384664
   2.893      0.383099
   2.897      0.381539
   2.900      0.379985
   2.903      0.378436
   2.907      0.376892
   2.910      0.375353
   2.913      0.373820
   2.917      0.372291
   2.920      0.370769
   2.923      0.369251
   2.927      0.367738
   2.930      0.366231
   2.933      0.364729
   2.937      0.363231
   2.940      0.361740
   2.943      0.360253
   2.947      0.358771
   2.950      0.357294
   2.953      0.355823
   2.957      0.354356
   2.960      0.352895
   2.963      0.351438
   2.967      0.349987
   2.970      0.348540
   2.973      0.347099
   2.977      0.345663
   2.980      0.344231
   2.983      0.342805
   2.987      0.341383
   2.990      0.339966
   2.993      0.338554
   2.997      0.337147
   3.000      0.335745
   3.003      0.334348
   3.007      0.332956
   3.010      0.331568
   3.013      0.330186
   3.017      0.328808
   3.020      0.327435
   3.023      0.326066
   3.027      0.324703
   3.030      0.323344
   3.033      0.321990
   3.037      0.320640
   3.040      0.319296
   3.043      0.317956
   3.047      0.316620
   3.050      0.315289
   3.053      0.313963
   3.057      0.312642
   3.060      0.311325
   3.063      0.310013
   3.067      0.308705
   3.070      0.307402
   3.073      0.306104
   3.077      0.304810
   3.080      0.303520
   3.083      0.302236
   3.087      0.300955
   3.090      0.299679
   3.093      0.298408
   3.097      0.297141
   3.100      0.295878
   3.103      0.294620
   3.107      0.293366
   3.110      0.292117
   3.113      0.290872
   3.117      0.289631
   3.120      0.288395
   3.123      0.287163
   3.127      0.285936
   3.130      0.284713
   3.133      0.283494
   3.137      0.282279
   3.140      0.281069
   3.143      0.279863
   3.147      0.278661
   3.150      0.277463
   3.153      0.276270
   3.157      0.275081
   3.160      0.273896
   3.163      0.272715
   3.167      0.271538
   3.170      0.270366
   3.173      0.269197
   3.177      0.268033
   3.180      0.266873
   3.183      0.265717
   3.187      0.264565
   3.190      0.263417
   3.193      0.262273
   3.197      0.261133
   3.200      0.259998
   3.203      0.258866
   3.207      0.257738
   3.210      0.256614
   3.213      0.255494
   3.217      0.254379
   3.220      0.253267
   3.223      0.252159
   3.227      0.251055
   3.230      0.249954
   3.233      0.248858
   3.237      0.247766
   3.240      0.246677
   3.243      0.245592
   3.247      0.244512
   3.250      0.243435
   3.253      0.242361
   3.257      0.241292
   3.260      0.240226
   3.263      0.239164
   3.267      0.238106
   3.270      0.237052
   3.273      0.236001
   3.277      0.234954
   3.280      0.233911
   3.283      0.232872
   3.287      0.231836
   3.290      0.230804
   3.293      0.229775
   3.297      0.228750
   3.300      0.227729
   3.303      0.226711
   3.307      0.225697
   3.310      0.224687
   3.313      0.223680
   3.317      0.222677
   3.320      0.221677
   3.323      0.220681
   3.327      0.219688
   3.330      0.218699
   3.333      0.217713
   3.337      0.216731
   3.340      0.215752
   3.343      0.214777
   3.347      0.213805
   3.350      0.212837
   3.353      0.211872
   3.357      0.210911
   3.360      0.209952
   3.363      0.208998
   3.367      0.208046
   3.370      0.207098
   3.373      0.206154
   3.377      0.205212
   3.380      0.204274
   3.383      0.203340
   3.387      0.202408
   3.390      0.201480
   3.393      0.200556
   3.397      0.199634
   3.400      0.198716
   3.403      0.197801
   3.407      0.196889
   3.410      0.195980
   3.413      0.195075
   3.417      0.194173
   3.420      0.193274
   3.423      0.192378
   3.427      0.191485
   3.430      0.190596
   3.433      0.189709
   3.437      0.188826
   3.440      0.187946
   3.443      0.187069
   3.447      0.186195
   3.450      0.185324
   3.453      0.184456
   3.457      0.183592
   3.460      0.182730
   3.463      0.181871
   3.467      0.181016
   3.470      0.180163
   3.473      0.179313
   3.477      0.178467
   3.480      0.177623
   3.483      0.176782
   3.487      0.175944
   3.490      0.175110
   3.493      0.174278
   3.497      0.173449
   3.500      0.172623
   3.503      0.171799
   3.507      0.170979
   3.510      0.170162
   3.513      0.169347
   3.517      0.168535
   3.520      0.167726
   3.523      0.166920
   3.527      0.166117
   3.530      0.165317
   3.533      0.164519
   3.537      0.163724
   3.540      0.162932
   3.543      0.162143
   3.547      0.161356
   3.550      0.160572
   3.553      0.159791
   3.557      0.159013
   3.560      0.158237
   3.563      0.157464
   3.567      0.156694
   3.570      0.155927
   3.573      0.155162
   3.577      0.154400
   3.580      0.153640
   3.583      0.152883
   3.587      0.152129
   3.590      0.151377
   3.593      0.150628
   3.597      0.149881
   3.600      0.149137
   3.603      0.148396
   3.607      0.147657
   3.610      0.146921
   3.613      0.146187
   3.617      0.145456
   3.620      0.144728
   3.623      0.144001
   3.627      0.143278
   3.630      0.142557
   3.633      0.141838
   3.637      0.141122
   3.640      0.140408
   3.643      0.139697
   3.647      0.138988
   3.650      0.138282
   3.653      0.137578
   3.657      0.136877
   3.660      0.136177
   3.663      0.135481
   3.667      0.134786
   3.670      0.134094
   3.673      0.133405
   3.677      0.132718
   3.680      0.132033
   3.683      0.131350
   3.687      0.130670
   3.690      0.129992
   3.693      0.129317
   3.697      0.128643
   3.700      0.127972
   3.703      0.127304
   3.707      0.126637
   3.710      0.125973
   3.713      0.125311
   3.717      0.124652
   3.720      0.123994
   3.723      0.123339
   3.727      0.122686
   3.730      0.122035
   3.733      0.121387
   3.737      0.120740
   3.740      0.120096
   3.743      0.119454
   3.747      0.118814
   3.750      0.118176
   3.753      0.117541
   3.757      0.116907
   3.760      0.116276
   3.763      0.115647
   3.767      0.115020
   3.770      0.114395
   3.773      0.113772
   3.777      0.113151
   3.780      0.112532
   3.783      0.111915
   3.787      0.111301
   3.790      0.110688
   3.793      0.110078
   3.797      0.109469
   3.800      0.108863
   3.803      0.108258
   3.807      0.107656
   3.810      0.107055
   3.813      0.106457
   3.817      0.105860
   3.820      0.105266
   3.823      0.104673
   3.827      0.104082
   3.830      0.103494
   3.833      0.102907
   3.837      0.102322
   3.840      0.101739
   3.843      0.101158
   3.847      0.100579
   3.850      0.100002
   3.853      0.099427
   3.857      0.098853
   3.860      0.098282
   3.863      0.097712
   3.867      0.097144
   3.870      0.096578
   3.873      0.096014
   3.877      0.095452
   3.880      0.094891
   3.883      0.094332
   3.887      0.093775
   3.890      0.093220
   3.893      0.092667
   3.897      0.092115
   3.900      0.091566
   3.903      0.091018
   3.907      0.090471
   3.910      0.089927
   3.913      0.089384
   3.917      0.088843
   3.920      0.088304
   3.923      0.087766
   3.927      0.087231
   3.930      0.086696
   3.933      0.086164
   3.937      0.085633
   3.940      0.085104
   3.943      0.084577
   3.947      0.084051
   3.950      0.083527
   3.953      0.083004
   3.957      0.082484
   3.960      0.081964
   3.963      0.081447
   3.967      0.080931
   3.970      0.080417
   3.973      0.079904
   3.977      0.079393
   3.980      0.078883
   3.983      0.078375
   3.987      0.077869
   3.990      0.077364
   3.993      0.076861
   3.997      0.076360
   4.000      0.075859
   4.003      0.075361
   4.007      0.074864
   4.010      0.074368
   4.013      0.073874
   4.017      0.073382
   4.020      0.072891
   4.023      0.072401
   4.027      0.071913
   4.030      0.071427
   4.033      0.070942
   4.037      0.070458
   4.040      0.069976
   4.043      0.069496
   4.047      0.069016
   4.050      0.068539
   4.053      0.068062
   4.057      0.067588
   4.060      0.067114
   4.063      0.066642
   4.067      0.066171
   4.070      0.065702
   4.073      0.065234
   4.077      0.064768
   4.080      0.064303
   4.083      0.063839
   4.087      0.063377
   4.090      0.062916
   4.093      0.062456
   4.097      0.061998
   4.100      0.061541
   4.103      0.061085
   4.107      0.060631
   4.110      0.060178
   4.113      0.059727
   4.117      0.059276
   4.120      0.058827
   4.123      0.058379
   4.127      0.057933
   4.130      0.057488
   4.133      0.057044
   4.137      0.056601
   4.140      0.056160
   4.143      0.055720
   4.147      0.055281
   4.150      0.054843
   4.153      0.054407
   4.157      0.053972
   4.160      0.053538
   4.163      0.053105
   4.167      0.052674
   4.170      0.052244
   4.173      0.051815
   4.177      0.051387
   4.180      0.050960
   4.183      0.050535
   4.187      0.050110
   4.190      0.049687
   4.193      0.049265
   4.197      0.048844
   4.200      0.048424
   4.203      0.048006
   4.207      0.047589
   4.210      0.047172
   4.213      0.046757
   4.217      0.046343
   4.220      0.045930
   4.223      0.045518
   4.227      0.045108
   4.230      0.044698
   4.233      0.044290
   4.237      0.043882
   4.240      0.043476
   4.243      0.043071
   4.247      0.042666
   4.250      0.042263
   4.253      0.041861
   4.257      0.041460
   4.260      0.041060
   4.263      0.040661
   4.267      0.040263
   4.270      0.039866
   4.273      0.039470
   4.277      0.039076
   4.280      0.038682
   4.283      0.038289
   4.287      0.037897
   4.290      0.037506
   4.293      0.037116
   4.297      0.036727
   4.300      0.036340
   4.303      0.035953
   4.307      0.035567
   4.310      0.035182
   4.313      0.034798
   4.317      0.034414
   4.320      0.034032
   4.323      0.033651
   4.327      0.033271
   4.330      0.032891
   4.333      0.032513
   4.337      0.032135
   4.340      0.031759
   4.343      0.031383
   4.347      0.031008
   4.350      0.030634
   4.353      0.030261
   4.357      0.029889
   4.360      0.029518
   4.363      0.029148
   4.367      0.028778
   4.370      0.028409
   4.373      0.028042
   4.377      0.027675
   4.380      0.027308
   4.383      0.026943
   4.387      0.026579
   4.390      0.026215
   4.393      0.025852
   4.397      0.025490
   4.400      0.025129
   4.403      0.024769
   4.407      0.024409
   4.410      0.024051
   4.413      0.023693
   4.417      0.023335
   4.420      0.022979
   4.423      0.022623
   4.427      0.022269
   4.430      0.021915
   4.433      0.021561
   4.437      0.021209
   4.440      0.020857
   4.443      0.020506
   4.447      0.020156
   4.450      0.019806
   4.453      0.019457
   4.457      0.019109
   4.460      0.018762
   4.463      0.018415
   4.467      0.018069
   4.470      0.017724
   4.473      0.017380
   4.477      0.017036
   4.480      0.016693
   4.483      0.016350
   4.487      0.016008
   4.490      0.015667
   4.493      0.015327
   4.497      0.014987
   4.500      0.014648
   4.503      0.014310
   4.507      0.013972
   4.510      0.013635
   4.513      0.013298
   4.517      0.012963
   4.520      0.012627
   4.523      0.012293
   4.527      0.011959
   4.530      0.011626
   4.533      0.011293
   4.537      0.010961
   4.540      0.010629
   4.543      0.010298
   4.547      0.009968
   4.550      0.009638
   4.553      0.009309
   4.557      0.008981
   4.560      0.008653
   4.563      0.008325
   4.567      0.007999
   4.570      0.007672
   4.573      0.007347
   4.577      0.007022
   4.580      0.006697
   4.583      0.006373
   4.587      0.006050
   4.590      0.005727
   4.593      0.005404
   4.597      0.005082
   4.600      0.004761
   4.603      0.004440
   4.607      0.004120
   4.610      0.003800
   4.613      0.003481
   4.617      0.003162
   4.620      0.002843
   4.623      0.002526
   4.627      0.002208
   4.630      0.001891
   4.633      0.001575
   4.637      0.001259
   4.640      0.000944
   4.643      0.000629
   4.647      0.000314
   4.650      0.000000
