   0.000      0.000147
   0.003      0.001697
   0.007      0.003246
   0.010      0.004848
   0.013      0.006458
   0.017      0.008070
   0.020      0.009683
   0.023      0.011297
   0.027      0.012912
   0.030      0.014528
   0.033      0.016144
   0.037      0.017762
   0.040      0.019380
   0.043      0.021000
   0.047      0.022620
   0.050      0.024242
   0.053      0.025865
   0.057      0.027489
   0.060      0.029115
   0.063      0.030742
   0.067      0.032371
   0.070      0.034002
   0.073      0.035634
   0.077      0.037269
   0.080      0.038905
   0.083      0.040543
   0.087      0.042183
   0.090      0.043826
   0.093      0.045470
   0.097      0.047118
   0.100      0.048767
   0.103      0.050419
   0.107      0.052074
   0.110      0.053731
   0.113      0.055391
   0.117      0.057054
   0.120      0.058720
   0.123      0.060389
   0.127      0.062060
   0.130      0.063736
   0.133      0.065414
   0.137      0.067095
   0.140      0.068780
   0.143      0.070469
   0.147      0.072161
   0.150      0.073857
   0.153      0.075556
   0.157      0.077259
   0.160      0.078966
   0.163      0.080677
   0.167      0.082392
   0.170      0.084112
   0.173      0.085835
   0.177      0.087562
   0.180      0.089294
   0.183      0.091031
   0.187      0.092772
   0.190      0.094517
   0.193      0.096267
   0.197      0.098022
   0.200      0.099781
   0.203      0.101546
   0.207      0.103315
   0.210      0.105089
   0.213      0.106869
   0.217      0.108653
   0.220      0.110443
   0.223      0.112238
   0.227      0.114039
   0.230      0.115845
   0.233      0.117656
   0.237      0.119473
   0.240      0.121296
   0.243      0.123124
   0.247      0.124958
   0.250      0.126798
   0.253      0.128644
   0.257      0.130496
   0.260      0.132354
   0.263      0.134218
   0.267      0.136088
   0.270      0.137965
   0.273      0.139848
   0.277      0.141737
   0.280      0.143633
   0.283      0.145535
   0.287      0.147444
   0.290      0.149360
   0.293      0.151282
   0.297      0.153211
   0.300      0.155147
   0.303      0.157089
   0.307      0.159039
   0.310      0.160996
   0.313      0.162959
   0.317      0.164930
   0.320      0.166908
   0.323      0.168894
   0.327      0.170886
   0.330      0.172886
   0.333      0.174893
   0.337      0.176908
   0.340      0.178930
   0.343      0.180960
   0.347      0.182998
   0.350      0.185043
   0.353      0.187096
   0.357      0.189157
   0.360      0.191225
   0.363      0.193301
   0.367      0.195386
   0.370      0.197478
   0.373      0.199578
   0.377      0.201687
   0.380      0.203803
   0.383      0.205928
   0.387      0.208060
   0.390      0.210201
   0.393      0.212351
   0.397      0.214508
   0.400      0.216674
   0.403      0.218849
   0.407      0.221032
   0.410      0.223223
   0.413      0.225423
   0.417      0.227631
   0.420      0.229848
   0.423      0.232074
   0.427      0.234308
   0.430      0.236551
   0.433      0.238803
   0.437      0.241063
   0.440      0.243333
   0.443      0.245611
   0.447      0.247898
   0.450      0.250193
   0.453      0.252498
   0.457      0.254812
   0.460      0.257134
   0.463      0.259466
   0.467      0.261806
   0.470      0.264156
   0.473      0.266515
   0.477      0.268882
   0.480      0.271259
   0.483      0.273645
   0.487      0.276040
   0.490      0.278444
   0.493      0.280857
   0.497      0.283280
   0.500      0.285711
   0.503      0.288152
   0.507      0.290602
   0.510      0.293061
   0.513      0.295529
   0.517      0.298007
   0.520      0.300494
   0.523      0.302990
   0.527      0.305495
   0.530      0.308010
   0.533      0.310533
   0.537      0.313066
   0.540      0.315608
   0.543      0.318160
   0.547      0.320721
   0.550      0.323290
   0.553      0.325869
   0.557      0.328458
   0.560      0.331055
   0.563      0.333662
   0.567      0.336278
   0.570      0.338903
   0.573      0.341537
   0.577      0.344180
   0.580      0.346833
   0.583      0.349494
   0.587      0.352165
   0.590      0.354845
   0.593      0.357534
   0.597      0.360231
   0.600      0.362938
   0.603      0.365654
   0.607      0.368379
   0.610      0.371112
   0.613      0.373855
   0.617      0.376606
   0.620      0.379367
   0.623      0.382136
   0.627      0.384913
   0.630      0.387700
   0.633      0.390495
   0.637      0.393299
   0.640      0.396112
   0.643      0.398933
   0.647      0.401762
   0.650      0.404600
   0.653      0.407447
   0.657      0.410302
   0.660      0.413165
   0.663      0.416037
   0.667      0.418917
   0.670      0.421805
   0.673      0.424701
   0.677      0.427605
   0.680      0.430517
   0.683      0.433438
   0.687      0.436366
   0.690      0.439302
   0.693      0.442246
   0.697      0.445197
   0.700      0.448156
   0.703      0.451123
   0.707      0.454097
   0.710      0.457079
   0.713      0.460068
   0.717      0.463065
   0.720      0.466068
   0.723      0.469079
   0.727      0.472097
   0.730      0.475122
   0.733      0.478154
   0.737      0.481193
   0.740      0.484238
   0.743      0.487290
   0.747      0.490349
   0.750      0.493414
   0.753      0.496485
   0.757      0.499563
   0.760      0.502647
   0.763      0.505738
   0.767      0.508834
   0.770      0.511936
   0.773      0.515044
   0.777      0.518158
   0.780      0.521277
   0.783      0.524402
   0.787      0.527532
   0.790      0.530667
   0.793      0.533808
   0.797      0.536954
   0.800      0.540105
   0.803      0.543260
   0.807      0.546420
   0.810      0.549585
   0.813      0.552755
   0.817      0.555929
   0.820      0.559107
   0.823      0.562289
   0.827      0.565475
   0.830      0.568665
   0.833      0.571859
   0.837      0.575057
   0.840      0.578258
   0.843      0.581462
   0.847      0.584669
   0.850      0.587880
   0.853      0.591094
   0.857      0.594310
   0.860      0.597529
   0.863      0.600751
   0.867      0.603974
   0.870      0.607201
   0.873      0.610429
   0.877      0.613659
   0.880      0.616891
   0.883      0.620125
   0.887      0.623360
   0.890      0.626596
   0.893      0.629834
   0.897      0.633073
   0.900      0.636312
   0.903      0.639552
   0.907      0.642793
   0.910      0.646034
   0.913      0.649276
   0.917      0.652517
   0.920      0.655759
   0.923      0.659000
   0.927      0.662240
   0.930      0.665480
   0.933      0.668719
   0.937      0.671958
   0.940      0.675195
   0.943      0.678431
   0.947      0.681665
   0.950      0.684898
   0.953      0.688128
   0.957      0.691357
   0.960      0.694584
   0.963      0.697808
   0.967      0.701030
   0.970      0.704249
   0.973      0.707465
   0.977      0.710678
   0.980      0.713887
   0.983      0.717094
   0.987      0.720296
   0.990      0.723495
   0.993      0.726689
   0.997      0.729880
   1.000      0.733066
   1.003      0.736247
   1.007      0.739424
   1.010      0.742595
   1.013      0.745762
   1.017      0.748923
   1.020      0.752078
   1.023      0.755228
   1.027      0.758372
   1.030      0.761510
   1.033      0.764641
   1.037      0.767766
   1.040      0.770884
   1.043      0.773995
   1.047      0.777099
   1.050      0.780195
   1.053      0.783285
   1.057      0.786366
   1.060      0.789440
   1.063      0.792505
   1.067      0.795562
   1.070      0.798611
   1.073      0.801651
   1.077      0.804682
   1.080      0.807704
   1.083      0.810716
   1.087      0.813720
   1.090      0.816713
   1.093      0.819697
   1.097      0.822670
   1.100      0.825634
   1.103      0.828587
   1.107      0.831529
   1.110      0.834460
   1.113      0.837381
   1.117      0.840290
   1.120      0.843187
   1.123      0.846073
   1.127      0.848948
   1.130      0.851810
   1.133      0.854660
   1.137      0.857498
   1.140      0.860323
   1.143      0.863135
   1.147      0.865935
   1.150      0.868721
   1.153      0.871494
   1.157      0.874253
   1.160      0.876999
   1.163      0.879731
   1.167      0.882449
   1.170      0.885153
   1.173      0.887842
   1.177      0.890517
   1.180      0.893177
   1.183      0.895822
   1.187      0.898452
   1.190      0.901066
   1.193      0.903666
   1.197      0.906249
   1.200      0.908817
   1.203      0.911369
   1.207      0.913905
   1.210      0.916424
   1.213      0.918927
   1.217      0.921414
   1.220      0.923883
   1.223      0.926336
   1.227      0.928772
   1.230      0.931190
   1.233      0.933591
   1.237      0.935975
   1.240      0.938341
   1.243      0.940689
   1.247      0.943019
   1.250      0.945331
   1.253      0.947625
   1.257      0.949900
   1.260      0.952157
   1.263      0.954395
   1.267      0.956614
   1.270      0.958814
   1.273      0.960996
   1.277      0.963158
   1.280      0.965301
   1.283      0.967424
   1.287      0.969528
   1.290      0.971612
   1.293      0.973676
   1.297      0.975720
   1.300      0.977745
   1.303      0.979749
   1.307      0.981733
   1.310      0.983697
   1.313      0.985640
   1.317      0.987562
   1.320      0.989464
   1.323      0.991346
   1.327      0.993206
   1.330      0.995046
   1.333      0.996864
   1.337      0.998661
   1.340      1.000438
   1.343      1.002192
   1.347      1.003926
   1.350      1.005638
   1.353      1.007329
   1.357      1.008998
   1.360      1.010645
   1.363      1.012271
   1.367      1.013875
   1.370      1.015457
   1.373      1.017017
   1.377      1.018555
   1.380      1.020072
   1.383      1.021566
   1.387      1.023038
   1.390      1.024488
   1.393      1.025916
   1.397      1.027321
   1.400      1.028704
   1.403      1.030065
   1.407      1.031404
   1.410      1.032720
   1.413      1.034014
   1.417      1.035285
   1.420      1.036534
   1.423      1.037761
   1.427      1.038965
   1.430      1.040146
   1.433      1.041305
   1.437      1.042441
   1.440      1.043555
   1.443      1.044646
   1.447      1.045715
   1.450      1.046761
   1.453      1.047785
   1.457      1.048786
   1.460      1.049764
   1.463      1.050720
   1.467      1.051654
   1.470      1.052565
   1.473      1.053453
   1.477      1.054319
   1.480      1.055162
   1.483      1.055983
   1.487      1.056782
   1.490      1.057558
   1.493      1.058312
   1.497      1.059044
   1.500      1.059753
   1.503      1.060440
   1.507      1.061104
   1.510      1.061747
   1.513      1.062367
   1.517      1.062966
   1.520      1.063542
   1.523      1.064096
   1.527      1.064629
   1.530      1.065139
   1.533      1.065628
   1.537      1.066094
   1.540      1.066539
   1.543      1.066963
   1.547      1.067365
   1.550      1.067745
   1.553      1.068104
   1.557      1.068441
   1.560      1.068757
   1.563      1.069052
   1.567      1.069325
   1.570      1.069578
   1.573      1.069809
   1.577      1.070020
   1.580      1.070209
   1.583      1.070378
   1.587      1.070526
   1.590      1.070654
   1.593      1.070761
   1.597      1.070847
   1.600      1.070913
   1.603      1.070959
   1.607      1.070985
   1.610      1.070991
   1.613      1.070976
   1.617      1.070942
   1.620      1.070888
   1.623      1.070814
   1.627      1.070721
   1.630      1.070608
   1.633      1.070476
   1.637      1.070324
   1.640      1.070154
   1.643      1.069964
   1.647      1.069755
   1.650      1.069528
   1.653      1.069281
   1.657      1.069016
   1.660      1.068733
   1.663      1.068431
   1.667      1.068111
   1.670      1.067773
   1.673      1.067416
   1.677      1.067042
   1.680      1.066650
   1.683      1.066240
   1.687      1.065813
   1.690      1.065368
   1.693      1.064905
   1.697      1.064426
   1.700      1.063929
   1.703      1.063416
   1.707      1.062885
   1.710      1.062338
   1.713      1.061774
   1.717      1.061194
   1.720      1.060597
   1.723      1.059984
   1.727      1.059355
   1.730      1.058710
   1.733      1.058049
   1.737      1.057373
   1.740      1.056680
   1.743      1.055973
   1.747      1.055250
   1.750      1.054511
   1.753      1.053758
   1.757      1.052989
   1.760      1.052206
   1.763      1.051408
   1.767      1.050596
   1.770      1.049769
   1.773      1.048927
   1.777      1.048072
   1.780      1.047202
   1.783      1.046319
   1.787      1.045421
   1.790      1.044510
   1.793      1.043585
   1.797      1.042647
   1.800      1.041696
   1.803      1.040731
   1.807      1.039754
   1.810      1.038763
   1.813      1.037760
   1.817      1.036744
   1.820      1.035715
   1.823      1.034674
   1.827      1.033621
   1.830      1.032556
   1.833      1.031478
   1.837      1.030389
   1.840      1.029288
   1.843      1.028175
   1.847      1.027051
   1.850      1.025915
   1.853      1.024768
   1.857      1.023610
   1.860      1.022441
   1.863      1.021261
   1.867      1.020070
   1.870      1.018869
   1.873      1.017657
   1.877      1.016434
   1.880      1.015202
   1.883      1.013959
   1.887      1.012706
   1.890      1.011443
   1.893      1.010170
   1.897      1.008888
   1.900      1.007596
   1.903      1.006294
   1.907      1.004983
   1.910      1.003663
   1.913      1.002334
   1.917      1.000996
   1.920      0.999649
   1.923      0.998293
   1.927      0.996929
   1.930      0.995556
   1.933      0.994174
   1.937      0.992784
   1.940      0.991386
   1.943      0.989980
   1.947      0.988566
   1.950      0.987144
   1.953      0.985714
   1.957      0.984277
   1.960      0.982832
   1.963      0.981380
   1.967      0.979920
   1.970      0.978453
   1.973      0.976979
   1.977      0.975497
   1.980      0.974009
   1.983      0.972514
   1.987      0.971012
   1.990      0.969504
   1.993      0.967989
   1.997      0.966468
   2.000      0.964940
   2.003      0.963406
   2.007      0.961866
   2.010      0.960320
   2.013      0.958768
   2.017      0.957210
   2.020      0.955647
   2.023      0.954077
   2.027      0.952502
   2.030      0.950922
   2.033      0.949336
   2.037      0.947745
   2.040      0.946149
   2.043      0.944548
   2.047      0.942941
   2.050      0.941330
   2.053      0.939714
   2.057      0.938093
   2.060      0.936467
   2.063      0.934837
   2.067      0.933202
   2.070      0.931563
   2.073      0.929919
   2.077      0.928272
   2.080      0.926620
   2.083      0.924964
   2.087      0.923303
   2.090      0.921639
   2.093      0.919971
   2.097      0.918300
   2.100      0.916624
   2.103      0.914945
   2.107      0.913263
   2.110      0.911576
   2.113      0.909887
   2.117      0.908194
   2.120      0.906498
   2.123      0.904799
   2.127      0.903096
   2.130      0.901391
   2.133      0.899682
   2.137      0.897971
   2.140      0.896257
   2.143      0.894540
   2.147      0.892820
   2.150      0.891098
   2.153      0.889373
   2.157      0.887645
   2.160      0.885915
   2.163      0.884183
   2.167      0.882449
   2.170      0.880712
   2.173      0.878973
   2.177      0.877232
   2.180      0.875489
   2.183      0.873744
   2.187      0.871996
   2.190      0.870247
   2.193      0.868497
   2.197      0.866744
   2.200      0.864990
   2.203      0.863234
   2.207      0.861476
   2.210      0.859717
   2.213      0.857957
   2.217      0.856195
   2.220      0.854432
   2.223      0.852667
   2.227      0.850901
   2.230      0.849134
   2.233      0.847366
   2.237      0.845596
   2.240      0.843826
   2.243      0.842054
   2.247      0.840282
   2.250      0.838509
   2.253      0.836734
   2.257      0.834959
   2.260      0.833184
   2.263      0.831407
   2.267      0.829630
   2.270      0.827852
   2.273      0.826074
   2.277      0.824295
   2.280      0.822516
   2.283      0.820736
   2.287      0.818956
   2.290      0.817175
   2.293      0.815395
   2.297      0.813614
   2.300      0.811832
   2.303      0.810051
   2.307      0.808269
   2.310      0.806487
   2.313      0.804705
   2.317      0.802924
   2.320      0.801142
   2.323      0.799360
   2.327      0.797578
   2.330      0.795797
   2.333      0.794015
   2.337      0.792234
   2.340      0.790453
   2.343      0.788673
   2.347      0.786892
   2.350      0.785112
   2.353      0.783333
   2.357      0.781554
   2.360      0.779775
   2.363      0.777997
   2.367      0.776219
   2.370      0.774442
   2.373      0.772665
   2.377      0.770889
   2.380      0.769114
   2.383      0.767339
   2.387      0.765565
   2.390      0.763792
   2.393      0.762020
   2.397      0.760248
   2.400      0.758477
   2.403      0.756708
   2.407      0.754939
   2.410      0.753170
   2.413      0.751403
   2.417      0.749637
   2.420      0.747872
   2.423      0.746108
   2.427      0.744345
   2.430      0.742583
   2.433      0.740822
   2.437      0.739062
   2.440      0.737304
   2.443      0.735546
   2.447      0.733790
   2.450      0.732035
   2.453      0.730282
   2.457      0.728529
   2.460      0.726778
   2.463      0.725029
   2.467      0.723280
   2.470      0.721533
   2.473      0.719788
   2.477      0.718043
   2.480      0.716301
   2.483      0.714559
   2.487      0.712820
   2.490      0.711081
   2.493      0.709345
   2.497      0.707610
   2.500      0.705876
   2.503      0.704144
   2.507      0.702414
   2.510      0.700685
   2.513      0.698958
   2.517      0.697232
   2.520      0.695509
   2.523      0.693786
   2.527      0.692066
   2.530      0.690348
   2.533      0.688631
   2.537      0.686916
   2.540      0.685203
   2.543      0.683491
   2.547      0.681781
   2.550      0.680074
   2.553      0.678368
   2.557      0.676664
   2.560      0.674962
   2.563      0.673261
   2.567      0.671563
   2.570      0.669867
   2.573      0.668172
   2.577      0.666480
   2.580      0.664790
   2.583      0.663101
   2.587      0.661415
   2.590      0.659730
   2.593      0.658048
   2.597      0.656368
   2.600      0.654689
   2.603      0.653013
   2.607      0.651339
   2.610      0.649667
   2.613      0.647997
   2.617      0.646330
   2.620      0.644664
   2.623      0.643001
   2.627      0.641339
   2.630      0.639680
   2.633      0.638023
   2.637      0.636369
   2.640      0.634716
   2.643      0.633066
   2.647      0.631418
   2.650      0.629772
   2.653      0.628129
   2.657      0.626487
   2.660      0.624848
   2.663      0.623212
   2.667      0.621577
   2.670      0.619945
   2.673      0.618315
   2.677      0.616688
   2.680      0.615063
   2.683      0.613440
   2.687      0.611819
   2.690      0.610201
   2.693      0.608585
   2.697      0.606972
   2.700      0.605361
   2.703      0.603752
   2.707      0.602146
   2.710      0.600542
   2.713      0.598941
   2.717      0.597342
   2.720      0.595745
   2.723      0.594151
   2.727      0.592560
   2.730      0.590970
   2.733      0.589384
   2.737      0.587799
   2.740      0.586217
   2.743      0.584638
   2.747      0.583061
   2.750      0.581487
   2.753      0.579915
   2.757      0.578345
   2.760      0.576778
   2.763      0.575214
   2.767      0.573652
   2.770      0.572092
   2.773      0.570535
   2.777      0.568981
   2.780      0.567429
   2.783      0.565880
   2.787      0.564333
   2.790      0.562789
   2.793      0.561247
   2.797      0.559708
   2.800      0.558172
   2.803      0.556638
   2.807      0.555106
   2.810      0.553577
   2.813      0.552051
   2.817      0.550527
   2.820      0.549006
   2.823      0.547488
   2.827      0.545972
   2.830      0.544458
   2.833      0.542948
   2.837      0.541439
   2.840      0.539934
   2.843      0.538431
   2.847      0.536930
   2.850      0.535433
   2.853      0.533938
   2.857      0.532445
   2.860      0.530955
   2.863      0.529468
   2.867      0.527983
   2.870      0.526501
   2.873      0.525022
   2.877      0.523545
   2.880      0.522071
   2.883      0.520599
   2.887      0.519130
   2.890      0.517664
   2.893      0.516200
   2.897      0.514739
   2.900      0.513281
   2.903      0.511825
   2.907      0.510372
   2.910      0.508922
   2.913      0.507474
   2.917      0.506029
   2.920      0.504586
   2.923      0.503147
   2.927      0.501709
   2.930      0.500275
   2.933      0.498843
   2.937      0.497414
   2.940      0.495987
   2.943      0.494563
   2.947      0.493142
   2.950      0.491723
   2.953      0.490307
   2.957      0.488894
   2.960      0.487483
   2.963      0.486075
   2.967      0.484670
   2.970      0.483267
   2.973      0.481867
   2.977      0.480469
   2.980      0.479075
   2.983      0.477682
   2.987      0.476293
   2.990      0.474906
   2.993      0.473522
   2.997      0.472140
   3.000      0.470762
   3.003      0.469385
   3.007      0.468012
   3.010      0.466641
   3.013      0.465273
   3.017      0.463907
   3.020      0.462544
   3.023      0.461184
   3.027      0.459826
   3.030      0.458471
   3.033      0.457118
   3.037      0.455768
   3.040      0.454421
   3.043      0.453077
   3.047      0.451735
   3.050      0.450396
   3.053      0.449059
   3.057      0.447725
   3.060      0.446394
   3.063      0.445065
   3.067      0.443739
   3.070      0.442415
   3.073      0.441095
   3.077      0.439776
   3.080      0.438461
   3.083      0.437148
   3.087      0.435837
   3.090      0.434530
   3.093      0.433224
   3.097      0.431922
   3.100      0.430622
   3.103      0.429325
   3.107      0.428030
   3.110      0.426738
   3.113      0.425448
   3.117      0.424161
   3.120      0.422877
   3.123      0.421595
   3.127      0.420316
   3.130      0.419040
   3.133      0.417766
   3.137      0.416494
   3.140      0.415225
   3.143      0.413959
   3.147      0.412696
   3.150      0.411434
   3.153      0.410176
   3.157      0.408920
   3.160      0.407667
   3.163      0.406416
   3.167      0.405168
   3.170      0.403922
   3.173      0.402679
   3.177      0.401438
   3.180      0.400200
   3.183      0.398965
   3.187      0.397732
   3.190      0.396502
   3.193      0.395274
   3.197      0.394048
   3.200      0.392826
   3.203      0.391605
   3.207      0.390388
   3.210      0.389172
   3.213      0.387960
   3.217      0.386750
   3.220      0.385542
   3.223      0.384337
   3.227      0.383134
   3.230      0.381934
   3.233      0.380737
   3.237      0.379542
   3.240      0.378349
   3.243      0.377159
   3.247      0.375971
   3.250      0.374786
   3.253      0.373603
   3.257      0.372423
   3.260      0.371246
   3.263      0.370070
   3.267      0.368898
   3.270      0.367727
   3.273      0.366559
   3.277      0.365394
   3.280      0.364231
   3.283      0.363071
   3.287      0.361913
   3.290      0.360757
   3.293      0.359604
   3.297      0.358453
   3.300      0.357305
   3.303      0.356159
   3.307      0.355016
   3.310      0.353875
   3.313      0.352736
   3.317      0.351600
   3.320      0.350467
   3.323      0.349335
   3.327      0.348206
   3.330      0.347080
   3.333      0.345956
   3.337      0.344834
   3.340      0.343715
   3.343      0.342598
   3.347      0.341483
   3.350      0.340371
   3.353      0.339261
   3.357      0.338154
   3.360      0.337049
   3.363      0.335946
   3.367      0.334846
   3.370      0.333748
   3.373      0.332652
   3.377      0.331559
   3.380      0.330468
   3.383      0.329380
   3.387      0.328293
   3.390      0.327210
   3.393      0.326128
   3.397      0.325049
   3.400      0.323972
   3.403      0.322897
   3.407      0.321825
   3.410      0.320755
   3.413      0.319687
   3.417      0.318622
   3.420      0.317559
   3.423      0.316498
   3.427      0.315439
   3.430      0.314383
   3.433      0.313329
   3.437      0.312278
   3.440      0.311228
   3.443      0.310181
   3.447      0.309136
   3.450      0.308094
   3.453      0.307053
   3.457      0.306015
   3.460      0.304979
   3.463      0.303946
   3.467      0.302915
   3.470      0.301885
   3.473      0.300859
   3.477      0.299834
   3.480      0.298811
   3.483      0.297791
   3.487      0.296773
   3.490      0.295758
   3.493      0.294744
   3.497      0.293733
   3.500      0.292723
   3.503      0.291716
   3.507      0.290712
   3.510      0.289709
   3.513      0.288709
   3.517      0.287710
   3.520      0.286714
   3.523      0.285720
   3.527      0.284729
   3.530      0.283739
   3.533      0.282752
   3.537      0.281766
   3.540      0.280783
   3.543      0.279802
   3.547      0.278824
   3.550      0.277847
   3.553      0.276872
   3.557      0.275900
   3.560      0.274930
   3.563      0.273961
   3.567      0.272995
   3.570      0.272031
   3.573      0.271070
   3.577      0.270110
   3.580      0.269152
   3.583      0.268197
   3.587      0.267243
   3.590      0.266292
   3.593      0.265342
   3.597      0.264395
   3.600      0.263450
   3.603      0.262507
   3.607      0.261566
   3.610      0.260627
   3.613      0.259690
   3.617      0.258755
   3.620      0.257822
   3.623      0.256892
   3.627      0.255963
   3.630      0.255036
   3.633      0.254111
   3.637      0.253189
   3.640      0.252268
   3.643      0.251350
   3.647      0.250433
   3.650      0.249518
   3.653      0.248606
   3.657      0.247695
   3.660      0.246787
   3.663      0.245880
   3.667      0.244975
   3.670      0.244073
   3.673      0.243172
   3.677      0.242273
   3.680      0.241377
   3.683      0.240482
   3.687      0.239589
   3.690      0.238698
   3.693      0.237810
   3.697      0.236923
   3.700      0.236038
   3.703      0.235155
   3.707      0.234273
   3.710      0.233394
   3.713      0.232517
   3.717      0.231642
   3.720      0.230768
   3.723      0.229897
   3.727      0.229027
   3.730      0.228160
   3.733      0.227294
   3.737      0.226430
   3.740      0.225568
   3.743      0.224708
   3.747      0.223850
   3.750      0.222993
   3.753      0.222139
   3.757      0.221286
   3.760      0.220436
   3.763      0.219587
   3.767      0.218740
   3.770      0.217895
   3.773      0.217051
   3.777      0.216210
   3.780      0.215370
   3.783      0.214532
   3.787      0.213697
   3.790      0.212862
   3.793      0.212030
   3.797      0.211200
   3.800      0.210371
   3.803      0.209544
   3.807      0.208719
   3.810      0.207896
   3.813      0.207075
   3.817      0.206255
   3.820      0.205437
   3.823      0.204621
   3.827      0.203807
   3.830      0.202994
   3.833      0.202184
   3.837      0.201375
   3.840      0.200568
   3.843      0.199762
   3.847      0.198959
   3.850      0.198157
   3.853      0.197356
   3.857      0.196558
   3.860      0.195761
   3.863      0.194967
   3.867      0.194173
   3.870      0.193382
   3.873      0.192592
   3.877      0.191804
   3.880      0.191018
   3.883      0.190233
   3.887      0.189450
   3.890      0.188669
   3.893      0.187890
   3.897      0.187112
   3.900      0.186336
   3.903      0.185562
   3.907      0.184789
   3.910      0.184018
   3.913      0.183249
   3.917      0.182481
   3.920      0.181715
   3.923      0.180950
   3.927      0.180188
   3.930      0.179427
   3.933      0.178667
   3.937      0.177910
   3.940      0.177154
   3.943      0.176399
   3.947      0.175646
   3.950      0.174895
   3.953      0.174146
   3.957      0.173398
   3.960      0.172651
   3.963      0.171907
   3.967      0.171164
   3.970      0.170422
   3.973      0.169682
   3.977      0.168944
   3.980      0.168207
   3.983      0.167472
   3.987      0.166739
   3.990      0.166007
   3.993      0.165276
   3.997      0.164548
   4.000      0.163820
   4.003      0.163095
   4.007      0.162371
   4.010      0.161648
   4.013      0.160927
   4.017      0.160208
   4.020      0.159490
   4.023      0.158774
   4.027      0.158059
   4.030      0.157345
   4.033      0.156634
   4.037      0.155924
   4.040      0.155215
   4.043      0.154508
   4.047      0.153802
   4.050      0.153098
   4.053      0.152395
   4.057      0.151694
   4.060      0.150995
   4.063      0.150297
   4.067      0.149600
   4.070      0.148905
   4.073      0.148211
   4.077      0.147519
   4.080      0.146828
   4.083      0.146139
   4.087      0.145451
   4.090      0.144765
   4.093      0.144080
   4.097      0.143397
   4.100      0.142715
   4.103      0.142034
   4.107      0.141355
   4.110      0.140678
   4.113      0.140002
   4.117      0.139327
   4.120      0.138654
   4.123      0.137982
   4.127      0.137311
   4.130      0.136642
   4.133      0.135975
   4.137      0.135309
   4.140      0.134644
   4.143      0.133980
   4.147      0.133319
   4.150      0.132658
   4.153      0.131999
   4.157      0.131341
   4.160      0.130685
   4.163      0.130029
   4.167      0.129376
   4.170      0.128724
   4.173      0.128073
   4.177      0.127423
   4.180      0.126775
   4.183      0.126128
   4.187      0.125483
   4.190      0.124838
   4.193      0.124196
   4.197      0.123554
   4.200      0.122914
   4.203      0.122275
   4.207      0.121638
   4.210      0.121002
   4.213      0.120367
   4.217      0.119734
   4.220      0.119102
   4.223      0.118471
   4.227      0.117841
   4.230      0.117213
   4.233      0.116586
   4.237      0.115961
   4.240      0.115336
   4.243      0.114713
   4.247      0.114092
   4.250      0.113471
   4.253      0.112852
   4.257      0.112234
   4.260      0.111618
   4.263      0.111002
   4.267      0.110388
   4.270      0.109775
   4.273      0.109164
   4.277      0.108553
   4.280      0.107944
   4.283      0.107337
   4.287      0.106730
   4.290      0.106125
   4.293      0.105521
   4.297      0.104918
   4.300      0.104316
   4.303      0.103716
   4.307      0.103117
   4.310      0.102519
   4.313      0.101922
   4.317      0.101327
   4.320      0.100732
   4.323      0.100139
   4.327      0.099547
   4.330      0.098957
   4.333      0.098367
   4.337      0.097779
   4.340      0.097192
   4.343      0.096606
   4.347      0.096021
   4.350      0.095438
   4.353      0.094855
   4.357      0.094274
   4.360      0.093694
   4.363      0.093115
   4.367      0.092537
   4.370      0.091961
   4.373      0.091385
   4.377      0.090811
   4.380      0.090238
   4.383      0.089666
   4.387      0.089095
   4.390      0.088526
   4.393      0.087957
   4.397      0.087390
   4.400      0.086823
   4.403      0.086258
   4.407      0.085694
   4.410      0.085131
   4.413      0.084569
   4.417      0.084009
   4.420      0.083449
   4.423      0.082890
   4.427      0.082333
   4.430      0.081777
   4.433      0.081221
   4.437      0.080667
   4.440      0.080114
   4.443      0.079562
   4.447      0.079011
   4.450      0.078461
   4.453      0.077913
   4.457      0.077365
   4.460      0.076818
   4.463      0.076273
   4.467      0.075728
   4.470      0.075185
   4.473      0.074643
   4.477      0.074101
   4.480      0.073561
   4.483      0.073022
   4.487      0.072483
   4.490      0.071946
   4.493      0.071410
   4.497      0.070875
   4.500      0.070341
   4.503      0.069808
   4.507      0.069276
   4.510      0.068745
   4.513      0.068215
   4.517      0.067686
   4.520      0.067157
   4.523      0.066630
   4.527      0.066104
   4.530      0.065579
   4.533      0.065055
   4.537      0.064532
   4.540      0.064010
   4.543      0.063489
   4.547      0.062969
   4.550      0.062450
   4.553      0.061932
   4.557      0.061415
   4.560      0.060898
   4.563      0.060383
   4.567      0.059869
   4.570      0.059355
   4.573      0.058843
   4.577      0.058332
   4.580      0.057821
   4.583      0.057312
   4.587      0.056803
   4.590      0.056295
   4.593      0.055789
   4.597      0.055283
   4.600      0.054778
   4.603      0.054274
   4.607      0.053771
   4.610      0.053269
   4.613      0.052767
   4.617      0.052267
   4.620      0.051768
   4.623      0.051269
   4.627      0.050772
   4.630      0.050275
   4.633      0.049779
   4.637      0.049284
   4.640      0.048790
   4.643      0.048297
   4.647      0.047805
   4.650      0.047314
   4.653      0.046823
   4.657      0.046334
   4.660      0.045845
   4.663      0.045357
   4.667      0.044870
   4.670      0.044384
   4.673      0.043898
   4.677      0.043414
   4.680      0.042930
   4.683      0.042448
   4.687      0.041966
   4.690      0.041485
   4.693      0.041005
   4.697      0.040525
   4.700      0.040047
   4.703      0.039569
   4.707      0.039092
   4.710      0.038616
   4.713      0.038141
   4.717      0.037666
   4.720      0.037193
   4.723      0.036720
   4.727      0.036248
   4.730      0.035777
   4.733      0.035306
   4.737      0.034837
   4.740      0.034368
   4.743      0.033900
   4.747      0.033433
   4.750      0.032966
   4.753      0.032500
   4.757      0.032036
   4.760      0.031571
   4.763      0.031108
   4.767      0.030646
   4.770      0.030184
   4.773      0.029723
   4.777      0.029263
   4.780      0.028803
   4.783      0.028344
   4.787      0.027886
   4.790      0.027429
   4.793      0.026973
   4.797      0.026517
   4.800      0.026062
   4.803      0.025607
   4.807      0.025154
   4.810      0.024701
   4.813      0.024249
   4.817      0.023798
   4.820      0.023347
   4.823      0.022897
   4.827      0.022448
   4.830      0.021999
   4.833      0.021552
   4.837      0.021105
   4.840      0.020658
   4.843      0.020212
   4.847      0.019768
   4.850      0.019323
   4.853      0.018880
   4.857      0.018437
   4.860      0.017995
   4.863      0.017553
   4.867      0.017112
   4.870      0.016672
   4.873      0.016232
   4.877      0.015794
   4.880      0.015355
   4.883      0.014918
   4.887      0.014481
   4.890      0.014045
   4.893      0.013609
   4.897      0.013175
   4.900      0.012740
   4.903      0.012307
   4.907      0.011874
   4.910      0.011442
   4.913      0.011010
   4.917      0.010579
   4.920      0.010148
   4.923      0.009719
   4.927      0.009290
   4.930      0.008861
   4.933      0.008433
   4.937      0.008006
   4.940      0.007579
   4.943      0.007153
   4.947      0.006728
   4.950      0.006303
   4.953      0.005878
   4.957      0.005455
   4.960      0.005032
   4.963      0.004609
   4.967      0.004187
   4.970      0.003766
   4.973      0.003345
   4.977      0.002925
   4.980      0.002506
   4.983      0.002087
   4.987      0.001668
   4.990      0.001250
   4.993      0.000833
   4.997      0.000416
   5.000      0.000000
