   0.000     -0.000356
   0.004      0.000178
   0.008      0.000712
   0.012      0.001601
   0.017      0.002846
   0.021      0.004446
   0.025      0.006401
   0.029      0.008709
   0.033      0.011371
   0.037      0.014386
   0.041      0.017753
   0.045      0.021470
   0.050      0.025538
   0.054      0.029954
   0.058      0.034717
   0.062      0.039827
   0.066      0.045282
   0.070      0.051079
   0.074      0.057219
   0.079      0.063698
   0.083      0.070515
   0.087      0.077668
   0.091      0.085155
   0.095      0.092975
   0.099      0.101124
   0.103      0.109601
   0.107      0.118402
   0.112      0.127527
   0.116      0.136971
   0.120      0.146734
   0.124      0.156810
   0.128      0.167199
   0.132      0.177896
   0.136      0.188900
   0.141      0.200206
   0.145      0.211812
   0.149      0.223714
   0.153      0.235909
   0.157      0.248393
   0.161      0.261164
   0.165      0.274216
   0.169      0.287548
   0.174      0.301154
   0.178      0.315031
   0.182      0.329175
   0.186      0.343583
   0.190      0.358249
   0.194      0.373170
   0.198      0.388341
   0.203      0.403758
   0.207      0.419418
   0.211      0.435314
   0.215      0.451443
   0.219      0.467801
   0.223      0.484382
   0.227      0.501181
   0.231      0.518195
   0.236      0.535418
   0.240      0.552845
   0.244      0.570471
   0.248      0.588291
   0.252      0.606300
   0.256      0.624494
   0.260      0.642866
   0.265      0.661411
   0.269      0.680124
   0.273      0.699001
   0.277      0.718034
   0.281      0.737220
   0.285      0.756552
   0.289      0.776025
   0.293      0.795633
   0.298      0.815371
   0.302      0.835233
   0.306      0.855214
   0.310      0.875307
   0.314      0.895507
   0.318      0.915809
   0.322      0.936205
   0.327      0.956692
   0.331      0.977262
   0.335      0.997910
   0.339      1.018630
   0.343      1.039415
   0.347      1.060261
   0.351      1.081162
   0.355      1.102110
   0.360      1.123101
   0.364      1.144128
   0.368      1.165185
   0.372      1.186267
   0.376      1.207367
   0.380      1.228479
   0.384      1.249598
   0.389      1.270717
   0.393      1.291831
   0.397      1.312933
   0.401      1.334018
   0.405      1.355079
   0.409      1.376111
   0.413      1.397108
   0.417      1.418063
   0.422      1.438972
   0.426      1.459827
   0.430      1.480624
   0.434      1.501357
   0.438      1.522019
   0.442      1.542605
   0.446      1.563110
   0.451      1.583527
   0.455      1.603850
   0.459      1.624076
   0.463      1.644197
   0.467      1.664208
   0.471      1.684104
   0.475      1.703879
   0.479      1.723528
   0.484      1.743045
   0.488      1.762426
   0.492      1.781664
   0.496      1.800756
   0.500      1.819695
   0.504      1.838476
   0.508      1.857096
   0.513      1.875547
   0.517      1.893827
   0.521      1.911929
   0.525      1.929849
   0.529      1.947582
   0.533      1.965124
   0.537      1.982471
   0.541      1.999616
   0.546      2.016558
   0.550      2.033289
   0.554      2.049808
   0.558      2.066108
   0.562      2.082187
   0.566      2.098040
   0.570      2.113664
   0.575      2.129053
   0.579      2.144205
   0.583      2.159116
   0.587      2.173782
   0.591      2.188200
   0.595      2.202366
   0.599      2.216276
   0.603      2.229928
   0.608      2.243319
   0.612      2.256444
   0.616      2.269301
   0.620      2.281888
   0.624      2.294201
   0.628      2.306238
   0.632      2.317996
   0.637      2.329472
   0.641      2.340664
   0.645      2.351570
   0.649      2.362187
   0.653      2.372513
   0.657      2.382547
   0.661      2.392285
   0.665      2.401727
   0.670      2.410870
   0.674      2.419713
   0.678      2.428254
   0.682      2.436491
   0.686      2.444424
   0.690      2.452051
   0.694      2.459370
   0.699      2.466381
   0.703      2.473083
   0.707      2.479475
   0.711      2.485555
   0.715      2.491323
   0.719      2.496779
   0.723      2.501922
   0.727      2.506752
   0.732      2.511267
   0.736      2.515469
   0.740      2.519356
   0.744      2.522929
   0.748      2.526188
   0.752      2.529133
   0.756      2.531764
   0.761      2.534081
   0.765      2.536085
   0.769      2.537776
   0.773      2.539155
   0.777      2.540222
   0.781      2.540978
   0.785      2.541425
   0.789      2.541562
   0.794      2.541392
   0.798      2.540914
   0.802      2.540130
   0.806      2.539042
   0.810      2.537650
   0.814      2.535956
   0.818      2.533962
   0.823      2.531669
   0.827      2.529078
   0.831      2.526192
   0.835      2.523011
   0.839      2.519539
   0.843      2.515776
   0.847      2.511725
   0.851      2.507387
   0.856      2.502766
   0.860      2.497862
   0.864      2.492678
   0.868      2.487216
   0.872      2.481480
   0.876      2.475470
   0.880      2.469190
   0.885      2.462642
   0.889      2.455828
   0.893      2.448752
   0.897      2.441415
   0.901      2.433820
   0.905      2.425971
   0.909      2.417870
   0.913      2.409520
   0.918      2.400923
   0.922      2.392083
   0.926      2.383002
   0.930      2.373683
   0.934      2.364131
   0.938      2.354346
   0.942      2.344334
   0.947      2.334096
   0.951      2.323636
   0.955      2.312957
   0.959      2.302062
   0.963      2.290955
   0.967      2.279638
   0.971      2.268116
   0.975      2.256390
   0.980      2.244466
   0.984      2.232345
   0.988      2.220032
   0.992      2.207530
   0.996      2.194842
   1.000      2.181971
   1.004      2.168921
   1.009      2.155695
   1.013      2.142297
   1.017      2.128731
   1.021      2.114999
   1.025      2.101105
   1.029      2.087053
   1.033      2.072846
   1.037      2.058488
   1.042      2.043981
   1.046      2.029330
   1.050      2.014538
   1.054      1.999609
   1.058      1.984545
   1.062      1.969351
   1.066      1.954030
   1.071      1.938585
   1.075      1.923019
   1.079      1.907337
   1.083      1.891542
   1.087      1.875636
   1.091      1.859624
   1.095      1.843509
   1.099      1.827294
   1.104      1.810983
   1.108      1.794579
   1.112      1.778085
   1.116      1.761505
   1.120      1.744841
   1.124      1.728099
   1.128      1.711279
   1.133      1.694387
   1.137      1.677424
   1.141      1.660395
   1.145      1.643303
   1.149      1.626150
   1.153      1.608940
   1.157      1.591677
   1.161      1.574362
   1.166      1.556999
   1.170      1.539592
   1.174      1.522143
   1.178      1.504656
   1.182      1.487133
   1.186      1.469577
   1.190      1.451992
   1.195      1.434380
   1.199      1.416743
   1.203      1.399086
   1.207      1.381411
   1.211      1.363720
   1.215      1.346017
   1.219      1.328303
   1.223      1.310583
   1.228      1.292858
   1.232      1.275131
   1.236      1.257405
   1.240      1.239682
   1.244      1.221966
   1.248      1.204257
   1.252      1.186560
   1.257      1.168876
   1.261      1.151208
   1.265      1.133559
   1.269      1.115930
   1.273      1.098324
   1.277      1.080743
   1.281      1.063190
   1.285      1.045667
   1.290      1.028175
   1.294      1.010718
   1.298      0.993297
   1.302      0.975915
   1.306      0.958573
   1.310      0.941274
   1.314      0.924019
   1.319      0.906811
   1.323      0.889651
   1.327      0.872541
   1.331      0.855484
   1.335      0.838481
   1.339      0.821533
   1.343      0.804644
   1.347      0.787813
   1.352      0.771044
   1.356      0.754337
   1.360      0.737695
   1.364      0.721119
   1.368      0.704610
   1.372      0.688171
   1.376      0.671802
   1.381      0.655505
   1.385      0.639281
   1.389      0.623133
   1.393      0.607061
   1.397      0.591066
   1.401      0.575150
   1.405      0.559314
   1.409      0.543560
   1.414      0.527889
   1.418      0.512301
   1.422      0.496798
   1.426      0.481382
   1.430      0.466052
   1.434      0.450811
   1.438      0.435659
   1.443      0.420597
   1.447      0.405627
   1.451      0.390749
   1.455      0.375964
   1.459      0.361272
   1.463      0.346676
   1.467      0.332175
   1.471      0.317771
   1.476      0.303464
   1.480      0.289254
   1.484      0.275144
   1.488      0.261133
   1.492      0.247221
   1.496      0.233411
   1.500      0.219701
   1.505      0.206094
   1.509      0.192588
   1.513      0.179186
   1.517      0.165887
   1.521      0.152692
   1.525      0.139601
   1.529      0.126615
   1.533      0.113733
   1.538      0.100958
   1.542      0.088288
   1.546      0.075725
   1.550      0.063268
   1.554      0.050918
   1.558      0.038675
   1.562      0.026539
   1.567      0.014510
   1.571      0.002590
   1.575     -0.009223
   1.579     -0.020927
   1.583     -0.032524
   1.587     -0.044012
   1.591     -0.055391
   1.595     -0.066662
   1.600     -0.077825
   1.604     -0.088879
   1.608     -0.099824
   1.612     -0.110661
   1.616     -0.121389
   1.620     -0.132008
   1.624     -0.142519
   1.629     -0.152921
   1.633     -0.163215
   1.637     -0.173400
   1.641     -0.183478
   1.645     -0.193447
   1.649     -0.203308
   1.653     -0.213062
   1.657     -0.222708
   1.662     -0.232246
   1.666     -0.241677
   1.670     -0.251002
   1.674     -0.260219
   1.678     -0.269330
   1.682     -0.278334
   1.686     -0.287233
   1.691     -0.296025
   1.695     -0.304713
   1.699     -0.313295
   1.703     -0.321772
   1.707     -0.330145
   1.711     -0.338413
   1.715     -0.346578
   1.719     -0.354639
   1.724     -0.362597
   1.728     -0.370452
   1.732     -0.378205
   1.736     -0.385856
   1.740     -0.393405
   1.744     -0.400853
   1.748     -0.408201
   1.753     -0.415448
   1.757     -0.422595
   1.761     -0.429643
   1.765     -0.436592
   1.769     -0.443442
   1.773     -0.450195
   1.777     -0.456850
   1.781     -0.463407
   1.786     -0.469869
   1.790     -0.476234
   1.794     -0.482503
   1.798     -0.488677
   1.802     -0.494757
   1.806     -0.500743
   1.810     -0.506635
   1.815     -0.512435
   1.819     -0.518141
   1.823     -0.523756
   1.827     -0.529280
   1.831     -0.534713
   1.835     -0.540055
   1.839     -0.545308
   1.843     -0.550471
   1.848     -0.555546
   1.852     -0.560533
   1.856     -0.565433
   1.860     -0.570246
   1.864     -0.574972
   1.868     -0.579613
   1.872     -0.584168
   1.877     -0.588639
   1.881     -0.593026
   1.885     -0.597330
   1.889     -0.601551
   1.893     -0.605689
   1.897     -0.609747
   1.901     -0.613723
   1.905     -0.617619
   1.910     -0.621435
   1.914     -0.625171
   1.918     -0.628830
   1.922     -0.632410
   1.926     -0.635913
   1.930     -0.639339
   1.934     -0.642690
   1.939     -0.645964
   1.943     -0.649164
   1.947     -0.652290
   1.951     -0.655341
   1.955     -0.658320
   1.959     -0.661227
   1.963     -0.664061
   1.967     -0.666824
   1.972     -0.669517
   1.976     -0.672140
   1.980     -0.674693
   1.984     -0.677178
   1.988     -0.679594
   1.992     -0.681943
   1.996     -0.684225
   2.001     -0.686441
   2.005     -0.688591
   2.009     -0.690677
   2.013     -0.692697
   2.017     -0.694654
   2.021     -0.696548
   2.025     -0.698379
   2.029     -0.700148
   2.034     -0.701856
   2.038     -0.703503
   2.042     -0.705090
   2.046     -0.706617
   2.050     -0.708085
   2.054     -0.709495
   2.058     -0.710848
   2.063     -0.712143
   2.067     -0.713382
   2.071     -0.714564
   2.075     -0.715692
   2.079     -0.716765
   2.083     -0.717784
   2.087     -0.718749
   2.091     -0.719661
   2.096     -0.720521
   2.100     -0.721330
   2.104     -0.722087
   2.108     -0.722794
   2.112     -0.723451
   2.116     -0.724058
   2.120     -0.724617
   2.125     -0.725128
   2.129     -0.725591
   2.133     -0.726007
   2.137     -0.726377
   2.141     -0.726701
   2.145     -0.726979
   2.149     -0.727213
   2.153     -0.727403
   2.158     -0.727550
   2.162     -0.727653
   2.166     -0.727714
   2.170     -0.727734
   2.174     -0.727712
   2.178     -0.727649
   2.182     -0.727547
   2.187     -0.727405
   2.191     -0.727224
   2.195     -0.727004
   2.199     -0.726747
   2.203     -0.726452
   2.207     -0.726121
   2.211     -0.725753
   2.215     -0.725350
   2.220     -0.724912
   2.224     -0.724439
   2.228     -0.723933
   2.232     -0.723392
   2.236     -0.722819
   2.240     -0.722214
   2.244     -0.721577
   2.249     -0.720908
   2.253     -0.720208
   2.257     -0.719479
   2.261     -0.718719
   2.265     -0.717931
   2.269     -0.717113
   2.273     -0.716268
   2.277     -0.715395
   2.282     -0.714494
   2.286     -0.713567
   2.290     -0.712614
   2.294     -0.711635
   2.298     -0.710631
   2.302     -0.709603
   2.306     -0.708550
   2.311     -0.707473
   2.315     -0.706373
   2.319     -0.705251
   2.323     -0.704106
   2.327     -0.702940
   2.331     -0.701752
   2.335     -0.700543
   2.339     -0.699314
   2.344     -0.698065
   2.348     -0.696796
   2.352     -0.695509
   2.356     -0.694202
   2.360     -0.692878
   2.364     -0.691536
   2.368     -0.690176
   2.373     -0.688800
   2.377     -0.687407
   2.381     -0.685998
   2.385     -0.684573
   2.389     -0.683133
   2.393     -0.681678
   2.397     -0.680209
   2.401     -0.678725
   2.406     -0.677228
   2.410     -0.675718
   2.414     -0.674194
   2.418     -0.672658
   2.422     -0.671109
   2.426     -0.669549
   2.430     -0.667977
   2.435     -0.666394
   2.439     -0.664800
   2.443     -0.663195
   2.447     -0.661580
   2.451     -0.659955
   2.455     -0.658321
   2.459     -0.656677
   2.463     -0.655024
   2.468     -0.653363
   2.472     -0.651693
   2.476     -0.650015
   2.480     -0.648329
   2.484     -0.646636
   2.488     -0.644936
   2.492     -0.643228
   2.497     -0.641514
   2.501     -0.639794
   2.505     -0.638067
   2.509     -0.636335
   2.513     -0.634596
   2.517     -0.632853
   2.521     -0.631104
   2.525     -0.629350
   2.530     -0.627592
   2.534     -0.625829
   2.538     -0.624062
   2.542     -0.622291
   2.546     -0.620516
   2.550     -0.618737
   2.554     -0.616955
   2.559     -0.615170
   2.563     -0.613382
   2.567     -0.611592
   2.571     -0.609798
   2.575     -0.608003
   2.579     -0.606205
   2.583     -0.604405
   2.587     -0.602604
   2.592     -0.600800
   2.596     -0.598996
   2.600     -0.597190
   2.604     -0.595382
   2.608     -0.593574
   2.612     -0.591765
   2.616     -0.589956
   2.621     -0.588146
   2.625     -0.586335
   2.629     -0.584525
   2.633     -0.582714
   2.637     -0.580903
   2.641     -0.579093
   2.645     -0.577283
   2.649     -0.575474
   2.654     -0.573665
   2.658     -0.571857
   2.662     -0.570049
   2.666     -0.568243
   2.670     -0.566438
   2.674     -0.564634
   2.678     -0.562831
   2.683     -0.561030
   2.687     -0.559230
   2.691     -0.557432
   2.695     -0.555635
   2.699     -0.553841
   2.703     -0.552048
   2.707     -0.550258
   2.711     -0.548469
   2.716     -0.546683
   2.720     -0.544899
   2.724     -0.543118
   2.728     -0.541338
   2.732     -0.539562
   2.736     -0.537788
   2.740     -0.536017
   2.745     -0.534248
   2.749     -0.532483
   2.753     -0.530720
   2.757     -0.528960
   2.761     -0.527203
   2.765     -0.525450
   2.769     -0.523699
   2.773     -0.521952
   2.778     -0.520208
   2.782     -0.518468
   2.786     -0.516730
   2.790     -0.514997
   2.794     -0.513266
   2.798     -0.511540
   2.802     -0.509816
   2.807     -0.508097
   2.811     -0.506381
   2.815     -0.504669
   2.819     -0.502961
   2.823     -0.501256
   2.827     -0.499556
   2.831     -0.497859
   2.835     -0.496166
   2.840     -0.494477
   2.844     -0.492792
   2.848     -0.491111
   2.852     -0.489434
   2.856     -0.487762
   2.860     -0.486093
   2.864     -0.484429
   2.869     -0.482768
   2.873     -0.481112
   2.877     -0.479460
   2.881     -0.477812
   2.885     -0.476169
   2.889     -0.474530
   2.893     -0.472895
   2.897     -0.471264
   2.902     -0.469638
   2.906     -0.468016
   2.910     -0.466399
   2.914     -0.464785
   2.918     -0.463177
   2.922     -0.461572
   2.926     -0.459972
   2.931     -0.458377
   2.935     -0.456786
   2.939     -0.455199
   2.943     -0.453617
   2.947     -0.452039
   2.951     -0.450466
   2.955     -0.448897
   2.959     -0.447333
   2.964     -0.445773
   2.968     -0.444218
   2.972     -0.442667
   2.976     -0.441121
   2.980     -0.439579
   2.984     -0.438042
   2.988     -0.436509
   2.993     -0.434981
   2.997     -0.433457
   3.001     -0.431938
   3.005     -0.430423
   3.009     -0.428913
   3.013     -0.427407
   3.017     -0.425906
   3.021     -0.424410
   3.026     -0.422917
   3.030     -0.421430
   3.034     -0.419947
   3.038     -0.418468
   3.042     -0.416994
   3.046     -0.415524
   3.050     -0.414059
   3.055     -0.412598
   3.059     -0.411142
   3.063     -0.409690
   3.067     -0.408242
   3.071     -0.406799
   3.075     -0.405361
   3.079     -0.403927
   3.083     -0.402497
   3.088     -0.401072
   3.092     -0.399651
   3.096     -0.398235
   3.100     -0.396823
   3.104     -0.395415
   3.108     -0.394012
   3.112     -0.392613
   3.117     -0.391218
   3.121     -0.389828
   3.125     -0.388442
   3.129     -0.387060
   3.133     -0.385683
   3.137     -0.384310
   3.141     -0.382941
   3.145     -0.381577
   3.150     -0.380217
   3.154     -0.378861
   3.158     -0.377509
   3.162     -0.376162
   3.166     -0.374818
   3.170     -0.373479
   3.174     -0.372145
   3.179     -0.370814
   3.183     -0.369487
   3.187     -0.368165
   3.191     -0.366847
   3.195     -0.365533
   3.199     -0.364223
   3.203     -0.362917
   3.207     -0.361616
   3.212     -0.360318
   3.216     -0.359024
   3.220     -0.357735
   3.224     -0.356449
   3.228     -0.355168
   3.232     -0.353890
   3.236     -0.352617
   3.241     -0.351348
   3.245     -0.350082
   3.249     -0.348821
   3.253     -0.347563
   3.257     -0.346309
   3.261     -0.345060
   3.265     -0.343814
   3.269     -0.342572
   3.274     -0.341334
   3.278     -0.340100
   3.282     -0.338870
   3.286     -0.337643
   3.290     -0.336420
   3.294     -0.335202
   3.298     -0.333986
   3.303     -0.332775
   3.307     -0.331568
   3.311     -0.330364
   3.315     -0.329164
   3.319     -0.327968
   3.323     -0.326775
   3.327     -0.325586
   3.331     -0.324401
   3.336     -0.323220
   3.340     -0.322042
   3.344     -0.320868
   3.348     -0.319697
   3.352     -0.318530
   3.356     -0.317367
   3.360     -0.316207
   3.365     -0.315051
   3.369     -0.313898
   3.373     -0.312749
   3.377     -0.311604
   3.381     -0.310462
   3.385     -0.309323
   3.389     -0.308188
   3.393     -0.307057
   3.398     -0.305928
   3.402     -0.304804
   3.406     -0.303683
   3.410     -0.302565
   3.414     -0.301451
   3.418     -0.300340
   3.422     -0.299232
   3.427     -0.298128
   3.431     -0.297027
   3.435     -0.295930
   3.439     -0.294836
   3.443     -0.293745
   3.447     -0.292657
   3.451     -0.291573
   3.455     -0.290492
   3.460     -0.289415
   3.464     -0.288340
   3.468     -0.287269
   3.472     -0.286201
   3.476     -0.285137
   3.480     -0.284075
   3.484     -0.283017
   3.489     -0.281962
   3.493     -0.280910
   3.497     -0.279861
   3.501     -0.278816
   3.505     -0.277773
   3.509     -0.276734
   3.513     -0.275698
   3.517     -0.274665
   3.522     -0.273634
   3.526     -0.272607
   3.530     -0.271584
   3.534     -0.270563
   3.538     -0.269545
   3.542     -0.268530
   3.546     -0.267518
   3.551     -0.266509
   3.555     -0.265504
   3.559     -0.264501
   3.563     -0.263501
   3.567     -0.262504
   3.571     -0.261510
   3.575     -0.260519
   3.579     -0.259531
   3.584     -0.258546
   3.588     -0.257563
   3.592     -0.256584
   3.596     -0.255607
   3.600     -0.254634
   3.604     -0.253663
   3.608     -0.252695
   3.613     -0.251730
   3.617     -0.250767
   3.621     -0.249808
   3.625     -0.248851
   3.629     -0.247897
   3.633     -0.246946
   3.637     -0.245997
   3.641     -0.245052
   3.646     -0.244109
   3.650     -0.243168
   3.654     -0.242231
   3.658     -0.241296
   3.662     -0.240364
   3.666     -0.239435
   3.670     -0.238508
   3.675     -0.237584
   3.679     -0.236663
   3.683     -0.235744
   3.687     -0.234828
   3.691     -0.233914
   3.695     -0.233004
   3.699     -0.232095
   3.703     -0.231190
   3.708     -0.230287
   3.712     -0.229386
   3.716     -0.228488
   3.720     -0.227593
   3.724     -0.226700
   3.728     -0.225810
   3.732     -0.224922
   3.737     -0.224037
   3.741     -0.223154
   3.745     -0.222274
   3.749     -0.221397
   3.753     -0.220521
   3.757     -0.219649
   3.761     -0.218778
   3.765     -0.217911
   3.770     -0.217045
   3.774     -0.216182
   3.778     -0.215322
   3.782     -0.214464
   3.786     -0.213608
   3.790     -0.212755
   3.794     -0.211904
   3.799     -0.211055
   3.803     -0.210209
   3.807     -0.209365
   3.811     -0.208524
   3.815     -0.207685
   3.819     -0.206848
   3.823     -0.206014
   3.827     -0.205182
   3.832     -0.204352
   3.836     -0.203524
   3.840     -0.202699
   3.844     -0.201876
   3.848     -0.201055
   3.852     -0.200237
   3.856     -0.199421
   3.861     -0.198607
   3.865     -0.197795
   3.869     -0.196986
   3.873     -0.196179
   3.877     -0.195374
   3.881     -0.194571
   3.885     -0.193771
   3.889     -0.192972
   3.894     -0.192176
   3.898     -0.191382
   3.902     -0.190590
   3.906     -0.189801
   3.910     -0.189013
   3.914     -0.188228
   3.918     -0.187444
   3.923     -0.186663
   3.927     -0.185884
   3.931     -0.185107
   3.935     -0.184333
   3.939     -0.183560
   3.943     -0.182789
   3.947     -0.182021
   3.951     -0.181254
   3.956     -0.180490
   3.960     -0.179728
   3.964     -0.178968
   3.968     -0.178209
   3.972     -0.177453
   3.976     -0.176699
   3.980     -0.175947
   3.985     -0.175197
   3.989     -0.174449
   3.993     -0.173702
   3.997     -0.172958
   4.001     -0.172216
   4.005     -0.171476
   4.009     -0.170738
   4.013     -0.170002
   4.018     -0.169267
   4.022     -0.168535
   4.026     -0.167805
   4.030     -0.167076
   4.034     -0.166350
   4.038     -0.165625
   4.042     -0.164902
   4.047     -0.164182
   4.051     -0.163463
   4.055     -0.162746
   4.059     -0.162031
   4.063     -0.161317
   4.067     -0.160606
   4.071     -0.159897
   4.075     -0.159189
   4.080     -0.158483
   4.084     -0.157779
   4.088     -0.157077
   4.092     -0.156377
   4.096     -0.155679
   4.100     -0.154982
   4.104     -0.154287
   4.109     -0.153594
   4.113     -0.152903
   4.117     -0.152214
   4.121     -0.151526
   4.125     -0.150840
   4.129     -0.150156
   4.133     -0.149474
   4.137     -0.148793
   4.142     -0.148114
   4.146     -0.147437
   4.150     -0.146762
   4.154     -0.146089
   4.158     -0.145417
   4.162     -0.144747
   4.166     -0.144078
   4.171     -0.143412
   4.175     -0.142747
   4.179     -0.142083
   4.183     -0.141422
   4.187     -0.140762
   4.191     -0.140104
   4.195     -0.139447
   4.199     -0.138792
   4.204     -0.138139
   4.208     -0.137488
   4.212     -0.136838
   4.216     -0.136189
   4.220     -0.135543
   4.224     -0.134898
   4.228     -0.134255
   4.233     -0.133613
   4.237     -0.132973
   4.241     -0.132334
   4.245     -0.131697
   4.249     -0.131062
   4.253     -0.130428
   4.257     -0.129796
   4.261     -0.129166
   4.266     -0.128537
   4.270     -0.127909
   4.274     -0.127284
   4.278     -0.126659
   4.282     -0.126037
   4.286     -0.125415
   4.290     -0.124796
   4.295     -0.124178
   4.299     -0.123561
   4.303     -0.122946
   4.307     -0.122333
   4.311     -0.121721
   4.315     -0.121110
   4.319     -0.120501
   4.323     -0.119894
   4.328     -0.119288
   4.332     -0.118684
   4.336     -0.118081
   4.340     -0.117479
   4.344     -0.116879
   4.348     -0.116280
   4.352     -0.115683
   4.357     -0.115088
   4.361     -0.114494
   4.365     -0.113901
   4.369     -0.113310
   4.373     -0.112720
   4.377     -0.112131
   4.381     -0.111544
   4.385     -0.110959
   4.390     -0.110375
   4.394     -0.109792
   4.398     -0.109210
   4.402     -0.108631
   4.406     -0.108052
   4.410     -0.107475
   4.414     -0.106899
   4.419     -0.106325
   4.423     -0.105752
   4.427     -0.105180
   4.431     -0.104610
   4.435     -0.104041
   4.439     -0.103473
   4.443     -0.102907
   4.447     -0.102343
   4.452     -0.101779
   4.456     -0.101217
   4.460     -0.100656
   4.464     -0.100097
   4.468     -0.099538
   4.472     -0.098982
   4.476     -0.098426
   4.481     -0.097872
   4.485     -0.097319
   4.489     -0.096767
   4.493     -0.096217
   4.497     -0.095668
   4.501     -0.095120
   4.505     -0.094574
   4.509     -0.094029
   4.514     -0.093485
   4.518     -0.092942
   4.522     -0.092401
   4.526     -0.091861
   4.530     -0.091322
   4.534     -0.090785
   4.538     -0.090248
   4.543     -0.089713
   4.547     -0.089179
   4.551     -0.088647
   4.555     -0.088115
   4.559     -0.087585
   4.563     -0.087056
   4.567     -0.086529
   4.571     -0.086002
   4.576     -0.085477
   4.580     -0.084953
   4.584     -0.084430
   4.588     -0.083908
   4.592     -0.083388
   4.596     -0.082868
   4.600     -0.082350
   4.605     -0.081833
   4.609     -0.081317
   4.613     -0.080803
   4.617     -0.080289
   4.621     -0.079777
   4.625     -0.079266
   4.629     -0.078756
   4.633     -0.078247
   4.638     -0.077740
   4.642     -0.077233
   4.646     -0.076728
   4.650     -0.076223
   4.654     -0.075720
   4.658     -0.075218
   4.662     -0.074717
   4.667     -0.074218
   4.671     -0.073719
   4.675     -0.073221
   4.679     -0.072725
   4.683     -0.072230
   4.687     -0.071735
   4.691     -0.071242
   4.695     -0.070750
   4.700     -0.070259
   4.704     -0.069769
   4.708     -0.069280
   4.712     -0.068793
   4.716     -0.068306
   4.720     -0.067820
   4.724     -0.067336
   4.729     -0.066852
   4.733     -0.066370
   4.737     -0.065889
   4.741     -0.065408
   4.745     -0.064929
   4.749     -0.064451
   4.753     -0.063973
   4.757     -0.063497
   4.762     -0.063022
   4.766     -0.062548
   4.770     -0.062075
   4.774     -0.061603
   4.778     -0.061132
   4.782     -0.060662
   4.786     -0.060192
   4.791     -0.059724
   4.795     -0.059257
   4.799     -0.058791
   4.803     -0.058326
   4.807     -0.057862
   4.811     -0.057399
   4.815     -0.056937
   4.819     -0.056476
   4.824     -0.056015
   4.828     -0.055556
   4.832     -0.055098
   4.836     -0.054641
   4.840     -0.054184
   4.844     -0.053729
   4.848     -0.053274
   4.853     -0.052821
   4.857     -0.052368
   4.861     -0.051917
   4.865     -0.051466
   4.869     -0.051016
   4.873     -0.050568
   4.877     -0.050120
   4.881     -0.049673
   4.886     -0.049227
   4.890     -0.048782
   4.894     -0.048337
   4.898     -0.047894
   4.902     -0.047452
   4.906     -0.047010
   4.910     -0.046570
   4.915     -0.046130
   4.919     -0.045691
   4.923     -0.045253
   4.927     -0.044816
   4.931     -0.044380
   4.935     -0.043945
   4.939     -0.043510
   4.943     -0.043077
   4.948     -0.042644
   4.952     -0.042212
   4.956     -0.041781
   4.960     -0.041351
   4.964     -0.040922
   4.968     -0.040494
   4.972     -0.040066
   4.977     -0.039639
   4.981     -0.039214
   4.985     -0.038789
   4.989     -0.038364
   4.993     -0.037941
   4.997     -0.037519
   5.001     -0.037097
   5.005     -0.036676
   5.010     -0.036256
   5.014     -0.035837
   5.018     -0.035419
   5.022     -0.035001
   5.026     -0.034584
   5.030     -0.034168
   5.034     -0.033753
   5.039     -0.033339
   5.043     -0.032925
   5.047     -0.032512
   5.051     -0.032100
   5.055     -0.031689
   5.059     -0.031279
   5.063     -0.030869
   5.067     -0.030460
   5.072     -0.030052
   5.076     -0.029645
   5.080     -0.029238
   5.084     -0.028832
   5.088     -0.028427
   5.092     -0.028023
   5.096     -0.027619
   5.101     -0.027217
   5.105     -0.026815
   5.109     -0.026413
   5.113     -0.026013
   5.117     -0.025613
   5.121     -0.025214
   5.125     -0.024815
   5.129     -0.024418
   5.134     -0.024021
   5.138     -0.023625
   5.142     -0.023229
   5.146     -0.022835
   5.150     -0.022441
   5.154     -0.022047
   5.158     -0.021655
   5.163     -0.021263
   5.167     -0.020872
   5.171     -0.020481
   5.175     -0.020091
   5.179     -0.019702
   5.183     -0.019314
   5.187     -0.018926
   5.191     -0.018539
   5.196     -0.018153
   5.200     -0.017767
   5.204     -0.017382
   5.208     -0.016998
   5.212     -0.016614
   5.216     -0.016231
   5.220     -0.015849
   5.225     -0.015467
   5.229     -0.015086
   5.233     -0.014706
   5.237     -0.014326
   5.241     -0.013947
   5.245     -0.013569
   5.249     -0.013191
   5.253     -0.012814
   5.258     -0.012438
   5.262     -0.012062
   5.266     -0.011687
   5.270     -0.011312
   5.274     -0.010938
   5.278     -0.010565
   5.282     -0.010192
   5.287     -0.009820
   5.291     -0.009449
   5.295     -0.009078
   5.299     -0.008708
   5.303     -0.008338
   5.307     -0.007969
   5.311     -0.007601
   5.315     -0.007233
   5.320     -0.006866
   5.324     -0.006499
   5.328     -0.006133
   5.332     -0.005768
   5.336     -0.005403
   5.340     -0.005039
   5.344     -0.004675
   5.349     -0.004312
   5.353     -0.003950
   5.357     -0.003588
   5.361     -0.003227
   5.365     -0.002866
   5.369     -0.002506
   5.373     -0.002146
   5.377     -0.001787
   5.382     -0.001429
   5.386     -0.001071
   5.390     -0.000713
   5.394     -0.000356
   5.398      0.000000
