   0.000      5.123207
   0.003      5.111416
   0.006      5.099625
   0.008      5.086397
   0.011      5.072773
   0.014      5.059014
   0.017      5.045205
   0.019      5.031383
   0.022      5.017568
   0.025      5.003769
   0.028      4.989994
   0.030      4.976245
   0.033      4.962525
   0.036      4.948836
   0.039      4.935180
   0.042      4.921557
   0.044      4.907967
   0.047      4.894413
   0.050      4.880893
   0.053      4.867408
   0.055      4.853958
   0.058      4.840544
   0.061      4.827165
   0.064      4.813822
   0.066      4.800515
   0.069      4.787244
   0.072      4.774008
   0.075      4.760808
   0.077      4.747644
   0.080      4.734516
   0.083      4.721424
   0.086      4.708367
   0.089      4.695346
   0.091      4.682361
   0.094      4.669411
   0.097      4.656497
   0.100      4.643618
   0.102      4.630775
   0.105      4.617968
   0.108      4.605196
   0.111      4.592459
   0.113      4.579757
   0.116      4.567091
   0.119      4.554460
   0.122      4.541864
   0.125      4.529303
   0.127      4.516777
   0.130      4.504286
   0.133      4.491830
   0.136      4.479409
   0.138      4.467022
   0.141      4.454670
   0.144      4.442353
   0.147      4.430070
   0.149      4.417822
   0.152      4.405608
   0.155      4.393428
   0.158      4.381282
   0.160      4.369171
   0.163      4.357094
   0.166      4.345050
   0.169      4.333041
   0.172      4.321066
   0.174      4.309124
   0.177      4.297216
   0.180      4.285342
   0.183      4.273501
   0.185      4.261694
   0.188      4.249920
   0.191      4.238179
   0.194      4.226472
   0.196      4.214798
   0.199      4.203157
   0.202      4.191549
   0.205      4.179974
   0.208      4.168432
   0.210      4.156923
   0.213      4.145446
   0.216      4.134003
   0.219      4.122591
   0.221      4.111212
   0.224      4.099866
   0.227      4.088552
   0.230      4.077270
   0.232      4.066021
   0.235      4.054803
   0.238      4.043618
   0.241      4.032464
   0.243      4.021342
   0.246      4.010252
   0.249      3.999194
   0.252      3.988168
   0.255      3.977173
   0.257      3.966209
   0.260      3.955277
   0.263      3.944376
   0.266      3.933507
   0.268      3.922668
   0.271      3.911861
   0.274      3.901084
   0.277      3.890339
   0.279      3.879624
   0.282      3.868940
   0.285      3.858287
   0.288      3.847665
   0.290      3.837072
   0.293      3.826511
   0.296      3.815980
   0.299      3.805479
   0.302      3.795008
   0.304      3.784567
   0.307      3.774156
   0.310      3.763776
   0.313      3.753425
   0.315      3.743104
   0.318      3.732813
   0.321      3.722551
   0.324      3.712319
   0.326      3.702116
   0.329      3.691943
   0.332      3.681799
   0.335      3.671685
   0.338      3.661599
   0.340      3.651543
   0.343      3.641516
   0.346      3.631517
   0.349      3.621548
   0.351      3.611607
   0.354      3.601695
   0.357      3.591811
   0.360      3.581956
   0.362      3.572130
   0.365      3.562332
   0.368      3.552562
   0.371      3.542820
   0.373      3.533107
   0.376      3.523422
   0.379      3.513764
   0.382      3.504135
   0.385      3.494533
   0.387      3.484959
   0.390      3.475413
   0.393      3.465894
   0.396      3.456403
   0.398      3.446939
   0.401      3.437503
   0.404      3.428094
   0.407      3.418712
   0.409      3.409358
   0.412      3.400030
   0.415      3.390729
   0.418      3.381455
   0.421      3.372208
   0.423      3.362988
   0.426      3.353795
   0.429      3.344628
   0.432      3.335487
   0.434      3.326373
   0.437      3.317286
   0.440      3.308224
   0.443      3.299189
   0.445      3.290180
   0.448      3.281197
   0.451      3.272240
   0.454      3.263309
   0.456      3.254404
   0.459      3.245524
   0.462      3.236671
   0.465      3.227842
   0.468      3.219040
   0.470      3.210263
   0.473      3.201511
   0.476      3.192784
   0.479      3.184083
   0.481      3.175407
   0.484      3.166756
   0.487      3.158130
   0.490      3.149529
   0.492      3.140952
   0.495      3.132401
   0.498      3.123874
   0.501      3.115372
   0.504      3.106895
   0.506      3.098442
   0.509      3.090013
   0.512      3.081609
   0.515      3.073229
   0.517      3.064873
   0.520      3.056542
   0.523      3.048234
   0.526      3.039951
   0.528      3.031691
   0.531      3.023455
   0.534      3.015243
   0.537      3.007055
   0.539      2.998890
   0.542      2.990749
   0.545      2.982631
   0.548      2.974537
   0.551      2.966466
   0.553      2.958419
   0.556      2.950395
   0.559      2.942393
   0.562      2.934415
   0.564      2.926460
   0.567      2.918528
   0.570      2.910618
   0.573      2.902732
   0.575      2.894868
   0.578      2.887027
   0.581      2.879208
   0.584      2.871412
   0.587      2.863639
   0.589      2.855887
   0.592      2.848159
   0.595      2.840452
   0.598      2.832767
   0.600      2.825105
   0.603      2.817465
   0.606      2.809846
   0.609      2.802250
   0.611      2.794675
   0.614      2.787122
   0.617      2.779591
   0.620      2.772082
   0.622      2.764594
   0.625      2.757127
   0.628      2.749682
   0.631      2.742259
   0.634      2.734856
   0.636      2.727475
   0.639      2.720116
   0.642      2.712777
   0.645      2.705459
   0.647      2.698162
   0.650      2.690887
   0.653      2.683632
   0.656      2.676398
   0.658      2.669184
   0.661      2.661991
   0.664      2.654819
   0.667      2.647668
   0.670      2.640537
   0.672      2.633426
   0.675      2.626335
   0.678      2.619265
   0.681      2.612215
   0.683      2.605186
   0.686      2.598176
   0.689      2.591187
   0.692      2.584217
   0.694      2.577267
   0.697      2.570337
   0.700      2.563427
   0.703      2.556537
   0.705      2.549666
   0.708      2.542815
   0.711      2.535984
   0.714      2.529172
   0.717      2.522379
   0.719      2.515606
   0.722      2.508852
   0.725      2.502117
   0.728      2.495402
   0.730      2.488705
   0.733      2.482028
   0.736      2.475370
   0.739      2.468730
   0.741      2.462110
   0.744      2.455508
   0.747      2.448925
   0.750      2.442361
   0.753      2.435815
   0.755      2.429288
   0.758      2.422780
   0.761      2.416290
   0.764      2.409819
   0.766      2.403365
   0.769      2.396931
   0.772      2.390514
   0.775      2.384116
   0.777      2.377735
   0.780      2.371373
   0.783      2.365029
   0.786      2.358703
   0.789      2.352394
   0.791      2.346104
   0.794      2.339831
   0.797      2.333576
   0.800      2.327339
   0.802      2.321119
   0.805      2.314917
   0.808      2.308733
   0.811      2.302566
   0.813      2.296416
   0.816      2.290284
   0.819      2.284169
   0.822      2.278071
   0.824      2.271991
   0.827      2.265927
   0.830      2.259881
   0.833      2.253852
   0.836      2.247840
   0.838      2.241844
   0.841      2.235866
   0.844      2.229904
   0.847      2.223959
   0.849      2.218031
   0.852      2.212120
   0.855      2.206225
   0.858      2.200346
   0.860      2.194485
   0.863      2.188639
   0.866      2.182810
   0.869      2.176998
   0.872      2.171201
   0.874      2.165421
   0.877      2.159657
   0.880      2.153910
   0.883      2.148178
   0.885      2.142463
   0.888      2.136763
   0.891      2.131079
   0.894      2.125412
   0.896      2.119760
   0.899      2.114124
   0.902      2.108503
   0.905      2.102899
   0.907      2.097310
   0.910      2.091737
   0.913      2.086179
   0.916      2.080637
   0.919      2.075110
   0.921      2.069598
   0.924      2.064102
   0.927      2.058621
   0.930      2.053156
   0.932      2.047706
   0.935      2.042271
   0.938      2.036851
   0.941      2.031446
   0.943      2.026056
   0.946      2.020681
   0.949      2.015321
   0.952      2.009976
   0.955      2.004646
   0.957      1.999330
   0.960      1.994030
   0.963      1.988744
   0.966      1.983472
   0.968      1.978216
   0.971      1.972973
   0.974      1.967746
   0.977      1.962533
   0.979      1.957334
   0.982      1.952150
   0.985      1.946980
   0.988      1.941824
   0.990      1.936682
   0.993      1.931555
   0.996      1.926442
   0.999      1.921343
   1.002      1.916258
   1.004      1.911187
   1.007      1.906130
   1.010      1.901087
   1.013      1.896058
   1.015      1.891043
   1.018      1.886042
   1.021      1.881054
   1.024      1.876080
   1.026      1.871120
   1.029      1.866173
   1.032      1.861240
   1.035      1.856321
   1.038      1.851415
   1.040      1.846523
   1.043      1.841644
   1.046      1.836778
   1.049      1.831926
   1.051      1.827087
   1.054      1.822261
   1.057      1.817448
   1.060      1.812649
   1.062      1.807863
   1.065      1.803090
   1.068      1.798330
   1.071      1.793583
   1.073      1.788849
   1.076      1.784128
   1.079      1.779420
   1.082      1.774724
   1.085      1.770042
   1.087      1.765372
   1.090      1.760715
   1.093      1.756071
   1.096      1.751439
   1.098      1.746820
   1.101      1.742214
   1.104      1.737620
   1.107      1.733038
   1.109      1.728469
   1.112      1.723913
   1.115      1.719369
   1.118      1.714837
   1.120      1.710317
   1.123      1.705810
   1.126      1.701315
   1.129      1.696833
   1.132      1.692362
   1.134      1.687903
   1.137      1.683457
   1.140      1.679023
   1.143      1.674600
   1.145      1.670190
   1.148      1.665792
   1.151      1.661405
   1.154      1.657030
   1.156      1.652667
   1.159      1.648316
   1.162      1.643977
   1.165      1.639650
   1.168      1.635334
   1.170      1.631029
   1.173      1.626737
   1.176      1.622456
   1.179      1.618186
   1.181      1.613928
   1.184      1.609681
   1.187      1.605446
   1.190      1.601223
   1.192      1.597010
   1.195      1.592809
   1.198      1.588619
   1.201      1.584441
   1.203      1.580274
   1.206      1.576117
   1.209      1.571972
   1.212      1.567839
   1.215      1.563716
   1.217      1.559604
   1.220      1.555504
   1.223      1.551414
   1.226      1.547335
   1.228      1.543267
   1.231      1.539210
   1.234      1.535164
   1.237      1.531129
   1.239      1.527105
   1.242      1.523091
   1.245      1.519088
   1.248      1.515095
   1.251      1.511114
   1.253      1.507143
   1.256      1.503182
   1.259      1.499232
   1.262      1.495293
   1.264      1.491364
   1.267      1.487446
   1.270      1.483538
   1.273      1.479640
   1.275      1.475753
   1.278      1.471876
   1.281      1.468009
   1.284      1.464153
   1.286      1.460307
   1.289      1.456471
   1.292      1.452645
   1.295      1.448830
   1.298      1.445024
   1.300      1.441229
   1.303      1.437443
   1.306      1.433668
   1.309      1.429903
   1.311      1.426147
   1.314      1.422402
   1.317      1.418667
   1.320      1.414941
   1.322      1.411225
   1.325      1.407519
   1.328      1.403823
   1.331      1.400137
   1.334      1.396460
   1.336      1.392793
   1.339      1.389135
   1.342      1.385488
   1.345      1.381850
   1.347      1.378221
   1.350      1.374602
   1.353      1.370993
   1.356      1.367393
   1.358      1.363802
   1.361      1.360221
   1.364      1.356650
   1.367      1.353087
   1.369      1.349534
   1.372      1.345991
   1.375      1.342456
   1.378      1.338931
   1.381      1.335416
   1.383      1.331909
   1.386      1.328412
   1.389      1.324923
   1.392      1.321444
   1.394      1.317974
   1.397      1.314513
   1.400      1.311061
   1.403      1.307618
   1.405      1.304185
   1.408      1.300760
   1.411      1.297344
   1.414      1.293937
   1.417      1.290538
   1.419      1.287149
   1.422      1.283768
   1.425      1.280397
   1.428      1.277034
   1.430      1.273680
   1.433      1.270334
   1.436      1.266998
   1.439      1.263670
   1.441      1.260350
   1.444      1.257039
   1.447      1.253737
   1.450      1.250444
   1.452      1.247158
   1.455      1.243882
   1.458      1.240614
   1.461      1.237354
   1.464      1.234103
   1.466      1.230861
   1.469      1.227626
   1.472      1.224400
   1.475      1.221183
   1.477      1.217973
   1.480      1.214772
   1.483      1.211580
   1.486      1.208395
   1.488      1.205219
   1.491      1.202051
   1.494      1.198891
   1.497      1.195740
   1.500      1.192596
   1.502      1.189461
   1.505      1.186333
   1.508      1.183214
   1.511      1.180102
   1.513      1.176999
   1.516      1.173904
   1.519      1.170817
   1.522      1.167737
   1.524      1.164666
   1.527      1.161602
   1.530      1.158546
   1.533      1.155498
   1.535      1.152458
   1.538      1.149426
   1.541      1.146402
   1.544      1.143385
   1.547      1.140376
   1.549      1.137375
   1.552      1.134381
   1.555      1.131395
   1.558      1.128417
   1.560      1.125446
   1.563      1.122483
   1.566      1.119527
   1.569      1.116579
   1.571      1.113639
   1.574      1.110706
   1.577      1.107780
   1.580      1.104862
   1.583      1.101952
   1.585      1.099049
   1.588      1.096153
   1.591      1.093265
   1.594      1.090384
   1.596      1.087510
   1.599      1.084644
   1.602      1.081785
   1.605      1.078933
   1.607      1.076088
   1.610      1.073251
   1.613      1.070421
   1.616      1.067598
   1.618      1.064782
   1.621      1.061973
   1.624      1.059172
   1.627      1.056378
   1.630      1.053590
   1.632      1.050810
   1.635      1.048037
   1.638      1.045271
   1.641      1.042511
   1.643      1.039759
   1.646      1.037014
   1.649      1.034276
   1.652      1.031544
   1.654      1.028820
   1.657      1.026102
   1.660      1.023391
   1.663      1.020688
   1.666      1.017990
   1.668      1.015300
   1.671      1.012617
   1.674      1.009940
   1.677      1.007270
   1.679      1.004607
   1.682      1.001950
   1.685      0.999300
   1.688      0.996657
   1.690      0.994020
   1.693      0.991390
   1.696      0.988767
   1.699      0.986150
   1.701      0.983540
   1.704      0.980936
   1.707      0.978339
   1.710      0.975749
   1.713      0.973165
   1.715      0.970587
   1.718      0.968016
   1.721      0.965451
   1.724      0.962893
   1.726      0.960341
   1.729      0.957795
   1.732      0.955256
   1.735      0.952723
   1.737      0.950197
   1.740      0.947677
   1.743      0.945163
   1.746      0.942655
   1.749      0.940154
   1.751      0.937659
   1.754      0.935170
   1.757      0.932687
   1.760      0.930211
   1.762      0.927741
   1.765      0.925276
   1.768      0.922818
   1.771      0.920367
   1.773      0.917921
   1.776      0.915481
   1.779      0.913047
   1.782      0.910620
   1.784      0.908198
   1.787      0.905783
   1.790      0.903373
   1.793      0.900969
   1.796      0.898572
   1.798      0.896180
   1.801      0.893794
   1.804      0.891415
   1.807      0.889041
   1.809      0.886673
   1.812      0.884310
   1.815      0.881954
   1.818      0.879604
   1.820      0.877259
   1.823      0.874920
   1.826      0.872587
   1.829      0.870259
   1.832      0.867938
   1.834      0.865622
   1.837      0.863312
   1.840      0.861007
   1.843      0.858708
   1.845      0.856415
   1.848      0.854128
   1.851      0.851846
   1.854      0.849570
   1.856      0.847299
   1.859      0.845034
   1.862      0.842775
   1.865      0.840521
   1.867      0.838272
   1.870      0.836030
   1.873      0.833792
   1.876      0.831560
   1.879      0.829334
   1.881      0.827113
   1.884      0.824898
   1.887      0.822688
   1.890      0.820483
   1.892      0.818284
   1.895      0.816090
   1.898      0.813902
   1.901      0.811719
   1.903      0.809541
   1.906      0.807369
   1.909      0.805202
   1.912      0.803040
   1.915      0.800883
   1.917      0.798732
   1.920      0.796586
   1.923      0.794446
   1.926      0.792310
   1.928      0.790180
   1.931      0.788055
   1.934      0.785935
   1.937      0.783820
   1.939      0.781711
   1.942      0.779606
   1.945      0.777507
   1.948      0.775413
   1.950      0.773323
   1.953      0.771239
   1.956      0.769161
   1.959      0.767087
   1.962      0.765018
   1.964      0.762954
   1.967      0.760895
   1.970      0.758841
   1.973      0.756792
   1.975      0.754749
   1.978      0.752710
   1.981      0.750676
   1.984      0.748647
   1.986      0.746623
   1.989      0.744603
   1.992      0.742589
   1.995      0.740580
   1.998      0.738575
   2.000      0.736575
   2.003      0.734580
   2.006      0.732590
   2.009      0.730605
   2.011      0.728625
   2.014      0.726649
   2.017      0.724678
   2.020      0.722712
   2.022      0.720751
   2.025      0.718794
   2.028      0.716842
   2.031      0.714895
   2.033      0.712952
   2.036      0.711014
   2.039      0.709081
   2.042      0.707152
   2.045      0.705229
   2.047      0.703309
   2.050      0.701395
   2.053      0.699484
   2.056      0.697579
   2.058      0.695678
   2.061      0.693782
   2.064      0.691890
   2.067      0.690003
   2.069      0.688120
   2.072      0.686242
   2.075      0.684368
   2.078      0.682499
   2.081      0.680634
   2.083      0.678774
   2.086      0.676918
   2.089      0.675067
   2.092      0.673220
   2.094      0.671377
   2.097      0.669539
   2.100      0.667706
   2.103      0.665876
   2.105      0.664051
   2.108      0.662231
   2.111      0.660414
   2.114      0.658603
   2.116      0.656795
   2.119      0.654992
   2.122      0.653193
   2.125      0.651398
   2.128      0.649608
   2.130      0.647821
   2.133      0.646040
   2.136      0.644262
   2.139      0.642488
   2.141      0.640719
   2.144      0.638954
   2.147      0.637193
   2.150      0.635437
   2.152      0.633684
   2.155      0.631936
   2.158      0.630192
   2.161      0.628452
   2.164      0.626716
   2.166      0.624984
   2.169      0.623257
   2.172      0.621533
   2.175      0.619814
   2.177      0.618099
   2.180      0.616387
   2.183      0.614680
   2.186      0.612977
   2.188      0.611278
   2.191      0.609582
   2.194      0.607891
   2.197      0.606204
   2.199      0.604521
   2.202      0.602842
   2.205      0.601166
   2.208      0.599495
   2.211      0.597828
   2.213      0.596164
   2.216      0.594505
   2.219      0.592849
   2.222      0.591198
   2.224      0.589550
   2.227      0.587906
   2.230      0.586266
   2.233      0.584630
   2.235      0.582998
   2.238      0.581369
   2.241      0.579745
   2.244      0.578124
   2.247      0.576507
   2.249      0.574894
   2.252      0.573284
   2.255      0.571678
   2.258      0.570077
   2.260      0.568478
   2.263      0.566884
   2.266      0.565293
   2.269      0.563707
   2.271      0.562123
   2.274      0.560544
   2.277      0.558968
   2.280      0.557396
   2.282      0.555828
   2.285      0.554263
   2.288      0.552702
   2.291      0.551144
   2.294      0.549591
   2.296      0.548041
   2.299      0.546494
   2.302      0.544951
   2.305      0.543412
   2.307      0.541876
   2.310      0.540344
   2.313      0.538815
   2.316      0.537290
   2.318      0.535769
   2.321      0.534251
   2.324      0.532737
   2.327      0.531226
   2.330      0.529719
   2.332      0.528215
   2.335      0.526714
   2.338      0.525218
   2.341      0.523724
   2.343      0.522234
   2.346      0.520748
   2.349      0.519265
   2.352      0.517785
   2.354      0.516309
   2.357      0.514837
   2.360      0.513367
   2.363      0.511902
   2.365      0.510439
   2.368      0.508980
   2.371      0.507524
   2.374      0.506072
   2.377      0.504623
   2.379      0.503178
   2.382      0.501735
   2.385      0.500296
   2.388      0.498861
   2.390      0.497429
   2.393      0.496000
   2.396      0.494574
   2.399      0.493152
   2.401      0.491732
   2.404      0.490317
   2.407      0.488904
   2.410      0.487495
   2.413      0.486089
   2.415      0.484686
   2.418      0.483286
   2.421      0.481890
   2.424      0.480497
   2.426      0.479107
   2.429      0.477720
   2.432      0.476337
   2.435      0.474956
   2.437      0.473579
   2.440      0.472205
   2.443      0.470834
   2.446      0.469467
   2.448      0.468102
   2.451      0.466741
   2.454      0.465382
   2.457      0.464027
   2.460      0.462675
   2.462      0.461326
   2.465      0.459980
   2.468      0.458637
   2.471      0.457298
   2.473      0.455961
   2.476      0.454627
   2.479      0.453297
   2.482      0.451969
   2.484      0.450645
   2.487      0.449323
   2.490      0.448005
   2.493      0.446689
   2.496      0.445377
   2.498      0.444067
   2.501      0.442761
   2.504      0.441457
   2.507      0.440157
   2.509      0.438859
   2.512      0.437565
   2.515      0.436273
   2.518      0.434984
   2.520      0.433699
   2.523      0.432416
   2.526      0.431136
   2.529      0.429859
   2.531      0.428585
   2.534      0.427314
   2.537      0.426045
   2.540      0.424780
   2.543      0.423517
   2.545      0.422257
   2.548      0.421001
   2.551      0.419747
   2.554      0.418495
   2.556      0.417247
   2.559      0.416002
   2.562      0.414759
   2.565      0.413519
   2.567      0.412282
   2.570      0.411048
   2.573      0.409816
   2.576      0.408587
   2.579      0.407362
   2.581      0.406138
   2.584      0.404918
   2.587      0.403700
   2.590      0.402485
   2.592      0.401273
   2.595      0.400064
   2.598      0.398857
   2.601      0.397653
   2.603      0.396452
   2.606      0.395253
   2.609      0.394058
   2.612      0.392864
   2.614      0.391674
   2.617      0.390486
   2.620      0.389301
   2.623      0.388119
   2.626      0.386939
   2.628      0.385762
   2.631      0.384587
   2.634      0.383415
   2.637      0.382246
   2.639      0.381079
   2.642      0.379915
   2.645      0.378754
   2.648      0.377595
   2.650      0.376439
   2.653      0.375285
   2.656      0.374134
   2.659      0.372986
   2.662      0.371840
   2.664      0.370696
   2.667      0.369556
   2.670      0.368417
   2.673      0.367282
   2.675      0.366149
   2.678      0.365018
   2.681      0.363890
   2.684      0.362764
   2.686      0.361641
   2.689      0.360521
   2.692      0.359402
   2.695      0.358287
   2.697      0.357174
   2.700      0.356063
   2.703      0.354955
   2.706      0.353849
   2.709      0.352746
   2.711      0.351645
   2.714      0.350547
   2.717      0.349451
   2.720      0.348357
   2.722      0.347266
   2.725      0.346178
   2.728      0.345091
   2.731      0.344008
   2.733      0.342926
   2.736      0.341847
   2.739      0.340771
   2.742      0.339696
   2.745      0.338624
   2.747      0.337555
   2.750      0.336488
   2.753      0.335423
   2.756      0.334361
   2.758      0.333300
   2.761      0.332243
   2.764      0.331187
   2.767      0.330134
   2.769      0.329083
   2.772      0.328035
   2.775      0.326989
   2.778      0.325945
   2.780      0.324903
   2.783      0.323864
   2.786      0.322827
   2.789      0.321793
   2.792      0.320760
   2.794      0.319730
   2.797      0.318702
   2.800      0.317676
   2.803      0.316653
   2.805      0.315632
   2.808      0.314613
   2.811      0.313596
   2.814      0.312582
   2.816      0.311570
   2.819      0.310560
   2.822      0.309552
   2.825      0.308546
   2.828      0.307543
   2.830      0.306542
   2.833      0.305543
   2.836      0.304546
   2.839      0.303551
   2.841      0.302559
   2.844      0.301569
   2.847      0.300580
   2.850      0.299594
   2.852      0.298611
   2.855      0.297629
   2.858      0.296649
   2.861      0.295672
   2.863      0.294696
   2.866      0.293723
   2.869      0.292752
   2.872      0.291783
   2.875      0.290816
   2.877      0.289852
   2.880      0.288889
   2.883      0.287928
   2.886      0.286970
   2.888      0.286013
   2.891      0.285059
   2.894      0.284107
   2.897      0.283157
   2.899      0.282208
   2.902      0.281262
   2.905      0.280318
   2.908      0.279376
   2.911      0.278436
   2.913      0.277498
   2.916      0.276562
   2.919      0.275628
   2.922      0.274696
   2.924      0.273766
   2.927      0.272838
   2.930      0.271913
   2.933      0.270989
   2.935      0.270067
   2.938      0.269147
   2.941      0.268229
   2.944      0.267313
   2.946      0.266399
   2.949      0.265487
   2.952      0.264577
   2.955      0.263668
   2.958      0.262762
   2.960      0.261858
   2.963      0.260956
   2.966      0.260055
   2.969      0.259157
   2.971      0.258260
   2.974      0.257366
   2.977      0.256473
   2.980      0.255582
   2.982      0.254693
   2.985      0.253806
   2.988      0.252921
   2.991      0.252038
   2.994      0.251156
   2.996      0.250277
   2.999      0.249399
   3.002      0.248524
   3.005      0.247650
   3.007      0.246778
   3.010      0.245907
   3.013      0.245039
   3.016      0.244173
   3.018      0.243308
   3.021      0.242445
   3.024      0.241584
   3.027      0.240725
   3.029      0.239868
   3.032      0.239012
   3.035      0.238159
   3.038      0.237307
   3.041      0.236457
   3.043      0.235608
   3.046      0.234762
   3.049      0.233917
   3.052      0.233074
   3.054      0.232233
   3.057      0.231394
   3.060      0.230556
   3.063      0.229720
   3.065      0.228886
   3.068      0.228054
   3.071      0.227223
   3.074      0.226394
   3.077      0.225567
   3.079      0.224742
   3.082      0.223918
   3.085      0.223096
   3.088      0.222276
   3.090      0.221458
   3.093      0.220641
   3.096      0.219826
   3.099      0.219013
   3.101      0.218201
   3.104      0.217391
   3.107      0.216583
   3.110      0.215776
   3.112      0.214971
   3.115      0.214168
   3.118      0.213367
   3.121      0.212567
   3.124      0.211769
   3.126      0.210972
   3.129      0.210177
   3.132      0.209384
   3.135      0.208593
   3.137      0.207803
   3.140      0.207014
   3.143      0.206228
   3.146      0.205443
   3.148      0.204659
   3.151      0.203878
   3.154      0.203097
   3.157      0.202319
   3.160      0.201542
   3.162      0.200767
   3.165      0.199993
   3.168      0.199221
   3.171      0.198450
   3.173      0.197681
   3.176      0.196914
   3.179      0.196148
   3.182      0.195384
   3.184      0.194621
   3.187      0.193860
   3.190      0.193101
   3.193      0.192343
   3.195      0.191587
   3.198      0.190832
   3.201      0.190079
   3.204      0.189327
   3.207      0.188577
   3.209      0.187828
   3.212      0.187081
   3.215      0.186335
   3.218      0.185591
   3.220      0.184849
   3.223      0.184108
   3.226      0.183368
   3.229      0.182630
   3.231      0.181894
   3.234      0.181159
   3.237      0.180425
   3.240      0.179693
   3.243      0.178963
   3.245      0.178234
   3.248      0.177506
   3.251      0.176780
   3.254      0.176055
   3.256      0.175332
   3.259      0.174611
   3.262      0.173890
   3.265      0.173172
   3.267      0.172454
   3.270      0.171739
   3.273      0.171024
   3.276      0.170311
   3.278      0.169600
   3.281      0.168890
   3.284      0.168181
   3.287      0.167474
   3.290      0.166768
   3.292      0.166063
   3.295      0.165360
   3.298      0.164659
   3.301      0.163959
   3.303      0.163260
   3.306      0.162563
   3.309      0.161867
   3.312      0.161172
   3.314      0.160479
   3.317      0.159787
   3.320      0.159097
   3.323      0.158408
   3.326      0.157720
   3.328      0.157034
   3.331      0.156349
   3.334      0.155665
   3.337      0.154983
   3.339      0.154302
   3.342      0.153623
   3.345      0.152945
   3.348      0.152268
   3.350      0.151592
   3.353      0.150918
   3.356      0.150245
   3.359      0.149574
   3.361      0.148904
   3.364      0.148235
   3.367      0.147568
   3.370      0.146901
   3.373      0.146237
   3.375      0.145573
   3.378      0.144911
   3.381      0.144250
   3.384      0.143590
   3.386      0.142932
   3.389      0.142275
   3.392      0.141619
   3.395      0.140965
   3.397      0.140311
   3.400      0.139659
   3.403      0.139009
   3.406      0.138359
   3.409      0.137711
   3.411      0.137065
   3.414      0.136419
   3.417      0.135775
   3.420      0.135132
   3.422      0.134490
   3.425      0.133849
   3.428      0.133210
   3.431      0.132572
   3.433      0.131935
   3.436      0.131299
   3.439      0.130665
   3.442      0.130032
   3.444      0.129400
   3.447      0.128769
   3.450      0.128140
   3.453      0.127512
   3.456      0.126884
   3.458      0.126259
   3.461      0.125634
   3.464      0.125011
   3.467      0.124388
   3.469      0.123767
   3.472      0.123147
   3.475      0.122529
   3.478      0.121911
   3.480      0.121295
   3.483      0.120680
   3.486      0.120066
   3.489      0.119453
   3.492      0.118841
   3.494      0.118231
   3.497      0.117622
   3.500      0.117014
   3.503      0.116407
   3.505      0.115801
   3.508      0.115196
   3.511      0.114593
   3.514      0.113990
   3.516      0.113389
   3.519      0.112789
   3.522      0.112190
   3.525      0.111592
   3.527      0.110995
   3.530      0.110400
   3.533      0.109805
   3.536      0.109212
   3.539      0.108620
   3.541      0.108029
   3.544      0.107439
   3.547      0.106850
   3.550      0.106262
   3.552      0.105675
   3.555      0.105090
   3.558      0.104505
   3.561      0.103922
   3.563      0.103339
   3.566      0.102758
   3.569      0.102178
   3.572      0.101599
   3.575      0.101021
   3.577      0.100444
   3.580      0.099868
   3.583      0.099293
   3.586      0.098719
   3.588      0.098147
   3.591      0.097575
   3.594      0.097004
   3.597      0.096435
   3.599      0.095866
   3.602      0.095299
   3.605      0.094733
   3.608      0.094167
   3.610      0.093603
   3.613      0.093040
   3.616      0.092477
   3.619      0.091916
   3.622      0.091356
   3.624      0.090797
   3.627      0.090239
   3.630      0.089682
   3.633      0.089125
   3.635      0.088570
   3.638      0.088016
   3.641      0.087463
   3.644      0.086911
   3.646      0.086360
   3.649      0.085810
   3.652      0.085261
   3.655      0.084713
   3.658      0.084165
   3.660      0.083619
   3.663      0.083074
   3.666      0.082530
   3.669      0.081987
   3.671      0.081444
   3.674      0.080903
   3.677      0.080363
   3.680      0.079824
   3.682      0.079285
   3.685      0.078748
   3.688      0.078211
   3.691      0.077676
   3.693      0.077141
   3.696      0.076608
   3.699      0.076075
   3.702      0.075543
   3.705      0.075012
   3.707      0.074483
   3.710      0.073954
   3.713      0.073426
   3.716      0.072899
   3.718      0.072373
   3.721      0.071847
   3.724      0.071323
   3.727      0.070800
   3.729      0.070277
   3.732      0.069756
   3.735      0.069235
   3.738      0.068715
   3.741      0.068197
   3.743      0.067679
   3.746      0.067162
   3.749      0.066646
   3.752      0.066130
   3.754      0.065616
   3.757      0.065103
   3.760      0.064590
   3.763      0.064078
   3.765      0.063568
   3.768      0.063058
   3.771      0.062549
   3.774      0.062041
   3.776      0.061533
   3.779      0.061027
   3.782      0.060521
   3.785      0.060017
   3.788      0.059513
   3.790      0.059010
   3.793      0.058508
   3.796      0.058006
   3.799      0.057506
   3.801      0.057006
   3.804      0.056508
   3.807      0.056010
   3.810      0.055513
   3.812      0.055017
   3.815      0.054521
   3.818      0.054027
   3.821      0.053533
   3.824      0.053040
   3.826      0.052548
   3.829      0.052057
   3.832      0.051566
   3.835      0.051077
   3.837      0.050588
   3.840      0.050100
   3.843      0.049613
   3.846      0.049126
   3.848      0.048641
   3.851      0.048156
   3.854      0.047672
   3.857      0.047189
   3.859      0.046707
   3.862      0.046225
   3.865      0.045744
   3.868      0.045264
   3.871      0.044785
   3.873      0.044307
   3.876      0.043829
   3.879      0.043352
   3.882      0.042876
   3.884      0.042401
   3.887      0.041926
   3.890      0.041452
   3.893      0.040979
   3.895      0.040507
   3.898      0.040035
   3.901      0.039565
   3.904      0.039095
   3.907      0.038625
   3.909      0.038157
   3.912      0.037689
   3.915      0.037222
   3.918      0.036756
   3.920      0.036290
   3.923      0.035826
   3.926      0.035362
   3.929      0.034898
   3.931      0.034436
   3.934      0.033974
   3.937      0.033513
   3.940      0.033052
   3.942      0.032593
   3.945      0.032134
   3.948      0.031675
   3.951      0.031218
   3.954      0.030761
   3.956      0.030305
   3.959      0.029850
   3.962      0.029395
   3.965      0.028941
   3.967      0.028488
   3.970      0.028035
   3.973      0.027583
   3.976      0.027132
   3.978      0.026681
   3.981      0.026232
   3.984      0.025782
   3.987      0.025334
   3.990      0.024886
   3.992      0.024439
   3.995      0.023993
   3.998      0.023547
   4.001      0.023102
   4.003      0.022657
   4.006      0.022214
   4.009      0.021771
   4.012      0.021328
   4.014      0.020886
   4.017      0.020445
   4.020      0.020005
   4.023      0.019565
   4.025      0.019126
   4.028      0.018687
   4.031      0.018249
   4.034      0.017812
   4.037      0.017376
   4.039      0.016940
   4.042      0.016504
   4.045      0.016070
   4.048      0.015636
   4.050      0.015202
   4.053      0.014770
   4.056      0.014337
   4.059      0.013906
   4.061      0.013475
   4.064      0.013045
   4.067      0.012615
   4.070      0.012186
   4.073      0.011757
   4.075      0.011330
   4.078      0.010902
   4.081      0.010476
   4.084      0.010050
   4.086      0.009624
   4.089      0.009199
   4.092      0.008775
   4.095      0.008352
   4.097      0.007928
   4.100      0.007506
   4.103      0.007084
   4.106      0.006663
   4.108      0.006242
   4.111      0.005822
   4.114      0.005402
   4.117      0.004983
   4.120      0.004565
   4.122      0.004147
   4.125      0.003730
   4.128      0.003313
   4.131      0.002897
   4.133      0.002482
   4.136      0.002067
   4.139      0.001652
   4.142      0.001238
   4.144      0.000825
   4.147      0.000412
   4.150      0.000000
