   0.000   -298.105320
   0.003   -361.698656
   0.005   -180.247847
   0.008   -119.533892
   0.011    -89.177059
   0.014    -70.963111
   0.016    -58.820636
   0.019    -50.147599
   0.022    -43.642983
   0.025    -38.583999
   0.027    -34.536975
   0.030    -31.225936
   0.033    -28.466898
   0.036    -26.132490
   0.038    -24.131729
   0.041    -22.397897
   0.044    -20.880953
   0.047    -19.542630
   0.049    -18.353168
   0.052    -17.289067
   0.055    -16.331532
   0.058    -15.465344
   0.060    -14.678052
   0.063    -13.959372
   0.066    -13.300731
   0.069    -12.694930
   0.071    -12.135876
   0.074    -11.618379
   0.077    -11.137991
   0.080    -10.690876
   0.082    -10.273711
   0.085     -9.883600
   0.088     -9.518010
   0.091     -9.174715
   0.093     -8.851751
   0.096     -8.547377
   0.099     -8.260047
   0.102     -7.988381
   0.104     -7.731145
   0.107     -7.487231
   0.110     -7.255641
   0.113     -7.035476
   0.115     -6.825922
   0.118     -6.626239
   0.121     -6.435758
   0.124     -6.253864
   0.126     -6.080001
   0.129     -5.913657
   0.132     -5.754363
   0.135     -5.601689
   0.137     -5.455238
   0.140     -5.314647
   0.143     -5.179578
   0.145     -5.049718
   0.148     -4.924781
   0.151     -4.804498
   0.154     -4.688622
   0.156     -4.576920
   0.159     -4.469177
   0.162     -4.365194
   0.165     -4.264783
   0.167     -4.167768
   0.170     -4.073987
   0.173     -3.983285
   0.176     -3.895520
   0.178     -3.810556
   0.181     -3.728265
   0.184     -3.648530
   0.187     -3.571238
   0.189     -3.496282
   0.192     -3.423564
   0.195     -3.352989
   0.198     -3.284468
   0.200     -3.217917
   0.203     -3.153256
   0.206     -3.090411
   0.209     -3.029310
   0.211     -2.969884
   0.214     -2.912071
   0.217     -2.855809
   0.220     -2.801039
   0.222     -2.747708
   0.225     -2.695761
   0.228     -2.645151
   0.231     -2.595829
   0.233     -2.547749
   0.236     -2.500868
   0.239     -2.455146
   0.242     -2.410543
   0.244     -2.367021
   0.247     -2.324545
   0.250     -2.283079
   0.253     -2.242591
   0.255     -2.203050
   0.258     -2.164425
   0.261     -2.126687
   0.264     -2.089809
   0.266     -2.053764
   0.269     -2.018527
   0.272     -1.984073
   0.275     -1.950379
   0.277     -1.917422
   0.280     -1.885180
   0.283     -1.853633
   0.285     -1.822761
   0.288     -1.792543
   0.291     -1.762962
   0.294     -1.734000
   0.296     -1.705639
   0.299     -1.677863
   0.302     -1.650656
   0.305     -1.624003
   0.307     -1.597887
   0.310     -1.572296
   0.313     -1.547216
   0.316     -1.522632
   0.318     -1.498532
   0.321     -1.474903
   0.324     -1.451734
   0.327     -1.429013
   0.329     -1.406727
   0.332     -1.384868
   0.335     -1.363423
   0.338     -1.342383
   0.340     -1.321738
   0.343     -1.301478
   0.346     -1.281593
   0.349     -1.262076
   0.351     -1.242917
   0.354     -1.224108
   0.357     -1.205640
   0.360     -1.187505
   0.362     -1.169697
   0.365     -1.152207
   0.368     -1.135028
   0.371     -1.118154
   0.373     -1.101576
   0.376     -1.085290
   0.379     -1.069287
   0.382     -1.053563
   0.384     -1.038110
   0.387     -1.022923
   0.390     -1.007996
   0.393     -0.993324
   0.395     -0.978901
   0.398     -0.964722
   0.401     -0.950781
   0.404     -0.937074
   0.406     -0.923596
   0.409     -0.910342
   0.412     -0.897307
   0.415     -0.884487
   0.417     -0.871878
   0.420     -0.859475
   0.423     -0.847274
   0.425     -0.835271
   0.428     -0.823462
   0.431     -0.811844
   0.434     -0.800412
   0.436     -0.789163
   0.439     -0.778093
   0.442     -0.767198
   0.445     -0.756476
   0.447     -0.745924
   0.450     -0.735537
   0.453     -0.725312
   0.456     -0.715247
   0.458     -0.705339
   0.461     -0.695584
   0.464     -0.685981
   0.467     -0.676525
   0.469     -0.667214
   0.472     -0.658046
   0.475     -0.649018
   0.478     -0.640127
   0.480     -0.631371
   0.483     -0.622747
   0.486     -0.614254
   0.489     -0.605888
   0.491     -0.597647
   0.494     -0.589530
   0.497     -0.581534
   0.500     -0.573657
   0.502     -0.565897
   0.505     -0.558251
   0.508     -0.550718
   0.511     -0.543296
   0.513     -0.535983
   0.516     -0.528777
   0.519     -0.521676
   0.522     -0.514678
   0.524     -0.507783
   0.527     -0.500987
   0.530     -0.494289
   0.533     -0.487688
   0.535     -0.481182
   0.538     -0.474769
   0.541     -0.468448
   0.544     -0.462218
   0.546     -0.456076
   0.549     -0.450022
   0.552     -0.444054
   0.555     -0.438170
   0.557     -0.432369
   0.560     -0.426650
   0.563     -0.421012
   0.565     -0.415453
   0.568     -0.409972
   0.571     -0.404567
   0.574     -0.399238
   0.576     -0.393983
   0.579     -0.388801
   0.582     -0.383692
   0.585     -0.378653
   0.587     -0.373683
   0.590     -0.368783
   0.593     -0.363950
   0.596     -0.359183
   0.598     -0.354482
   0.601     -0.349845
   0.604     -0.345272
   0.607     -0.340761
   0.609     -0.336312
   0.612     -0.331923
   0.615     -0.327594
   0.618     -0.323324
   0.620     -0.319111
   0.623     -0.314956
   0.626     -0.310857
   0.629     -0.306813
   0.631     -0.302823
   0.634     -0.298887
   0.637     -0.295004
   0.640     -0.291173
   0.642     -0.287394
   0.645     -0.283664
   0.648     -0.279985
   0.651     -0.276355
   0.653     -0.272773
   0.656     -0.269239
   0.659     -0.265751
   0.662     -0.262310
   0.664     -0.258915
   0.667     -0.255564
   0.670     -0.252258
   0.673     -0.248995
   0.675     -0.245775
   0.678     -0.242598
   0.681     -0.239463
   0.684     -0.236369
   0.686     -0.233315
   0.689     -0.230301
   0.692     -0.227327
   0.695     -0.224392
   0.697     -0.221495
   0.700     -0.218636
   0.703     -0.215814
   0.705     -0.213029
   0.708     -0.210280
   0.711     -0.207567
   0.714     -0.204889
   0.716     -0.202246
   0.719     -0.199637
   0.722     -0.197062
   0.725     -0.194520
   0.727     -0.192011
   0.730     -0.189534
   0.733     -0.187090
   0.736     -0.184677
   0.738     -0.182295
   0.741     -0.179943
   0.744     -0.177622
   0.747     -0.175331
   0.749     -0.173069
   0.752     -0.170836
   0.755     -0.168632
   0.758     -0.166456
   0.760     -0.164308
   0.763     -0.162187
   0.766     -0.160094
   0.769     -0.158027
   0.771     -0.155987
   0.774     -0.153973
   0.777     -0.151984
   0.780     -0.150021
   0.782     -0.148082
   0.785     -0.146169
   0.788     -0.144280
   0.791     -0.142414
   0.793     -0.140573
   0.796     -0.138755
   0.799     -0.136960
   0.802     -0.135187
   0.804     -0.133437
   0.807     -0.131710
   0.810     -0.130004
   0.813     -0.128320
   0.815     -0.126657
   0.818     -0.125015
   0.821     -0.123394
   0.824     -0.121794
   0.826     -0.120213
   0.829     -0.118653
   0.832     -0.117112
   0.835     -0.115591
   0.837     -0.114089
   0.840     -0.112606
   0.843     -0.111141
   0.845     -0.109696
   0.848     -0.108268
   0.851     -0.106858
   0.854     -0.105466
   0.856     -0.104092
   0.859     -0.102734
   0.862     -0.101394
   0.865     -0.100071
   0.867     -0.098765
   0.870     -0.097474
   0.873     -0.096201
   0.876     -0.094943
   0.878     -0.093701
   0.881     -0.092474
   0.884     -0.091263
   0.887     -0.090067
   0.889     -0.088886
   0.892     -0.087720
   0.895     -0.086569
   0.898     -0.085432
   0.900     -0.084309
   0.903     -0.083201
   0.906     -0.082106
   0.909     -0.081025
   0.911     -0.079958
   0.914     -0.078904
   0.917     -0.077863
   0.920     -0.076835
   0.922     -0.075820
   0.925     -0.074818
   0.928     -0.073829
   0.931     -0.072852
   0.933     -0.071887
   0.936     -0.070934
   0.939     -0.069994
   0.942     -0.069065
   0.944     -0.068147
   0.947     -0.067242
   0.950     -0.066347
   0.953     -0.065464
   0.955     -0.064592
   0.958     -0.063731
   0.961     -0.062881
   0.964     -0.062041
   0.966     -0.061212
   0.969     -0.060394
   0.972     -0.059585
   0.975     -0.058787
   0.977     -0.057999
   0.980     -0.057221
   0.983     -0.056452
   0.985     -0.055693
   0.988     -0.054944
   0.991     -0.054204
   0.994     -0.053474
   0.996     -0.052753
   0.999     -0.052040
   1.002     -0.051337
   1.005     -0.050643
   1.007     -0.049957
   1.010     -0.049280
   1.013     -0.048612
   1.016     -0.047952
   1.018     -0.047300
   1.021     -0.046657
   1.024     -0.046022
   1.027     -0.045394
   1.029     -0.044775
   1.032     -0.044164
   1.035     -0.043560
   1.038     -0.042964
   1.040     -0.042375
   1.043     -0.041794
   1.046     -0.041220
   1.049     -0.040654
   1.051     -0.040095
   1.054     -0.039543
   1.057     -0.038997
   1.060     -0.038459
   1.062     -0.037928
   1.065     -0.037403
   1.068     -0.036885
   1.071     -0.036374
   1.073     -0.035869
   1.076     -0.035371
   1.079     -0.034879
   1.082     -0.034393
   1.084     -0.033913
   1.087     -0.033440
   1.090     -0.032972
   1.093     -0.032511
   1.095     -0.032056
   1.098     -0.031606
   1.101     -0.031162
   1.104     -0.030724
   1.106     -0.030291
   1.109     -0.029864
   1.112     -0.029443
   1.115     -0.029027
   1.117     -0.028616
   1.120     -0.028210
   1.123     -0.027810
   1.125     -0.027415
   1.128     -0.027025
   1.131     -0.026640
   1.134     -0.026260
   1.136     -0.025885
   1.139     -0.025515
   1.142     -0.025150
   1.145     -0.024789
   1.147     -0.024433
   1.150     -0.024082
   1.153     -0.023735
   1.156     -0.023392
   1.158     -0.023055
   1.161     -0.022721
   1.164     -0.022392
   1.167     -0.022067
   1.169     -0.021747
   1.172     -0.021431
   1.175     -0.021118
   1.178     -0.020810
   1.180     -0.020506
   1.183     -0.020206
   1.186     -0.019910
   1.189     -0.019618
   1.191     -0.019329
   1.194     -0.019045
   1.197     -0.018764
   1.200     -0.018487
   1.202     -0.018213
   1.205     -0.017943
   1.208     -0.017677
   1.211     -0.017414
   1.213     -0.017155
   1.216     -0.016899
   1.219     -0.016647
   1.222     -0.016398
   1.224     -0.016152
   1.227     -0.015910
   1.230     -0.015670
   1.233     -0.015434
   1.235     -0.015202
   1.238     -0.014972
   1.241     -0.014745
   1.244     -0.014522
   1.246     -0.014301
   1.249     -0.014083
   1.252     -0.013869
   1.255     -0.013657
   1.257     -0.013448
   1.260     -0.013242
   1.263     -0.013039
   1.265     -0.012838
   1.268     -0.012640
   1.271     -0.012445
   1.274     -0.012253
   1.276     -0.012063
   1.279     -0.011876
   1.282     -0.011691
   1.285     -0.011509
   1.287     -0.011329
   1.290     -0.011152
   1.293     -0.010977
   1.296     -0.010805
   1.298     -0.010635
   1.301     -0.010467
   1.304     -0.010302
   1.307     -0.010139
   1.309     -0.009978
   1.312     -0.009820
   1.315     -0.009663
   1.318     -0.009509
   1.320     -0.009357
   1.323     -0.009207
   1.326     -0.009059
   1.329     -0.008914
   1.331     -0.008770
   1.334     -0.008628
   1.337     -0.008489
   1.340     -0.008351
   1.342     -0.008215
   1.345     -0.008081
   1.348     -0.007950
   1.351     -0.007820
   1.353     -0.007691
   1.356     -0.007565
   1.359     -0.007440
   1.362     -0.007318
   1.364     -0.007197
   1.367     -0.007077
   1.370     -0.006960
   1.373     -0.006844
   1.375     -0.006730
   1.378     -0.006617
   1.381     -0.006506
   1.384     -0.006397
   1.386     -0.006289
   1.389     -0.006183
   1.392     -0.006078
   1.395     -0.005975
   1.397     -0.005873
   1.400     -0.005773
   1.403     -0.005675
   1.405     -0.005577
   1.408     -0.005482
   1.411     -0.005387
   1.414     -0.005294
   1.416     -0.005203
   1.419     -0.005113
   1.422     -0.005024
   1.425     -0.004936
   1.427     -0.004850
   1.430     -0.004765
   1.433     -0.004681
   1.436     -0.004599
   1.438     -0.004518
   1.441     -0.004438
   1.444     -0.004359
   1.447     -0.004281
   1.449     -0.004205
   1.452     -0.004130
   1.455     -0.004056
   1.458     -0.003983
   1.460     -0.003911
   1.463     -0.003840
   1.466     -0.003771
   1.469     -0.003702
   1.471     -0.003634
   1.474     -0.003568
   1.477     -0.003503
   1.480     -0.003438
   1.482     -0.003375
   1.485     -0.003312
   1.488     -0.003251
   1.491     -0.003191
   1.493     -0.003131
   1.496     -0.003072
   1.499     -0.003015
   1.502     -0.002958
   1.504     -0.002902
   1.507     -0.002847
   1.510     -0.002793
   1.513     -0.002740
   1.515     -0.002688
   1.518     -0.002636
   1.521     -0.002585
   1.524     -0.002536
   1.526     -0.002487
   1.529     -0.002438
   1.532     -0.002391
   1.535     -0.002344
   1.537     -0.002298
   1.540     -0.002253
   1.543     -0.002209
   1.545     -0.002165
   1.548     -0.002122
   1.551     -0.002080
   1.554     -0.002038
   1.556     -0.001997
   1.559     -0.001957
   1.562     -0.001918
   1.565     -0.001879
   1.567     -0.001841
   1.570     -0.001803
   1.573     -0.001766
   1.576     -0.001730
   1.578     -0.001694
   1.581     -0.001659
   1.584     -0.001625
   1.587     -0.001591
   1.589     -0.001558
   1.592     -0.001525
   1.595     -0.001493
   1.598     -0.001462
   1.600     -0.001431
   1.603     -0.001400
   1.606     -0.001370
   1.609     -0.001341
   1.611     -0.001312
   1.614     -0.001284
   1.617     -0.001256
   1.620     -0.001229
   1.622     -0.001202
   1.625     -0.001175
   1.628     -0.001150
   1.631     -0.001124
   1.633     -0.001099
   1.636     -0.001075
   1.639     -0.001051
   1.642     -0.001027
   1.644     -0.001004
   1.647     -0.000981
   1.650     -0.000959
   1.653     -0.000937
   1.655     -0.000916
   1.658     -0.000895
   1.661     -0.000874
   1.664     -0.000854
   1.666     -0.000834
   1.669     -0.000814
   1.672     -0.000795
   1.675     -0.000776
   1.677     -0.000758
   1.680     -0.000740
   1.683     -0.000722
   1.685     -0.000705
   1.688     -0.000688
   1.691     -0.000671
   1.694     -0.000655
   1.696     -0.000639
   1.699     -0.000623
   1.702     -0.000608
   1.705     -0.000593
   1.707     -0.000578
   1.710     -0.000563
   1.713     -0.000549
   1.716     -0.000535
   1.718     -0.000522
   1.721     -0.000508
   1.724     -0.000495
   1.727     -0.000482
   1.729     -0.000470
   1.732     -0.000458
   1.735     -0.000446
   1.738     -0.000434
   1.740     -0.000423
   1.743     -0.000411
   1.746     -0.000400
   1.749     -0.000390
   1.751     -0.000379
   1.754     -0.000369
   1.757     -0.000359
   1.760     -0.000349
   1.762     -0.000339
   1.765     -0.000330
   1.768     -0.000321
   1.771     -0.000312
   1.773     -0.000303
   1.776     -0.000294
   1.779     -0.000286
   1.782     -0.000278
   1.784     -0.000270
   1.787     -0.000262
   1.790     -0.000254
   1.793     -0.000247
   1.795     -0.000239
   1.798     -0.000232
   1.801     -0.000225
   1.804     -0.000219
   1.806     -0.000212
   1.809     -0.000205
   1.812     -0.000199
   1.815     -0.000193
   1.817     -0.000187
   1.820     -0.000181
   1.823     -0.000176
   1.825     -0.000170
   1.828     -0.000165
   1.831     -0.000159
   1.834     -0.000154
   1.836     -0.000149
   1.839     -0.000144
   1.842     -0.000139
   1.845     -0.000135
   1.847     -0.000130
   1.850     -0.000126
   1.853     -0.000122
   1.856     -0.000118
   1.858     -0.000114
   1.861     -0.000110
   1.864     -0.000106
   1.867     -0.000102
   1.869     -0.000098
   1.872     -0.000095
   1.875     -0.000092
   1.878     -0.000088
   1.880     -0.000085
   1.883     -0.000082
   1.886     -0.000079
   1.889     -0.000076
   1.891     -0.000073
   1.894     -0.000070
   1.897     -0.000068
   1.900     -0.000065
   1.902     -0.000062
   1.905     -0.000060
   1.908     -0.000058
   1.911     -0.000055
   1.913     -0.000053
   1.916     -0.000051
   1.919     -0.000049
   1.922     -0.000047
   1.924     -0.000045
   1.927     -0.000043
   1.930     -0.000041
   1.933     -0.000039
   1.935     -0.000038
   1.938     -0.000036
   1.941     -0.000034
   1.944     -0.000033
   1.946     -0.000031
   1.949     -0.000030
   1.952     -0.000029
   1.955     -0.000027
   1.957     -0.000026
   1.960     -0.000025
   1.963     -0.000024
   1.965     -0.000022
   1.968     -0.000021
   1.971     -0.000020
   1.974     -0.000019
   1.976     -0.000018
   1.979     -0.000017
   1.982     -0.000016
   1.985     -0.000016
   1.987     -0.000015
   1.990     -0.000014
   1.993     -0.000013
   1.996     -0.000012
   1.998     -0.000012
   2.001     -0.000011
   2.004     -0.000010
   2.007     -0.000010
   2.009     -0.000009
   2.012     -0.000009
   2.015     -0.000008
   2.018     -0.000008
   2.020     -0.000007
   2.023     -0.000007
   2.026     -0.000006
   2.029     -0.000006
   2.031     -0.000005
   2.034     -0.000005
   2.037     -0.000005
   2.040     -0.000004
   2.042     -0.000004
   2.045     -0.000004
   2.048     -0.000004
   2.051     -0.000003
   2.053     -0.000003
   2.056     -0.000003
   2.059     -0.000003
   2.062     -0.000002
   2.064     -0.000002
   2.067     -0.000002
   2.070     -0.000002
   2.073     -0.000002
   2.075     -0.000002
   2.078     -0.000001
   2.081     -0.000001
   2.084     -0.000001
   2.086     -0.000001
   2.089     -0.000001
   2.092     -0.000001
   2.095     -0.000001
   2.097     -0.000001
   2.100     -0.000001
   2.103     -0.000001
   2.105      0.000000
   2.108      0.000000
   2.111      0.000000
   2.114      0.000000
   2.116      0.000000
   2.119      0.000000
   2.122      0.000000
   2.125      0.000000
   2.127      0.000000
   2.130      0.000000
   2.133      0.000000
   2.136      0.000000
   2.138      0.000000
   2.141      0.000000
   2.144      0.000000
   2.147      0.000000
   2.149      0.000000
   2.152      0.000000
   2.155      0.000000
   2.158      0.000000
   2.160      0.000000
   2.163      0.000000
   2.166      0.000000
   2.169      0.000000
   2.171      0.000000
   2.174      0.000000
   2.177      0.000000
   2.180      0.000000
   2.182      0.000000
   2.185      0.000000
   2.188      0.000000
   2.191      0.000000
   2.193      0.000000
   2.196      0.000000
