   0.000      1.989007
   0.003      1.989006
   0.006      1.989006
   0.009      1.989006
   0.012      1.989005
   0.015      1.989003
   0.018      1.989000
   0.021      1.988995
   0.024      1.988988
   0.026      1.988977
   0.029      1.988962
   0.032      1.988941
   0.035      1.988914
   0.038      1.988880
   0.041      1.988836
   0.044      1.988783
   0.047      1.988718
   0.050      1.988639
   0.053      1.988546
   0.056      1.988437
   0.059      1.988309
   0.062      1.988162
   0.065      1.987992
   0.068      1.987799
   0.071      1.987581
   0.074      1.987334
   0.077      1.987058
   0.079      1.986750
   0.082      1.986408
   0.085      1.986029
   0.088      1.985613
   0.091      1.985156
   0.094      1.984657
   0.097      1.984113
   0.100      1.983522
   0.103      1.982882
   0.106      1.982191
   0.109      1.981447
   0.112      1.980647
   0.115      1.979791
   0.118      1.978875
   0.121      1.977898
   0.124      1.976858
   0.127      1.975754
   0.130      1.974583
   0.132      1.973345
   0.135      1.972036
   0.138      1.970657
   0.141      1.969206
   0.144      1.967680
   0.147      1.966080
   0.150      1.964405
   0.153      1.962652
   0.156      1.960822
   0.159      1.958913
   0.162      1.956925
   0.165      1.954858
   0.168      1.952711
   0.171      1.950483
   0.174      1.948175
   0.177      1.945786
   0.180      1.943317
   0.182      1.940767
   0.185      1.938137
   0.188      1.935427
   0.191      1.932638
   0.194      1.929769
   0.197      1.926822
   0.200      1.923798
   0.203      1.920696
   0.206      1.917519
   0.209      1.914266
   0.212      1.910939
   0.215      1.907539
   0.218      1.904066
   0.221      1.900523
   0.224      1.896910
   0.227      1.893229
   0.230      1.889480
   0.233      1.885666
   0.235      1.881787
   0.238      1.877844
   0.241      1.873840
   0.244      1.869775
   0.247      1.865651
   0.250      1.861469
   0.253      1.857231
   0.256      1.852938
   0.259      1.848591
   0.262      1.844192
   0.265      1.839742
   0.268      1.835242
   0.271      1.830694
   0.274      1.826100
   0.277      1.821460
   0.280      1.816775
   0.283      1.812048
   0.286      1.807279
   0.288      1.802469
   0.291      1.797620
   0.294      1.792733
   0.297      1.787809
   0.300      1.782850
   0.303      1.777856
   0.306      1.772829
   0.309      1.767769
   0.312      1.762679
   0.315      1.757558
   0.318      1.752408
   0.321      1.747231
   0.324      1.742027
   0.327      1.736797
   0.330      1.731543
   0.333      1.726265
   0.336      1.720964
   0.339      1.715642
   0.341      1.710300
   0.344      1.704938
   0.347      1.699557
   0.350      1.694159
   0.353      1.688745
   0.356      1.683315
   0.359      1.677870
   0.362      1.672412
   0.365      1.666942
   0.368      1.661460
   0.371      1.655967
   0.374      1.650465
   0.377      1.644954
   0.380      1.639436
   0.383      1.633910
   0.386      1.628379
   0.389      1.622843
   0.391      1.617303
   0.394      1.611759
   0.397      1.606214
   0.400      1.600667
   0.403      1.595120
   0.406      1.589573
   0.409      1.584027
   0.412      1.578484
   0.415      1.572943
   0.418      1.567407
   0.421      1.561875
   0.424      1.556348
   0.427      1.550828
   0.430      1.545314
   0.433      1.539809
   0.436      1.534312
   0.439      1.528824
   0.442      1.523346
   0.444      1.517879
   0.447      1.512423
   0.450      1.506980
   0.453      1.501549
   0.456      1.496132
   0.459      1.490729
   0.462      1.485341
   0.465      1.479968
   0.468      1.474610
   0.471      1.469270
   0.474      1.463947
   0.477      1.458641
   0.480      1.453354
   0.483      1.448085
   0.486      1.442836
   0.489      1.437607
   0.492      1.432398
   0.495      1.427209
   0.497      1.422042
   0.500      1.416897
   0.503      1.411774
   0.506      1.406673
   0.509      1.401596
   0.512      1.396542
   0.515      1.391512
   0.518      1.386505
   0.521      1.381524
   0.524      1.376567
   0.527      1.371635
   0.530      1.366729
   0.533      1.361849
   0.536      1.356995
   0.539      1.352167
   0.542      1.347365
   0.545      1.342591
   0.547      1.337844
   0.550      1.333124
   0.553      1.328432
   0.556      1.323767
   0.559      1.319130
   0.562      1.314522
   0.565      1.309942
   0.568      1.305390
   0.571      1.300867
   0.574      1.296372
   0.577      1.291907
   0.580      1.287470
   0.583      1.283063
   0.586      1.278684
   0.589      1.274335
   0.592      1.270015
   0.595      1.265724
   0.598      1.261463
   0.600      1.257232
   0.603      1.253029
   0.606      1.248856
   0.609      1.244713
   0.612      1.240599
   0.615      1.236515
   0.618      1.232460
   0.621      1.228435
   0.624      1.224438
   0.627      1.220472
   0.630      1.216534
   0.633      1.212626
   0.636      1.208747
   0.639      1.204897
   0.642      1.201076
   0.645      1.197284
   0.648      1.193521
   0.651      1.189787
   0.653      1.186081
   0.656      1.182404
   0.659      1.178755
   0.662      1.175134
   0.665      1.171542
   0.668      1.167977
   0.671      1.164441
   0.674      1.160932
   0.677      1.157450
   0.680      1.153996
   0.683      1.150569
   0.686      1.147169
   0.689      1.143796
   0.692      1.140450
   0.695      1.137130
   0.698      1.133837
   0.701      1.130569
   0.704      1.127328
   0.706      1.124112
   0.709      1.120922
   0.712      1.117757
   0.715      1.114618
   0.718      1.111503
   0.721      1.108413
   0.724      1.105347
   0.727      1.102306
   0.730      1.099288
   0.733      1.096295
   0.736      1.093325
   0.739      1.090378
   0.742      1.087455
   0.745      1.084554
   0.748      1.081677
   0.751      1.078821
   0.754      1.075988
   0.756      1.073177
   0.759      1.070388
   0.762      1.067620
   0.765      1.064873
   0.768      1.062148
   0.771      1.059443
   0.774      1.056759
   0.777      1.054095
   0.780      1.051451
   0.783      1.048827
   0.786      1.046223
   0.789      1.043638
   0.792      1.041072
   0.795      1.038526
   0.798      1.035997
   0.801      1.033488
   0.804      1.030996
   0.807      1.028522
   0.809      1.026067
   0.812      1.023628
   0.815      1.021207
   0.818      1.018803
   0.821      1.016416
   0.824      1.014045
   0.827      1.011691
   0.830      1.009352
   0.833      1.007030
   0.836      1.004723
   0.839      1.002432
   0.842      1.000156
   0.845      0.997895
   0.848      0.995649
   0.851      0.993417
   0.854      0.991200
   0.857      0.988997
   0.860      0.986807
   0.862      0.984632
   0.865      0.982470
   0.868      0.980321
   0.871      0.978186
   0.874      0.976063
   0.877      0.973953
   0.880      0.971856
   0.883      0.969771
   0.886      0.967698
   0.889      0.965637
   0.892      0.963588
   0.895      0.961550
   0.898      0.959524
   0.901      0.957509
   0.904      0.955505
   0.907      0.953512
   0.910      0.951530
   0.912      0.949558
   0.915      0.947596
   0.918      0.945645
   0.921      0.943704
   0.924      0.941772
   0.927      0.939850
   0.930      0.937938
   0.933      0.936035
   0.936      0.934141
   0.939      0.932257
   0.942      0.930381
   0.945      0.928514
   0.948      0.926656
   0.951      0.924806
   0.954      0.922965
   0.957      0.921132
   0.960      0.919306
   0.963      0.917489
   0.965      0.915680
   0.968      0.913878
   0.971      0.912084
   0.974      0.910298
   0.977      0.908518
   0.980      0.906746
   0.983      0.904981
   0.986      0.903223
   0.989      0.901472
   0.992      0.899727
   0.995      0.897990
   0.998      0.896258
   1.001      0.894534
   1.004      0.892815
   1.007      0.891103
   1.010      0.889397
   1.013      0.887697
   1.016      0.886002
   1.018      0.884314
   1.021      0.882632
   1.024      0.880955
   1.027      0.879284
   1.030      0.877618
   1.033      0.875958
   1.036      0.874303
   1.039      0.872653
   1.042      0.871008
   1.045      0.869369
   1.048      0.867735
   1.051      0.866105
   1.054      0.864481
   1.057      0.862861
   1.060      0.861246
   1.063      0.859636
   1.066      0.858031
   1.069      0.856430
   1.071      0.854834
   1.074      0.853242
   1.077      0.851654
   1.080      0.850071
   1.083      0.848492
   1.086      0.846917
   1.089      0.845347
   1.092      0.843781
   1.095      0.842218
   1.098      0.840660
   1.101      0.839106
   1.104      0.837556
   1.107      0.836010
   1.110      0.834467
   1.113      0.832929
   1.116      0.831394
   1.119      0.829863
   1.121      0.828335
   1.124      0.826812
   1.127      0.825292
   1.130      0.823775
   1.133      0.822263
   1.136      0.820753
   1.139      0.819248
   1.142      0.817745
   1.145      0.816246
   1.148      0.814751
   1.151      0.813259
   1.154      0.811771
   1.157      0.810285
   1.160      0.808803
   1.163      0.807325
   1.166      0.805849
   1.169      0.804377
   1.172      0.802908
   1.174      0.801443
   1.177      0.799980
   1.180      0.798521
   1.183      0.797065
   1.186      0.795612
   1.189      0.794162
   1.192      0.792715
   1.195      0.791272
   1.198      0.789831
   1.201      0.788394
   1.204      0.786959
   1.207      0.785528
   1.210      0.784100
   1.213      0.782674
   1.216      0.781252
   1.219      0.779832
   1.222      0.778416
   1.225      0.777003
   1.227      0.775592
   1.230      0.774184
   1.233      0.772780
   1.236      0.771378
   1.239      0.769979
   1.242      0.768584
   1.245      0.767191
   1.248      0.765801
   1.251      0.764414
   1.254      0.763029
   1.257      0.761648
   1.260      0.760269
   1.263      0.758894
   1.266      0.757521
   1.269      0.756151
   1.272      0.754784
   1.275      0.753420
   1.277      0.752059
   1.280      0.750700
   1.283      0.749344
   1.286      0.747992
   1.289      0.746642
   1.292      0.745295
   1.295      0.743950
   1.298      0.742609
   1.301      0.741270
   1.304      0.739934
   1.307      0.738601
   1.310      0.737271
   1.313      0.735944
   1.316      0.734619
   1.319      0.733297
   1.322      0.731978
   1.325      0.730662
   1.328      0.729349
   1.330      0.728038
   1.333      0.726731
   1.336      0.725426
   1.339      0.724124
   1.342      0.722824
   1.345      0.721528
   1.348      0.720234
   1.351      0.718943
   1.354      0.717655
   1.357      0.716370
   1.360      0.715088
   1.363      0.713808
   1.366      0.712531
   1.369      0.711257
   1.372      0.709986
   1.375      0.708718
   1.378      0.707452
   1.381      0.706189
   1.383      0.704929
   1.386      0.703672
   1.389      0.702418
   1.392      0.701166
   1.395      0.699917
   1.398      0.698671
   1.401      0.697428
   1.404      0.696188
   1.407      0.694950
   1.410      0.693716
   1.413      0.692484
   1.416      0.691255
   1.419      0.690028
   1.422      0.688805
   1.425      0.687584
   1.428      0.686366
   1.431      0.685151
   1.434      0.683939
   1.436      0.682729
   1.439      0.681523
   1.442      0.680319
   1.445      0.679118
   1.448      0.677919
   1.451      0.676724
   1.454      0.675531
   1.457      0.674341
   1.460      0.673154
   1.463      0.671970
   1.466      0.670789
   1.469      0.669610
   1.472      0.668434
   1.475      0.667261
   1.478      0.666091
   1.481      0.664923
   1.484      0.663759
   1.486      0.662597
   1.489      0.661438
   1.492      0.660282
   1.495      0.659128
   1.498      0.657977
   1.501      0.656830
   1.504      0.655684
   1.507      0.654542
   1.510      0.653403
   1.513      0.652266
   1.516      0.651132
   1.519      0.650001
   1.522      0.648872
   1.525      0.647747
   1.528      0.646624
   1.531      0.645504
   1.534      0.644387
   1.537      0.643272
   1.539      0.642160
   1.542      0.641051
   1.545      0.639945
   1.548      0.638842
   1.551      0.637741
   1.554      0.636643
   1.557      0.635548
   1.560      0.634455
   1.563      0.633366
   1.566      0.632279
   1.569      0.631195
   1.572      0.630113
   1.575      0.629034
   1.578      0.627959
   1.581      0.626885
   1.584      0.625815
   1.587      0.624747
   1.590      0.623682
   1.592      0.622620
   1.595      0.621560
   1.598      0.620503
   1.601      0.619449
   1.604      0.618398
   1.607      0.617349
   1.610      0.616303
   1.613      0.615260
   1.616      0.614219
   1.619      0.613181
   1.622      0.612146
   1.625      0.611113
   1.628      0.610083
   1.631      0.609056
   1.634      0.608032
   1.637      0.607010
   1.640      0.605991
   1.642      0.604974
   1.645      0.603960
   1.648      0.602949
   1.651      0.601941
   1.654      0.600935
   1.657      0.599931
   1.660      0.598931
   1.663      0.597933
   1.666      0.596937
   1.669      0.595945
   1.672      0.594955
   1.675      0.593967
   1.678      0.592982
   1.681      0.592000
   1.684      0.591020
   1.687      0.590043
   1.690      0.589069
   1.693      0.588097
   1.695      0.587128
   1.698      0.586161
   1.701      0.585197
   1.704      0.584236
   1.707      0.583277
   1.710      0.582320
   1.713      0.581366
   1.716      0.580415
   1.719      0.579466
   1.722      0.578520
   1.725      0.577577
   1.728      0.576636
   1.731      0.575697
   1.734      0.574761
   1.737      0.573827
   1.740      0.572896
   1.743      0.571968
   1.746      0.571042
   1.748      0.570118
   1.751      0.569197
   1.754      0.568279
   1.757      0.567363
   1.760      0.566449
   1.763      0.565538
   1.766      0.564630
   1.769      0.563723
   1.772      0.562820
   1.775      0.561918
   1.778      0.561020
   1.781      0.560123
   1.784      0.559229
   1.787      0.558338
   1.790      0.557449
   1.793      0.556562
   1.796      0.555678
   1.799      0.554796
   1.801      0.553917
   1.804      0.553040
   1.807      0.552165
   1.810      0.551293
   1.813      0.550423
   1.816      0.549555
   1.819      0.548690
   1.822      0.547827
   1.825      0.546967
   1.828      0.546109
   1.831      0.545253
   1.834      0.544400
   1.837      0.543549
   1.840      0.542700
   1.843      0.541854
   1.846      0.541010
   1.849      0.540168
   1.851      0.539328
   1.854      0.538491
   1.857      0.537656
   1.860      0.536824
   1.863      0.535994
   1.866      0.535166
   1.869      0.534340
   1.872      0.533516
   1.875      0.532695
   1.878      0.531876
   1.881      0.531059
   1.884      0.530245
   1.887      0.529433
   1.890      0.528623
   1.893      0.527815
   1.896      0.527009
   1.899      0.526206
   1.902      0.525405
   1.904      0.524606
   1.907      0.523809
   1.910      0.523014
   1.913      0.522222
   1.916      0.521431
   1.919      0.520643
   1.922      0.519857
   1.925      0.519074
   1.928      0.518292
   1.931      0.517513
   1.934      0.516735
   1.937      0.515960
   1.940      0.515187
   1.943      0.514416
   1.946      0.513647
   1.949      0.512881
   1.952      0.512116
   1.955      0.511353
   1.957      0.510593
   1.960      0.509835
   1.963      0.509078
   1.966      0.508324
   1.969      0.507572
   1.972      0.506822
   1.975      0.506074
   1.978      0.505328
   1.981      0.504584
   1.984      0.503842
   1.987      0.503102
   1.990      0.502364
   1.993      0.501629
   1.996      0.500895
   1.999      0.500163
   2.002      0.499433
   2.005      0.498705
   2.007      0.497979
   2.010      0.497256
   2.013      0.496534
   2.016      0.495814
   2.019      0.495096
   2.022      0.494380
   2.025      0.493666
   2.028      0.492954
   2.031      0.492244
   2.034      0.491536
   2.037      0.490829
   2.040      0.490125
   2.043      0.489422
   2.046      0.488722
   2.049      0.488023
   2.052      0.487327
   2.055      0.486632
   2.058      0.485939
   2.060      0.485248
   2.063      0.484559
   2.066      0.483871
   2.069      0.483186
   2.072      0.482502
   2.075      0.481820
   2.078      0.481141
   2.081      0.480463
   2.084      0.479786
   2.087      0.479112
   2.090      0.478439
   2.093      0.477769
   2.096      0.477100
   2.099      0.476432
   2.102      0.475767
   2.105      0.475104
   2.108      0.474442
   2.111      0.473782
   2.113      0.473124
   2.116      0.472467
   2.119      0.471812
   2.122      0.471160
   2.125      0.470508
   2.128      0.469859
   2.131      0.469211
   2.134      0.468565
   2.137      0.467921
   2.140      0.467279
   2.143      0.466638
   2.146      0.465999
   2.149      0.465361
   2.152      0.464726
   2.155      0.464092
   2.158      0.463460
   2.161      0.462829
   2.164      0.462200
   2.166      0.461573
   2.169      0.460947
   2.172      0.460323
   2.175      0.459701
   2.178      0.459081
   2.181      0.458462
   2.184      0.457844
   2.187      0.457229
   2.190      0.456614
   2.193      0.456002
   2.196      0.455391
   2.199      0.454782
   2.202      0.454174
   2.205      0.453568
   2.208      0.452964
   2.211      0.452361
   2.214      0.451760
   2.216      0.451160
   2.219      0.450562
   2.222      0.449966
   2.225      0.449371
   2.228      0.448777
   2.231      0.448185
   2.234      0.447595
   2.237      0.447006
   2.240      0.446419
   2.243      0.445833
   2.246      0.445249
   2.249      0.444667
   2.252      0.444085
   2.255      0.443506
   2.258      0.442928
   2.261      0.442351
   2.264      0.441776
   2.267      0.441202
   2.269      0.440630
   2.272      0.440059
   2.275      0.439490
   2.278      0.438922
   2.281      0.438356
   2.284      0.437791
   2.287      0.437228
   2.290      0.436666
   2.293      0.436105
   2.296      0.435546
   2.299      0.434989
   2.302      0.434432
   2.305      0.433878
   2.308      0.433324
   2.311      0.432772
   2.314      0.432222
   2.317      0.431672
   2.320      0.431125
   2.322      0.430578
   2.325      0.430033
   2.328      0.429489
   2.331      0.428947
   2.334      0.428406
   2.337      0.427867
   2.340      0.427328
   2.343      0.426792
   2.346      0.426256
   2.349      0.425722
   2.352      0.425189
   2.355      0.424658
