   0.000     -0.000044
   0.003      0.000022
   0.006      0.000089
   0.009      0.000200
   0.012      0.000355
   0.015      0.000555
   0.018      0.000799
   0.021      0.001087
   0.024      0.001420
   0.027      0.001797
   0.030      0.002218
   0.033      0.002684
   0.036      0.003194
   0.039      0.003748
   0.042      0.004346
   0.044      0.004988
   0.047      0.005674
   0.050      0.006404
   0.053      0.007179
   0.056      0.007997
   0.059      0.008859
   0.062      0.009765
   0.065      0.010714
   0.068      0.011707
   0.071      0.012744
   0.074      0.013824
   0.077      0.014948
   0.080      0.016115
   0.083      0.017326
   0.086      0.018579
   0.089      0.019876
   0.092      0.021216
   0.095      0.022598
   0.098      0.024024
   0.101      0.025492
   0.104      0.027003
   0.107      0.028557
   0.110      0.030153
   0.113      0.031791
   0.116      0.033471
   0.119      0.035194
   0.122      0.036958
   0.125      0.038765
   0.128      0.040613
   0.131      0.042502
   0.134      0.044433
   0.136      0.046405
   0.139      0.048419
   0.142      0.050473
   0.145      0.052569
   0.148      0.054705
   0.151      0.056881
   0.154      0.059098
   0.157      0.061355
   0.160      0.063652
   0.163      0.065990
   0.166      0.068366
   0.169      0.070783
   0.172      0.073238
   0.175      0.075733
   0.178      0.078267
   0.181      0.080840
   0.184      0.083451
   0.187      0.086100
   0.190      0.088788
   0.193      0.091514
   0.196      0.094278
   0.199      0.097079
   0.202      0.099917
   0.205      0.102793
   0.208      0.105705
   0.211      0.108654
   0.214      0.111640
   0.217      0.114662
   0.220      0.117719
   0.223      0.120813
   0.225      0.123942
   0.228      0.127106
   0.231      0.130305
   0.234      0.133539
   0.237      0.136808
   0.240      0.140110
   0.243      0.143447
   0.246      0.146817
   0.249      0.150220
   0.252      0.153657
   0.255      0.157126
   0.258      0.160628
   0.261      0.164162
   0.264      0.167728
   0.267      0.171326
   0.270      0.174955
   0.273      0.178616
   0.276      0.182306
   0.279      0.186028
   0.282      0.189779
   0.285      0.193561
   0.288      0.197371
   0.291      0.201211
   0.294      0.205080
   0.297      0.208977
   0.300      0.212902
   0.303      0.216856
   0.306      0.220836
   0.309      0.224844
   0.312      0.228878
   0.314      0.232939
   0.317      0.237026
   0.320      0.241139
   0.323      0.245277
   0.326      0.249440
   0.329      0.253628
   0.332      0.257840
   0.335      0.262076
   0.338      0.266335
   0.341      0.270617
   0.344      0.274923
   0.347      0.279250
   0.350      0.283600
   0.353      0.287971
   0.356      0.292363
   0.359      0.296776
   0.362      0.301209
   0.365      0.305663
   0.368      0.310136
   0.371      0.314628
   0.374      0.319139
   0.377      0.323668
   0.380      0.328215
   0.383      0.332780
   0.386      0.337362
   0.389      0.341961
   0.392      0.346576
   0.395      0.351207
   0.398      0.355853
   0.401      0.360514
   0.403      0.365190
   0.406      0.369881
   0.409      0.374584
   0.412      0.379302
   0.415      0.384032
   0.418      0.388774
   0.421      0.393529
   0.424      0.398295
   0.427      0.403072
   0.430      0.407860
   0.433      0.412659
   0.436      0.417467
   0.439      0.422285
   0.442      0.427111
   0.445      0.431947
   0.448      0.436790
   0.451      0.441641
   0.454      0.446499
   0.457      0.451364
   0.460      0.456236
   0.463      0.461113
   0.466      0.465996
   0.469      0.470884
   0.472      0.475776
   0.475      0.480673
   0.478      0.485574
   0.481      0.490478
   0.484      0.495384
   0.487      0.500294
   0.490      0.505205
   0.492      0.510118
   0.495      0.515032
   0.498      0.519947
   0.501      0.524863
   0.504      0.529778
   0.507      0.534693
   0.510      0.539607
   0.513      0.544519
   0.516      0.549430
   0.519      0.554339
   0.522      0.559245
   0.525      0.564149
   0.528      0.569049
   0.531      0.573945
   0.534      0.578838
   0.537      0.583725
   0.540      0.588608
   0.543      0.593486
   0.546      0.598358
   0.549      0.603224
   0.552      0.608083
   0.555      0.612936
   0.558      0.617782
   0.561      0.622620
   0.564      0.627450
   0.567      0.632272
   0.570      0.637086
   0.573      0.641891
   0.576      0.646686
   0.579      0.651472
   0.581      0.656247
   0.584      0.661013
   0.587      0.665768
   0.590      0.670512
   0.593      0.675245
   0.596      0.679966
   0.599      0.684676
   0.602      0.689373
   0.605      0.694058
   0.608      0.698730
   0.611      0.703390
   0.614      0.708036
   0.617      0.712668
   0.620      0.717286
   0.623      0.721891
   0.626      0.726481
   0.629      0.731056
   0.632      0.735617
   0.635      0.740162
   0.638      0.744693
   0.641      0.749207
   0.644      0.753706
   0.647      0.758188
   0.650      0.762655
   0.653      0.767105
   0.656      0.771538
   0.659      0.775955
   0.662      0.780354
   0.665      0.784736
   0.668      0.789101
   0.670      0.793448
   0.673      0.797777
   0.676      0.802089
   0.679      0.806382
   0.682      0.810657
   0.685      0.814913
   0.688      0.819151
   0.691      0.823371
   0.694      0.827571
   0.697      0.831753
   0.700      0.835915
   0.703      0.840059
   0.706      0.844183
   0.709      0.848287
   0.712      0.852372
   0.715      0.856438
   0.718      0.860483
   0.721      0.864509
   0.724      0.868515
   0.727      0.872501
   0.730      0.876467
   0.733      0.880413
   0.736      0.884339
   0.739      0.888245
   0.742      0.892131
   0.745      0.895996
   0.748      0.899841
   0.751      0.903665
   0.754      0.907469
   0.757      0.911253
   0.759      0.915016
   0.762      0.918759
   0.765      0.922481
   0.768      0.926183
   0.771      0.929864
   0.774      0.933524
   0.777      0.937165
   0.780      0.940784
   0.783      0.944383
   0.786      0.947962
   0.789      0.951520
   0.792      0.955058
   0.795      0.958575
   0.798      0.962072
   0.801      0.965548
   0.804      0.969004
   0.807      0.972440
   0.810      0.975855
   0.813      0.979250
   0.816      0.982625
   0.819      0.985979
   0.822      0.989314
   0.825      0.992628
   0.828      0.995922
   0.831      0.999196
   0.834      1.002451
   0.837      1.005685
   0.840      1.008899
   0.843      1.012094
   0.846      1.015269
   0.848      1.018424
   0.851      1.021560
   0.854      1.024676
   0.857      1.027772
   0.860      1.030849
   0.863      1.033907
   0.866      1.036945
   0.869      1.039964
   0.872      1.042964
   0.875      1.045944
   0.878      1.048906
   0.881      1.051848
   0.884      1.054772
   0.887      1.057677
   0.890      1.060563
   0.893      1.063430
   0.896      1.066278
   0.899      1.069108
   0.902      1.071919
   0.905      1.074712
   0.908      1.077487
   0.911      1.080243
   0.914      1.082980
   0.917      1.085700
   0.920      1.088401
   0.923      1.091084
   0.926      1.093749
   0.929      1.096396
   0.932      1.099026
   0.935      1.101637
   0.937      1.104230
   0.940      1.106806
   0.943      1.109364
   0.946      1.111905
   0.949      1.114427
   0.952      1.116933
   0.955      1.119420
   0.958      1.121890
   0.961      1.124343
   0.964      1.126779
   0.967      1.129197
   0.970      1.131598
   0.973      1.133981
   0.976      1.136348
   0.979      1.138697
   0.982      1.141030
   0.985      1.143345
   0.988      1.145643
   0.991      1.147924
   0.994      1.150188
   0.997      1.152436
   1.000      1.154666
   1.003      1.156879
   1.006      1.159076
   1.009      1.161256
   1.012      1.163419
   1.015      1.165565
   1.018      1.167695
   1.021      1.169808
   1.024      1.171904
   1.026      1.173984
   1.029      1.176047
   1.032      1.178093
   1.035      1.180123
   1.038      1.182136
   1.041      1.184133
   1.044      1.186113
   1.047      1.188076
   1.050      1.190023
   1.053      1.191953
   1.056      1.193867
   1.059      1.195765
   1.062      1.197645
   1.065      1.199510
   1.068      1.201358
   1.071      1.203189
   1.074      1.205004
   1.077      1.206803
   1.080      1.208585
   1.083      1.210351
   1.086      1.212100
   1.089      1.213833
   1.092      1.215549
   1.095      1.217249
   1.098      1.218932
   1.101      1.220600
   1.104      1.222250
   1.107      1.223884
   1.110      1.225502
   1.112      1.227103
   1.115      1.228688
   1.118      1.230257
   1.121      1.231809
   1.124      1.233344
   1.127      1.234864
   1.130      1.236366
   1.133      1.237853
   1.136      1.239323
   1.139      1.240776
   1.142      1.242213
   1.145      1.243634
   1.148      1.245038
   1.151      1.246425
   1.154      1.247797
   1.157      1.249151
   1.160      1.250490
   1.163      1.251812
   1.166      1.253117
   1.169      1.254406
   1.172      1.255679
   1.175      1.256935
   1.178      1.258175
   1.181      1.259398
   1.184      1.260605
   1.187      1.261795
   1.190      1.262969
   1.193      1.264127
   1.196      1.265268
   1.199      1.266392
   1.201      1.267501
   1.204      1.268592
   1.207      1.269668
   1.210      1.270727
   1.213      1.271769
   1.216      1.272796
   1.219      1.273805
   1.222      1.274799
   1.225      1.275776
   1.228      1.276736
   1.231      1.277681
   1.234      1.278609
   1.237      1.279520
   1.240      1.280416
   1.243      1.281295
   1.246      1.282157
   1.249      1.283003
   1.252      1.283833
   1.255      1.284647
   1.258      1.285445
   1.261      1.286226
   1.264      1.286991
   1.267      1.287740
   1.270      1.288472
   1.273      1.289189
   1.276      1.289889
   1.279      1.290573
   1.282      1.291240
   1.285      1.291892
   1.288      1.292528
   1.290      1.293147
   1.293      1.293751
   1.296      1.294338
   1.299      1.294909
   1.302      1.295464
   1.305      1.296004
   1.308      1.296527
   1.311      1.297034
   1.314      1.297526
   1.317      1.298001
   1.320      1.298461
   1.323      1.298904
   1.326      1.299332
   1.329      1.299744
   1.332      1.300140
   1.335      1.300521
   1.338      1.300885
   1.341      1.301234
   1.344      1.301568
   1.347      1.301885
   1.350      1.302187
   1.353      1.302473
   1.356      1.302744
   1.359      1.302999
   1.362      1.303239
   1.365      1.303463
   1.368      1.303671
   1.371      1.303865
   1.374      1.304042
   1.377      1.304205
   1.379      1.304351
   1.382      1.304483
   1.385      1.304599
   1.388      1.304700
   1.391      1.304786
   1.394      1.304857
   1.397      1.304912
   1.400      1.304952
   1.403      1.304977
   1.406      1.304987
   1.409      1.304982
   1.412      1.304962
   1.415      1.304927
   1.418      1.304878
   1.421      1.304813
   1.424      1.304733
   1.427      1.304638
   1.430      1.304529
   1.433      1.304405
   1.436      1.304266
   1.439      1.304112
   1.442      1.303944
   1.445      1.303761
   1.448      1.303564
   1.451      1.303351
   1.454      1.303125
   1.457      1.302884
   1.460      1.302628
   1.463      1.302358
   1.466      1.302074
   1.468      1.301775
   1.471      1.301463
   1.474      1.301135
   1.477      1.300794
   1.480      1.300438
   1.483      1.300069
   1.486      1.299685
   1.489      1.299287
   1.492      1.298875
   1.495      1.298449
   1.498      1.298010
   1.501      1.297556
   1.504      1.297088
   1.507      1.296607
   1.510      1.296112
   1.513      1.295603
   1.516      1.295080
   1.519      1.294544
   1.522      1.293994
   1.525      1.293431
   1.528      1.292854
   1.531      1.292264
   1.534      1.291660
   1.537      1.291043
   1.540      1.290412
   1.543      1.289768
   1.546      1.289111
   1.549      1.288440
   1.552      1.287757
   1.555      1.287060
   1.557      1.286350
   1.560      1.285627
   1.563      1.284892
   1.566      1.284143
   1.569      1.283381
   1.572      1.282606
   1.575      1.281819
   1.578      1.281019
   1.581      1.280206
   1.584      1.279380
   1.587      1.278541
   1.590      1.277691
   1.593      1.276827
   1.596      1.275951
   1.599      1.275063
   1.602      1.274162
   1.605      1.273248
   1.608      1.272323
   1.611      1.271385
   1.614      1.270435
   1.617      1.269472
   1.620      1.268498
   1.623      1.267511
   1.626      1.266513
   1.629      1.265502
   1.632      1.264480
   1.635      1.263445
   1.638      1.262399
   1.641      1.261341
   1.644      1.260271
   1.646      1.259189
   1.649      1.258096
   1.652      1.256991
   1.655      1.255874
   1.658      1.254746
   1.661      1.253607
   1.664      1.252456
   1.667      1.251294
   1.670      1.250120
   1.673      1.248935
   1.676      1.247739
   1.679      1.246532
   1.682      1.245313
   1.685      1.244084
   1.688      1.242843
   1.691      1.241592
   1.694      1.240329
   1.697      1.239056
   1.700      1.237772
   1.703      1.236477
   1.706      1.235171
   1.709      1.233855
   1.712      1.232528
   1.715      1.231190
   1.718      1.229842
   1.721      1.228483
   1.724      1.227114
   1.727      1.225735
   1.730      1.224345
   1.733      1.222945
   1.735      1.221534
   1.738      1.220114
   1.741      1.218683
   1.744      1.217242
   1.747      1.215792
   1.750      1.214331
   1.753      1.212860
   1.756      1.211380
   1.759      1.209889
   1.762      1.208389
   1.765      1.206879
   1.768      1.205360
   1.771      1.203831
   1.774      1.202292
   1.777      1.200744
   1.780      1.199186
   1.783      1.197619
   1.786      1.196042
   1.789      1.194457
   1.792      1.192862
   1.795      1.191257
   1.798      1.189644
   1.801      1.188022
   1.804      1.186390
   1.807      1.184749
   1.810      1.183100
   1.813      1.181442
   1.816      1.179774
   1.819      1.178098
   1.822      1.176414
   1.824      1.174720
   1.827      1.173018
   1.830      1.171307
   1.833      1.169588
   1.836      1.167861
   1.839      1.166125
   1.842      1.164380
   1.845      1.162627
   1.848      1.160866
   1.851      1.159097
   1.854      1.157320
   1.857      1.155534
   1.860      1.153741
   1.863      1.151939
   1.866      1.150130
   1.869      1.148312
   1.872      1.146487
   1.875      1.144654
   1.878      1.142813
   1.881      1.140965
   1.884      1.139109
   1.887      1.137245
   1.890      1.135374
   1.893      1.133495
   1.896      1.131609
   1.899      1.129716
   1.902      1.127815
   1.905      1.125907
   1.908      1.123992
   1.911      1.122070
   1.913      1.120140
   1.916      1.118204
   1.919      1.116260
   1.922      1.114310
   1.925      1.112352
   1.928      1.110388
   1.931      1.108417
   1.934      1.106440
   1.937      1.104455
   1.940      1.102464
   1.943      1.100467
   1.946      1.098462
   1.949      1.096452
   1.952      1.094435
   1.955      1.092412
   1.958      1.090382
   1.961      1.088346
   1.964      1.086304
   1.967      1.084256
   1.970      1.082201
   1.973      1.080141
   1.976      1.078074
   1.979      1.076002
   1.982      1.073924
   1.985      1.071840
   1.988      1.069750
   1.991      1.067654
   1.994      1.065553
   1.997      1.063446
   2.000      1.061333
   2.002      1.059215
   2.005      1.057092
   2.008      1.054963
   2.011      1.052829
   2.014      1.050689
   2.017      1.048544
   2.020      1.046394
   2.023      1.044239
   2.026      1.042079
   2.029      1.039913
   2.032      1.037743
   2.035      1.035567
   2.038      1.033387
   2.041      1.031202
   2.044      1.029012
   2.047      1.026818
   2.050      1.024618
   2.053      1.022414
   2.056      1.020206
   2.059      1.017993
   2.062      1.015775
   2.065      1.013553
   2.068      1.011327
   2.071      1.009096
   2.074      1.006861
   2.077      1.004622
   2.080      1.002378
   2.083      1.000131
   2.086      0.997879
   2.089      0.995623
   2.091      0.993364
   2.094      0.991100
   2.097      0.988833
   2.100      0.986561
   2.103      0.984286
   2.106      0.982008
   2.109      0.979725
   2.112      0.977439
   2.115      0.975149
   2.118      0.972856
   2.121      0.970559
   2.124      0.968259
   2.127      0.965956
   2.130      0.963649
   2.133      0.961339
   2.136      0.959026
   2.139      0.956709
   2.142      0.954390
   2.145      0.952067
   2.148      0.949741
   2.151      0.947412
   2.154      0.945081
   2.157      0.942746
   2.160      0.940409
   2.163      0.938069
   2.166      0.935726
   2.169      0.933380
   2.172      0.931032
   2.175      0.928681
   2.178      0.926328
   2.180      0.923972
   2.183      0.921614
   2.186      0.919253
   2.189      0.916890
   2.192      0.914525
   2.195      0.912157
   2.198      0.909787
   2.201      0.907415
   2.204      0.905041
   2.207      0.902665
   2.210      0.900287
   2.213      0.897907
   2.216      0.895525
   2.219      0.893141
   2.222      0.890755
   2.225      0.888367
   2.228      0.885978
   2.231      0.883587
   2.234      0.881194
   2.237      0.878800
   2.240      0.876404
   2.243      0.874007
   2.246      0.871608
   2.249      0.869208
   2.252      0.866806
   2.255      0.864403
   2.258      0.861999
   2.261      0.859594
   2.264      0.857187
   2.267      0.854779
   2.269      0.852371
   2.272      0.849961
   2.275      0.847550
   2.278      0.845138
   2.281      0.842725
   2.284      0.840311
   2.287      0.837897
   2.290      0.835481
   2.293      0.833065
   2.296      0.830648
   2.299      0.828231
   2.302      0.825813
   2.305      0.823394
   2.308      0.820975
   2.311      0.818555
   2.314      0.816135
   2.317      0.813715
   2.320      0.811294
   2.323      0.808873
   2.326      0.806451
   2.329      0.804029
   2.332      0.801608
   2.335      0.799186
   2.338      0.796763
   2.341      0.794341
   2.344      0.791919
   2.347      0.789497
   2.350      0.787075
   2.353      0.784652
   2.356      0.782231
   2.358      0.779809
   2.361      0.777387
   2.364      0.774966
   2.367      0.772545
   2.370      0.770124
   2.373      0.767704
   2.376      0.765284
   2.379      0.762865
   2.382      0.760446
   2.385      0.758028
   2.388      0.755610
   2.391      0.753193
   2.394      0.750777
   2.397      0.748361
   2.400      0.745946
   2.403      0.743532
   2.406      0.741118
   2.409      0.738706
   2.412      0.736294
   2.415      0.733883
   2.418      0.731474
   2.421      0.729065
   2.424      0.726657
   2.427      0.724251
   2.430      0.721845
   2.433      0.719441
   2.436      0.717038
   2.439      0.714636
   2.442      0.712235
   2.445      0.709836
   2.447      0.707438
   2.450      0.705041
   2.453      0.702646
   2.456      0.700252
   2.459      0.697860
   2.462      0.695469
   2.465      0.693079
   2.468      0.690692
   2.471      0.688306
   2.474      0.685921
   2.477      0.683539
   2.480      0.681158
   2.483      0.678779
   2.486      0.676401
   2.489      0.674026
   2.492      0.671652
   2.495      0.669280
   2.498      0.666910
   2.501      0.664542
   2.504      0.662176
   2.507      0.659812
   2.510      0.657451
   2.513      0.655091
   2.516      0.652733
   2.519      0.650378
   2.522      0.648025
   2.525      0.645674
   2.528      0.643325
   2.531      0.640979
   2.534      0.638634
   2.536      0.636293
   2.539      0.633953
   2.542      0.631616
   2.545      0.629282
   2.548      0.626950
   2.551      0.624620
   2.554      0.622293
   2.557      0.619969
   2.560      0.617647
   2.563      0.615328
   2.566      0.613011
   2.569      0.610697
   2.572      0.608386
   2.575      0.606078
   2.578      0.603772
   2.581      0.601469
   2.584      0.599169
   2.587      0.596872
   2.590      0.594578
   2.593      0.592287
   2.596      0.589998
   2.599      0.587713
   2.602      0.585431
   2.605      0.583151
   2.608      0.580875
   2.611      0.578602
   2.614      0.576332
   2.617      0.574065
   2.620      0.571801
   2.623      0.569541
   2.625      0.567283
   2.628      0.565029
   2.631      0.562779
   2.634      0.560531
   2.637      0.558287
   2.640      0.556046
   2.643      0.553809
   2.646      0.551574
   2.649      0.549344
   2.652      0.547117
   2.655      0.544893
   2.658      0.542673
   2.661      0.540456
   2.664      0.538243
   2.667      0.536033
   2.670      0.533827
   2.673      0.531625
   2.676      0.529426
   2.679      0.527231
   2.682      0.525040
   2.685      0.522852
   2.688      0.520669
   2.691      0.518488
   2.694      0.516312
   2.697      0.514140
   2.700      0.511971
   2.703      0.509806
   2.706      0.507645
   2.709      0.505488
   2.712      0.503335
   2.714      0.501185
   2.717      0.499040
   2.720      0.496899
   2.723      0.494762
   2.726      0.492628
   2.729      0.490499
   2.732      0.488374
   2.735      0.486253
   2.738      0.484136
   2.741      0.482023
   2.744      0.479914
   2.747      0.477809
   2.750      0.475709
   2.753      0.473613
   2.756      0.471521
   2.759      0.469433
   2.762      0.467349
   2.765      0.465270
   2.768      0.463195
   2.771      0.461124
   2.774      0.459058
   2.777      0.456996
   2.780      0.454939
   2.783      0.452885
   2.786      0.450836
   2.789      0.448792
   2.792      0.446752
   2.795      0.444716
   2.798      0.442685
   2.801      0.440659
   2.803      0.438637
   2.806      0.436619
   2.809      0.434606
   2.812      0.432597
   2.815      0.430593
   2.818      0.428594
   2.821      0.426599
   2.824      0.424609
   2.827      0.422623
   2.830      0.420642
   2.833      0.418666
   2.836      0.416694
   2.839      0.414727
   2.842      0.412765
   2.845      0.410807
   2.848      0.408855
   2.851      0.406907
   2.854      0.404963
   2.857      0.403025
   2.860      0.401091
   2.863      0.399162
   2.866      0.397237
   2.869      0.395318
   2.872      0.393403
   2.875      0.391493
   2.878      0.389589
   2.881      0.387688
   2.884      0.385793
   2.887      0.383903
   2.890      0.382018
   2.892      0.380137
   2.895      0.378261
   2.898      0.376391
   2.901      0.374525
   2.904      0.372664
   2.907      0.370808
   2.910      0.368958
   2.913      0.367112
   2.916      0.365271
   2.919      0.363435
   2.922      0.361604
   2.925      0.359778
   2.928      0.357957
   2.931      0.356142
   2.934      0.354331
   2.937      0.352525
   2.940      0.350725
   2.943      0.348929
   2.946      0.347139
   2.949      0.345353
   2.952      0.343573
   2.955      0.341798
   2.958      0.340028
   2.961      0.338263
   2.964      0.336503
   2.967      0.334749
   2.970      0.332999
   2.973      0.331255
   2.976      0.329516
   2.979      0.327782
   2.981      0.326053
   2.984      0.324329
   2.987      0.322611
   2.990      0.320898
   2.993      0.319190
   2.996      0.317487
   2.999      0.315789
   3.002      0.314097
   3.005      0.312410
   3.008      0.310728
   3.011      0.309051
   3.014      0.307380
   3.017      0.305713
   3.020      0.304052
   3.023      0.302397
   3.026      0.300746
   3.029      0.299101
   3.032      0.297461
   3.035      0.295826
   3.038      0.294197
   3.041      0.292573
   3.044      0.290954
   3.047      0.289341
   3.050      0.287732
   3.053      0.286130
   3.056      0.284532
   3.059      0.282940
   3.062      0.281353
   3.065      0.279771
   3.068      0.278194
   3.070      0.276623
   3.073      0.275057
   3.076      0.273497
   3.079      0.271942
   3.082      0.270392
   3.085      0.268848
   3.088      0.267308
   3.091      0.265774
   3.094      0.264246
   3.097      0.262723
   3.100      0.261205
   3.103      0.259692
   3.106      0.258185
   3.109      0.256683
   3.112      0.255187
   3.115      0.253695
   3.118      0.252210
   3.121      0.250729
   3.124      0.249254
   3.127      0.247784
   3.130      0.246319
   3.133      0.244860
   3.136      0.243406
   3.139      0.241958
   3.142      0.240515
   3.145      0.239077
   3.148      0.237644
   3.151      0.236217
   3.154      0.234795
   3.157      0.233379
   3.159      0.231968
   3.162      0.230562
   3.165      0.229161
   3.168      0.227766
   3.171      0.226376
   3.174      0.224991
   3.177      0.223612
   3.180      0.222238
   3.183      0.220870
   3.186      0.219506
   3.189      0.218148
   3.192      0.216795
   3.195      0.215448
   3.198      0.214106
   3.201      0.212769
   3.204      0.211438
   3.207      0.210111
   3.210      0.208790
   3.213      0.207475
   3.216      0.206164
   3.219      0.204859
   3.222      0.203560
   3.225      0.202265
   3.228      0.200976
   3.231      0.199692
   3.234      0.198413
   3.237      0.197140
   3.240      0.195871
   3.243      0.194608
   3.246      0.193351
   3.248      0.192098
   3.251      0.190851
   3.254      0.189609
   3.257      0.188372
   3.260      0.187140
   3.263      0.185914
   3.266      0.184693
   3.269      0.183477
   3.272      0.182266
   3.275      0.181060
   3.278      0.179860
   3.281      0.178665
   3.284      0.177475
   3.287      0.176290
   3.290      0.175110
   3.293      0.173936
   3.296      0.172766
   3.299      0.171602
   3.302      0.170443
   3.305      0.169289
   3.308      0.168140
   3.311      0.166996
   3.314      0.165858
   3.317      0.164724
   3.320      0.163596
   3.323      0.162472
   3.326      0.161354
   3.329      0.160241
   3.332      0.159133
   3.335      0.158030
   3.337      0.156932
   3.340      0.155839
   3.343      0.154751
   3.346      0.153668
   3.349      0.152591
   3.352      0.151518
   3.355      0.150450
   3.358      0.149387
   3.361      0.148329
   3.364      0.147277
   3.367      0.146229
   3.370      0.145186
   3.373      0.144148
   3.376      0.143115
   3.379      0.142087
   3.382      0.141064
   3.385      0.140046
   3.388      0.139033
   3.391      0.138024
   3.394      0.137021
   3.397      0.136023
   3.400      0.135029
   3.403      0.134040
   3.406      0.133056
   3.409      0.132077
   3.412      0.131103
   3.415      0.130134
   3.418      0.129169
   3.421      0.128210
   3.424      0.127255
   3.426      0.126305
   3.429      0.125359
   3.432      0.124419
   3.435      0.123483
   3.438      0.122552
   3.441      0.121626
   3.444      0.120704
   3.447      0.119788
   3.450      0.118876
   3.453      0.117968
   3.456      0.117066
   3.459      0.116168
   3.462      0.115275
   3.465      0.114386
   3.468      0.113502
   3.471      0.112623
   3.474      0.111748
   3.477      0.110878
   3.480      0.110013
   3.483      0.109152
   3.486      0.108296
   3.489      0.107444
   3.492      0.106597
   3.495      0.105755
   3.498      0.104917
   3.501      0.104083
   3.504      0.103254
   3.507      0.102430
   3.510      0.101610
   3.513      0.100795
   3.515      0.099984
   3.518      0.099178
   3.521      0.098376
   3.524      0.097578
   3.527      0.096785
   3.530      0.095996
   3.533      0.095212
   3.536      0.094432
   3.539      0.093657
   3.542      0.092886
   3.545      0.092119
   3.548      0.091357
   3.551      0.090599
   3.554      0.089845
   3.557      0.089096
   3.560      0.088351
   3.563      0.087610
   3.566      0.086874
   3.569      0.086142
   3.572      0.085414
   3.575      0.084690
   3.578      0.083971
   3.581      0.083255
   3.584      0.082544
   3.587      0.081838
   3.590      0.081135
   3.593      0.080437
   3.596      0.079742
   3.599      0.079052
   3.602      0.078366
   3.604      0.077684
   3.607      0.077007
   3.610      0.076333
   3.613      0.075663
   3.616      0.074998
   3.619      0.074336
   3.622      0.073679
   3.625      0.073025
   3.628      0.072376
   3.631      0.071731
   3.634      0.071089
   3.637      0.070452
   3.640      0.069819
   3.643      0.069189
   3.646      0.068564
   3.649      0.067942
   3.652      0.067324
   3.655      0.066710
   3.658      0.066101
   3.661      0.065495
   3.664      0.064892
   3.667      0.064294
   3.670      0.063700
   3.673      0.063109
   3.676      0.062522
   3.679      0.061939
   3.682      0.061360
   3.685      0.060784
   3.688      0.060213
   3.691      0.059645
   3.693      0.059081
   3.696      0.058520
   3.699      0.057963
   3.702      0.057410
   3.705      0.056861
   3.708      0.056315
   3.711      0.055773
   3.714      0.055234
   3.717      0.054699
   3.720      0.054168
   3.723      0.053640
   3.726      0.053116
   3.729      0.052596
   3.732      0.052079
   3.735      0.051565
   3.738      0.051055
   3.741      0.050549
   3.744      0.050046
   3.747      0.049547
   3.750      0.049051
   3.753      0.048558
   3.756      0.048069
   3.759      0.047584
   3.762      0.047102
   3.765      0.046623
   3.768      0.046148
   3.771      0.045676
   3.774      0.045207
   3.777      0.044742
   3.780      0.044280
   3.782      0.043821
   3.785      0.043366
   3.788      0.042914
   3.791      0.042465
   3.794      0.042020
   3.797      0.041577
   3.800      0.041138
   3.803      0.040703
   3.806      0.040270
   3.809      0.039841
   3.812      0.039415
   3.815      0.038992
   3.818      0.038572
   3.821      0.038155
   3.824      0.037742
   3.827      0.037331
   3.830      0.036924
   3.833      0.036520
   3.836      0.036119
   3.839      0.035721
   3.842      0.035325
   3.845      0.034933
   3.848      0.034545
   3.851      0.034159
   3.854      0.033776
   3.857      0.033396
   3.860      0.033019
   3.863      0.032644
   3.866      0.032273
   3.869      0.031905
   3.871      0.031540
   3.874      0.031177
   3.877      0.030818
   3.880      0.030461
   3.883      0.030107
   3.886      0.029756
   3.889      0.029408
   3.892      0.029063
   3.895      0.028721
   3.898      0.028381
   3.901      0.028044
   3.904      0.027710
   3.907      0.027378
   3.910      0.027050
   3.913      0.026724
   3.916      0.026400
   3.919      0.026080
   3.922      0.025762
   3.925      0.025447
   3.928      0.025134
   3.931      0.024824
   3.934      0.024517
   3.937      0.024212
   3.940      0.023910
   3.943      0.023611
   3.946      0.023314
   3.949      0.023019
   3.952      0.022728
   3.955      0.022438
   3.958      0.022152
   3.960      0.021867
   3.963      0.021586
   3.966      0.021306
   3.969      0.021030
   3.972      0.020755
   3.975      0.020483
   3.978      0.020214
   3.981      0.019947
   3.984      0.019682
   3.987      0.019420
   3.990      0.019160
   3.993      0.018902
   3.996      0.018647
   3.999      0.018394
   4.002      0.018144
   4.005      0.017895
   4.008      0.017650
   4.011      0.017406
   4.014      0.017165
   4.017      0.016925
   4.020      0.016689
   4.023      0.016454
   4.026      0.016221
   4.029      0.015991
   4.032      0.015763
   4.035      0.015537
   4.038      0.015314
   4.041      0.015092
   4.044      0.014873
   4.047      0.014656
   4.049      0.014441
   4.052      0.014228
   4.055      0.014017
   4.058      0.013808
   4.061      0.013601
   4.064      0.013396
   4.067      0.013194
   4.070      0.012993
   4.073      0.012794
   4.076      0.012598
   4.079      0.012403
   4.082      0.012210
   4.085      0.012020
   4.088      0.011831
   4.091      0.011644
   4.094      0.011459
   4.097      0.011277
   4.100      0.011096
   4.103      0.010916
   4.106      0.010739
   4.109      0.010564
   4.112      0.010390
   4.115      0.010219
   4.118      0.010049
   4.121      0.009881
   4.124      0.009715
   4.127      0.009550
   4.130      0.009388
   4.133      0.009227
   4.136      0.009068
   4.138      0.008910
   4.141      0.008755
   4.144      0.008601
   4.147      0.008449
   4.150      0.008299
   4.153      0.008150
   4.156      0.008003
   4.159      0.007857
   4.162      0.007714
   4.165      0.007572
   4.168      0.007431
   4.171      0.007292
   4.174      0.007155
   4.177      0.007020
   4.180      0.006886
   4.183      0.006753
   4.186      0.006622
   4.189      0.006493
   4.192      0.006365
   4.195      0.006239
   4.198      0.006115
   4.201      0.005991
   4.204      0.005870
   4.207      0.005750
   4.210      0.005631
   4.213      0.005514
   4.216      0.005398
   4.219      0.005284
   4.222      0.005171
   4.225      0.005059
   4.227      0.004949
   4.230      0.004841
   4.233      0.004734
   4.236      0.004628
   4.239      0.004523
   4.242      0.004420
   4.245      0.004318
   4.248      0.004218
   4.251      0.004119
   4.254      0.004021
   4.257      0.003925
   4.260      0.003830
   4.263      0.003736
   4.266      0.003643
   4.269      0.003552
   4.272      0.003462
   4.275      0.003373
   4.278      0.003285
   4.281      0.003199
   4.284      0.003114
   4.287      0.003030
   4.290      0.002947
   4.293      0.002866
   4.296      0.002786
   4.299      0.002706
   4.302      0.002628
   4.305      0.002552
   4.308      0.002476
   4.311      0.002401
   4.314      0.002328
   4.316      0.002255
   4.319      0.002184
   4.322      0.002114
   4.325      0.002045
   4.328      0.001977
   4.331      0.001910
   4.334      0.001844
   4.337      0.001779
   4.340      0.001716
   4.343      0.001653
   4.346      0.001591
   4.349      0.001530
   4.352      0.001471
   4.355      0.001412
   4.358      0.001354
   4.361      0.001297
   4.364      0.001241
   4.367      0.001187
   4.370      0.001133
   4.373      0.001080
   4.376      0.001028
   4.379      0.000976
   4.382      0.000926
   4.385      0.000877
   4.388      0.000828
   4.391      0.000781
   4.394      0.000734
   4.397      0.000688
   4.400      0.000643
   4.403      0.000599
   4.405      0.000556
   4.408      0.000513
   4.411      0.000472
   4.414      0.000431
   4.417      0.000391
   4.420      0.000352
   4.423      0.000313
   4.426      0.000275
   4.429      0.000239
   4.432      0.000202
   4.435      0.000167
   4.438      0.000132
   4.441      0.000098
   4.444      0.000065
   4.447      0.000032
   4.450      0.000000
