   0.000     -5.038120
   0.003     -5.041591
   0.006     -5.044622
   0.010     -5.048422
   0.013     -5.053057
   0.016     -5.058538
   0.019     -5.064772
   0.022     -5.071753
   0.025     -5.079502
   0.029     -5.088036
   0.032     -5.097418
   0.035     -5.107571
   0.038     -5.118510
   0.041     -5.130272
   0.044     -5.142926
   0.048     -5.156390
   0.051     -5.170684
   0.054     -5.185823
   0.057     -5.201856
   0.060     -5.218743
   0.064     -5.236474
   0.067     -5.255054
   0.070     -5.274496
   0.073     -5.294817
   0.076     -5.315965
   0.079     -5.337937
   0.083     -5.360728
   0.086     -5.384373
   0.089     -5.408808
   0.092     -5.434012
   0.095     -5.459964
   0.098     -5.486697
   0.102     -5.514153
   0.105     -5.542303
   0.108     -5.571121
   0.111     -5.600590
   0.114     -5.630698
   0.117     -5.661386
   0.121     -5.692620
   0.124     -5.724368
   0.127     -5.756627
   0.130     -5.789327
   0.133     -5.822427
   0.137     -5.855882
   0.140     -5.889674
   0.143     -5.923745
   0.146     -5.958040
   0.149     -5.992510
   0.152     -6.027114
   0.156     -6.061807
   0.159     -6.096526
   0.162     -6.131215
   0.165     -6.165818
   0.168     -6.200292
   0.171     -6.234570
   0.175     -6.268591
   0.178     -6.302296
   0.181     -6.335628
   0.184     -6.368524
   0.187     -6.400922
   0.191     -6.432761
   0.194     -6.463972
   0.197     -6.494493
   0.200     -6.524263
   0.203     -6.553222
   0.206     -6.581305
   0.210     -6.608427
   0.213     -6.634547
   0.216     -6.659603
   0.219     -6.683531
   0.222     -6.706245
   0.225     -6.727701
   0.229     -6.747848
   0.232     -6.766625
   0.235     -6.783954
   0.238     -6.799779
   0.241     -6.814065
   0.244     -6.826756
   0.248     -6.837797
   0.251     -6.847100
   0.254     -6.854658
   0.257     -6.860427
   0.260     -6.864364
   0.264     -6.866381
   0.267     -6.866471
   0.270     -6.864609
   0.273     -6.860760
   0.276     -6.854866
   0.279     -6.846892
   0.283     -6.836844
   0.286     -6.824700
   0.289     -6.810432
   0.292     -6.793974
   0.295     -6.775369
   0.298     -6.754605
   0.302     -6.731674
   0.305     -6.706524
   0.308     -6.679191
   0.311     -6.649690
   0.314     -6.618028
   0.318     -6.584187
   0.321     -6.548174
   0.324     -6.510041
   0.327     -6.469810
   0.330     -6.427498
   0.333     -6.383087
   0.337     -6.336664
   0.340     -6.288266
   0.343     -6.237931
   0.346     -6.185655
   0.349     -6.131520
   0.352     -6.075591
   0.356     -6.017921
   0.359     -5.958540
   0.362     -5.897507
   0.365     -5.834916
   0.368     -5.770832
   0.371     -5.705318
   0.375     -5.638414
   0.378     -5.570234
   0.381     -5.500857
   0.384     -5.430364
   0.387     -5.358803
   0.391     -5.286281
   0.394     -5.212893
   0.397     -5.138727
   0.400     -5.063857
   0.403     -4.988378
   0.406     -4.912396
   0.410     -4.835992
   0.413     -4.759247
   0.416     -4.682232
   0.419     -4.605057
   0.422     -4.527820
   0.425     -4.450611
   0.429     -4.373497
   0.432     -4.296577
   0.435     -4.219938
   0.438     -4.143658
   0.441     -4.067814
   0.445     -3.992486
   0.448     -3.917750
   0.451     -3.843676
   0.454     -3.770336
   0.457     -3.697794
   0.460     -3.626111
   0.464     -3.555347
   0.467     -3.485555
   0.470     -3.416793
   0.473     -3.349104
   0.476     -3.282529
   0.479     -3.217110
   0.483     -3.152885
   0.486     -3.089885
   0.489     -3.028134
   0.492     -2.967652
   0.495     -2.908464
   0.498     -2.850591
   0.502     -2.794034
   0.505     -2.738801
   0.508     -2.684895
   0.511     -2.632329
   0.514     -2.581088
   0.518     -2.531163
   0.521     -2.482547
   0.524     -2.435234
   0.527     -2.389204
   0.530     -2.344433
   0.533     -2.300903
   0.537     -2.258595
   0.540     -2.217485
   0.543     -2.177539
   0.546     -2.138731
   0.549     -2.101030
   0.552     -2.064411
   0.556     -2.028836
   0.559     -1.994272
   0.562     -1.960685
   0.565     -1.928044
   0.568     -1.896313
   0.572     -1.865455
   0.575     -1.835437
   0.578     -1.806225
   0.581     -1.777787
   0.584     -1.750085
   0.587     -1.723090
   0.591     -1.696767
   0.594     -1.671088
   0.597     -1.646020
   0.600     -1.621533
   0.603     -1.597600
   0.606     -1.574196
   0.610     -1.551291
   0.613     -1.528862
   0.616     -1.506884
   0.619     -1.485336
   0.622     -1.464197
   0.625     -1.443446
   0.629     -1.423064
   0.632     -1.403035
   0.635     -1.383341
   0.638     -1.363968
   0.641     -1.344902
   0.645     -1.326130
   0.648     -1.307638
   0.651     -1.289415
   0.654     -1.271455
   0.657     -1.253747
   0.660     -1.236282
   0.664     -1.219051
   0.667     -1.202049
   0.670     -1.185270
   0.673     -1.168710
   0.676     -1.152361
   0.679     -1.136220
   0.683     -1.120282
   0.686     -1.104545
   0.689     -1.089007
   0.692     -1.073663
   0.695     -1.058511
   0.699     -1.043549
   0.702     -1.028773
   0.705     -1.014186
   0.708     -0.999783
   0.711     -0.985563
   0.714     -0.971524
   0.718     -0.957664
   0.721     -0.943983
   0.724     -0.930480
   0.727     -0.917154
   0.730     -0.904002
   0.733     -0.891025
   0.737     -0.878219
   0.740     -0.865585
   0.743     -0.853121
   0.746     -0.840826
   0.749     -0.828698
   0.752     -0.816735
   0.756     -0.804938
   0.759     -0.793303
   0.762     -0.781829
   0.765     -0.770515
   0.768     -0.759360
   0.772     -0.748361
   0.775     -0.737518
   0.778     -0.726828
   0.781     -0.716289
   0.784     -0.705900
   0.787     -0.695659
   0.791     -0.685564
   0.794     -0.675614
   0.797     -0.665807
   0.800     -0.656140
   0.803     -0.646613
   0.806     -0.637223
   0.810     -0.627968
   0.813     -0.618846
   0.816     -0.609857
   0.819     -0.600997
   0.822     -0.592266
   0.826     -0.583660
   0.829     -0.575180
   0.832     -0.566822
   0.835     -0.558585
   0.838     -0.550467
   0.841     -0.542467
   0.845     -0.534583
   0.848     -0.526812
   0.851     -0.519155
   0.854     -0.511608
   0.857     -0.504170
   0.860     -0.496841
   0.864     -0.489617
   0.867     -0.482498
   0.870     -0.475482
   0.873     -0.468568
   0.876     -0.461754
   0.879     -0.455037
   0.883     -0.448418
   0.886     -0.441895
   0.889     -0.435466
   0.892     -0.429129
   0.895     -0.422884
   0.899     -0.416729
   0.902     -0.410663
   0.905     -0.404684
   0.908     -0.398791
   0.911     -0.392983
   0.914     -0.387259
   0.918     -0.381617
   0.921     -0.376056
   0.924     -0.370575
   0.927     -0.365173
   0.930     -0.359848
   0.933     -0.354600
   0.937     -0.349428
   0.940     -0.344329
   0.943     -0.339304
   0.946     -0.334351
   0.949     -0.329469
   0.953     -0.324657
   0.956     -0.319915
   0.959     -0.315240
   0.962     -0.310632
   0.965     -0.306090
   0.968     -0.301613
   0.972     -0.297201
   0.975     -0.292851
   0.978     -0.288564
   0.981     -0.284339
   0.984     -0.280173
   0.987     -0.276068
   0.991     -0.272021
   0.994     -0.268032
   0.997     -0.264100
   1.000     -0.260225
   1.003     -0.256405
   1.006     -0.252639
   1.010     -0.248927
   1.013     -0.245269
   1.016     -0.241663
   1.019     -0.238108
   1.022     -0.234604
   1.026     -0.231150
   1.029     -0.227746
   1.032     -0.224390
   1.035     -0.221082
   1.038     -0.217822
   1.041     -0.214608
   1.045     -0.211440
   1.048     -0.208317
   1.051     -0.205239
   1.054     -0.202205
   1.057     -0.199214
   1.060     -0.196266
   1.064     -0.193360
   1.067     -0.190496
   1.070     -0.187672
   1.073     -0.184889
   1.076     -0.182146
   1.080     -0.179442
   1.083     -0.176776
   1.086     -0.174149
   1.089     -0.171559
   1.092     -0.169006
   1.095     -0.166490
   1.099     -0.164009
   1.102     -0.161564
   1.105     -0.159154
   1.108     -0.156779
   1.111     -0.154437
   1.114     -0.152129
   1.118     -0.149854
   1.121     -0.147612
   1.124     -0.145402
   1.127     -0.143223
   1.130     -0.141075
   1.133     -0.138959
   1.137     -0.136872
   1.140     -0.134816
   1.143     -0.132788
   1.146     -0.130790
   1.149     -0.128821
   1.153     -0.126880
   1.156     -0.124966
   1.159     -0.123080
   1.162     -0.121222
   1.165     -0.119389
   1.168     -0.117583
   1.172     -0.115803
   1.175     -0.114049
   1.178     -0.112320
   1.181     -0.110615
   1.184     -0.108935
   1.187     -0.107279
   1.191     -0.105648
   1.194     -0.104039
   1.197     -0.102454
   1.200     -0.100891
   1.203     -0.099351
   1.207     -0.097833
   1.210     -0.096337
   1.213     -0.094863
   1.216     -0.093410
   1.219     -0.091977
   1.222     -0.090566
   1.226     -0.089175
   1.229     -0.087804
   1.232     -0.086452
   1.235     -0.085120
   1.238     -0.083808
   1.241     -0.082514
   1.245     -0.081240
   1.248     -0.079983
   1.251     -0.078745
   1.254     -0.077525
   1.257     -0.076322
   1.260     -0.075137
   1.264     -0.073969
   1.267     -0.072818
   1.270     -0.071684
   1.273     -0.070566
   1.276     -0.069465
   1.280     -0.068380
   1.283     -0.067310
   1.286     -0.066256
   1.289     -0.065217
   1.292     -0.064194
   1.295     -0.063185
   1.299     -0.062191
   1.302     -0.061212
   1.305     -0.060247
   1.308     -0.059296
   1.311     -0.058359
   1.314     -0.057435
   1.318     -0.056525
   1.321     -0.055629
   1.324     -0.054746
   1.327     -0.053875
   1.330     -0.053018
   1.334     -0.052173
   1.337     -0.051340
   1.340     -0.050520
   1.343     -0.049712
   1.346     -0.048916
   1.349     -0.048131
   1.353     -0.047358
   1.356     -0.046597
   1.359     -0.045846
   1.362     -0.045107
   1.365     -0.044379
   1.368     -0.043662
   1.372     -0.042955
   1.375     -0.042259
   1.378     -0.041573
   1.381     -0.040897
   1.384     -0.040231
   1.388     -0.039576
   1.391     -0.038930
   1.394     -0.038293
   1.397     -0.037666
   1.400     -0.037049
   1.403     -0.036441
   1.407     -0.035842
   1.410     -0.035251
   1.413     -0.034670
   1.416     -0.034098
   1.419     -0.033534
   1.422     -0.032978
   1.426     -0.032431
   1.429     -0.031892
   1.432     -0.031362
   1.435     -0.030839
   1.438     -0.030324
   1.441     -0.029817
   1.445     -0.029318
   1.448     -0.028826
   1.451     -0.028342
   1.454     -0.027865
   1.457     -0.027395
   1.461     -0.026933
   1.464     -0.026477
   1.467     -0.026029
   1.470     -0.025587
   1.473     -0.025152
   1.476     -0.024724
   1.480     -0.024302
   1.483     -0.023887
   1.486     -0.023478
   1.489     -0.023076
   1.492     -0.022679
   1.495     -0.022289
   1.499     -0.021905
   1.502     -0.021527
   1.505     -0.021154
   1.508     -0.020788
   1.511     -0.020427
   1.515     -0.020072
   1.518     -0.019722
   1.521     -0.019378
   1.524     -0.019039
   1.527     -0.018705
   1.530     -0.018377
   1.534     -0.018054
   1.537     -0.017735
   1.540     -0.017422
   1.543     -0.017114
   1.546     -0.016810
   1.549     -0.016512
   1.553     -0.016218
   1.556     -0.015929
   1.559     -0.015644
   1.562     -0.015364
   1.565     -0.015088
   1.568     -0.014817
   1.572     -0.014550
   1.575     -0.014287
   1.578     -0.014029
   1.581     -0.013775
   1.584     -0.013524
   1.588     -0.013278
   1.591     -0.013036
   1.594     -0.012797
   1.597     -0.012563
   1.600     -0.012332
   1.603     -0.012105
   1.607     -0.011882
   1.610     -0.011662
   1.613     -0.011446
   1.616     -0.011234
   1.619     -0.011024
   1.622     -0.010819
   1.626     -0.010617
   1.629     -0.010418
   1.632     -0.010222
   1.635     -0.010029
   1.638     -0.009840
   1.642     -0.009654
   1.645     -0.009471
   1.648     -0.009291
   1.651     -0.009114
   1.654     -0.008940
   1.657     -0.008769
   1.661     -0.008600
   1.664     -0.008435
   1.667     -0.008272
   1.670     -0.008112
   1.673     -0.007955
   1.676     -0.007800
   1.680     -0.007648
   1.683     -0.007499
   1.686     -0.007352
   1.689     -0.007208
   1.692     -0.007066
   1.695     -0.006926
   1.699     -0.006789
   1.702     -0.006655
   1.705     -0.006522
   1.708     -0.006392
   1.711     -0.006264
   1.715     -0.006139
   1.718     -0.006015
   1.721     -0.005894
   1.724     -0.005775
   1.727     -0.005658
   1.730     -0.005543
   1.734     -0.005430
   1.737     -0.005319
   1.740     -0.005210
   1.743     -0.005102
   1.746     -0.004997
   1.749     -0.004894
   1.753     -0.004792
   1.756     -0.004693
   1.759     -0.004595
   1.762     -0.004499
   1.765     -0.004404
   1.769     -0.004311
   1.772     -0.004220
   1.775     -0.004131
   1.778     -0.004043
   1.781     -0.003957
   1.784     -0.003872
   1.788     -0.003789
   1.791     -0.003708
   1.794     -0.003628
   1.797     -0.003549
   1.800     -0.003472
   1.803     -0.003397
   1.807     -0.003323
   1.810     -0.003250
   1.813     -0.003178
   1.816     -0.003108
   1.819     -0.003039
   1.822     -0.002972
   1.826     -0.002906
   1.829     -0.002841
   1.832     -0.002777
   1.835     -0.002714
   1.838     -0.002653
   1.842     -0.002593
   1.845     -0.002534
   1.848     -0.002476
   1.851     -0.002419
   1.854     -0.002364
   1.857     -0.002309
   1.861     -0.002256
   1.864     -0.002204
   1.867     -0.002152
   1.870     -0.002102
   1.873     -0.002053
   1.876     -0.002004
   1.880     -0.001957
   1.883     -0.001910
   1.886     -0.001865
   1.889     -0.001820
   1.892     -0.001777
   1.896     -0.001734
   1.899     -0.001692
   1.902     -0.001651
   1.905     -0.001611
   1.908     -0.001571
   1.911     -0.001533
   1.915     -0.001495
   1.918     -0.001458
   1.921     -0.001422
   1.924     -0.001386
   1.927     -0.001351
   1.930     -0.001317
   1.934     -0.001284
   1.937     -0.001252
   1.940     -0.001220
   1.943     -0.001189
   1.946     -0.001158
   1.949     -0.001128
   1.953     -0.001099
   1.956     -0.001071
   1.959     -0.001043
   1.962     -0.001015
   1.965     -0.000989
   1.969     -0.000962
   1.972     -0.000937
   1.975     -0.000912
   1.978     -0.000888
   1.981     -0.000864
   1.984     -0.000840
   1.988     -0.000818
   1.991     -0.000795
   1.994     -0.000773
   1.997     -0.000752
   2.000     -0.000731
   2.003     -0.000711
   2.007     -0.000691
   2.010     -0.000672
   2.013     -0.000653
   2.016     -0.000635
   2.019     -0.000617
   2.023     -0.000599
   2.026     -0.000582
   2.029     -0.000565
   2.032     -0.000549
   2.035     -0.000533
   2.038     -0.000517
   2.042     -0.000502
   2.045     -0.000487
   2.048     -0.000473
   2.051     -0.000459
   2.054     -0.000445
   2.057     -0.000431
   2.061     -0.000418
   2.064     -0.000406
   2.067     -0.000393
   2.070     -0.000381
   2.073     -0.000369
   2.076     -0.000358
   2.080     -0.000347
   2.083     -0.000336
   2.086     -0.000325
   2.089     -0.000315
   2.092     -0.000305
   2.096     -0.000295
   2.099     -0.000285
   2.102     -0.000276
   2.105     -0.000267
   2.108     -0.000258
   2.111     -0.000250
   2.115     -0.000241
   2.118     -0.000233
   2.121     -0.000226
   2.124     -0.000218
   2.127     -0.000211
   2.130     -0.000203
   2.134     -0.000196
   2.137     -0.000189
   2.140     -0.000183
   2.143     -0.000176
   2.146     -0.000170
   2.150     -0.000164
   2.153     -0.000158
   2.156     -0.000153
   2.159     -0.000147
   2.162     -0.000142
   2.165     -0.000137
   2.169     -0.000131
   2.172     -0.000127
   2.175     -0.000122
   2.178     -0.000117
   2.181     -0.000113
   2.184     -0.000108
   2.188     -0.000104
   2.191     -0.000100
   2.194     -0.000096
   2.197     -0.000093
   2.200     -0.000089
   2.203     -0.000085
   2.207     -0.000082
   2.210     -0.000079
   2.213     -0.000075
   2.216     -0.000072
   2.219     -0.000069
   2.223     -0.000066
   2.226     -0.000064
   2.229     -0.000061
   2.232     -0.000058
   2.235     -0.000056
   2.238     -0.000053
   2.242     -0.000051
   2.245     -0.000049
   2.248     -0.000046
   2.251     -0.000044
   2.254     -0.000042
   2.257     -0.000040
   2.261     -0.000038
   2.264     -0.000037
   2.267     -0.000035
   2.270     -0.000033
   2.273     -0.000032
   2.277     -0.000030
   2.280     -0.000029
   2.283     -0.000027
   2.286     -0.000026
   2.289     -0.000024
   2.292     -0.000023
   2.296     -0.000022
   2.299     -0.000021
   2.302     -0.000020
   2.305     -0.000019
   2.308     -0.000018
   2.311     -0.000017
   2.315     -0.000016
   2.318     -0.000015
   2.321     -0.000014
   2.324     -0.000013
   2.327     -0.000012
   2.330     -0.000012
   2.334     -0.000011
   2.337     -0.000010
   2.340     -0.000010
   2.343     -0.000009
   2.346     -0.000008
   2.350     -0.000008
   2.353     -0.000007
   2.356     -0.000007
   2.359     -0.000006
   2.362     -0.000006
   2.365     -0.000005
   2.369     -0.000005
   2.372     -0.000005
   2.375     -0.000004
   2.378     -0.000004
   2.381     -0.000004
   2.384     -0.000003
   2.388     -0.000003
   2.391     -0.000003
   2.394     -0.000003
   2.397     -0.000002
   2.400     -0.000002
   2.404     -0.000002
   2.407     -0.000002
   2.410     -0.000002
   2.413     -0.000001
   2.416     -0.000001
   2.419     -0.000001
   2.423     -0.000001
   2.426     -0.000001
   2.429     -0.000001
   2.432     -0.000001
   2.435     -0.000001
   2.438     -0.000001
   2.442     -0.000001
   2.445      0.000000
   2.448      0.000000
   2.451      0.000000
   2.454      0.000000
   2.457      0.000000
   2.461      0.000000
   2.464      0.000000
   2.467      0.000000
   2.470      0.000000
   2.473      0.000000
   2.477      0.000000
   2.480      0.000000
   2.483      0.000000
   2.486      0.000000
   2.489      0.000000
   2.492      0.000000
   2.496      0.000000
   2.499      0.000000
   2.502      0.000000
   2.505      0.000000
   2.508      0.000000
   2.511      0.000000
   2.515      0.000000
   2.518      0.000000
   2.521      0.000000
   2.524      0.000000
   2.527      0.000000
   2.531      0.000000
   2.534      0.000000
   2.537      0.000000
   2.540      0.000000
