   0.000      0.002461
   0.003      0.028273
   0.006      0.054084
   0.010      0.080771
   0.013      0.107570
   0.016      0.134392
   0.019      0.161214
   0.022      0.188026
   0.026      0.214822
   0.029      0.241598
   0.032      0.268351
   0.035      0.295078
   0.038      0.321775
   0.042      0.348439
   0.045      0.375068
   0.048      0.401659
   0.051      0.428208
   0.054      0.454713
   0.058      0.481171
   0.061      0.507580
   0.064      0.533935
   0.067      0.560235
   0.070      0.586476
   0.074      0.612656
   0.077      0.638771
   0.080      0.664819
   0.083      0.690796
   0.086      0.716700
   0.090      0.742528
   0.093      0.768275
   0.096      0.793941
   0.099      0.819520
   0.102      0.845011
   0.106      0.870410
   0.109      0.895715
   0.112      0.920921
   0.115      0.946026
   0.118      0.971026
   0.122      0.995919
   0.125      1.020702
   0.128      1.045370
   0.131      1.069921
   0.134      1.094352
   0.138      1.118659
   0.141      1.142839
   0.144      1.166890
   0.147      1.190806
   0.150      1.214586
   0.154      1.238226
   0.157      1.261723
   0.160      1.285073
   0.163      1.308273
   0.166      1.331320
   0.170      1.354210
   0.173      1.376941
   0.176      1.399508
   0.179      1.421909
   0.182      1.444140
   0.186      1.466199
   0.189      1.488080
   0.192      1.509783
   0.195      1.531302
   0.198      1.552635
   0.202      1.573779
   0.205      1.594730
   0.208      1.615486
   0.211      1.636042
   0.214      1.656397
   0.218      1.676546
   0.221      1.696487
   0.224      1.716217
   0.227      1.735732
   0.230      1.755030
   0.234      1.774107
   0.237      1.792961
   0.240      1.811590
   0.243      1.829989
   0.246      1.848157
   0.250      1.866090
   0.253      1.883786
   0.256      1.901243
   0.259      1.918457
   0.262      1.935427
   0.266      1.952150
   0.269      1.968623
   0.272      1.984845
   0.275      2.000813
   0.278      2.016524
   0.282      2.031978
   0.285      2.047172
   0.288      2.062104
   0.291      2.076773
   0.294      2.091176
   0.298      2.105313
   0.301      2.119181
   0.304      2.132779
   0.307      2.146106
   0.310      2.159161
   0.314      2.171943
   0.317      2.184450
   0.320      2.196682
   0.323      2.208638
   0.326      2.220318
   0.330      2.231720
   0.333      2.242845
   0.336      2.253692
   0.339      2.264261
   0.342      2.274553
   0.346      2.284566
   0.349      2.294301
   0.352      2.303759
   0.355      2.312940
   0.358      2.321844
   0.362      2.330473
   0.365      2.338826
   0.368      2.346906
   0.371      2.354713
   0.374      2.362248
   0.378      2.369513
   0.381      2.376509
   0.384      2.383238
   0.387      2.389701
   0.390      2.395900
   0.394      2.401837
   0.397      2.407515
   0.400      2.412935
   0.403      2.418099
   0.406      2.423011
   0.410      2.427673
   0.413      2.432087
   0.416      2.436256
   0.419      2.440183
   0.422      2.443870
   0.426      2.447322
   0.429      2.450541
   0.432      2.453530
   0.435      2.456293
   0.438      2.458833
   0.442      2.461154
   0.445      2.463259
   0.448      2.465151
   0.451      2.466835
   0.454      2.468315
   0.458      2.469594
   0.461      2.470676
   0.464      2.471565
   0.467      2.472265
   0.470      2.472780
   0.474      2.473114
   0.477      2.473272
   0.480      2.473257
   0.483      2.473074
   0.486      2.472727
   0.490      2.472220
   0.493      2.471557
   0.496      2.470742
   0.499      2.469780
   0.502      2.468676
   0.506      2.467432
   0.509      2.466053
   0.512      2.464544
   0.515      2.462909
   0.518      2.461151
   0.522      2.459275
   0.525      2.457285
   0.528      2.455184
   0.531      2.452977
   0.534      2.450668
   0.538      2.448261
   0.541      2.445758
   0.544      2.443165
   0.547      2.440484
   0.550      2.437720
   0.554      2.434875
   0.557      2.431953
   0.560      2.428958
   0.563      2.425893
   0.566      2.422761
   0.570      2.419565
   0.573      2.416309
   0.576      2.412994
   0.579      2.409625
   0.582      2.406204
   0.586      2.402733
   0.589      2.399215
   0.592      2.395654
   0.595      2.392050
   0.598      2.388407
   0.602      2.384726
   0.605      2.381010
   0.608      2.377262
   0.611      2.373482
   0.614      2.369673
   0.618      2.365836
   0.621      2.361974
   0.624      2.358088
   0.627      2.354179
   0.630      2.350248
   0.634      2.346299
   0.637      2.342330
   0.640      2.338345
   0.643      2.334343
   0.646      2.330326
   0.650      2.326295
   0.653      2.322251
   0.656      2.318195
   0.659      2.314127
   0.662      2.310049
   0.666      2.305960
   0.669      2.301862
   0.672      2.297754
   0.675      2.293639
   0.678      2.289515
   0.682      2.285384
   0.685      2.281245
   0.688      2.277100
   0.691      2.272948
   0.694      2.268789
   0.698      2.264624
   0.701      2.260453
   0.704      2.256277
   0.707      2.252094
   0.710      2.247906
   0.714      2.243713
   0.717      2.239513
   0.720      2.235309
   0.723      2.231099
   0.726      2.226883
   0.730      2.222662
   0.733      2.218435
   0.736      2.214203
   0.739      2.209965
   0.742      2.205722
   0.746      2.201473
   0.749      2.197218
   0.752      2.192957
   0.755      2.188691
   0.758      2.184419
   0.762      2.180140
   0.765      2.175856
   0.768      2.171566
   0.771      2.167270
   0.774      2.162967
   0.778      2.158659
   0.781      2.154344
   0.784      2.150023
   0.787      2.145696
   0.790      2.141363
   0.794      2.137023
   0.797      2.132678
   0.800      2.128326
   0.803      2.123967
   0.806      2.119603
   0.810      2.115233
   0.813      2.110856
   0.816      2.106474
   0.819      2.102085
   0.822      2.097691
   0.826      2.093290
   0.829      2.088884
   0.832      2.084473
   0.835      2.080055
   0.838      2.075633
   0.842      2.071204
   0.845      2.066771
   0.848      2.062332
   0.851      2.057889
   0.854      2.053440
   0.858      2.048987
   0.861      2.044529
   0.864      2.040066
   0.867      2.035599
   0.870      2.031128
   0.874      2.026653
   0.877      2.022173
   0.880      2.017690
   0.883      2.013204
   0.886      2.008714
   0.890      2.004220
   0.893      1.999724
   0.896      1.995224
   0.899      1.990721
   0.902      1.986216
   0.906      1.981709
   0.909      1.977199
   0.912      1.972686
   0.915      1.968172
   0.918      1.963656
   0.922      1.959138
   0.925      1.954619
   0.928      1.950098
   0.931      1.945576
   0.934      1.941053
   0.938      1.936529
   0.941      1.932005
   0.944      1.927480
   0.947      1.922954
   0.950      1.918428
   0.954      1.913902
   0.957      1.909377
   0.960      1.904851
   0.963      1.900326
   0.966      1.895801
   0.970      1.891277
   0.973      1.886753
   0.976      1.882231
   0.979      1.877709
   0.982      1.873189
   0.986      1.868670
   0.989      1.864153
   0.992      1.859637
   0.995      1.855123
   0.998      1.850611
   1.002      1.846101
   1.005      1.841594
   1.008      1.837088
   1.011      1.832585
   1.014      1.828084
   1.018      1.823586
   1.021      1.819091
   1.024      1.814599
   1.027      1.810109
   1.030      1.805623
   1.034      1.801140
   1.037      1.796660
   1.040      1.792184
   1.043      1.787712
   1.046      1.783243
   1.050      1.778778
   1.053      1.774316
   1.056      1.769859
   1.059      1.765406
   1.062      1.760956
   1.066      1.756512
   1.069      1.752071
   1.072      1.747635
   1.075      1.743204
   1.078      1.738777
   1.082      1.734355
   1.085      1.729937
   1.088      1.725525
   1.091      1.721118
   1.094      1.716715
   1.098      1.712318
   1.101      1.707926
   1.104      1.703540
   1.107      1.699158
   1.110      1.694783
   1.114      1.690412
   1.117      1.686048
   1.120      1.681689
   1.123      1.677336
   1.126      1.672988
   1.130      1.668647
   1.133      1.664312
   1.136      1.659982
   1.139      1.655659
   1.142      1.651342
   1.146      1.647031
   1.149      1.642726
   1.152      1.638428
   1.155      1.634136
   1.158      1.629851
   1.162      1.625572
   1.165      1.621299
   1.168      1.617034
   1.171      1.612775
   1.174      1.608523
   1.178      1.604277
   1.181      1.600039
   1.184      1.595807
   1.187      1.591582
   1.190      1.587365
   1.194      1.583154
   1.197      1.578950
   1.200      1.574754
   1.203      1.570565
   1.206      1.566383
   1.210      1.562208
   1.213      1.558040
   1.216      1.553880
   1.219      1.549728
   1.222      1.545582
   1.226      1.541445
   1.229      1.537314
   1.232      1.533192
   1.235      1.529076
   1.238      1.524969
   1.242      1.520869
   1.245      1.516777
   1.248      1.512692
   1.251      1.508615
   1.254      1.504546
   1.258      1.500485
   1.261      1.496432
   1.264      1.492386
   1.267      1.488349
   1.270      1.484319
   1.274      1.480297
   1.277      1.476283
   1.280      1.472277
   1.283      1.468280
   1.286      1.464290
   1.290      1.460308
   1.293      1.456335
   1.296      1.452369
   1.299      1.448412
   1.302      1.444463
   1.306      1.440522
   1.309      1.436589
   1.312      1.432664
   1.315      1.428748
   1.318      1.424840
   1.322      1.420940
   1.325      1.417049
   1.328      1.413165
   1.331      1.409290
   1.334      1.405424
   1.338      1.401566
   1.341      1.397716
   1.344      1.393874
   1.347      1.390041
   1.350      1.386216
   1.354      1.382400
   1.357      1.378592
   1.360      1.374792
   1.363      1.371001
   1.366      1.367219
   1.370      1.363444
   1.373      1.359679
   1.376      1.355922
   1.379      1.352173
   1.382      1.348433
   1.386      1.344701
   1.389      1.340978
   1.392      1.337263
   1.395      1.333557
   1.398      1.329859
   1.402      1.326170
   1.405      1.322489
   1.408      1.318817
   1.411      1.315153
   1.414      1.311498
   1.418      1.307852
   1.421      1.304214
   1.424      1.300584
   1.427      1.296964
   1.430      1.293351
   1.434      1.289747
   1.437      1.286152
   1.440      1.282566
   1.443      1.278988
   1.446      1.275418
   1.450      1.271857
   1.453      1.268305
   1.456      1.264761
   1.459      1.261225
   1.462      1.257699
   1.466      1.254180
   1.469      1.250671
   1.472      1.247170
   1.475      1.243677
   1.478      1.240193
   1.482      1.236717
   1.485      1.233250
   1.488      1.229792
   1.491      1.226342
   1.494      1.222900
   1.498      1.219467
   1.501      1.216043
   1.504      1.212627
   1.507      1.209219
   1.510      1.205820
   1.514      1.202430
   1.517      1.199048
   1.520      1.195674
   1.523      1.192309
   1.526      1.188952
   1.530      1.185604
   1.533      1.182264
   1.536      1.178933
   1.539      1.175610
   1.542      1.172296
   1.546      1.168989
   1.549      1.165692
   1.552      1.162402
   1.555      1.159121
   1.558      1.155849
   1.562      1.152585
   1.565      1.149329
   1.568      1.146081
   1.571      1.142842
   1.574      1.139611
   1.578      1.136388
   1.581      1.133174
   1.584      1.129968
   1.587      1.126770
   1.590      1.123581
   1.594      1.120400
   1.597      1.117227
   1.600      1.114062
   1.603      1.110905
   1.606      1.107757
   1.610      1.104617
   1.613      1.101485
   1.616      1.098361
   1.619      1.095246
   1.622      1.092138
   1.626      1.089039
   1.629      1.085948
   1.632      1.082865
   1.635      1.079790
   1.638      1.076723
   1.642      1.073664
   1.645      1.070613
   1.648      1.067570
   1.651      1.064536
   1.654      1.061509
   1.658      1.058490
   1.661      1.055480
   1.664      1.052477
   1.667      1.049482
   1.670      1.046495
   1.674      1.043516
   1.677      1.040546
   1.680      1.037582
   1.683      1.034627
   1.686      1.031680
   1.690      1.028741
   1.693      1.025809
   1.696      1.022885
   1.699      1.019969
   1.702      1.017061
   1.706      1.014161
   1.709      1.011268
   1.712      1.008383
   1.715      1.005506
   1.718      1.002637
   1.722      0.999775
   1.725      0.996921
   1.728      0.994075
   1.731      0.991236
   1.734      0.988405
   1.738      0.985582
   1.741      0.982766
   1.744      0.979958
   1.747      0.977157
   1.750      0.974364
   1.754      0.971579
   1.757      0.968801
   1.760      0.966030
   1.763      0.963268
   1.766      0.960512
   1.770      0.957764
   1.773      0.955024
   1.776      0.952291
   1.779      0.949565
   1.782      0.946847
   1.786      0.944136
   1.789      0.941432
   1.792      0.938736
   1.795      0.936047
   1.798      0.933366
   1.802      0.930692
   1.805      0.928025
   1.808      0.925365
   1.811      0.922713
   1.814      0.920068
   1.818      0.917430
   1.821      0.914799
   1.824      0.912176
   1.827      0.909559
   1.830      0.906950
   1.834      0.904348
   1.837      0.901753
   1.840      0.899165
   1.843      0.896584
   1.846      0.894011
   1.850      0.891444
   1.853      0.888884
   1.856      0.886332
   1.859      0.883786
   1.862      0.881248
   1.866      0.878716
   1.869      0.876191
   1.872      0.873674
   1.875      0.871163
   1.878      0.868659
   1.882      0.866162
   1.885      0.863671
   1.888      0.861188
   1.891      0.858711
   1.894      0.856242
   1.898      0.853779
   1.901      0.851323
   1.904      0.848873
   1.907      0.846431
   1.910      0.843995
   1.914      0.841565
   1.917      0.839143
   1.920      0.836727
   1.923      0.834318
   1.926      0.831915
   1.930      0.829519
   1.933      0.827130
   1.936      0.824747
   1.939      0.822371
   1.942      0.820001
   1.946      0.817638
   1.949      0.815282
   1.952      0.812932
   1.955      0.810588
   1.958      0.808251
   1.962      0.805920
   1.965      0.803596
   1.968      0.801278
   1.971      0.798967
   1.974      0.796662
   1.978      0.794363
   1.981      0.792071
   1.984      0.789785
   1.987      0.787505
   1.990      0.785231
   1.994      0.782964
   1.997      0.780704
   2.000      0.778449
   2.003      0.776201
   2.006      0.773958
   2.010      0.771722
   2.013      0.769493
   2.016      0.767269
   2.019      0.765052
   2.022      0.762840
   2.026      0.760635
   2.029      0.758436
   2.032      0.756243
   2.035      0.754056
   2.038      0.751875
   2.042      0.749700
   2.045      0.747531
   2.048      0.745368
   2.051      0.743211
   2.054      0.741060
   2.058      0.738915
   2.061      0.736776
   2.064      0.734643
   2.067      0.732516
   2.070      0.730394
   2.074      0.728279
   2.077      0.726169
   2.080      0.724065
   2.083      0.721967
   2.086      0.719875
   2.090      0.717788
   2.093      0.715708
   2.096      0.713633
   2.099      0.711564
   2.102      0.709500
   2.106      0.707442
   2.109      0.705390
   2.112      0.703344
   2.115      0.701303
   2.118      0.699268
   2.122      0.697238
   2.125      0.695214
   2.128      0.693196
   2.131      0.691183
   2.134      0.689176
   2.138      0.687174
   2.141      0.685178
   2.144      0.683188
   2.147      0.681202
   2.150      0.679223
   2.154      0.677249
   2.157      0.675280
   2.160      0.673317
   2.163      0.671359
   2.166      0.669406
   2.170      0.667459
   2.173      0.665517
   2.176      0.663581
   2.179      0.661650
   2.182      0.659724
   2.186      0.657804
   2.189      0.655888
   2.192      0.653979
   2.195      0.652074
   2.198      0.650175
   2.202      0.648281
   2.205      0.646392
   2.208      0.644508
   2.211      0.642629
   2.214      0.640756
   2.218      0.638888
   2.221      0.637025
   2.224      0.635167
   2.227      0.633314
   2.230      0.631466
   2.234      0.629624
   2.237      0.627786
   2.240      0.625954
   2.243      0.624126
   2.246      0.622304
   2.250      0.620486
   2.253      0.618674
   2.256      0.616866
   2.259      0.615064
   2.262      0.613266
   2.266      0.611474
   2.269      0.609686
   2.272      0.607903
   2.275      0.606125
   2.278      0.604352
   2.282      0.602584
   2.285      0.600821
   2.288      0.599062
   2.291      0.597308
   2.294      0.595560
   2.298      0.593816
   2.301      0.592076
   2.304      0.590342
   2.307      0.588612
   2.310      0.586887
   2.314      0.585167
   2.317      0.583451
   2.320      0.581740
   2.323      0.580034
   2.326      0.578332
   2.330      0.576635
   2.333      0.574943
   2.336      0.573255
   2.339      0.571572
   2.342      0.569894
   2.346      0.568220
   2.349      0.566550
   2.352      0.564886
   2.355      0.563225
   2.358      0.561570
   2.362      0.559919
   2.365      0.558272
   2.368      0.556630
   2.371      0.554992
   2.374      0.553359
   2.378      0.551730
   2.381      0.550106
   2.384      0.548486
   2.387      0.546870
   2.390      0.545259
   2.394      0.543652
   2.397      0.542050
   2.400      0.540452
   2.403      0.538858
   2.406      0.537269
   2.410      0.535684
   2.413      0.534103
   2.416      0.532527
   2.419      0.530955
   2.422      0.529387
   2.426      0.527823
   2.429      0.526264
   2.432      0.524708
   2.435      0.523158
   2.438      0.521611
   2.442      0.520068
   2.445      0.518530
   2.448      0.516996
   2.451      0.515466
   2.454      0.513940
   2.458      0.512418
   2.461      0.510900
   2.464      0.509387
   2.467      0.507877
   2.470      0.506372
   2.474      0.504871
   2.477      0.503373
   2.480      0.501880
   2.483      0.500391
   2.486      0.498906
   2.490      0.497425
   2.493      0.495947
   2.496      0.494474
   2.499      0.493005
   2.502      0.491540
   2.506      0.490079
   2.509      0.488621
   2.512      0.487168
   2.515      0.485718
   2.518      0.484273
   2.522      0.482831
   2.525      0.481393
   2.528      0.479959
   2.531      0.478529
   2.534      0.477103
   2.538      0.475680
   2.541      0.474262
   2.544      0.472847
   2.547      0.471436
   2.550      0.470028
   2.554      0.468625
   2.557      0.467225
   2.560      0.465829
   2.563      0.464437
   2.566      0.463049
   2.570      0.461664
   2.573      0.460283
   2.576      0.458905
   2.579      0.457532
   2.582      0.456162
   2.586      0.454795
   2.589      0.453433
   2.592      0.452074
   2.595      0.450718
   2.598      0.449366
   2.602      0.448018
   2.605      0.446674
   2.608      0.445333
   2.611      0.443995
   2.614      0.442661
   2.618      0.441331
   2.621      0.440004
   2.624      0.438681
   2.627      0.437361
   2.630      0.436045
   2.634      0.434732
   2.637      0.433423
   2.640      0.432117
   2.643      0.430815
   2.646      0.429516
   2.650      0.428221
   2.653      0.426929
   2.656      0.425641
   2.659      0.424356
   2.662      0.423074
   2.666      0.421796
   2.669      0.420521
   2.672      0.419249
   2.675      0.417981
   2.678      0.416716
   2.682      0.415455
   2.685      0.414197
   2.688      0.412942
   2.691      0.411691
   2.694      0.410443
   2.698      0.409198
   2.701      0.407956
   2.704      0.406718
   2.707      0.405483
   2.710      0.404251
   2.714      0.403023
   2.717      0.401798
   2.720      0.400576
   2.723      0.399357
   2.726      0.398141
   2.730      0.396929
   2.733      0.395720
   2.736      0.394514
   2.739      0.393311
   2.742      0.392111
   2.746      0.390915
   2.749      0.389721
   2.752      0.388531
   2.755      0.387344
   2.758      0.386160
   2.762      0.384979
   2.765      0.383801
   2.768      0.382627
   2.771      0.381455
   2.774      0.380286
   2.778      0.379121
   2.781      0.377958
   2.784      0.376799
   2.787      0.375643
   2.790      0.374489
   2.794      0.373339
   2.797      0.372192
   2.800      0.371047
   2.803      0.369906
   2.806      0.368768
   2.810      0.367632
   2.813      0.366500
   2.816      0.365370
   2.819      0.364244
   2.822      0.363120
   2.826      0.362000
   2.829      0.360882
   2.832      0.359767
   2.835      0.358655
   2.838      0.357546
   2.842      0.356440
   2.845      0.355337
   2.848      0.354236
   2.851      0.353139
   2.854      0.352044
   2.858      0.350952
   2.861      0.349863
   2.864      0.348777
   2.867      0.347693
   2.870      0.346613
   2.874      0.345535
   2.877      0.344460
   2.880      0.343388
   2.883      0.342318
   2.886      0.341252
   2.890      0.340188
   2.893      0.339127
   2.896      0.338068
   2.899      0.337012
   2.902      0.335959
   2.906      0.334909
   2.909      0.333862
   2.912      0.332817
   2.915      0.331775
   2.918      0.330735
   2.922      0.329698
   2.925      0.328664
   2.928      0.327633
   2.931      0.326604
   2.934      0.325578
   2.938      0.324554
   2.941      0.323533
   2.944      0.322515
   2.947      0.321499
   2.950      0.320486
   2.954      0.319476
   2.957      0.318468
   2.960      0.317463
   2.963      0.316460
   2.966      0.315460
   2.970      0.314462
   2.973      0.313467
   2.976      0.312475
   2.979      0.311485
   2.982      0.310497
   2.986      0.309512
   2.989      0.308530
   2.992      0.307550
   2.995      0.306573
   2.998      0.305598
   3.002      0.304626
   3.005      0.303656
   3.008      0.302688
   3.011      0.301723
   3.014      0.300761
   3.018      0.299801
   3.021      0.298843
   3.024      0.297888
   3.027      0.296935
   3.030      0.295985
   3.034      0.295037
   3.037      0.294091
   3.040      0.293148
   3.043      0.292207
   3.046      0.291269
   3.050      0.290333
   3.053      0.289399
   3.056      0.288468
   3.059      0.287539
   3.062      0.286613
   3.066      0.285688
   3.069      0.284766
   3.072      0.283847
   3.075      0.282930
   3.078      0.282015
   3.082      0.281102
   3.085      0.280192
   3.088      0.279284
   3.091      0.278378
   3.094      0.277475
   3.098      0.276574
   3.101      0.275675
   3.104      0.274778
   3.107      0.273884
   3.110      0.272992
   3.114      0.272102
   3.117      0.271214
   3.120      0.270329
   3.123      0.269445
   3.126      0.268564
   3.130      0.267686
   3.133      0.266809
   3.136      0.265935
   3.139      0.265063
   3.142      0.264193
   3.146      0.263325
   3.149      0.262459
   3.152      0.261596
   3.155      0.260734
   3.158      0.259875
   3.162      0.259018
   3.165      0.258163
   3.168      0.257310
   3.171      0.256460
   3.174      0.255611
   3.178      0.254765
   3.181      0.253920
   3.184      0.253078
   3.187      0.252238
   3.190      0.251400
   3.194      0.250564
   3.197      0.249730
   3.200      0.248898
   3.203      0.248069
   3.206      0.247241
   3.210      0.246415
   3.213      0.245592
   3.216      0.244770
   3.219      0.243951
   3.222      0.243133
   3.226      0.242318
   3.229      0.241504
   3.232      0.240693
   3.235      0.239884
   3.238      0.239076
   3.242      0.238271
   3.245      0.237467
   3.248      0.236666
   3.251      0.235866
   3.254      0.235069
   3.258      0.234273
   3.261      0.233480
   3.264      0.232688
   3.267      0.231898
   3.270      0.231110
   3.274      0.230325
   3.277      0.229541
   3.280      0.228759
   3.283      0.227979
   3.286      0.227200
   3.290      0.226424
   3.293      0.225650
   3.296      0.224877
   3.299      0.224107
   3.302      0.223338
   3.306      0.222571
   3.309      0.221807
   3.312      0.221043
   3.315      0.220282
   3.318      0.219523
   3.322      0.218765
   3.325      0.218010
   3.328      0.217256
   3.331      0.216504
   3.334      0.215754
   3.338      0.215006
   3.341      0.214259
   3.344      0.213514
   3.347      0.212772
   3.350      0.212031
   3.354      0.211291
   3.357      0.210554
   3.360      0.209818
   3.363      0.209084
   3.366      0.208352
   3.370      0.207622
   3.373      0.206893
   3.376      0.206166
   3.379      0.205441
   3.382      0.204718
   3.386      0.203996
   3.389      0.203277
   3.392      0.202559
   3.395      0.201842
   3.398      0.201128
   3.402      0.200415
   3.405      0.199703
   3.408      0.198994
   3.411      0.198286
   3.414      0.197580
   3.418      0.196876
   3.421      0.196173
   3.424      0.195472
   3.427      0.194773
   3.430      0.194075
   3.434      0.193379
   3.437      0.192685
   3.440      0.191992
   3.443      0.191301
   3.446      0.190612
   3.450      0.189924
   3.453      0.189238
   3.456      0.188554
   3.459      0.187871
   3.462      0.187190
   3.466      0.186510
   3.469      0.185832
   3.472      0.185156
   3.475      0.184481
   3.478      0.183808
   3.482      0.183137
   3.485      0.182467
   3.488      0.181798
   3.491      0.181132
   3.494      0.180467
   3.498      0.179803
   3.501      0.179141
   3.504      0.178481
   3.507      0.177822
   3.510      0.177164
   3.514      0.176509
   3.517      0.175854
   3.520      0.175202
   3.523      0.174551
   3.526      0.173901
   3.530      0.173253
   3.533      0.172606
   3.536      0.171961
   3.539      0.171318
   3.542      0.170676
   3.546      0.170036
   3.549      0.169397
   3.552      0.168759
   3.555      0.168123
   3.558      0.167489
   3.562      0.166856
   3.565      0.166224
   3.568      0.165594
   3.571      0.164966
   3.574      0.164338
   3.578      0.163713
   3.581      0.163089
   3.584      0.162466
   3.587      0.161845
   3.590      0.161225
   3.594      0.160606
   3.597      0.159990
   3.600      0.159374
   3.603      0.158760
   3.606      0.158147
   3.610      0.157536
   3.613      0.156926
   3.616      0.156318
   3.619      0.155711
   3.622      0.155105
   3.626      0.154501
   3.629      0.153898
   3.632      0.153297
   3.635      0.152697
   3.638      0.152098
   3.642      0.151501
   3.645      0.150905
   3.648      0.150311
   3.651      0.149718
   3.654      0.149126
   3.658      0.148536
   3.661      0.147947
   3.664      0.147359
   3.667      0.146773
   3.670      0.146188
   3.674      0.145604
   3.677      0.145022
   3.680      0.144441
   3.683      0.143861
   3.686      0.143283
   3.690      0.142706
   3.693      0.142130
   3.696      0.141556
   3.699      0.140983
   3.702      0.140411
   3.706      0.139841
   3.709      0.139271
   3.712      0.138704
   3.715      0.138137
   3.718      0.137572
   3.722      0.137008
   3.725      0.136445
   3.728      0.135884
   3.731      0.135323
   3.734      0.134765
   3.738      0.134207
   3.741      0.133651
   3.744      0.133095
   3.747      0.132542
   3.750      0.131989
   3.754      0.131438
   3.757      0.130887
   3.760      0.130339
   3.763      0.129791
   3.766      0.129244
   3.770      0.128699
   3.773      0.128155
   3.776      0.127613
   3.779      0.127071
   3.782      0.126531
   3.786      0.125992
   3.789      0.125454
   3.792      0.124917
   3.795      0.124381
   3.798      0.123847
   3.802      0.123314
   3.805      0.122782
   3.808      0.122251
   3.811      0.121722
   3.814      0.121193
   3.818      0.120666
   3.821      0.120140
   3.824      0.119615
   3.827      0.119091
   3.830      0.118569
   3.834      0.118047
   3.837      0.117527
   3.840      0.117008
   3.843      0.116490
   3.846      0.115973
   3.850      0.115458
   3.853      0.114943
   3.856      0.114430
   3.859      0.113917
   3.862      0.113406
   3.866      0.112896
   3.869      0.112387
   3.872      0.111879
   3.875      0.111373
   3.878      0.110867
   3.882      0.110363
   3.885      0.109859
   3.888      0.109357
   3.891      0.108856
   3.894      0.108356
   3.898      0.107857
   3.901      0.107359
   3.904      0.106862
   3.907      0.106366
   3.910      0.105871
   3.914      0.105378
   3.917      0.104885
   3.920      0.104394
   3.923      0.103903
   3.926      0.103414
   3.930      0.102926
   3.933      0.102439
   3.936      0.101952
   3.939      0.101467
   3.942      0.100983
   3.946      0.100500
   3.949      0.100018
   3.952      0.099537
   3.955      0.099057
   3.958      0.098578
   3.962      0.098100
   3.965      0.097623
   3.968      0.097147
   3.971      0.096673
   3.974      0.096199
   3.978      0.095726
   3.981      0.095254
   3.984      0.094783
   3.987      0.094313
   3.990      0.093845
   3.994      0.093377
   3.997      0.092910
   4.000      0.092444
   4.003      0.091979
   4.006      0.091515
   4.010      0.091052
   4.013      0.090591
   4.016      0.090130
   4.019      0.089670
   4.022      0.089211
   4.026      0.088753
   4.029      0.088295
   4.032      0.087839
   4.035      0.087384
   4.038      0.086930
   4.042      0.086477
   4.045      0.086024
   4.048      0.085573
   4.051      0.085122
   4.054      0.084673
   4.058      0.084224
   4.061      0.083777
   4.064      0.083330
   4.067      0.082884
   4.070      0.082439
   4.074      0.081995
   4.077      0.081552
   4.080      0.081110
   4.083      0.080669
   4.086      0.080229
   4.090      0.079789
   4.093      0.079351
   4.096      0.078913
   4.099      0.078476
   4.102      0.078041
   4.106      0.077606
   4.109      0.077172
   4.112      0.076739
   4.115      0.076306
   4.118      0.075875
   4.122      0.075445
   4.125      0.075015
   4.128      0.074586
   4.131      0.074158
   4.134      0.073731
   4.138      0.073305
   4.141      0.072880
   4.144      0.072455
   4.147      0.072032
   4.150      0.071609
   4.154      0.071187
   4.157      0.070766
   4.160      0.070346
   4.163      0.069927
   4.166      0.069508
   4.170      0.069091
   4.173      0.068674
   4.176      0.068258
   4.179      0.067843
   4.182      0.067428
   4.186      0.067015
   4.189      0.066602
   4.192      0.066190
   4.195      0.065779
   4.198      0.065369
   4.202      0.064960
   4.205      0.064551
   4.208      0.064143
   4.211      0.063736
   4.214      0.063330
   4.218      0.062925
   4.221      0.062520
   4.224      0.062116
   4.227      0.061713
   4.230      0.061311
   4.234      0.060909
   4.237      0.060509
   4.240      0.060109
   4.243      0.059710
   4.246      0.059311
   4.250      0.058914
   4.253      0.058517
   4.256      0.058121
   4.259      0.057726
   4.262      0.057331
   4.266      0.056937
   4.269      0.056544
   4.272      0.056152
   4.275      0.055761
   4.278      0.055370
   4.282      0.054980
   4.285      0.054591
   4.288      0.054202
   4.291      0.053814
   4.294      0.053427
   4.298      0.053041
   4.301      0.052656
   4.304      0.052271
   4.307      0.051887
   4.310      0.051503
   4.314      0.051121
   4.317      0.050739
   4.320      0.050357
   4.323      0.049977
   4.326      0.049597
   4.330      0.049218
   4.333      0.048840
   4.336      0.048462
   4.339      0.048085
   4.342      0.047709
   4.346      0.047333
   4.349      0.046958
   4.352      0.046584
   4.355      0.046211
   4.358      0.045838
   4.362      0.045466
   4.365      0.045094
   4.368      0.044723
   4.371      0.044353
   4.374      0.043984
   4.378      0.043615
   4.381      0.043247
   4.384      0.042880
   4.387      0.042513
   4.390      0.042147
   4.394      0.041782
   4.397      0.041417
   4.400      0.041053
   4.403      0.040690
   4.406      0.040327
   4.410      0.039965
   4.413      0.039603
   4.416      0.039242
   4.419      0.038882
   4.422      0.038523
   4.426      0.038164
   4.429      0.037806
   4.432      0.037448
   4.435      0.037091
   4.438      0.036735
   4.442      0.036379
   4.445      0.036024
   4.448      0.035669
   4.451      0.035315
   4.454      0.034962
   4.458      0.034610
   4.461      0.034258
   4.464      0.033906
   4.467      0.033556
   4.470      0.033205
   4.474      0.032856
   4.477      0.032507
   4.480      0.032158
   4.483      0.031811
   4.486      0.031464
   4.490      0.031117
   4.493      0.030771
   4.496      0.030426
   4.499      0.030081
   4.502      0.029737
   4.506      0.029393
   4.509      0.029050
   4.512      0.028708
   4.515      0.028366
   4.518      0.028024
   4.522      0.027684
   4.525      0.027344
   4.528      0.027004
   4.531      0.026665
   4.534      0.026326
   4.538      0.025989
   4.541      0.025651
   4.544      0.025314
   4.547      0.024978
   4.550      0.024643
   4.554      0.024307
   4.557      0.023973
   4.560      0.023639
   4.563      0.023305
   4.566      0.022973
   4.570      0.022640
   4.573      0.022308
   4.576      0.021977
   4.579      0.021646
   4.582      0.021316
   4.586      0.020986
   4.589      0.020657
   4.592      0.020329
   4.595      0.020000
   4.598      0.019673
   4.602      0.019346
   4.605      0.019019
   4.608      0.018693
   4.611      0.018368
   4.614      0.018043
   4.618      0.017718
   4.621      0.017394
   4.624      0.017071
   4.627      0.016748
   4.630      0.016425
   4.634      0.016103
   4.637      0.015782
   4.640      0.015461
   4.643      0.015140
   4.646      0.014820
   4.650      0.014501
   4.653      0.014182
   4.656      0.013863
   4.659      0.013545
   4.662      0.013228
   4.666      0.012911
   4.669      0.012594
   4.672      0.012278
   4.675      0.011962
   4.678      0.011647
   4.682      0.011332
   4.685      0.011018
   4.688      0.010704
   4.691      0.010391
   4.694      0.010078
   4.698      0.009766
   4.701      0.009454
   4.704      0.009142
   4.707      0.008831
   4.710      0.008521
   4.714      0.008211
   4.717      0.007901
   4.720      0.007592
   4.723      0.007283
   4.726      0.006974
   4.730      0.006667
   4.733      0.006359
   4.736      0.006052
   4.739      0.005745
   4.742      0.005439
   4.746      0.005133
   4.749      0.004828
   4.752      0.004523
   4.755      0.004219
   4.758      0.003915
   4.762      0.003611
   4.765      0.003308
   4.768      0.003005
   4.771      0.002703
   4.774      0.002401
   4.778      0.002099
   4.781      0.001798
   4.784      0.001498
   4.787      0.001197
   4.790      0.000897
   4.794      0.000598
   4.797      0.000299
   4.800      0.000000
