   0.000      1.496149
   0.003      1.496145
   0.006      1.496133
   0.010      1.496113
   0.013      1.496084
   0.016      1.496048
   0.019      1.496003
   0.022      1.495950
   0.025      1.495889
   0.029      1.495820
   0.032      1.495743
   0.035      1.495658
   0.038      1.495564
   0.041      1.495462
   0.044      1.495352
   0.048      1.495233
   0.051      1.495106
   0.054      1.494971
   0.057      1.494828
   0.060      1.494676
   0.064      1.494515
   0.067      1.494346
   0.070      1.494169
   0.073      1.493983
   0.076      1.493788
   0.079      1.493585
   0.083      1.493373
   0.086      1.493152
   0.089      1.492923
   0.092      1.492684
   0.095      1.492437
   0.098      1.492181
   0.102      1.491915
   0.105      1.491641
   0.108      1.491357
   0.111      1.491064
   0.114      1.490762
   0.117      1.490451
   0.121      1.490130
   0.124      1.489799
   0.127      1.489459
   0.130      1.489109
   0.133      1.488750
   0.137      1.488380
   0.140      1.488001
   0.143      1.487612
   0.146      1.487212
   0.149      1.486802
   0.152      1.486382
   0.156      1.485952
   0.159      1.485511
   0.162      1.485059
   0.165      1.484597
   0.168      1.484124
   0.171      1.483640
   0.175      1.483145
   0.178      1.482638
   0.181      1.482121
   0.184      1.481592
   0.187      1.481051
   0.191      1.480499
   0.194      1.479936
   0.197      1.479360
   0.200      1.478772
   0.203      1.478172
   0.206      1.477560
   0.210      1.476936
   0.213      1.476299
   0.216      1.475649
   0.219      1.474986
   0.222      1.474311
   0.225      1.473623
   0.229      1.472921
   0.232      1.472206
   0.235      1.471477
   0.238      1.470735
   0.241      1.469979
   0.244      1.469209
   0.248      1.468425
   0.251      1.467626
   0.254      1.466814
   0.257      1.465987
   0.260      1.465145
   0.264      1.464288
   0.267      1.463417
   0.270      1.462530
   0.273      1.461628
   0.276      1.460710
   0.279      1.459777
   0.283      1.458829
   0.286      1.457864
   0.289      1.456884
   0.292      1.455887
   0.295      1.454874
   0.298      1.453845
   0.302      1.452799
   0.305      1.451737
   0.308      1.450657
   0.311      1.449561
   0.314      1.448448
   0.318      1.447317
   0.321      1.446169
   0.324      1.445004
   0.327      1.443821
   0.330      1.442621
   0.333      1.441402
   0.337      1.440166
   0.340      1.438912
   0.343      1.437639
   0.346      1.436349
   0.349      1.435040
   0.352      1.433713
   0.356      1.432367
   0.359      1.431002
   0.362      1.429620
   0.365      1.428218
   0.368      1.426798
   0.371      1.425359
   0.375      1.423901
   0.378      1.422424
   0.381      1.420928
   0.384      1.419413
   0.387      1.417879
   0.391      1.416326
   0.394      1.414755
   0.397      1.413164
   0.400      1.411554
   0.403      1.409925
   0.406      1.408277
   0.410      1.406610
   0.413      1.404923
   0.416      1.403218
   0.419      1.401494
   0.422      1.399752
   0.425      1.397990
   0.429      1.396210
   0.432      1.394410
   0.435      1.392593
   0.438      1.390756
   0.441      1.388901
   0.445      1.387028
   0.448      1.385137
   0.451      1.383227
   0.454      1.381299
   0.457      1.379353
   0.460      1.377390
   0.464      1.375409
   0.467      1.373410
   0.470      1.371394
   0.473      1.369360
   0.476      1.367310
   0.479      1.365242
   0.483      1.363158
   0.486      1.361057
   0.489      1.358939
   0.492      1.356806
   0.495      1.354656
   0.498      1.352490
   0.502      1.350309
   0.505      1.348112
   0.508      1.345900
   0.511      1.343673
   0.514      1.341431
   0.518      1.339174
   0.521      1.336903
   0.524      1.334617
   0.527      1.332318
   0.530      1.330005
   0.533      1.327678
   0.537      1.325338
   0.540      1.322985
   0.543      1.320619
   0.546      1.318240
   0.549      1.315849
   0.552      1.313446
   0.556      1.311031
   0.559      1.308605
   0.562      1.306167
   0.565      1.303717
   0.568      1.301257
   0.572      1.298787
   0.575      1.296305
   0.578      1.293814
   0.581      1.291313
   0.584      1.288802
   0.587      1.286282
   0.591      1.283752
   0.594      1.281214
   0.597      1.278667
   0.600      1.276111
   0.603      1.273547
   0.606      1.270976
   0.610      1.268396
   0.613      1.265809
   0.616      1.263215
   0.619      1.260614
   0.622      1.258006
   0.625      1.255392
   0.629      1.252771
   0.632      1.250144
   0.635      1.247512
   0.638      1.244874
   0.641      1.242230
   0.645      1.239582
   0.648      1.236928
   0.651      1.234270
   0.654      1.231607
   0.657      1.228940
   0.660      1.226269
   0.664      1.223594
   0.667      1.220915
   0.670      1.218233
   0.673      1.215548
   0.676      1.212860
   0.679      1.210169
   0.683      1.207475
   0.686      1.204779
   0.689      1.202080
   0.692      1.199380
   0.695      1.196678
   0.699      1.193974
   0.702      1.191269
   0.705      1.188562
   0.708      1.185854
   0.711      1.183146
   0.714      1.180436
   0.718      1.177726
   0.721      1.175016
   0.724      1.172305
   0.727      1.169594
   0.730      1.166883
   0.733      1.164173
   0.737      1.161463
   0.740      1.158753
   0.743      1.156044
   0.746      1.153336
   0.749      1.150629
   0.752      1.147923
   0.756      1.145219
   0.759      1.142516
   0.762      1.139814
   0.765      1.137114
   0.768      1.134416
   0.772      1.131720
   0.775      1.129026
   0.778      1.126334
   0.781      1.123644
   0.784      1.120957
   0.787      1.118273
   0.791      1.115591
   0.794      1.112912
   0.797      1.110236
   0.800      1.107563
   0.803      1.104894
   0.806      1.102227
   0.810      1.099564
   0.813      1.096904
   0.816      1.094248
   0.819      1.091596
   0.822      1.088947
   0.826      1.086303
   0.829      1.083662
   0.832      1.081025
   0.835      1.078393
   0.838      1.075764
   0.841      1.073140
   0.845      1.070520
   0.848      1.067905
   0.851      1.065295
   0.854      1.062689
   0.857      1.060088
   0.860      1.057491
   0.864      1.054900
   0.867      1.052313
   0.870      1.049731
   0.873      1.047155
   0.876      1.044583
   0.879      1.042017
   0.883      1.039456
   0.886      1.036901
   0.889      1.034351
   0.892      1.031806
   0.895      1.029267
   0.899      1.026733
   0.902      1.024205
   0.905      1.021683
   0.908      1.019167
   0.911      1.016656
   0.914      1.014151
   0.918      1.011652
   0.921      1.009159
   0.924      1.006672
   0.927      1.004191
   0.930      1.001716
   0.933      0.999247
   0.937      0.996784
   0.940      0.994328
   0.943      0.991877
   0.946      0.989433
   0.949      0.986995
   0.953      0.984564
   0.956      0.982139
   0.959      0.979720
   0.962      0.977308
   0.965      0.974902
   0.968      0.972503
   0.972      0.970110
   0.975      0.967724
   0.978      0.965344
   0.981      0.962971
   0.984      0.960604
   0.987      0.958244
   0.991      0.955891
   0.994      0.953545
   0.997      0.951205
   1.000      0.948872
   1.003      0.946545
   1.006      0.944226
   1.010      0.941913
   1.013      0.939607
   1.016      0.937308
   1.019      0.935015
   1.022      0.932730
   1.026      0.930451
   1.029      0.928179
   1.032      0.925914
   1.035      0.923656
   1.038      0.921404
   1.041      0.919160
   1.045      0.916923
   1.048      0.914692
   1.051      0.912468
   1.054      0.910252
   1.057      0.908042
   1.060      0.905839
   1.064      0.903643
   1.067      0.901454
   1.070      0.899272
   1.073      0.897097
   1.076      0.894929
   1.080      0.892767
   1.083      0.890613
   1.086      0.888466
   1.089      0.886325
   1.092      0.884192
   1.095      0.882065
   1.099      0.879946
   1.102      0.877833
   1.105      0.875728
   1.108      0.873629
   1.111      0.871537
   1.114      0.869452
   1.118      0.867374
   1.121      0.865303
   1.124      0.863239
   1.127      0.861182
   1.130      0.859132
   1.133      0.857088
   1.137      0.855052
   1.140      0.853022
   1.143      0.850999
   1.146      0.848983
   1.149      0.846974
   1.153      0.844972
   1.156      0.842976
   1.159      0.840988
   1.162      0.839006
   1.165      0.837031
   1.168      0.835063
   1.172      0.833101
   1.175      0.831146
   1.178      0.829199
   1.181      0.827257
   1.184      0.825323
   1.187      0.823395
   1.191      0.821474
   1.194      0.819560
   1.197      0.817652
   1.200      0.815751
   1.203      0.813857
   1.207      0.811969
   1.210      0.810088
   1.213      0.808213
   1.216      0.806346
   1.219      0.804484
   1.222      0.802629
   1.226      0.800781
   1.229      0.798940
   1.232      0.797104
   1.235      0.795276
   1.238      0.793454
   1.241      0.791638
   1.245      0.789829
   1.248      0.788026
   1.251      0.786229
   1.254      0.784439
   1.257      0.782656
   1.260      0.780878
   1.264      0.779107
   1.267      0.777343
   1.270      0.775584
   1.273      0.773832
   1.276      0.772087
   1.280      0.770347
   1.283      0.768614
   1.286      0.766887
   1.289      0.765166
   1.292      0.763452
   1.295      0.761743
   1.299      0.760041
   1.302      0.758345
   1.305      0.756655
   1.308      0.754971
   1.311      0.753293
   1.314      0.751621
   1.318      0.749955
   1.321      0.748295
   1.324      0.746641
   1.327      0.744993
   1.330      0.743352
   1.334      0.741716
   1.337      0.740085
   1.340      0.738461
   1.343      0.736843
   1.346      0.735231
   1.349      0.733624
   1.353      0.732023
   1.356      0.730428
   1.359      0.728839
   1.362      0.727256
   1.365      0.725678
   1.368      0.724106
   1.372      0.722540
   1.375      0.720979
   1.378      0.719424
   1.381      0.717875
   1.384      0.716331
   1.388      0.714793
   1.391      0.713260
   1.394      0.711733
   1.397      0.710212
   1.400      0.708696
   1.403      0.707186
   1.407      0.705681
   1.410      0.704181
   1.413      0.702687
   1.416      0.701198
   1.419      0.699715
   1.422      0.698237
   1.426      0.696765
   1.429      0.695297
   1.432      0.693836
   1.435      0.692379
   1.438      0.690928
   1.441      0.689482
   1.445      0.688041
   1.448      0.686605
   1.451      0.685175
   1.454      0.683749
   1.457      0.682329
   1.461      0.680914
   1.464      0.679504
   1.467      0.678099
   1.470      0.676700
   1.473      0.675305
   1.476      0.673915
   1.480      0.672531
   1.483      0.671151
   1.486      0.669776
   1.489      0.668407
   1.492      0.667042
   1.495      0.665682
   1.499      0.664327
   1.502      0.662977
   1.505      0.661632
   1.508      0.660291
   1.511      0.658956
   1.515      0.657625
   1.518      0.656299
   1.521      0.654978
   1.524      0.653661
   1.527      0.652349
   1.530      0.651042
   1.534      0.649739
   1.537      0.648442
   1.540      0.647149
   1.543      0.645860
   1.546      0.644576
   1.549      0.643297
   1.553      0.642022
   1.556      0.640752
   1.559      0.639486
   1.562      0.638225
   1.565      0.636968
   1.568      0.635716
   1.572      0.634468
   1.575      0.633224
   1.578      0.631985
   1.581      0.630751
   1.584      0.629521
   1.588      0.628295
   1.591      0.627073
   1.594      0.625856
   1.597      0.624643
   1.600      0.623435
   1.603      0.622230
   1.607      0.621030
   1.610      0.619834
   1.613      0.618643
   1.616      0.617455
   1.619      0.616272
   1.622      0.615093
   1.626      0.613918
   1.629      0.612747
   1.632      0.611580
   1.635      0.610418
   1.638      0.609259
   1.642      0.608105
   1.645      0.606954
   1.648      0.605808
   1.651      0.604665
   1.654      0.603527
   1.657      0.602392
   1.661      0.601262
   1.664      0.600135
   1.667      0.599012
   1.670      0.597893
   1.673      0.596779
   1.676      0.595667
   1.680      0.594560
   1.683      0.593457
   1.686      0.592357
   1.689      0.591261
   1.692      0.590170
   1.695      0.589081
   1.699      0.587997
   1.702      0.586916
   1.705      0.585839
   1.708      0.584766
   1.711      0.583696
   1.715      0.582630
   1.718      0.581568
   1.721      0.580509
   1.724      0.579454
   1.727      0.578403
   1.730      0.577355
   1.734      0.576311
   1.737      0.575270
   1.740      0.574233
   1.743      0.573199
   1.746      0.572169
   1.749      0.571142
   1.753      0.570119
   1.756      0.569100
   1.759      0.568083
   1.762      0.567071
   1.765      0.566061
   1.769      0.565055
   1.772      0.564053
   1.775      0.563053
   1.778      0.562058
   1.781      0.561065
   1.784      0.560076
   1.788      0.559090
   1.791      0.558108
   1.794      0.557129
   1.797      0.556153
   1.800      0.555180
   1.803      0.554210
   1.807      0.553244
   1.810      0.552281
   1.813      0.551322
   1.816      0.550365
   1.819      0.549412
   1.822      0.548461
   1.826      0.547514
   1.829      0.546570
   1.832      0.545629
   1.835      0.544692
   1.838      0.543757
   1.842      0.542826
   1.845      0.541897
   1.848      0.540972
   1.851      0.540049
   1.854      0.539130
   1.857      0.538214
   1.861      0.537300
   1.864      0.536390
   1.867      0.535483
   1.870      0.534578
   1.873      0.533677
   1.876      0.532778
   1.880      0.531883
   1.883      0.530990
   1.886      0.530100
   1.889      0.529213
   1.892      0.528329
   1.896      0.527448
   1.899      0.526570
   1.902      0.525694
   1.905      0.524822
   1.908      0.523952
   1.911      0.523085
   1.915      0.522221
   1.918      0.521359
   1.921      0.520500
   1.924      0.519644
   1.927      0.518791
   1.930      0.517941
   1.934      0.517093
   1.937      0.516248
   1.940      0.515406
   1.943      0.514566
   1.946      0.513729
   1.949      0.512894
   1.953      0.512063
   1.956      0.511234
   1.959      0.510407
   1.962      0.509583
   1.965      0.508762
   1.969      0.507943
   1.972      0.507127
   1.975      0.506314
   1.978      0.505503
   1.981      0.504695
   1.984      0.503889
   1.988      0.503085
   1.991      0.502284
   1.994      0.501486
   1.997      0.500690
   2.000      0.499897
   2.003      0.499106
   2.007      0.498318
   2.010      0.497532
   2.013      0.496748
   2.016      0.495967
   2.019      0.495188
   2.023      0.494412
   2.026      0.493638
   2.029      0.492866
   2.032      0.492097
   2.035      0.491330
   2.038      0.490566
   2.042      0.489804
   2.045      0.489044
   2.048      0.488287
   2.051      0.487532
   2.054      0.486779
   2.057      0.486028
   2.061      0.485280
   2.064      0.484534
   2.067      0.483790
   2.070      0.483049
   2.073      0.482310
   2.076      0.481573
   2.080      0.480838
   2.083      0.480106
   2.086      0.479375
   2.089      0.478647
   2.092      0.477921
   2.096      0.477198
   2.099      0.476476
   2.102      0.475757
   2.105      0.475039
   2.108      0.474324
   2.111      0.473611
   2.115      0.472900
   2.118      0.472192
   2.121      0.471485
   2.124      0.470781
   2.127      0.470078
   2.130      0.469378
   2.134      0.468680
   2.137      0.467983
   2.140      0.467289
   2.143      0.466597
   2.146      0.465907
   2.150      0.465219
   2.153      0.464533
   2.156      0.463849
   2.159      0.463167
   2.162      0.462487
   2.165      0.461809
   2.169      0.461133
   2.172      0.460459
   2.175      0.459787
   2.178      0.459117
   2.181      0.458448
   2.184      0.457782
   2.188      0.457118
   2.191      0.456455
   2.194      0.455795
   2.197      0.455136
   2.200      0.454479
   2.203      0.453825
   2.207      0.453172
   2.210      0.452521
   2.213      0.451871
   2.216      0.451224
   2.219      0.450579
   2.223      0.449935
   2.226      0.449293
   2.229      0.448653
   2.232      0.448015
   2.235      0.447378
   2.238      0.446744
   2.242      0.446111
   2.245      0.445480
   2.248      0.444851
   2.251      0.444224
   2.254      0.443598
   2.257      0.442974
   2.261      0.442352
   2.264      0.441731
   2.267      0.441113
   2.270      0.440496
   2.273      0.439881
   2.277      0.439267
   2.280      0.438655
   2.283      0.438045
   2.286      0.437437
   2.289      0.436830
   2.292      0.436225
   2.296      0.435622
   2.299      0.435020
   2.302      0.434420
   2.305      0.433822
   2.308      0.433225
   2.311      0.432630
   2.315      0.432036
   2.318      0.431444
   2.321      0.430854
   2.324      0.430266
   2.327      0.429679
   2.330      0.429093
   2.334      0.428509
   2.337      0.427927
   2.340      0.427347
   2.343      0.426768
   2.346      0.426190
   2.350      0.425614
   2.353      0.425040
   2.356      0.424467
   2.359      0.423896
   2.362      0.423326
   2.365      0.422758
   2.369      0.422191
   2.372      0.421626
   2.375      0.421062
   2.378      0.420500
   2.381      0.419939
   2.384      0.419380
   2.388      0.418822
   2.391      0.418266
   2.394      0.417712
   2.397      0.417158
   2.400      0.416606
   2.404      0.416056
   2.407      0.415507
   2.410      0.414960
   2.413      0.414414
   2.416      0.413869
   2.419      0.413326
   2.423      0.412784
   2.426      0.412244
   2.429      0.411705
   2.432      0.411168
   2.435      0.410632
   2.438      0.410097
   2.442      0.409564
   2.445      0.409032
   2.448      0.408501
   2.451      0.407972
   2.454      0.407444
   2.457      0.406918
   2.461      0.406393
   2.464      0.405869
   2.467      0.405347
   2.470      0.404826
   2.473      0.404306
   2.477      0.403788
   2.480      0.403271
   2.483      0.402755
   2.486      0.402241
   2.489      0.401728
   2.492      0.401216
   2.496      0.400705
   2.499      0.400196
   2.502      0.399688
   2.505      0.399182
   2.508      0.398677
   2.511      0.398173
   2.515      0.397670
   2.518      0.397168
   2.521      0.396668
   2.524      0.396169
   2.527      0.395671
   2.531      0.395175
   2.534      0.394680
   2.537      0.394186
   2.540      0.393693
