   0.000     -0.000045
   0.003      0.000022
   0.006      0.000089
   0.010      0.000201
   0.013      0.000358
   0.016      0.000559
   0.019      0.000805
   0.022      0.001095
   0.026      0.001430
   0.029      0.001810
   0.032      0.002234
   0.035      0.002703
   0.038      0.003216
   0.042      0.003774
   0.045      0.004376
   0.048      0.005022
   0.051      0.005713
   0.054      0.006448
   0.058      0.007228
   0.061      0.008051
   0.064      0.008919
   0.067      0.009830
   0.070      0.010786
   0.074      0.011785
   0.077      0.012829
   0.080      0.013916
   0.083      0.015046
   0.086      0.016220
   0.090      0.017438
   0.093      0.018699
   0.096      0.020003
   0.099      0.021351
   0.102      0.022741
   0.106      0.024175
   0.109      0.025651
   0.112      0.027170
   0.115      0.028731
   0.118      0.030335
   0.122      0.031982
   0.125      0.033670
   0.128      0.035401
   0.131      0.037173
   0.134      0.038988
   0.138      0.040844
   0.141      0.042741
   0.144      0.044680
   0.147      0.046660
   0.150      0.048681
   0.154      0.050742
   0.157      0.052845
   0.160      0.054988
   0.163      0.057171
   0.166      0.059394
   0.170      0.061657
   0.173      0.063961
   0.176      0.066303
   0.179      0.068685
   0.182      0.071106
   0.186      0.073566
   0.189      0.076065
   0.192      0.078602
   0.195      0.081178
   0.198      0.083791
   0.202      0.086443
   0.205      0.089132
   0.208      0.091858
   0.211      0.094621
   0.214      0.097422
   0.218      0.100259
   0.221      0.103132
   0.224      0.106042
   0.227      0.108987
   0.230      0.111968
   0.234      0.114984
   0.237      0.118035
   0.240      0.121121
   0.243      0.124242
   0.246      0.127397
   0.250      0.130585
   0.253      0.133807
   0.256      0.137063
   0.259      0.140351
   0.262      0.143672
   0.266      0.147026
   0.269      0.150412
   0.272      0.153829
   0.275      0.157278
   0.278      0.160757
   0.282      0.164268
   0.285      0.167809
   0.288      0.171380
   0.291      0.174981
   0.294      0.178611
   0.298      0.182270
   0.301      0.185958
   0.304      0.189674
   0.307      0.193418
   0.310      0.197189
   0.314      0.200988
   0.317      0.204814
   0.320      0.208666
   0.323      0.212544
   0.326      0.216447
   0.330      0.220376
   0.333      0.224330
   0.336      0.228309
   0.339      0.232311
   0.342      0.236337
   0.346      0.240387
   0.349      0.244459
   0.352      0.248553
   0.355      0.252670
   0.358      0.256808
   0.362      0.260968
   0.365      0.265148
   0.368      0.269348
   0.371      0.273569
   0.374      0.277809
   0.378      0.282068
   0.381      0.286345
   0.384      0.290641
   0.387      0.294954
   0.390      0.299285
   0.394      0.303632
   0.397      0.307996
   0.400      0.312375
   0.403      0.316770
   0.406      0.321180
   0.410      0.325605
   0.413      0.330044
   0.416      0.334496
   0.419      0.338962
   0.422      0.343440
   0.426      0.347930
   0.429      0.352432
   0.432      0.356946
   0.435      0.361470
   0.438      0.366005
   0.442      0.370550
   0.445      0.375104
   0.448      0.379667
   0.451      0.384238
   0.454      0.388818
   0.458      0.393405
   0.461      0.397999
   0.464      0.402600
   0.467      0.407207
   0.470      0.411820
   0.474      0.416438
   0.477      0.421061
   0.480      0.425689
   0.483      0.430320
   0.486      0.434954
   0.490      0.439592
   0.493      0.444232
   0.496      0.448874
   0.499      0.453518
   0.502      0.458162
   0.506      0.462808
   0.509      0.467454
   0.512      0.472099
   0.515      0.476744
   0.518      0.481388
   0.522      0.486030
   0.525      0.490671
   0.528      0.495309
   0.531      0.499944
   0.534      0.504576
   0.538      0.509205
   0.541      0.513829
   0.544      0.518449
   0.547      0.523065
   0.550      0.527675
   0.554      0.532279
   0.557      0.536877
   0.560      0.541469
   0.563      0.546054
   0.566      0.550631
   0.570      0.555201
   0.573      0.559764
   0.576      0.564317
   0.579      0.568863
   0.582      0.573399
   0.586      0.577925
   0.589      0.582442
   0.592      0.586949
   0.595      0.591446
   0.598      0.595931
   0.602      0.600406
   0.605      0.604869
   0.608      0.609321
   0.611      0.613760
   0.614      0.618188
   0.618      0.622602
   0.621      0.627004
   0.624      0.631392
   0.627      0.635767
   0.630      0.640129
   0.634      0.644476
   0.637      0.648809
   0.640      0.653127
   0.643      0.657431
   0.646      0.661720
   0.650      0.665994
   0.653      0.670252
   0.656      0.674494
   0.659      0.678721
   0.662      0.682931
   0.666      0.687125
   0.669      0.691303
   0.672      0.695464
   0.675      0.699608
   0.678      0.703735
   0.682      0.707845
   0.685      0.711937
   0.688      0.716012
   0.691      0.720069
   0.694      0.724109
   0.698      0.728130
   0.701      0.732134
   0.704      0.736119
   0.707      0.740086
   0.710      0.744035
   0.714      0.747965
   0.717      0.751876
   0.720      0.755769
   0.723      0.759643
   0.726      0.763497
   0.730      0.767333
   0.733      0.771150
   0.736      0.774948
   0.739      0.778727
   0.742      0.782486
   0.746      0.786227
   0.749      0.789947
   0.752      0.793649
   0.755      0.797331
   0.758      0.800994
   0.762      0.804637
   0.765      0.808261
   0.768      0.811866
   0.771      0.815451
   0.774      0.819016
   0.778      0.822563
   0.781      0.826089
   0.784      0.829596
   0.787      0.833084
   0.790      0.836553
   0.794      0.840001
   0.797      0.843431
   0.800      0.846841
   0.803      0.850232
   0.806      0.853604
   0.810      0.856956
   0.813      0.860289
   0.816      0.863603
   0.819      0.866898
   0.822      0.870174
   0.826      0.873431
   0.829      0.876669
   0.832      0.879888
   0.835      0.883088
   0.838      0.886269
   0.842      0.889431
   0.845      0.892575
   0.848      0.895700
   0.851      0.898807
   0.854      0.901895
   0.858      0.904965
   0.861      0.908016
   0.864      0.911049
   0.867      0.914064
   0.870      0.917061
   0.874      0.920039
   0.877      0.923000
   0.880      0.925943
   0.883      0.928867
   0.886      0.931774
   0.890      0.934664
   0.893      0.937535
   0.896      0.940390
   0.899      0.943226
   0.902      0.946045
   0.906      0.948847
   0.909      0.951631
   0.912      0.954399
   0.915      0.957149
   0.918      0.959882
   0.922      0.962598
   0.925      0.965297
   0.928      0.967979
   0.931      0.970644
   0.934      0.973292
   0.938      0.975924
   0.941      0.978539
   0.944      0.981138
   0.947      0.983720
   0.950      0.986285
   0.954      0.988834
   0.957      0.991367
   0.960      0.993883
   0.963      0.996383
   0.966      0.998867
   0.970      1.001335
   0.973      1.003786
   0.976      1.006222
   0.979      1.008641
   0.982      1.011045
   0.986      1.013432
   0.989      1.015804
   0.992      1.018159
   0.995      1.020499
   0.998      1.022823
   1.002      1.025131
   1.005      1.027424
   1.008      1.029700
   1.011      1.031961
   1.014      1.034207
   1.018      1.036436
   1.021      1.038650
   1.024      1.040849
   1.027      1.043032
   1.030      1.045199
   1.034      1.047351
   1.037      1.049487
   1.040      1.051607
   1.043      1.053712
   1.046      1.055802
   1.050      1.057876
   1.053      1.059935
   1.056      1.061978
   1.059      1.064005
   1.062      1.066018
   1.066      1.068014
   1.069      1.069996
   1.072      1.071961
   1.075      1.073912
   1.078      1.075847
   1.082      1.077766
   1.085      1.079670
   1.088      1.081559
   1.091      1.083432
   1.094      1.085290
   1.098      1.087132
   1.101      1.088958
   1.104      1.090770
   1.107      1.092565
   1.110      1.094346
   1.114      1.096110
   1.117      1.097860
   1.120      1.099594
   1.123      1.101312
   1.126      1.103015
   1.130      1.104702
   1.133      1.106374
   1.136      1.108030
   1.139      1.109671
   1.142      1.111296
   1.146      1.112905
   1.149      1.114499
   1.152      1.116078
   1.155      1.117641
   1.158      1.119188
   1.162      1.120719
   1.165      1.122236
   1.168      1.123736
   1.171      1.125221
   1.174      1.126690
   1.178      1.128144
   1.181      1.129582
   1.184      1.131004
   1.187      1.132411
   1.190      1.133802
   1.194      1.135177
   1.197      1.136537
   1.200      1.137881
   1.203      1.139209
   1.206      1.140522
   1.210      1.141819
   1.213      1.143100
   1.216      1.144366
   1.219      1.145616
   1.222      1.146851
   1.226      1.148069
   1.229      1.149272
   1.232      1.150460
   1.235      1.151631
   1.238      1.152787
   1.242      1.153928
   1.245      1.155052
   1.248      1.156161
   1.251      1.157255
   1.254      1.158332
   1.258      1.159394
   1.261      1.160441
   1.264      1.161471
   1.267      1.162487
   1.270      1.163486
   1.274      1.164470
   1.277      1.165438
   1.280      1.166391
   1.283      1.167328
   1.286      1.168250
   1.290      1.169156
   1.293      1.170046
   1.296      1.170921
   1.299      1.171780
   1.302      1.172624
   1.306      1.173452
   1.309      1.174265
   1.312      1.175062
   1.315      1.175844
   1.318      1.176611
   1.322      1.177362
   1.325      1.178097
   1.328      1.178817
   1.331      1.179522
   1.334      1.180211
   1.338      1.180886
   1.341      1.181544
   1.344      1.182188
   1.347      1.182816
   1.350      1.183429
   1.354      1.184026
   1.357      1.184609
   1.360      1.185176
   1.363      1.185728
   1.366      1.186264
   1.370      1.186786
   1.373      1.187293
   1.376      1.187784
   1.379      1.188260
   1.382      1.188722
   1.386      1.189168
   1.389      1.189599
   1.392      1.190015
   1.395      1.190417
   1.398      1.190803
   1.402      1.191175
   1.405      1.191531
   1.408      1.191873
   1.411      1.192200
   1.414      1.192512
   1.418      1.192809
   1.421      1.193092
   1.424      1.193360
   1.427      1.193613
   1.430      1.193851
   1.434      1.194075
   1.437      1.194284
   1.440      1.194479
   1.443      1.194659
   1.446      1.194825
   1.450      1.194976
   1.453      1.195113
   1.456      1.195235
   1.459      1.195343
   1.462      1.195436
   1.466      1.195516
   1.469      1.195581
   1.472      1.195631
   1.475      1.195668
   1.478      1.195690
   1.482      1.195698
   1.485      1.195692
   1.488      1.195671
   1.491      1.195637
   1.494      1.195589
   1.498      1.195526
   1.501      1.195450
   1.504      1.195360
   1.507      1.195256
   1.510      1.195137
   1.514      1.195006
   1.517      1.194860
   1.520      1.194701
   1.523      1.194527
   1.526      1.194340
   1.530      1.194140
   1.533      1.193926
   1.536      1.193698
   1.539      1.193457
   1.542      1.193202
   1.546      1.192934
   1.549      1.192652
   1.552      1.192357
   1.555      1.192049
   1.558      1.191727
   1.562      1.191392
   1.565      1.191043
   1.568      1.190682
   1.571      1.190307
   1.574      1.189919
   1.578      1.189518
   1.581      1.189104
   1.584      1.188677
   1.587      1.188237
   1.590      1.187784
   1.594      1.187318
   1.597      1.186840
   1.600      1.186348
   1.603      1.185844
   1.606      1.185327
   1.610      1.184797
   1.613      1.184255
   1.616      1.183699
   1.619      1.183132
   1.622      1.182552
   1.626      1.181959
   1.629      1.181354
   1.632      1.180736
   1.635      1.180106
   1.638      1.179464
   1.642      1.178810
   1.645      1.178143
   1.648      1.177464
   1.651      1.176773
   1.654      1.176069
   1.658      1.175354
   1.661      1.174627
   1.664      1.173887
   1.667      1.173136
   1.670      1.172372
   1.674      1.171597
   1.677      1.170810
   1.680      1.170012
   1.683      1.169201
   1.686      1.168379
   1.690      1.167545
   1.693      1.166700
   1.696      1.165843
   1.699      1.164974
   1.702      1.164094
   1.706      1.163203
   1.709      1.162300
   1.712      1.161386
   1.715      1.160461
   1.718      1.159524
   1.722      1.158576
   1.725      1.157617
   1.728      1.156647
   1.731      1.155666
   1.734      1.154674
   1.738      1.153670
   1.741      1.152656
   1.744      1.151631
   1.747      1.150595
   1.750      1.149549
   1.754      1.148491
   1.757      1.147423
   1.760      1.146345
   1.763      1.145255
   1.766      1.144155
   1.770      1.143045
   1.773      1.141924
   1.776      1.140793
   1.779      1.139651
   1.782      1.138499
   1.786      1.137337
   1.789      1.136164
   1.792      1.134981
   1.795      1.133789
   1.798      1.132586
   1.802      1.131373
   1.805      1.130150
   1.808      1.128917
   1.811      1.127674
   1.814      1.126421
   1.818      1.125159
   1.821      1.123887
   1.824      1.122605
   1.827      1.121313
   1.830      1.120012
   1.834      1.118701
   1.837      1.117381
   1.840      1.116051
   1.843      1.114712
   1.846      1.113363
   1.850      1.112006
   1.853      1.110638
   1.856      1.109262
   1.859      1.107877
   1.862      1.106482
   1.866      1.105078
   1.869      1.103665
   1.872      1.102244
   1.875      1.100813
   1.878      1.099374
   1.882      1.097925
   1.885      1.096468
   1.888      1.095002
   1.891      1.093528
   1.894      1.092044
   1.898      1.090553
   1.901      1.089052
   1.904      1.087544
   1.907      1.086026
   1.910      1.084501
   1.914      1.082967
   1.917      1.081424
   1.920      1.079874
   1.923      1.078315
   1.926      1.076749
   1.930      1.075174
   1.933      1.073591
   1.936      1.072000
   1.939      1.070401
   1.942      1.068794
   1.946      1.067180
   1.949      1.065557
   1.952      1.063927
   1.955      1.062289
   1.958      1.060644
   1.962      1.058991
   1.965      1.057330
   1.968      1.055662
   1.971      1.053987
   1.974      1.052304
   1.978      1.050614
   1.981      1.048916
   1.984      1.047212
   1.987      1.045500
   1.990      1.043781
   1.994      1.042055
   1.997      1.040321
   2.000      1.038581
   2.003      1.036834
   2.006      1.035080
   2.010      1.033319
   2.013      1.031552
   2.016      1.029778
   2.019      1.027997
   2.022      1.026209
   2.026      1.024415
   2.029      1.022614
   2.032      1.020807
   2.035      1.018993
   2.038      1.017173
   2.042      1.015347
   2.045      1.013514
   2.048      1.011675
   2.051      1.009830
   2.054      1.007979
   2.058      1.006122
   2.061      1.004258
   2.064      1.002389
   2.067      1.000514
   2.070      0.998633
   2.074      0.996746
   2.077      0.994853
   2.080      0.992955
   2.083      0.991051
   2.086      0.989141
   2.090      0.987226
   2.093      0.985305
   2.096      0.983378
   2.099      0.981447
   2.102      0.979510
   2.106      0.977567
   2.109      0.975619
   2.112      0.973666
   2.115      0.971708
   2.118      0.969745
   2.122      0.967777
   2.125      0.965803
   2.128      0.963825
   2.131      0.961841
   2.134      0.959853
   2.138      0.957860
   2.141      0.955862
   2.144      0.953860
   2.147      0.951853
   2.150      0.949841
   2.154      0.947824
   2.157      0.945803
   2.160      0.943778
   2.163      0.941748
   2.166      0.939713
   2.170      0.937675
   2.173      0.935632
   2.176      0.933585
   2.179      0.931533
   2.182      0.929478
   2.186      0.927418
   2.189      0.925354
   2.192      0.923286
   2.195      0.921215
   2.198      0.919139
   2.202      0.917060
   2.205      0.914977
   2.208      0.912890
   2.211      0.910799
   2.214      0.908704
   2.218      0.906606
   2.221      0.904505
   2.224      0.902400
   2.227      0.900291
   2.230      0.898179
   2.234      0.896064
   2.237      0.893945
   2.240      0.891823
   2.243      0.889698
   2.246      0.887570
   2.250      0.885438
   2.253      0.883303
   2.256      0.881166
   2.259      0.879025
   2.262      0.876881
   2.266      0.874735
   2.269      0.872586
   2.272      0.870433
   2.275      0.868278
   2.278      0.866121
   2.282      0.863960
   2.285      0.861797
   2.288      0.859632
   2.291      0.857464
   2.294      0.855293
   2.298      0.853120
   2.301      0.850945
   2.304      0.848767
   2.307      0.846587
   2.310      0.844404
   2.314      0.842220
   2.317      0.840033
   2.320      0.837844
   2.323      0.835653
   2.326      0.833460
   2.330      0.831265
   2.333      0.829068
   2.336      0.826869
   2.339      0.824669
   2.342      0.822466
   2.346      0.820262
   2.349      0.818056
   2.352      0.815849
   2.355      0.813639
   2.358      0.811428
   2.362      0.809216
   2.365      0.807002
   2.368      0.804787
   2.371      0.802570
   2.374      0.800352
   2.378      0.798132
   2.381      0.795912
   2.384      0.793690
   2.387      0.791466
   2.390      0.789242
   2.394      0.787017
   2.397      0.784790
   2.400      0.782562
   2.403      0.780334
   2.406      0.778104
   2.410      0.775874
   2.413      0.773643
   2.416      0.771411
   2.419      0.769178
   2.422      0.766944
   2.426      0.764710
   2.429      0.762475
   2.432      0.760240
   2.435      0.758004
   2.438      0.755767
   2.442      0.753530
   2.445      0.751292
   2.448      0.749054
   2.451      0.746816
   2.454      0.744577
   2.458      0.742338
   2.461      0.740099
   2.464      0.737860
   2.467      0.735620
   2.470      0.733381
   2.474      0.731141
   2.477      0.728901
   2.480      0.726661
   2.483      0.724422
   2.486      0.722182
   2.490      0.719942
   2.493      0.717703
   2.496      0.715464
   2.499      0.713225
   2.502      0.710986
   2.506      0.708748
   2.509      0.706509
   2.512      0.704272
   2.515      0.702034
   2.518      0.699798
   2.522      0.697561
   2.525      0.695325
   2.528      0.693090
   2.531      0.690856
   2.534      0.688622
   2.538      0.686388
   2.541      0.684156
   2.544      0.681924
   2.547      0.679693
   2.550      0.677463
   2.554      0.675233
   2.557      0.673005
   2.560      0.670777
   2.563      0.668551
   2.566      0.666325
   2.570      0.664100
   2.573      0.661877
   2.576      0.659655
   2.579      0.657433
   2.582      0.655213
   2.586      0.652995
   2.589      0.650777
   2.592      0.648561
   2.595      0.646346
   2.598      0.644132
   2.602      0.641920
   2.605      0.639709
   2.608      0.637500
   2.611      0.635292
   2.614      0.633086
   2.618      0.630881
   2.621      0.628678
   2.624      0.626476
   2.627      0.624276
   2.630      0.622078
   2.634      0.619881
   2.637      0.617686
   2.640      0.615493
   2.643      0.613302
   2.646      0.611113
   2.650      0.608925
   2.653      0.606740
   2.656      0.604556
   2.659      0.602374
   2.662      0.600194
   2.666      0.598017
   2.669      0.595841
   2.672      0.593668
   2.675      0.591496
   2.678      0.589327
   2.682      0.587160
   2.685      0.584995
   2.688      0.582832
   2.691      0.580672
   2.694      0.578514
   2.698      0.576358
   2.701      0.574205
   2.704      0.572054
   2.707      0.569905
   2.710      0.567759
   2.714      0.565615
   2.717      0.563474
   2.720      0.561335
   2.723      0.559199
   2.726      0.557066
   2.730      0.554935
   2.733      0.552807
   2.736      0.550681
   2.739      0.548558
   2.742      0.546438
   2.746      0.544320
   2.749      0.542206
   2.752      0.540094
   2.755      0.537985
   2.758      0.535878
   2.762      0.533775
   2.765      0.531675
   2.768      0.529577
   2.771      0.527482
   2.774      0.525391
   2.778      0.523302
   2.781      0.521217
   2.784      0.519134
   2.787      0.517055
   2.790      0.514978
   2.794      0.512905
   2.797      0.510835
   2.800      0.508768
   2.803      0.506704
   2.806      0.504644
   2.810      0.502587
   2.813      0.500533
   2.816      0.498482
   2.819      0.496434
   2.822      0.494390
   2.826      0.492350
   2.829      0.490312
   2.832      0.488278
   2.835      0.486248
   2.838      0.484221
   2.842      0.482197
   2.845      0.480177
   2.848      0.478160
   2.851      0.476147
   2.854      0.474138
   2.858      0.472132
   2.861      0.470130
   2.864      0.468131
   2.867      0.466136
   2.870      0.464144
   2.874      0.462156
   2.877      0.460172
   2.880      0.458192
   2.883      0.456215
   2.886      0.454242
   2.890      0.452273
   2.893      0.450308
   2.896      0.448347
   2.899      0.446389
   2.902      0.444435
   2.906      0.442485
   2.909      0.440539
   2.912      0.438597
   2.915      0.436658
   2.918      0.434724
   2.922      0.432794
   2.925      0.430867
   2.928      0.428945
   2.931      0.427027
   2.934      0.425112
   2.938      0.423202
   2.941      0.421296
   2.944      0.419393
   2.947      0.417495
   2.950      0.415601
   2.954      0.413711
   2.957      0.411826
   2.960      0.409944
   2.963      0.408067
   2.966      0.406193
   2.970      0.404324
   2.973      0.402460
   2.976      0.400599
   2.979      0.398743
   2.982      0.396891
   2.986      0.395043
   2.989      0.393199
   2.992      0.391360
   2.995      0.389525
   2.998      0.387695
   3.002      0.385868
   3.005      0.384046
   3.008      0.382229
   3.011      0.380416
   3.014      0.378607
   3.018      0.376803
   3.021      0.375003
   3.024      0.373207
   3.027      0.371416
   3.030      0.369630
   3.034      0.367848
   3.037      0.366070
   3.040      0.364297
   3.043      0.362528
   3.046      0.360764
   3.050      0.359005
   3.053      0.357250
   3.056      0.355499
   3.059      0.353753
   3.062      0.352012
   3.066      0.350275
   3.069      0.348543
   3.072      0.346816
   3.075      0.345093
   3.078      0.343374
   3.082      0.341661
   3.085      0.339952
   3.088      0.338247
   3.091      0.336548
   3.094      0.334853
   3.098      0.333162
   3.101      0.331477
   3.104      0.329796
   3.107      0.328119
   3.110      0.326448
   3.114      0.324781
   3.117      0.323119
   3.120      0.321461
   3.123      0.319809
   3.126      0.318161
   3.130      0.316518
   3.133      0.314879
   3.136      0.313246
   3.139      0.311617
   3.142      0.309993
   3.146      0.308374
   3.149      0.306759
   3.152      0.305150
   3.155      0.303545
   3.158      0.301945
   3.162      0.300350
   3.165      0.298760
   3.168      0.297174
   3.171      0.295594
   3.174      0.294018
   3.178      0.292447
   3.181      0.290881
   3.184      0.289320
   3.187      0.287764
   3.190      0.286212
   3.194      0.284666
   3.197      0.283124
   3.200      0.281587
   3.203      0.280055
   3.206      0.278529
   3.210      0.277007
   3.213      0.275489
   3.216      0.273977
   3.219      0.272470
   3.222      0.270967
   3.226      0.269470
   3.229      0.267977
   3.232      0.266490
   3.235      0.265007
   3.238      0.263529
   3.242      0.262057
   3.245      0.260589
   3.248      0.259126
   3.251      0.257668
   3.254      0.256215
   3.258      0.254767
   3.261      0.253324
   3.264      0.251885
   3.267      0.250452
   3.270      0.249024
   3.274      0.247601
   3.277      0.246182
   3.280      0.244769
   3.283      0.243360
   3.286      0.241957
   3.290      0.240559
   3.293      0.239165
   3.296      0.237776
   3.299      0.236393
   3.302      0.235014
   3.306      0.233640
   3.309      0.232272
   3.312      0.230908
   3.315      0.229549
   3.318      0.228195
   3.322      0.226847
   3.325      0.225503
   3.328      0.224164
   3.331      0.222830
   3.334      0.221501
   3.338      0.220177
   3.341      0.218858
   3.344      0.217544
   3.347      0.216235
   3.350      0.214930
   3.354      0.213631
   3.357      0.212337
   3.360      0.211047
   3.363      0.209763
   3.366      0.208484
   3.370      0.207209
   3.373      0.205940
   3.376      0.204675
   3.379      0.203415
   3.382      0.202161
   3.386      0.200911
   3.389      0.199666
   3.392      0.198426
   3.395      0.197191
   3.398      0.195961
   3.402      0.194736
   3.405      0.193516
   3.408      0.192300
   3.411      0.191090
   3.414      0.189884
   3.418      0.188684
   3.421      0.187488
   3.424      0.186297
   3.427      0.185111
   3.430      0.183930
   3.434      0.182754
   3.437      0.181583
   3.440      0.180416
   3.443      0.179255
   3.446      0.178098
   3.450      0.176946
   3.453      0.175800
   3.456      0.174657
   3.459      0.173520
   3.462      0.172388
   3.466      0.171260
   3.469      0.170138
   3.472      0.169020
   3.475      0.167907
   3.478      0.166798
   3.482      0.165695
   3.485      0.164596
   3.488      0.163502
   3.491      0.162413
   3.494      0.161329
   3.498      0.160250
   3.501      0.159175
   3.504      0.158105
   3.507      0.157040
   3.510      0.155979
   3.514      0.154924
   3.517      0.153873
   3.520      0.152827
   3.523      0.151785
   3.526      0.150749
   3.530      0.149717
   3.533      0.148689
   3.536      0.147667
   3.539      0.146649
   3.542      0.145636
   3.546      0.144627
   3.549      0.143623
   3.552      0.142624
   3.555      0.141630
   3.558      0.140640
   3.562      0.139654
   3.565      0.138674
   3.568      0.137698
   3.571      0.136727
   3.574      0.135760
   3.578      0.134798
   3.581      0.133840
   3.584      0.132887
   3.587      0.131939
   3.590      0.130995
   3.594      0.130056
   3.597      0.129122
   3.600      0.128192
   3.603      0.127266
   3.606      0.126345
   3.610      0.125429
   3.613      0.124517
   3.616      0.123609
   3.619      0.122706
   3.622      0.121808
   3.626      0.120914
   3.629      0.120024
   3.632      0.119139
   3.635      0.118259
   3.638      0.117382
   3.642      0.116511
   3.645      0.115643
   3.648      0.114780
   3.651      0.113922
   3.654      0.113068
   3.658      0.112218
   3.661      0.111373
   3.664      0.110532
   3.667      0.109695
   3.670      0.108863
   3.674      0.108035
   3.677      0.107212
   3.680      0.106392
   3.683      0.105578
   3.686      0.104767
   3.690      0.103961
   3.693      0.103158
   3.696      0.102361
   3.699      0.101567
   3.702      0.100778
   3.706      0.099993
   3.709      0.099212
   3.712      0.098435
   3.715      0.097663
   3.718      0.096895
   3.722      0.096131
   3.725      0.095371
   3.728      0.094615
   3.731      0.093863
   3.734      0.093116
   3.738      0.092373
   3.741      0.091634
   3.744      0.090899
   3.747      0.090168
   3.750      0.089441
   3.754      0.088718
   3.757      0.087999
   3.760      0.087285
   3.763      0.086574
   3.766      0.085867
   3.770      0.085165
   3.773      0.084466
   3.776      0.083772
   3.779      0.083081
   3.782      0.082395
   3.786      0.081712
   3.789      0.081033
   3.792      0.080359
   3.795      0.079688
   3.798      0.079021
   3.802      0.078358
   3.805      0.077699
   3.808      0.077044
   3.811      0.076392
   3.814      0.075745
   3.818      0.075101
   3.821      0.074461
   3.824      0.073825
   3.827      0.073193
   3.830      0.072565
   3.834      0.071940
   3.837      0.071319
   3.840      0.070702
   3.843      0.070089
   3.846      0.069480
   3.850      0.068874
   3.853      0.068272
   3.856      0.067673
   3.859      0.067079
   3.862      0.066488
   3.866      0.065900
   3.869      0.065317
   3.872      0.064737
   3.875      0.064160
   3.878      0.063587
   3.882      0.063018
   3.885      0.062453
   3.888      0.061890
   3.891      0.061332
   3.894      0.060777
   3.898      0.060226
   3.901      0.059678
   3.904      0.059134
   3.907      0.058593
   3.910      0.058056
   3.914      0.057522
   3.917      0.056991
   3.920      0.056465
   3.923      0.055941
   3.926      0.055421
   3.930      0.054904
   3.933      0.054391
   3.936      0.053882
   3.939      0.053375
   3.942      0.052872
   3.946      0.052372
   3.949      0.051876
   3.952      0.051383
   3.955      0.050893
   3.958      0.050407
   3.962      0.049924
   3.965      0.049444
   3.968      0.048968
   3.971      0.048494
   3.974      0.048024
   3.978      0.047557
   3.981      0.047094
   3.984      0.046633
   3.987      0.046176
   3.990      0.045722
   3.994      0.045271
   3.997      0.044824
   4.000      0.044379
   4.003      0.043938
   4.006      0.043499
   4.010      0.043064
   4.013      0.042632
   4.016      0.042203
   4.019      0.041777
   4.022      0.041354
   4.026      0.040934
   4.029      0.040517
   4.032      0.040103
   4.035      0.039692
   4.038      0.039285
   4.042      0.038880
   4.045      0.038478
   4.048      0.038079
   4.051      0.037683
   4.054      0.037289
   4.058      0.036899
   4.061      0.036512
   4.064      0.036127
   4.067      0.035746
   4.070      0.035367
   4.074      0.034991
   4.077      0.034618
   4.080      0.034248
   4.083      0.033881
   4.086      0.033516
   4.090      0.033154
   4.093      0.032795
   4.096      0.032439
   4.099      0.032085
   4.102      0.031734
   4.106      0.031386
   4.109      0.031041
   4.112      0.030698
   4.115      0.030358
   4.118      0.030021
   4.122      0.029686
   4.125      0.029354
   4.128      0.029024
   4.131      0.028698
   4.134      0.028373
   4.138      0.028052
   4.141      0.027733
   4.144      0.027416
   4.147      0.027102
   4.150      0.026791
   4.154      0.026482
   4.157      0.026176
   4.160      0.025872
   4.163      0.025570
   4.166      0.025271
   4.170      0.024975
   4.173      0.024681
   4.176      0.024390
   4.179      0.024100
   4.182      0.023814
   4.186      0.023529
   4.189      0.023248
   4.192      0.022968
   4.195      0.022691
   4.198      0.022416
   4.202      0.022144
   4.205      0.021874
   4.208      0.021606
   4.211      0.021340
   4.214      0.021077
   4.218      0.020816
   4.221      0.020557
   4.224      0.020301
   4.227      0.020047
   4.230      0.019795
   4.234      0.019545
   4.237      0.019298
   4.240      0.019052
   4.243      0.018809
   4.246      0.018568
   4.250      0.018330
   4.253      0.018093
   4.256      0.017858
   4.259      0.017626
   4.262      0.017396
   4.266      0.017168
   4.269      0.016941
   4.272      0.016717
   4.275      0.016495
   4.278      0.016275
   4.282      0.016058
   4.285      0.015842
   4.288      0.015628
   4.291      0.015416
   4.294      0.015206
   4.298      0.014998
   4.301      0.014792
   4.304      0.014589
   4.307      0.014387
   4.310      0.014186
   4.314      0.013988
   4.317      0.013792
   4.320      0.013598
   4.323      0.013405
   4.326      0.013215
   4.330      0.013026
   4.333      0.012839
   4.336      0.012654
   4.339      0.012471
   4.342      0.012290
   4.346      0.012110
   4.349      0.011932
   4.352      0.011756
   4.355      0.011582
   4.358      0.011410
   4.362      0.011239
   4.365      0.011070
   4.368      0.010903
   4.371      0.010737
   4.374      0.010573
   4.378      0.010411
   4.381      0.010251
   4.384      0.010092
   4.387      0.009935
   4.390      0.009780
   4.394      0.009626
   4.397      0.009474
   4.400      0.009323
   4.403      0.009174
   4.406      0.009027
   4.410      0.008881
   4.413      0.008737
   4.416      0.008594
   4.419      0.008453
   4.422      0.008314
   4.426      0.008176
   4.429      0.008039
   4.432      0.007904
   4.435      0.007771
   4.438      0.007639
   4.442      0.007508
   4.445      0.007379
   4.448      0.007252
   4.451      0.007126
   4.454      0.007001
   4.458      0.006878
   4.461      0.006756
   4.464      0.006636
   4.467      0.006517
   4.470      0.006399
   4.474      0.006283
   4.477      0.006168
   4.480      0.006054
   4.483      0.005942
   4.486      0.005831
   4.490      0.005722
   4.493      0.005614
   4.496      0.005507
   4.499      0.005401
   4.502      0.005297
   4.506      0.005194
   4.509      0.005092
   4.512      0.004992
   4.515      0.004892
   4.518      0.004794
   4.522      0.004698
   4.525      0.004602
   4.528      0.004508
   4.531      0.004415
   4.534      0.004323
   4.538      0.004232
   4.541      0.004143
   4.544      0.004054
   4.547      0.003967
   4.550      0.003881
   4.554      0.003796
   4.557      0.003712
   4.560      0.003629
   4.563      0.003548
   4.566      0.003467
   4.570      0.003388
   4.573      0.003310
   4.576      0.003232
   4.579      0.003156
   4.582      0.003081
   4.586      0.003007
   4.589      0.002934
   4.592      0.002862
   4.595      0.002791
   4.598      0.002721
   4.602      0.002652
   4.605      0.002584
   4.608      0.002517
   4.611      0.002451
   4.614      0.002386
   4.618      0.002322
   4.621      0.002259
   4.624      0.002197
   4.627      0.002135
   4.630      0.002075
   4.634      0.002016
   4.637      0.001957
   4.640      0.001900
   4.643      0.001843
   4.646      0.001787
   4.650      0.001732
   4.653      0.001678
   4.656      0.001625
   4.659      0.001573
   4.662      0.001521
   4.666      0.001471
   4.669      0.001421
   4.672      0.001372
   4.675      0.001324
   4.678      0.001276
   4.682      0.001230
   4.685      0.001184
   4.688      0.001139
   4.691      0.001095
   4.694      0.001051
   4.698      0.001009
   4.701      0.000967
   4.704      0.000925
   4.707      0.000885
   4.710      0.000845
   4.714      0.000806
   4.717      0.000768
   4.720      0.000730
   4.723      0.000694
   4.726      0.000657
   4.730      0.000622
   4.733      0.000587
   4.736      0.000553
   4.739      0.000520
   4.742      0.000487
   4.746      0.000455
   4.749      0.000423
   4.752      0.000392
   4.755      0.000362
   4.758      0.000332
   4.762      0.000303
   4.765      0.000275
   4.768      0.000247
   4.771      0.000220
   4.774      0.000193
   4.778      0.000167
   4.781      0.000142
   4.784      0.000117
   4.787      0.000092
   4.790      0.000069
   4.794      0.000045
   4.797      0.000022
   4.800      0.000000
