   0.000      0.005046
   0.003      0.057928
   0.006      0.110809
   0.010      0.165480
   0.013      0.220370
   0.016      0.275298
   0.019      0.330210
   0.022      0.385086
   0.026      0.439909
   0.029      0.494669
   0.032      0.549355
   0.035      0.603958
   0.038      0.658468
   0.042      0.712878
   0.045      0.767177
   0.048      0.821357
   0.051      0.875409
   0.054      0.929324
   0.058      0.983093
   0.061      1.036707
   0.064      1.090157
   0.067      1.143434
   0.070      1.196529
   0.074      1.249432
   0.077      1.302134
   0.080      1.354626
   0.083      1.406898
   0.086      1.458942
   0.090      1.510747
   0.093      1.562304
   0.096      1.613604
   0.099      1.664636
   0.102      1.715392
   0.106      1.765861
   0.109      1.816033
   0.112      1.865900
   0.115      1.915450
   0.118      1.964674
   0.122      2.013562
   0.125      2.062105
   0.128      2.110291
   0.131      2.158112
   0.134      2.205556
   0.138      2.252614
   0.141      2.299277
   0.144      2.345533
   0.147      2.391373
   0.150      2.436787
   0.154      2.481765
   0.157      2.526297
   0.160      2.570373
   0.163      2.613982
   0.166      2.657116
   0.170      2.699764
   0.173      2.741917
   0.176      2.783565
   0.179      2.824699
   0.182      2.865308
   0.186      2.905384
   0.189      2.944918
   0.192      2.983900
   0.195      3.022322
   0.198      3.060174
   0.202      3.097449
   0.205      3.134136
   0.208      3.170230
   0.211      3.205720
   0.214      3.240600
   0.218      3.274861
   0.221      3.308496
   0.224      3.341499
   0.227      3.373862
   0.230      3.405578
   0.234      3.436642
   0.237      3.467046
   0.240      3.496786
   0.243      3.525856
   0.246      3.554250
   0.250      3.581965
   0.253      3.608995
   0.256      3.635336
   0.259      3.660985
   0.262      3.685939
   0.266      3.710194
   0.269      3.733748
   0.272      3.756598
   0.275      3.778744
   0.278      3.800184
   0.282      3.820917
   0.285      3.840942
   0.288      3.860260
   0.291      3.878871
   0.294      3.896777
   0.298      3.913978
   0.301      3.930476
   0.304      3.946274
   0.307      3.961374
   0.310      3.975780
   0.314      3.989496
   0.317      4.002526
   0.320      4.014874
   0.323      4.026545
   0.326      4.037546
   0.330      4.047882
   0.333      4.057559
   0.336      4.066585
   0.339      4.074967
   0.342      4.082713
   0.346      4.089830
   0.349      4.096329
   0.352      4.102216
   0.355      4.107503
   0.358      4.112198
   0.362      4.116312
   0.365      4.119855
   0.368      4.122838
   0.371      4.125271
   0.374      4.127167
   0.378      4.128537
   0.381      4.129392
   0.384      4.129745
   0.387      4.129608
   0.390      4.128994
   0.394      4.127914
   0.397      4.126383
   0.400      4.124412
   0.403      4.122015
   0.406      4.119204
   0.410      4.115994
   0.413      4.112396
   0.416      4.108425
   0.419      4.104093
   0.422      4.099413
   0.426      4.094399
   0.429      4.089063
   0.432      4.083419
   0.435      4.077478
   0.438      4.071254
   0.442      4.064758
   0.445      4.058004
   0.448      4.051002
   0.451      4.043766
   0.454      4.036306
   0.458      4.028633
   0.461      4.020759
   0.464      4.012694
   0.467      4.004448
   0.470      3.996032
   0.474      3.987456
   0.477      3.978728
   0.480      3.969858
   0.483      3.960854
   0.486      3.951724
   0.490      3.942478
   0.493      3.933121
   0.496      3.923661
   0.499      3.914105
   0.502      3.904459
   0.506      3.894729
   0.509      3.884921
   0.512      3.875040
   0.515      3.865091
   0.518      3.855078
   0.522      3.845005
   0.525      3.834876
   0.528      3.824694
   0.531      3.814463
   0.534      3.804184
   0.538      3.793861
   0.541      3.783495
   0.544      3.773088
   0.547      3.762641
   0.550      3.752156
   0.554      3.741633
   0.557      3.731073
   0.560      3.720476
   0.563      3.709843
   0.566      3.699173
   0.570      3.688467
   0.573      3.677724
   0.576      3.666943
   0.579      3.656123
   0.582      3.645264
   0.586      3.634365
   0.589      3.623425
   0.592      3.612442
   0.595      3.601415
   0.598      3.590344
   0.602      3.579226
   0.605      3.568061
   0.608      3.556847
   0.611      3.545582
   0.614      3.534266
   0.618      3.522896
   0.621      3.511472
   0.624      3.499993
   0.627      3.488456
   0.630      3.476861
   0.634      3.465206
   0.637      3.453491
   0.640      3.441715
   0.643      3.429876
   0.646      3.417973
   0.650      3.406006
   0.653      3.393974
   0.656      3.381877
   0.659      3.369713
   0.662      3.357483
   0.666      3.345186
   0.669      3.332822
   0.672      3.320390
   0.675      3.307891
   0.678      3.295324
   0.682      3.282690
   0.685      3.269989
   0.688      3.257220
   0.691      3.244385
   0.694      3.231484
   0.698      3.218517
   0.701      3.205485
   0.704      3.192388
   0.707      3.179228
   0.710      3.166004
   0.714      3.152718
   0.717      3.139371
   0.720      3.125964
   0.723      3.112497
   0.726      3.098971
   0.730      3.085388
   0.733      3.071749
   0.736      3.058055
   0.739      3.044307
   0.742      3.030506
   0.746      3.016653
   0.749      3.002750
   0.752      2.988798
   0.755      2.974798
   0.758      2.960751
   0.762      2.946659
   0.765      2.932522
   0.768      2.918343
   0.771      2.904123
   0.774      2.889862
   0.778      2.875562
   0.781      2.861224
   0.784      2.846850
   0.787      2.832440
   0.790      2.817996
   0.794      2.803520
   0.797      2.789012
   0.800      2.774473
   0.803      2.759905
   0.806      2.745309
   0.810      2.730686
   0.813      2.716038
   0.816      2.701364
   0.819      2.686667
   0.822      2.671948
   0.826      2.657207
   0.829      2.642445
   0.832      2.627664
   0.835      2.612865
   0.838      2.598049
   0.842      2.583216
   0.845      2.568367
   0.848      2.553504
   0.851      2.538628
   0.854      2.523739
   0.858      2.508838
   0.861      2.493926
   0.864      2.479005
   0.867      2.464074
   0.870      2.449135
   0.874      2.434188
   0.877      2.419235
   0.880      2.404276
   0.883      2.389312
   0.886      2.374344
   0.890      2.359372
   0.893      2.344398
   0.896      2.329422
   0.899      2.314444
   0.902      2.299466
   0.906      2.284488
   0.909      2.269511
   0.912      2.254536
   0.915      2.239563
   0.918      2.224593
   0.922      2.209626
   0.925      2.194664
   0.928      2.179707
   0.931      2.164756
   0.934      2.149811
   0.938      2.134873
   0.941      2.119942
   0.944      2.105020
   0.947      2.090106
   0.950      2.075202
   0.954      2.060308
   0.957      2.045425
   0.960      2.030553
   0.963      2.015692
   0.966      2.000845
   0.970      1.986010
   0.973      1.971188
   0.976      1.956381
   0.979      1.941589
   0.982      1.926812
   0.986      1.912050
   0.989      1.897305
   0.992      1.882577
   0.995      1.867867
   0.998      1.853174
   1.002      1.838500
   1.005      1.823845
   1.008      1.809210
   1.011      1.794594
   1.014      1.780000
   1.018      1.765426
   1.021      1.750874
   1.024      1.736344
   1.027      1.721837
   1.030      1.707353
   1.034      1.692892
   1.037      1.678455
   1.040      1.664043
   1.043      1.649656
   1.046      1.635295
   1.050      1.620959
   1.053      1.606650
   1.056      1.592368
   1.059      1.578113
   1.062      1.563886
   1.066      1.549687
   1.069      1.535517
   1.072      1.521376
   1.075      1.507264
   1.078      1.493183
   1.082      1.479132
   1.085      1.465111
   1.088      1.451122
   1.091      1.437164
   1.094      1.423239
   1.098      1.409346
   1.101      1.395485
   1.104      1.381658
   1.107      1.367865
   1.110      1.354105
   1.114      1.340380
   1.117      1.326690
   1.120      1.313035
   1.123      1.299416
   1.126      1.285832
   1.130      1.272285
   1.133      1.258774
   1.136      1.245300
   1.139      1.231864
   1.142      1.218465
   1.146      1.205104
   1.149      1.191781
   1.152      1.178498
   1.155      1.165253
   1.158      1.152047
   1.162      1.138882
   1.165      1.125756
   1.168      1.112670
   1.171      1.099626
   1.174      1.086622
   1.178      1.073659
   1.181      1.060738
   1.184      1.047858
   1.187      1.035021
   1.190      1.022226
   1.194      1.009474
   1.197      0.996765
   1.200      0.984099
   1.203      0.971476
   1.206      0.958898
   1.210      0.946363
   1.213      0.933873
   1.216      0.921427
   1.219      0.909026
   1.222      0.896670
   1.226      0.884360
   1.229      0.872095
   1.232      0.859875
   1.235      0.847702
   1.238      0.835575
   1.242      0.823495
   1.245      0.811461
   1.248      0.799474
   1.251      0.787534
   1.254      0.775642
   1.258      0.763797
   1.261      0.752000
   1.264      0.740251
   1.267      0.728550
   1.270      0.716897
   1.274      0.705293
   1.277      0.693738
   1.280      0.682231
   1.283      0.670774
   1.286      0.659366
   1.290      0.648007
   1.293      0.636698
   1.296      0.625439
   1.299      0.614229
   1.302      0.603070
   1.306      0.591961
   1.309      0.580902
   1.312      0.569894
   1.315      0.558936
   1.318      0.548029
   1.322      0.537173
   1.325      0.526368
   1.328      0.515615
   1.331      0.504912
   1.334      0.494261
   1.338      0.483662
   1.341      0.473114
   1.344      0.462618
   1.347      0.452174
   1.350      0.441782
   1.354      0.431442
   1.357      0.421154
   1.360      0.410919
   1.363      0.400736
   1.366      0.390605
   1.370      0.380527
   1.373      0.370501
   1.376      0.360528
   1.379      0.350608
   1.382      0.340740
   1.386      0.330926
   1.389      0.321164
   1.392      0.311456
   1.395      0.301800
   1.398      0.292198
   1.402      0.282649
   1.405      0.273153
   1.408      0.263710
   1.411      0.254320
   1.414      0.244984
   1.418      0.235702
   1.421      0.226472
   1.424      0.217296
   1.427      0.208174
   1.430      0.199105
   1.434      0.190089
   1.437      0.181127
   1.440      0.172219
   1.443      0.163364
   1.446      0.154563
   1.450      0.145815
   1.453      0.137121
   1.456      0.128480
   1.459      0.119893
   1.462      0.111359
   1.466      0.102879
   1.469      0.094452
   1.472      0.086079
   1.475      0.077759
   1.478      0.069493
   1.482      0.061280
   1.485      0.053121
   1.488      0.045015
   1.491      0.036962
   1.494      0.028963
   1.498      0.021017
   1.501      0.013124
   1.504      0.005284
   1.507     -0.002503
   1.510     -0.010236
   1.514     -0.017917
   1.517     -0.025544
   1.520     -0.033119
   1.523     -0.040641
   1.526     -0.048110
   1.530     -0.055526
   1.533     -0.062889
   1.536     -0.070200
   1.539     -0.077459
   1.542     -0.084665
   1.546     -0.091818
   1.549     -0.098919
   1.552     -0.105968
   1.555     -0.112965
   1.558     -0.119910
   1.562     -0.126803
   1.565     -0.133644
   1.568     -0.140433
   1.571     -0.147170
   1.574     -0.153856
   1.578     -0.160490
   1.581     -0.167073
   1.584     -0.173604
   1.587     -0.180085
   1.590     -0.186514
   1.594     -0.192892
   1.597     -0.199220
   1.600     -0.205496
   1.603     -0.211722
   1.606     -0.217898
   1.610     -0.224022
   1.613     -0.230097
   1.616     -0.236122
   1.619     -0.242096
   1.622     -0.248020
   1.626     -0.253895
   1.629     -0.259720
   1.632     -0.265496
   1.635     -0.271222
   1.638     -0.276898
   1.642     -0.282526
   1.645     -0.288104
   1.648     -0.293634
   1.651     -0.299115
   1.654     -0.304547
   1.658     -0.309931
   1.661     -0.315267
   1.664     -0.320554
   1.667     -0.325794
   1.670     -0.330985
   1.674     -0.336129
   1.677     -0.341225
   1.680     -0.346274
   1.683     -0.351276
   1.686     -0.356231
   1.690     -0.361138
   1.693     -0.365999
   1.696     -0.370813
   1.699     -0.375581
   1.702     -0.380302
   1.706     -0.384978
   1.709     -0.389607
   1.712     -0.394191
   1.715     -0.398729
   1.718     -0.403221
   1.722     -0.407669
   1.725     -0.412071
   1.728     -0.416428
   1.731     -0.420740
   1.734     -0.425008
   1.738     -0.429232
   1.741     -0.433411
   1.744     -0.437546
   1.747     -0.441637
   1.750     -0.445685
   1.754     -0.449689
   1.757     -0.453650
   1.760     -0.457567
   1.763     -0.461442
   1.766     -0.465273
   1.770     -0.469063
   1.773     -0.472809
   1.776     -0.476514
   1.779     -0.480176
   1.782     -0.483797
   1.786     -0.487376
   1.789     -0.490913
   1.792     -0.494410
   1.795     -0.497865
   1.798     -0.501279
   1.802     -0.504652
   1.805     -0.507985
   1.808     -0.511278
   1.811     -0.514530
   1.814     -0.517743
   1.818     -0.520916
   1.821     -0.524049
   1.824     -0.527143
   1.827     -0.530198
   1.830     -0.533213
   1.834     -0.536190
   1.837     -0.539129
   1.840     -0.542029
   1.843     -0.544891
   1.846     -0.547715
   1.850     -0.550501
   1.853     -0.553250
   1.856     -0.555961
   1.859     -0.558635
   1.862     -0.561272
   1.866     -0.563873
   1.869     -0.566437
   1.872     -0.568964
   1.875     -0.571455
   1.878     -0.573911
   1.882     -0.576330
   1.885     -0.578715
   1.888     -0.581063
   1.891     -0.583377
   1.894     -0.585656
   1.898     -0.587899
   1.901     -0.590109
   1.904     -0.592284
   1.907     -0.594425
   1.910     -0.596532
   1.914     -0.598605
   1.917     -0.600645
   1.920     -0.602651
   1.923     -0.604625
   1.926     -0.606565
   1.930     -0.608473
   1.933     -0.610348
   1.936     -0.612191
   1.939     -0.614002
   1.942     -0.615781
   1.946     -0.617528
   1.949     -0.619244
   1.952     -0.620929
   1.955     -0.622582
   1.958     -0.624205
   1.962     -0.625796
   1.965     -0.627358
   1.968     -0.628889
   1.971     -0.630390
   1.974     -0.631861
   1.978     -0.633303
   1.981     -0.634715
   1.984     -0.636098
   1.987     -0.637452
   1.990     -0.638777
   1.994     -0.640073
   1.997     -0.641341
   2.000     -0.642580
   2.003     -0.643792
   2.006     -0.644976
   2.010     -0.646132
   2.013     -0.647260
   2.016     -0.648361
   2.019     -0.649435
   2.022     -0.650483
   2.026     -0.651503
   2.029     -0.652498
   2.032     -0.653466
   2.035     -0.654407
   2.038     -0.655323
   2.042     -0.656213
   2.045     -0.657078
   2.048     -0.657918
   2.051     -0.658732
   2.054     -0.659521
   2.058     -0.660286
   2.061     -0.661026
   2.064     -0.661742
   2.067     -0.662433
   2.070     -0.663101
   2.074     -0.663745
   2.077     -0.664365
   2.080     -0.664962
   2.083     -0.665535
   2.086     -0.666086
   2.090     -0.666614
   2.093     -0.667119
   2.096     -0.667601
   2.099     -0.668062
   2.102     -0.668500
   2.106     -0.668916
   2.109     -0.669311
   2.112     -0.669684
   2.115     -0.670036
   2.118     -0.670366
   2.122     -0.670676
   2.125     -0.670964
   2.128     -0.671232
   2.131     -0.671480
   2.134     -0.671707
   2.138     -0.671915
   2.141     -0.672102
   2.144     -0.672269
   2.147     -0.672417
   2.150     -0.672546
   2.154     -0.672655
   2.157     -0.672745
   2.160     -0.672816
   2.163     -0.672869
   2.166     -0.672903
   2.170     -0.672919
   2.173     -0.672916
   2.176     -0.672896
   2.179     -0.672857
   2.182     -0.672801
   2.186     -0.672728
   2.189     -0.672637
   2.192     -0.672528
   2.195     -0.672403
   2.198     -0.672261
   2.202     -0.672102
   2.205     -0.671927
   2.208     -0.671735
   2.211     -0.671527
   2.214     -0.671303
   2.218     -0.671063
   2.221     -0.670807
   2.224     -0.670536
   2.227     -0.670249
   2.230     -0.669947
   2.234     -0.669630
   2.237     -0.669298
   2.240     -0.668951
   2.243     -0.668589
   2.246     -0.668213
   2.250     -0.667822
   2.253     -0.667418
   2.256     -0.666999
   2.259     -0.666566
   2.262     -0.666120
   2.266     -0.665660
   2.269     -0.665186
   2.272     -0.664699
   2.275     -0.664199
   2.278     -0.663686
   2.282     -0.663160
   2.285     -0.662622
   2.288     -0.662070
   2.291     -0.661507
   2.294     -0.660930
   2.298     -0.660342
   2.301     -0.659742
   2.304     -0.659130
   2.307     -0.658505
   2.310     -0.657870
   2.314     -0.657223
   2.317     -0.656564
   2.320     -0.655894
   2.323     -0.655213
   2.326     -0.654521
   2.330     -0.653819
   2.333     -0.653105
   2.336     -0.652381
   2.339     -0.651646
   2.342     -0.650902
   2.346     -0.650147
   2.349     -0.649381
   2.352     -0.648606
   2.355     -0.647821
   2.358     -0.647027
   2.362     -0.646222
   2.365     -0.645409
   2.368     -0.644586
   2.371     -0.643753
   2.374     -0.642912
   2.378     -0.642062
   2.381     -0.641203
   2.384     -0.640335
   2.387     -0.639458
   2.390     -0.638573
   2.394     -0.637679
   2.397     -0.636777
   2.400     -0.635867
   2.403     -0.634949
   2.406     -0.634023
   2.410     -0.633089
   2.413     -0.632148
   2.416     -0.631198
   2.419     -0.630242
   2.422     -0.629277
   2.426     -0.628306
   2.429     -0.627327
   2.432     -0.626341
   2.435     -0.625349
   2.438     -0.624349
   2.442     -0.623342
   2.445     -0.622329
   2.448     -0.621309
   2.451     -0.620283
   2.454     -0.619251
   2.458     -0.618212
   2.461     -0.617166
   2.464     -0.616115
   2.467     -0.615058
   2.470     -0.613995
   2.474     -0.612926
   2.477     -0.611851
   2.480     -0.610771
   2.483     -0.609685
   2.486     -0.608594
   2.490     -0.607497
   2.493     -0.606395
   2.496     -0.605288
   2.499     -0.604176
   2.502     -0.603059
   2.506     -0.601937
   2.509     -0.600810
   2.512     -0.599678
   2.515     -0.598542
   2.518     -0.597401
   2.522     -0.596256
   2.525     -0.595106
   2.528     -0.593952
   2.531     -0.592794
   2.534     -0.591632
   2.538     -0.590465
   2.541     -0.589295
   2.544     -0.588120
   2.547     -0.586942
   2.550     -0.585760
   2.554     -0.584574
   2.557     -0.583385
   2.560     -0.582192
   2.563     -0.580996
   2.566     -0.579796
   2.570     -0.578593
   2.573     -0.577387
   2.576     -0.576177
   2.579     -0.574965
   2.582     -0.573749
   2.586     -0.572531
   2.589     -0.571309
   2.592     -0.570085
   2.595     -0.568858
   2.598     -0.567628
   2.602     -0.566396
   2.605     -0.565161
   2.608     -0.563923
   2.611     -0.562683
   2.614     -0.561441
   2.618     -0.560197
   2.621     -0.558950
   2.624     -0.557701
   2.627     -0.556450
   2.630     -0.555197
   2.634     -0.553942
   2.637     -0.552684
   2.640     -0.551426
   2.643     -0.550165
   2.646     -0.548902
   2.650     -0.547638
   2.653     -0.546372
   2.656     -0.545105
   2.659     -0.543835
   2.662     -0.542565
   2.666     -0.541293
   2.669     -0.540020
   2.672     -0.538745
   2.675     -0.537469
   2.678     -0.536192
   2.682     -0.534914
   2.685     -0.533634
   2.688     -0.532354
   2.691     -0.531072
   2.694     -0.529790
   2.698     -0.528506
   2.701     -0.527222
   2.704     -0.525937
   2.707     -0.524651
   2.710     -0.523364
   2.714     -0.522077
   2.717     -0.520789
   2.720     -0.519500
   2.723     -0.518211
   2.726     -0.516922
   2.730     -0.515632
   2.733     -0.514341
   2.736     -0.513050
   2.739     -0.511759
   2.742     -0.510467
   2.746     -0.509176
   2.749     -0.507884
   2.752     -0.506592
   2.755     -0.505299
   2.758     -0.504007
   2.762     -0.502714
   2.765     -0.501422
   2.768     -0.500129
   2.771     -0.498837
   2.774     -0.497545
   2.778     -0.496253
   2.781     -0.494961
   2.784     -0.493669
   2.787     -0.492377
   2.790     -0.491086
   2.794     -0.489795
   2.797     -0.488504
   2.800     -0.487214
   2.803     -0.485924
   2.806     -0.484635
   2.810     -0.483346
   2.813     -0.482057
   2.816     -0.480769
   2.819     -0.479482
   2.822     -0.478195
   2.826     -0.476909
   2.829     -0.475623
   2.832     -0.474338
   2.835     -0.473054
   2.838     -0.471771
   2.842     -0.470488
   2.845     -0.469207
   2.848     -0.467925
   2.851     -0.466645
   2.854     -0.465366
   2.858     -0.464088
   2.861     -0.462810
   2.864     -0.461534
   2.867     -0.460258
   2.870     -0.458984
   2.874     -0.457710
   2.877     -0.456438
   2.880     -0.455166
   2.883     -0.453896
   2.886     -0.452627
   2.890     -0.451359
   2.893     -0.450092
   2.896     -0.448826
   2.899     -0.447562
   2.902     -0.446299
   2.906     -0.445037
   2.909     -0.443776
   2.912     -0.442516
   2.915     -0.441258
   2.918     -0.440001
   2.922     -0.438746
   2.925     -0.437492
   2.928     -0.436239
   2.931     -0.434988
   2.934     -0.433738
   2.938     -0.432490
   2.941     -0.431243
   2.944     -0.429997
   2.947     -0.428753
   2.950     -0.427511
   2.954     -0.426270
   2.957     -0.425030
   2.960     -0.423793
   2.963     -0.422556
   2.966     -0.421322
   2.970     -0.420089
   2.973     -0.418857
   2.976     -0.417627
   2.979     -0.416399
   2.982     -0.415173
   2.986     -0.413948
   2.989     -0.412725
   2.992     -0.411503
   2.995     -0.410284
   2.998     -0.409066
   3.002     -0.407849
   3.005     -0.406635
   3.008     -0.405422
   3.011     -0.404211
   3.014     -0.403002
   3.018     -0.401795
   3.021     -0.400589
   3.024     -0.399386
   3.027     -0.398184
   3.030     -0.396984
   3.034     -0.395786
   3.037     -0.394589
   3.040     -0.393395
   3.043     -0.392202
   3.046     -0.391012
   3.050     -0.389823
   3.053     -0.388636
   3.056     -0.387451
   3.059     -0.386268
   3.062     -0.385087
   3.066     -0.383908
   3.069     -0.382731
   3.072     -0.381556
   3.075     -0.380383
   3.078     -0.379212
   3.082     -0.378042
   3.085     -0.376875
   3.088     -0.375710
   3.091     -0.374547
   3.094     -0.373386
   3.098     -0.372226
   3.101     -0.371069
   3.104     -0.369914
   3.107     -0.368761
   3.110     -0.367610
   3.114     -0.366461
   3.117     -0.365314
   3.120     -0.364169
   3.123     -0.363027
   3.126     -0.361886
   3.130     -0.360747
   3.133     -0.359611
   3.136     -0.358476
   3.139     -0.357344
   3.142     -0.356214
   3.146     -0.355085
   3.149     -0.353959
   3.152     -0.352835
   3.155     -0.351713
   3.158     -0.350594
   3.162     -0.349476
   3.165     -0.348361
   3.168     -0.347247
   3.171     -0.346136
   3.174     -0.345027
   3.178     -0.343920
   3.181     -0.342815
   3.184     -0.341712
   3.187     -0.340612
   3.190     -0.339513
   3.194     -0.338417
   3.197     -0.337323
   3.200     -0.336231
   3.203     -0.335141
   3.206     -0.334054
   3.210     -0.332968
   3.213     -0.331885
   3.216     -0.330804
   3.219     -0.329725
   3.222     -0.328648
   3.226     -0.327573
   3.229     -0.326500
   3.232     -0.325430
   3.235     -0.324362
   3.238     -0.323296
   3.242     -0.322232
   3.245     -0.321170
   3.248     -0.320111
   3.251     -0.319053
   3.254     -0.317998
   3.258     -0.316945
   3.261     -0.315894
   3.264     -0.314845
   3.267     -0.313799
   3.270     -0.312755
   3.274     -0.311712
   3.277     -0.310672
   3.280     -0.309634
   3.283     -0.308599
   3.286     -0.307565
   3.290     -0.306534
   3.293     -0.305505
   3.296     -0.304478
   3.299     -0.303453
   3.302     -0.302430
   3.306     -0.301410
   3.309     -0.300391
   3.312     -0.299375
   3.315     -0.298361
   3.318     -0.297349
   3.322     -0.296339
   3.325     -0.295332
   3.328     -0.294326
   3.331     -0.293323
   3.334     -0.292322
   3.338     -0.291323
   3.341     -0.290326
   3.344     -0.289331
   3.347     -0.288338
   3.350     -0.287348
   3.354     -0.286360
   3.357     -0.285374
   3.360     -0.284390
   3.363     -0.283408
   3.366     -0.282428
   3.370     -0.281450
   3.373     -0.280475
   3.376     -0.279501
   3.379     -0.278530
   3.382     -0.277561
   3.386     -0.276594
   3.389     -0.275629
   3.392     -0.274666
   3.395     -0.273705
   3.398     -0.272747
   3.402     -0.271790
   3.405     -0.270836
   3.408     -0.269883
   3.411     -0.268933
   3.414     -0.267985
   3.418     -0.267039
   3.421     -0.266095
   3.424     -0.265153
   3.427     -0.264213
   3.430     -0.263276
   3.434     -0.262340
   3.437     -0.261406
   3.440     -0.260475
   3.443     -0.259545
   3.446     -0.258618
   3.450     -0.257693
   3.453     -0.256769
   3.456     -0.255848
   3.459     -0.254929
   3.462     -0.254012
   3.466     -0.253097
   3.469     -0.252183
   3.472     -0.251272
   3.475     -0.250363
   3.478     -0.249456
   3.482     -0.248551
   3.485     -0.247648
   3.488     -0.246747
   3.491     -0.245848
   3.494     -0.244952
   3.498     -0.244057
   3.501     -0.243164
   3.504     -0.242273
   3.507     -0.241384
   3.510     -0.240497
   3.514     -0.239612
   3.517     -0.238729
   3.520     -0.237848
   3.523     -0.236969
   3.526     -0.236092
   3.530     -0.235216
   3.533     -0.234343
   3.536     -0.233472
   3.539     -0.232603
   3.542     -0.231736
   3.546     -0.230870
   3.549     -0.230007
   3.552     -0.229145
   3.555     -0.228286
   3.558     -0.227428
   3.562     -0.226572
   3.565     -0.225719
   3.568     -0.224867
   3.571     -0.224017
   3.574     -0.223169
   3.578     -0.222323
   3.581     -0.221478
   3.584     -0.220636
   3.587     -0.219795
   3.590     -0.218957
   3.594     -0.218120
   3.597     -0.217285
   3.600     -0.216452
   3.603     -0.215621
   3.606     -0.214792
   3.610     -0.213965
   3.613     -0.213139
   3.616     -0.212316
   3.619     -0.211494
   3.622     -0.210674
   3.626     -0.209856
   3.629     -0.209039
   3.632     -0.208225
   3.635     -0.207412
   3.638     -0.206602
   3.642     -0.205793
   3.645     -0.204985
   3.648     -0.204180
   3.651     -0.203377
   3.654     -0.202575
   3.658     -0.201775
   3.661     -0.200977
   3.664     -0.200180
   3.667     -0.199386
   3.670     -0.198593
   3.674     -0.197802
   3.677     -0.197013
   3.680     -0.196225
   3.683     -0.195439
   3.686     -0.194655
   3.690     -0.193873
   3.693     -0.193093
   3.696     -0.192314
   3.699     -0.191537
   3.702     -0.190761
   3.706     -0.189988
   3.709     -0.189216
   3.712     -0.188446
   3.715     -0.187678
   3.718     -0.186911
   3.722     -0.186146
   3.725     -0.185383
   3.728     -0.184621
   3.731     -0.183861
   3.734     -0.183103
   3.738     -0.182347
   3.741     -0.181592
   3.744     -0.180839
   3.747     -0.180087
   3.750     -0.179337
   3.754     -0.178589
   3.757     -0.177843
   3.760     -0.177098
   3.763     -0.176355
   3.766     -0.175613
   3.770     -0.174873
   3.773     -0.174135
   3.776     -0.173398
   3.779     -0.172663
   3.782     -0.171930
   3.786     -0.171198
   3.789     -0.170468
   3.792     -0.169740
   3.795     -0.169013
   3.798     -0.168287
   3.802     -0.167564
   3.805     -0.166842
   3.808     -0.166121
   3.811     -0.165402
   3.814     -0.164685
   3.818     -0.163969
   3.821     -0.163255
   3.824     -0.162542
   3.827     -0.161831
   3.830     -0.161122
   3.834     -0.160414
   3.837     -0.159707
   3.840     -0.159002
   3.843     -0.158299
   3.846     -0.157597
   3.850     -0.156897
   3.853     -0.156198
   3.856     -0.155501
   3.859     -0.154805
   3.862     -0.154111
   3.866     -0.153418
   3.869     -0.152727
   3.872     -0.152038
   3.875     -0.151349
   3.878     -0.150663
   3.882     -0.149978
   3.885     -0.149294
   3.888     -0.148612
   3.891     -0.147931
   3.894     -0.147252
   3.898     -0.146574
   3.901     -0.145898
   3.904     -0.145223
   3.907     -0.144549
   3.910     -0.143877
   3.914     -0.143207
   3.917     -0.142538
   3.920     -0.141870
   3.923     -0.141204
   3.926     -0.140539
   3.930     -0.139876
   3.933     -0.139214
   3.936     -0.138554
   3.939     -0.137894
   3.942     -0.137237
   3.946     -0.136581
   3.949     -0.135926
   3.952     -0.135272
   3.955     -0.134620
   3.958     -0.133970
   3.962     -0.133320
   3.965     -0.132672
   3.968     -0.132026
   3.971     -0.131381
   3.974     -0.130737
   3.978     -0.130095
   3.981     -0.129453
   3.984     -0.128814
   3.987     -0.128175
   3.990     -0.127538
   3.994     -0.126903
   3.997     -0.126268
   4.000     -0.125636
   4.003     -0.125004
   4.006     -0.124374
   4.010     -0.123745
   4.013     -0.123117
   4.016     -0.122491
   4.019     -0.121866
   4.022     -0.121242
   4.026     -0.120619
   4.029     -0.119998
   4.032     -0.119379
   4.035     -0.118760
   4.038     -0.118143
   4.042     -0.117527
   4.045     -0.116912
   4.048     -0.116299
   4.051     -0.115687
   4.054     -0.115076
   4.058     -0.114466
   4.061     -0.113858
   4.064     -0.113251
   4.067     -0.112645
   4.070     -0.112041
   4.074     -0.111437
   4.077     -0.110835
   4.080     -0.110235
   4.083     -0.109635
   4.086     -0.109037
   4.090     -0.108440
   4.093     -0.107844
   4.096     -0.107249
   4.099     -0.106656
   4.102     -0.106063
   4.106     -0.105472
   4.109     -0.104883
   4.112     -0.104294
   4.115     -0.103707
   4.118     -0.103120
   4.122     -0.102535
   4.125     -0.101952
   4.128     -0.101369
   4.131     -0.100787
   4.134     -0.100207
   4.138     -0.099628
   4.141     -0.099050
   4.144     -0.098473
   4.147     -0.097898
   4.150     -0.097323
   4.154     -0.096750
   4.157     -0.096178
   4.160     -0.095607
   4.163     -0.095037
   4.166     -0.094468
   4.170     -0.093900
   4.173     -0.093334
   4.176     -0.092769
   4.179     -0.092204
   4.182     -0.091641
   4.186     -0.091079
   4.189     -0.090519
   4.192     -0.089959
   4.195     -0.089400
   4.198     -0.088843
   4.202     -0.088286
   4.205     -0.087731
   4.208     -0.087177
   4.211     -0.086624
   4.214     -0.086072
   4.218     -0.085521
   4.221     -0.084971
   4.224     -0.084422
   4.227     -0.083874
   4.230     -0.083327
   4.234     -0.082782
   4.237     -0.082237
   4.240     -0.081694
   4.243     -0.081151
   4.246     -0.080610
   4.250     -0.080070
   4.253     -0.079530
   4.256     -0.078992
   4.259     -0.078455
   4.262     -0.077919
   4.266     -0.077384
   4.269     -0.076850
   4.272     -0.076316
   4.275     -0.075784
   4.278     -0.075253
   4.282     -0.074723
   4.285     -0.074194
   4.288     -0.073666
   4.291     -0.073139
   4.294     -0.072613
   4.298     -0.072088
   4.301     -0.071564
   4.304     -0.071041
   4.307     -0.070519
   4.310     -0.069998
   4.314     -0.069478
   4.317     -0.068959
   4.320     -0.068441
   4.323     -0.067924
   4.326     -0.067408
   4.330     -0.066892
   4.333     -0.066378
   4.336     -0.065865
   4.339     -0.065352
   4.342     -0.064841
   4.346     -0.064331
   4.349     -0.063821
   4.352     -0.063313
   4.355     -0.062805
   4.358     -0.062298
   4.362     -0.061793
   4.365     -0.061288
   4.368     -0.060784
   4.371     -0.060281
   4.374     -0.059779
   4.378     -0.059278
   4.381     -0.058778
   4.384     -0.058278
   4.387     -0.057780
   4.390     -0.057282
   4.394     -0.056786
   4.397     -0.056290
   4.400     -0.055795
   4.403     -0.055301
   4.406     -0.054808
   4.410     -0.054316
   4.413     -0.053825
   4.416     -0.053335
   4.419     -0.052845
   4.422     -0.052356
   4.426     -0.051869
   4.429     -0.051382
   4.432     -0.050896
   4.435     -0.050411
   4.438     -0.049926
   4.442     -0.049443
   4.445     -0.048960
   4.448     -0.048478
   4.451     -0.047997
   4.454     -0.047517
   4.458     -0.047038
   4.461     -0.046560
   4.464     -0.046082
   4.467     -0.045605
   4.470     -0.045130
   4.474     -0.044654
   4.477     -0.044180
   4.480     -0.043707
   4.483     -0.043234
   4.486     -0.042762
   4.490     -0.042291
   4.493     -0.041821
   4.496     -0.041352
   4.499     -0.040883
   4.502     -0.040415
   4.506     -0.039948
   4.509     -0.039482
   4.512     -0.039017
   4.515     -0.038552
   4.518     -0.038088
   4.522     -0.037625
   4.525     -0.037163
   4.528     -0.036701
   4.531     -0.036240
   4.534     -0.035780
   4.538     -0.035321
   4.541     -0.034863
   4.544     -0.034405
   4.547     -0.033948
   4.550     -0.033492
   4.554     -0.033036
   4.557     -0.032582
   4.560     -0.032128
   4.563     -0.031675
   4.566     -0.031222
   4.570     -0.030770
   4.573     -0.030319
   4.576     -0.029869
   4.579     -0.029420
   4.582     -0.028971
   4.586     -0.028523
   4.589     -0.028075
   4.592     -0.027629
   4.595     -0.027183
   4.598     -0.026738
   4.602     -0.026293
   4.605     -0.025849
   4.608     -0.025406
   4.611     -0.024964
   4.614     -0.024522
   4.618     -0.024081
   4.621     -0.023641
   4.624     -0.023201
   4.627     -0.022762
   4.630     -0.022324
   4.634     -0.021886
   4.637     -0.021449
   4.640     -0.021013
   4.643     -0.020577
   4.646     -0.020142
   4.650     -0.019708
   4.653     -0.019275
   4.656     -0.018842
   4.659     -0.018410
   4.662     -0.017978
   4.666     -0.017547
   4.669     -0.017117
   4.672     -0.016687
   4.675     -0.016258
   4.678     -0.015830
   4.682     -0.015402
   4.685     -0.014975
   4.688     -0.014548
   4.691     -0.014122
   4.694     -0.013697
   4.698     -0.013273
   4.701     -0.012849
   4.704     -0.012425
   4.707     -0.012003
   4.710     -0.011580
   4.714     -0.011159
   4.717     -0.010738
   4.720     -0.010318
   4.723     -0.009898
   4.726     -0.009479
   4.730     -0.009061
   4.733     -0.008643
   4.736     -0.008225
   4.739     -0.007809
   4.742     -0.007393
   4.746     -0.006977
   4.749     -0.006562
   4.752     -0.006148
   4.755     -0.005734
   4.758     -0.005321
   4.762     -0.004908
   4.765     -0.004496
   4.768     -0.004084
   4.771     -0.003673
   4.774     -0.003263
   4.778     -0.002853
   4.781     -0.002444
   4.784     -0.002035
   4.787     -0.001627
   4.790     -0.001220
   4.794     -0.000812
   4.797     -0.000406
   4.800      0.000000
