   0.000      1.878842
   0.003      1.878841
   0.006      1.878841
   0.010      1.878841
   0.013      1.878840
   0.016      1.878838
   0.019      1.878834
   0.022      1.878828
   0.025      1.878820
   0.029      1.878806
   0.032      1.878788
   0.035      1.878764
   0.038      1.878731
   0.041      1.878690
   0.044      1.878638
   0.048      1.878575
   0.051      1.878497
   0.054      1.878404
   0.057      1.878293
   0.060      1.878163
   0.064      1.878011
   0.067      1.877836
   0.070      1.877635
   0.073      1.877406
   0.076      1.877146
   0.079      1.876855
   0.083      1.876528
   0.086      1.876164
   0.089      1.875761
   0.092      1.875315
   0.095      1.874825
   0.098      1.874288
   0.102      1.873702
   0.105      1.873065
   0.108      1.872374
   0.111      1.871626
   0.114      1.870820
   0.117      1.869954
   0.121      1.869024
   0.124      1.868031
   0.127      1.866970
   0.130      1.865841
   0.133      1.864642
   0.137      1.863370
   0.140      1.862026
   0.143      1.860606
   0.146      1.859109
   0.149      1.857535
   0.152      1.855883
   0.156      1.854150
   0.159      1.852337
   0.162      1.850443
   0.165      1.848467
   0.168      1.846409
   0.171      1.844268
   0.175      1.842044
   0.178      1.839737
   0.181      1.837348
   0.184      1.834876
   0.187      1.832321
   0.191      1.829685
   0.194      1.826967
   0.197      1.824168
   0.200      1.821289
   0.203      1.818332
   0.206      1.815295
   0.210      1.812182
   0.213      1.808993
   0.216      1.805728
   0.219      1.802390
   0.222      1.798979
   0.225      1.795497
   0.229      1.791945
   0.232      1.788324
   0.235      1.784637
   0.238      1.780884
   0.241      1.777066
   0.244      1.773186
   0.248      1.769245
   0.251      1.765245
   0.254      1.761186
   0.257      1.757070
   0.260      1.752900
   0.264      1.748675
   0.267      1.744398
   0.270      1.740071
   0.273      1.735693
   0.276      1.731268
   0.279      1.726796
   0.283      1.722279
   0.286      1.717718
   0.289      1.713114
   0.292      1.708469
   0.295      1.703784
   0.298      1.699060
   0.302      1.694298
   0.305      1.689500
   0.308      1.684666
   0.311      1.679799
   0.314      1.674899
   0.318      1.669966
   0.321      1.665004
   0.324      1.660012
   0.327      1.654991
   0.330      1.649943
   0.333      1.644869
   0.337      1.639770
   0.340      1.634647
   0.343      1.629501
   0.346      1.624334
   0.349      1.619145
   0.352      1.613937
   0.356      1.608710
   0.359      1.603465
   0.362      1.598204
   0.365      1.592927
   0.368      1.587635
   0.371      1.582331
   0.375      1.577013
   0.378      1.571684
   0.381      1.566345
   0.384      1.560997
   0.387      1.555639
   0.391      1.550275
   0.394      1.544904
   0.397      1.539527
   0.400      1.534146
   0.403      1.528762
   0.406      1.523374
   0.410      1.517986
   0.413      1.512596
   0.416      1.507206
   0.419      1.501818
   0.422      1.496432
   0.425      1.491048
   0.429      1.485669
   0.432      1.480293
   0.435      1.474924
   0.438      1.469560
   0.441      1.464204
   0.445      1.458855
   0.448      1.453516
   0.451      1.448185
   0.454      1.442865
   0.457      1.437556
   0.460      1.432259
   0.464      1.426974
   0.467      1.421702
   0.470      1.416444
   0.473      1.411200
   0.476      1.405972
   0.479      1.400759
   0.483      1.395563
   0.486      1.390384
   0.489      1.385222
   0.492      1.380079
   0.495      1.374954
   0.498      1.369849
   0.502      1.364763
   0.505      1.359698
   0.508      1.354654
   0.511      1.349631
   0.514      1.344630
   0.518      1.339651
   0.521      1.334695
   0.524      1.329762
   0.527      1.324853
   0.530      1.319968
   0.533      1.315107
   0.537      1.310270
   0.540      1.305459
   0.543      1.300673
   0.546      1.295913
   0.549      1.291179
   0.552      1.286472
   0.556      1.281791
   0.559      1.277136
   0.562      1.272510
   0.565      1.267910
   0.568      1.263338
   0.572      1.258794
   0.575      1.254278
   0.578      1.249791
   0.581      1.245331
   0.584      1.240901
   0.587      1.236499
   0.591      1.232126
   0.594      1.227782
   0.597      1.223467
   0.600      1.219182
   0.603      1.214926
   0.606      1.210699
   0.610      1.206502
   0.613      1.202334
   0.616      1.198196
   0.619      1.194087
   0.622      1.190009
   0.625      1.185960
   0.629      1.181940
   0.632      1.177951
   0.635      1.173991
   0.638      1.170061
   0.641      1.166160
   0.645      1.162289
   0.648      1.158448
   0.651      1.154636
   0.654      1.150854
   0.657      1.147101
   0.660      1.143377
   0.664      1.139683
   0.667      1.136017
   0.670      1.132381
   0.673      1.128774
   0.676      1.125195
   0.679      1.121645
   0.683      1.118124
   0.686      1.114631
   0.689      1.111166
   0.692      1.107730
   0.695      1.104321
   0.699      1.100940
   0.702      1.097587
   0.705      1.094261
   0.708      1.090963
   0.711      1.087692
   0.714      1.084447
   0.718      1.081230
   0.721      1.078039
   0.724      1.074874
   0.727      1.071735
   0.730      1.068623
   0.733      1.065536
   0.737      1.062474
   0.740      1.059438
   0.743      1.056427
   0.746      1.053441
   0.749      1.050480
   0.752      1.047543
   0.756      1.044630
   0.759      1.041741
   0.762      1.038876
   0.765      1.036034
   0.768      1.033215
   0.772      1.030420
   0.775      1.027647
   0.778      1.024897
   0.781      1.022169
   0.784      1.019463
   0.787      1.016779
   0.791      1.014116
   0.794      1.011475
   0.797      1.008855
   0.800      1.006255
   0.803      1.003676
   0.806      1.001118
   0.810      0.998579
   0.813      0.996060
   0.816      0.993561
   0.819      0.991081
   0.822      0.988620
   0.826      0.986178
   0.829      0.983755
   0.832      0.981350
   0.835      0.978962
   0.838      0.976593
   0.841      0.974241
   0.845      0.971907
   0.848      0.969590
   0.851      0.967289
   0.854      0.965005
   0.857      0.962738
   0.860      0.960487
   0.864      0.958251
   0.867      0.956032
   0.870      0.953827
   0.873      0.951638
   0.876      0.949464
   0.879      0.947305
   0.883      0.945160
   0.886      0.943029
   0.889      0.940913
   0.892      0.938810
   0.895      0.936721
   0.899      0.934646
   0.902      0.932583
   0.905      0.930534
   0.908      0.928498
   0.911      0.926474
   0.914      0.924462
   0.918      0.922463
   0.921      0.920475
   0.924      0.918500
   0.927      0.916536
   0.930      0.914583
   0.933      0.912642
   0.937      0.910711
   0.940      0.908791
   0.943      0.906883
   0.946      0.904984
   0.949      0.903096
   0.953      0.901218
   0.956      0.899350
   0.959      0.897491
   0.962      0.895642
   0.965      0.893803
   0.968      0.891973
   0.972      0.890152
   0.975      0.888340
   0.978      0.886537
   0.981      0.884742
   0.984      0.882956
   0.987      0.881178
   0.991      0.879409
   0.994      0.877647
   0.997      0.875894
   1.000      0.874148
   1.003      0.872410
   1.006      0.870679
   1.010      0.868956
   1.013      0.867239
   1.016      0.865531
   1.019      0.863829
   1.022      0.862134
   1.026      0.860445
   1.029      0.858764
   1.032      0.857088
   1.035      0.855420
   1.038      0.853757
   1.041      0.852101
   1.045      0.850451
   1.048      0.848807
   1.051      0.847169
   1.054      0.845536
   1.057      0.843909
   1.060      0.842288
   1.064      0.840673
   1.067      0.839062
   1.070      0.837458
   1.073      0.835858
   1.076      0.834263
   1.080      0.832674
   1.083      0.831090
   1.086      0.829510
   1.089      0.827935
   1.092      0.826366
   1.095      0.824800
   1.099      0.823240
   1.102      0.821684
   1.105      0.820132
   1.108      0.818585
   1.111      0.817043
   1.114      0.815504
   1.118      0.813970
   1.121      0.812440
   1.124      0.810914
   1.127      0.809393
   1.130      0.807875
   1.133      0.806361
   1.137      0.804851
   1.140      0.803345
   1.143      0.801843
   1.146      0.800344
   1.149      0.798850
   1.153      0.797359
   1.156      0.795871
   1.159      0.794388
   1.162      0.792907
   1.165      0.791431
   1.168      0.789958
   1.172      0.788488
   1.175      0.787021
   1.178      0.785559
   1.181      0.784099
   1.184      0.782643
   1.187      0.781190
   1.191      0.779740
   1.194      0.778293
   1.197      0.776850
   1.200      0.775410
   1.203      0.773973
   1.207      0.772539
   1.210      0.771108
   1.213      0.769681
   1.216      0.768256
   1.219      0.766834
   1.222      0.765416
   1.226      0.764000
   1.229      0.762588
   1.232      0.761178
   1.235      0.759771
   1.238      0.758367
   1.241      0.756967
   1.245      0.755569
   1.248      0.754174
   1.251      0.752781
   1.254      0.751392
   1.257      0.750005
   1.260      0.748622
   1.264      0.747241
   1.267      0.745863
   1.270      0.744488
   1.273      0.743115
   1.276      0.741746
   1.280      0.740379
   1.283      0.739015
   1.286      0.737653
   1.289      0.736295
   1.292      0.734939
   1.295      0.733586
   1.299      0.732235
   1.302      0.730888
   1.305      0.729543
   1.308      0.728201
   1.311      0.726861
   1.314      0.725524
   1.318      0.724190
   1.321      0.722859
   1.324      0.721530
   1.327      0.720204
   1.330      0.718881
   1.334      0.717560
   1.337      0.716243
   1.340      0.714927
   1.343      0.713615
   1.346      0.712305
   1.349      0.710998
   1.353      0.709693
   1.356      0.708392
   1.359      0.707093
   1.362      0.705796
   1.365      0.704502
   1.368      0.703211
   1.372      0.701923
   1.375      0.700637
   1.378      0.699354
   1.381      0.698074
   1.384      0.696796
   1.388      0.695522
   1.391      0.694249
   1.394      0.692980
   1.397      0.691713
   1.400      0.690449
   1.403      0.689187
   1.407      0.687928
   1.410      0.686672
   1.413      0.685419
   1.416      0.684168
   1.419      0.682920
   1.422      0.681675
   1.426      0.680432
   1.429      0.679192
   1.432      0.677955
   1.435      0.676720
   1.438      0.675488
   1.441      0.674259
   1.445      0.673033
   1.448      0.671809
   1.451      0.670588
   1.454      0.669370
   1.457      0.668154
   1.461      0.666941
   1.464      0.665731
   1.467      0.664523
   1.470      0.663319
   1.473      0.662117
   1.476      0.660917
   1.480      0.659721
   1.483      0.658527
   1.486      0.657336
   1.489      0.656147
   1.492      0.654961
   1.495      0.653778
   1.499      0.652598
   1.502      0.651421
   1.505      0.650246
   1.508      0.649074
   1.511      0.647904
   1.515      0.646738
   1.518      0.645574
   1.521      0.644413
   1.524      0.643254
   1.527      0.642099
   1.530      0.640946
   1.534      0.639795
   1.537      0.638648
   1.540      0.637503
   1.543      0.636361
   1.546      0.635222
   1.549      0.634085
   1.553      0.632951
   1.556      0.631820
   1.559      0.630692
   1.562      0.629566
   1.565      0.628444
   1.568      0.627323
   1.572      0.626206
   1.575      0.625091
   1.578      0.623979
   1.581      0.622870
   1.584      0.621764
   1.588      0.620660
   1.591      0.619559
   1.594      0.618460
   1.597      0.617365
   1.600      0.616272
   1.603      0.615182
   1.607      0.614094
   1.610      0.613010
   1.613      0.611928
   1.616      0.610848
   1.619      0.609772
   1.622      0.608698
   1.626      0.607627
   1.629      0.606559
   1.632      0.605493
   1.635      0.604430
   1.638      0.603370
   1.642      0.602312
   1.645      0.601257
   1.648      0.600205
   1.651      0.599155
   1.654      0.598109
   1.657      0.597064
   1.661      0.596023
   1.664      0.594984
   1.667      0.593948
   1.670      0.592915
   1.673      0.591884
   1.676      0.590856
   1.680      0.589831
   1.683      0.588808
   1.686      0.587788
   1.689      0.586771
   1.692      0.585756
   1.695      0.584744
   1.699      0.583735
   1.702      0.582728
   1.705      0.581724
   1.708      0.580723
   1.711      0.579724
   1.715      0.578728
   1.718      0.577734
   1.721      0.576743
   1.724      0.575755
   1.727      0.574770
   1.730      0.573787
   1.734      0.572806
   1.737      0.571828
   1.740      0.570853
   1.743      0.569881
   1.746      0.568911
   1.749      0.567943
   1.753      0.566979
   1.756      0.566016
   1.759      0.565057
   1.762      0.564100
   1.765      0.563145
   1.769      0.562194
   1.772      0.561244
   1.775      0.560297
   1.778      0.559353
   1.781      0.558412
   1.784      0.557473
   1.788      0.556536
   1.791      0.555602
   1.794      0.554671
   1.797      0.553742
   1.800      0.552815
   1.803      0.551891
   1.807      0.550970
   1.810      0.550051
   1.813      0.549135
   1.816      0.548221
   1.819      0.547309
   1.822      0.546400
   1.826      0.545494
   1.829      0.544590
   1.832      0.543689
   1.835      0.542790
   1.838      0.541893
   1.842      0.540999
   1.845      0.540107
   1.848      0.539218
   1.851      0.538332
   1.854      0.537447
   1.857      0.536565
   1.861      0.535686
   1.864      0.534809
   1.867      0.533934
   1.870      0.533062
   1.873      0.532193
   1.876      0.531325
   1.880      0.530460
   1.883      0.529598
   1.886      0.528737
   1.889      0.527880
   1.892      0.527024
   1.896      0.526171
   1.899      0.525320
   1.902      0.524472
   1.905      0.523626
   1.908      0.522782
   1.911      0.521941
   1.915      0.521102
   1.918      0.520265
   1.921      0.519431
   1.924      0.518599
   1.927      0.517769
   1.930      0.516942
   1.934      0.516117
   1.937      0.515294
   1.940      0.514473
   1.943      0.513655
   1.946      0.512839
   1.949      0.512025
   1.953      0.511214
   1.956      0.510405
   1.959      0.509598
   1.962      0.508793
   1.965      0.507990
   1.969      0.507190
   1.972      0.506392
   1.975      0.505596
   1.978      0.504803
   1.981      0.504011
   1.984      0.503222
   1.988      0.502435
   1.991      0.501650
   1.994      0.500868
   1.997      0.500087
   2.000      0.499309
   2.003      0.498533
   2.007      0.497759
   2.010      0.496988
   2.013      0.496218
   2.016      0.495450
   2.019      0.494685
   2.023      0.493922
   2.026      0.493161
   2.029      0.492402
   2.032      0.491645
   2.035      0.490890
   2.038      0.490138
   2.042      0.489387
   2.045      0.488639
   2.048      0.487892
   2.051      0.487148
   2.054      0.486406
   2.057      0.485666
   2.061      0.484928
   2.064      0.484192
   2.067      0.483458
   2.070      0.482726
   2.073      0.481996
   2.076      0.481268
   2.080      0.480542
   2.083      0.479818
   2.086      0.479096
   2.089      0.478376
   2.092      0.477659
   2.096      0.476943
   2.099      0.476229
   2.102      0.475517
   2.105      0.474807
   2.108      0.474099
   2.111      0.473393
   2.115      0.472689
   2.118      0.471987
   2.121      0.471287
   2.124      0.470589
   2.127      0.469893
   2.130      0.469198
   2.134      0.468506
   2.137      0.467815
   2.140      0.467127
   2.143      0.466440
   2.146      0.465755
   2.150      0.465072
   2.153      0.464391
   2.156      0.463712
   2.159      0.463035
   2.162      0.462360
   2.165      0.461686
   2.169      0.461014
   2.172      0.460344
   2.175      0.459676
   2.178      0.459010
   2.181      0.458346
   2.184      0.457684
   2.188      0.457023
   2.191      0.456364
   2.194      0.455707
   2.197      0.455052
   2.200      0.454398
   2.203      0.453747
   2.207      0.453097
   2.210      0.452449
   2.213      0.451802
   2.216      0.451158
   2.219      0.450515
   2.223      0.449874
   2.226      0.449235
   2.229      0.448597
   2.232      0.447961
   2.235      0.447327
   2.238      0.446695
   2.242      0.446064
   2.245      0.445435
   2.248      0.444808
   2.251      0.444183
   2.254      0.443559
   2.257      0.442937
   2.261      0.442316
   2.264      0.441697
   2.267      0.441080
   2.270      0.440465
   2.273      0.439851
   2.277      0.439239
   2.280      0.438629
   2.283      0.438020
   2.286      0.437413
   2.289      0.436807
   2.292      0.436204
   2.296      0.435601
   2.299      0.435001
   2.302      0.434402
   2.305      0.433804
   2.308      0.433209
   2.311      0.432614
   2.315      0.432022
   2.318      0.431431
   2.321      0.430841
   2.324      0.430254
   2.327      0.429667
   2.330      0.429083
   2.334      0.428499
   2.337      0.427918
   2.340      0.427338
   2.343      0.426759
   2.346      0.426182
   2.350      0.425607
   2.353      0.425033
   2.356      0.424461
   2.359      0.423890
   2.362      0.423320
   2.365      0.422753
   2.369      0.422186
   2.372      0.421621
   2.375      0.421058
   2.378      0.420496
   2.381      0.419936
   2.384      0.419377
   2.388      0.418820
   2.391      0.418264
   2.394      0.417709
   2.397      0.417156
   2.400      0.416604
   2.404      0.416054
   2.407      0.415506
   2.410      0.414958
   2.413      0.414412
   2.416      0.413868
   2.419      0.413325
   2.423      0.412783
   2.426      0.412243
   2.429      0.411704
   2.432      0.411167
   2.435      0.410631
   2.438      0.410096
   2.442      0.409563
   2.445      0.409031
   2.448      0.408501
   2.451      0.407972
   2.454      0.407444
   2.457      0.406918
   2.461      0.406393
   2.464      0.405869
   2.467      0.405347
   2.470      0.404826
   2.473      0.404306
   2.477      0.403788
   2.480      0.403271
   2.483      0.402755
   2.486      0.402241
   2.489      0.401728
   2.492      0.401216
   2.496      0.400705
   2.499      0.400196
   2.502      0.399688
   2.505      0.399182
   2.508      0.398676
   2.511      0.398172
   2.515      0.397670
   2.518      0.397168
   2.521      0.396668
   2.524      0.396169
   2.527      0.395671
   2.531      0.395175
   2.534      0.394680
   2.537      0.394186
   2.540      0.393693
