   0.000      1.019608
   0.003      1.019608
   0.006      1.019608
   0.010      1.019608
   0.013      1.019608
   0.016      1.019608
   0.019      1.019608
   0.022      1.019608
   0.025      1.019608
   0.029      1.019608
   0.032      1.019608
   0.035      1.019608
   0.038      1.019608
   0.041      1.019608
   0.044      1.019608
   0.048      1.019608
   0.051      1.019608
   0.054      1.019608
   0.057      1.019608
   0.060      1.019608
   0.064      1.019608
   0.067      1.019608
   0.070      1.019608
   0.073      1.019608
   0.076      1.019608
   0.079      1.019608
   0.083      1.019608
   0.086      1.019608
   0.089      1.019607
   0.092      1.019607
   0.095      1.019607
   0.098      1.019607
   0.102      1.019607
   0.105      1.019606
   0.108      1.019606
   0.111      1.019606
   0.114      1.019605
   0.117      1.019604
   0.121      1.019604
   0.124      1.019603
   0.127      1.019602
   0.130      1.019601
   0.133      1.019600
   0.137      1.019599
   0.140      1.019598
   0.143      1.019596
   0.146      1.019595
   0.149      1.019593
   0.152      1.019591
   0.156      1.019589
   0.159      1.019586
   0.162      1.019584
   0.165      1.019581
   0.168      1.019578
   0.171      1.019574
   0.175      1.019570
   0.178      1.019566
   0.181      1.019561
   0.184      1.019556
   0.187      1.019551
   0.191      1.019545
   0.194      1.019539
   0.197      1.019532
   0.200      1.019525
   0.203      1.019517
   0.206      1.019508
   0.210      1.019499
   0.213      1.019489
   0.216      1.019478
   0.219      1.019467
   0.222      1.019455
   0.225      1.019442
   0.229      1.019428
   0.232      1.019414
   0.235      1.019398
   0.238      1.019382
   0.241      1.019364
   0.244      1.019345
   0.248      1.019325
   0.251      1.019304
   0.254      1.019282
   0.257      1.019259
   0.260      1.019234
   0.264      1.019208
   0.267      1.019180
   0.270      1.019151
   0.273      1.019121
   0.276      1.019088
   0.279      1.019054
   0.283      1.019019
   0.286      1.018982
   0.289      1.018942
   0.292      1.018901
   0.295      1.018858
   0.298      1.018813
   0.302      1.018766
   0.305      1.018717
   0.308      1.018666
   0.311      1.018612
   0.314      1.018556
   0.318      1.018498
   0.321      1.018437
   0.324      1.018374
   0.327      1.018308
   0.330      1.018240
   0.333      1.018169
   0.337      1.018095
   0.340      1.018018
   0.343      1.017938
   0.346      1.017855
   0.349      1.017770
   0.352      1.017681
   0.356      1.017589
   0.359      1.017493
   0.362      1.017395
   0.365      1.017293
   0.368      1.017187
   0.371      1.017079
   0.375      1.016966
   0.378      1.016850
   0.381      1.016730
   0.384      1.016606
   0.387      1.016479
   0.391      1.016347
   0.394      1.016212
   0.397      1.016073
   0.400      1.015929
   0.403      1.015781
   0.406      1.015629
   0.410      1.015473
   0.413      1.015313
   0.416      1.015148
   0.419      1.014978
   0.422      1.014804
   0.425      1.014625
   0.429      1.014442
   0.432      1.014254
   0.435      1.014061
   0.438      1.013863
   0.441      1.013661
   0.445      1.013453
   0.448      1.013240
   0.451      1.013023
   0.454      1.012800
   0.457      1.012572
   0.460      1.012338
   0.464      1.012100
   0.467      1.011856
   0.470      1.011606
   0.473      1.011352
   0.476      1.011091
   0.479      1.010825
   0.483      1.010554
   0.486      1.010276
   0.489      1.009994
   0.492      1.009705
   0.495      1.009410
   0.498      1.009110
   0.502      1.008804
   0.505      1.008491
   0.508      1.008173
   0.511      1.007849
   0.514      1.007518
   0.518      1.007182
   0.521      1.006839
   0.524      1.006490
   0.527      1.006135
   0.530      1.005773
   0.533      1.005405
   0.537      1.005031
   0.540      1.004650
   0.543      1.004263
   0.546      1.003869
   0.549      1.003469
   0.552      1.003062
   0.556      1.002649
   0.559      1.002229
   0.562      1.001802
   0.565      1.001369
   0.568      1.000929
   0.572      1.000482
   0.575      1.000028
   0.578      0.999567
   0.581      0.999100
   0.584      0.998626
   0.587      0.998144
   0.591      0.997656
   0.594      0.997161
   0.597      0.996659
   0.600      0.996150
   0.603      0.995633
   0.606      0.995110
   0.610      0.994580
   0.613      0.994042
   0.616      0.993498
   0.619      0.992946
   0.622      0.992387
   0.625      0.991821
   0.629      0.991247
   0.632      0.990667
   0.635      0.990079
   0.638      0.989484
   0.641      0.988881
   0.645      0.988272
   0.648      0.987655
   0.651      0.987031
   0.654      0.986399
   0.657      0.985760
   0.660      0.985114
   0.664      0.984460
   0.667      0.983800
   0.670      0.983131
   0.673      0.982456
   0.676      0.981773
   0.679      0.981083
   0.683      0.980385
   0.686      0.979680
   0.689      0.978968
   0.692      0.978248
   0.695      0.977521
   0.699      0.976787
   0.702      0.976045
   0.705      0.975296
   0.708      0.974539
   0.711      0.973775
   0.714      0.973004
   0.718      0.972226
   0.721      0.971440
   0.724      0.970647
   0.727      0.969847
   0.730      0.969039
   0.733      0.968224
   0.737      0.967402
   0.740      0.966573
   0.743      0.965736
   0.746      0.964892
   0.749      0.964041
   0.752      0.963183
   0.756      0.962318
   0.759      0.961445
   0.762      0.960566
   0.765      0.959679
   0.768      0.958785
   0.772      0.957884
   0.775      0.956977
   0.778      0.956062
   0.781      0.955140
   0.784      0.954211
   0.787      0.953276
   0.791      0.952333
   0.794      0.951384
   0.797      0.950427
   0.800      0.949464
   0.803      0.948494
   0.806      0.947518
   0.810      0.946534
   0.813      0.945544
   0.816      0.944548
   0.819      0.943544
   0.822      0.942534
   0.826      0.941518
   0.829      0.940495
   0.832      0.939466
   0.835      0.938430
   0.838      0.937388
   0.841      0.936339
   0.845      0.935284
   0.848      0.934223
   0.851      0.933155
   0.854      0.932082
   0.857      0.931002
   0.860      0.929916
   0.864      0.928824
   0.867      0.927726
   0.870      0.926622
   0.873      0.925512
   0.876      0.924396
   0.879      0.923274
   0.883      0.922147
   0.886      0.921014
   0.889      0.919875
   0.892      0.918730
   0.895      0.917580
   0.899      0.916424
   0.902      0.915263
   0.905      0.914096
   0.908      0.912924
   0.911      0.911746
   0.914      0.910563
   0.918      0.909375
   0.921      0.908182
   0.924      0.906983
   0.927      0.905780
   0.930      0.904571
   0.933      0.903357
   0.937      0.902139
   0.940      0.900915
   0.943      0.899687
   0.946      0.898454
   0.949      0.897216
   0.953      0.895974
   0.956      0.894726
   0.959      0.893475
   0.962      0.892219
   0.965      0.890958
   0.968      0.889693
   0.972      0.888424
   0.975      0.887150
   0.978      0.885872
   0.981      0.884590
   0.984      0.883304
   0.987      0.882014
   0.991      0.880720
   0.994      0.879422
   0.997      0.878120
   1.000      0.876814
   1.003      0.875505
   1.006      0.874192
   1.010      0.872875
   1.013      0.871554
   1.016      0.870231
   1.019      0.868903
   1.022      0.867573
   1.026      0.866239
   1.029      0.864901
   1.032      0.863561
   1.035      0.862217
   1.038      0.860870
   1.041      0.859521
   1.045      0.858168
   1.048      0.856812
   1.051      0.855454
   1.054      0.854092
   1.057      0.852728
   1.060      0.851362
   1.064      0.849992
   1.067      0.848620
   1.070      0.847246
   1.073      0.845869
   1.076      0.844490
   1.080      0.843109
   1.083      0.841725
   1.086      0.840339
   1.089      0.838951
   1.092      0.837561
   1.095      0.836169
   1.099      0.834775
   1.102      0.833379
   1.105      0.831981
   1.108      0.830581
   1.111      0.829180
   1.114      0.827777
   1.118      0.826373
   1.121      0.824967
   1.124      0.823559
   1.127      0.822150
   1.130      0.820740
   1.133      0.819328
   1.137      0.817915
   1.140      0.816501
   1.143      0.815086
   1.146      0.813669
   1.149      0.812252
   1.153      0.810834
   1.156      0.809415
   1.159      0.807994
   1.162      0.806574
   1.165      0.805152
   1.168      0.803730
   1.172      0.802307
   1.175      0.800883
   1.178      0.799459
   1.181      0.798034
   1.184      0.796609
   1.187      0.795184
   1.191      0.793758
   1.194      0.792333
   1.197      0.790906
   1.200      0.789480
   1.203      0.788054
   1.207      0.786627
   1.210      0.785201
   1.213      0.783774
   1.216      0.782348
   1.219      0.780922
   1.222      0.779496
   1.226      0.778070
   1.229      0.776645
   1.232      0.775220
   1.235      0.773795
   1.238      0.772371
   1.241      0.770947
   1.245      0.769524
   1.248      0.768101
   1.251      0.766679
   1.254      0.765258
   1.257      0.763837
   1.260      0.762417
   1.264      0.760998
   1.267      0.759580
   1.270      0.758162
   1.273      0.756746
   1.276      0.755330
   1.280      0.753916
   1.283      0.752503
   1.286      0.751091
   1.289      0.749679
   1.292      0.748270
   1.295      0.746861
   1.299      0.745454
   1.302      0.744047
   1.305      0.742643
   1.308      0.741239
   1.311      0.739837
   1.314      0.738437
   1.318      0.737038
   1.321      0.735641
   1.324      0.734245
   1.327      0.732851
   1.330      0.731458
   1.334      0.730067
   1.337      0.728678
   1.340      0.727291
   1.343      0.725905
   1.346      0.724521
   1.349      0.723139
   1.353      0.721759
   1.356      0.720381
   1.359      0.719005
   1.362      0.717631
   1.365      0.716259
   1.368      0.714888
   1.372      0.713520
   1.375      0.712154
   1.378      0.710791
   1.381      0.709429
   1.384      0.708070
   1.388      0.706712
   1.391      0.705357
   1.394      0.704005
   1.397      0.702654
   1.400      0.701306
   1.403      0.699960
   1.407      0.698617
   1.410      0.697276
   1.413      0.695938
   1.416      0.694602
   1.419      0.693268
   1.422      0.691937
   1.426      0.690608
   1.429      0.689282
   1.432      0.687959
   1.435      0.686638
   1.438      0.685320
   1.441      0.684004
   1.445      0.682691
   1.448      0.681381
   1.451      0.680074
   1.454      0.678769
   1.457      0.677467
   1.461      0.676167
   1.464      0.674871
   1.467      0.673577
   1.470      0.672286
   1.473      0.670998
   1.476      0.669712
   1.480      0.668430
   1.483      0.667150
   1.486      0.665874
   1.489      0.664600
   1.492      0.663329
   1.495      0.662061
   1.499      0.660796
   1.502      0.659534
   1.505      0.658275
   1.508      0.657019
   1.511      0.655766
   1.515      0.654515
   1.518      0.653268
   1.521      0.652024
   1.524      0.650783
   1.527      0.649545
   1.530      0.648310
   1.534      0.647079
   1.537      0.645850
   1.540      0.644624
   1.543      0.643402
   1.546      0.642182
   1.549      0.640966
   1.553      0.639753
   1.556      0.638543
   1.559      0.637336
   1.562      0.636132
   1.565      0.634931
   1.568      0.633734
   1.572      0.632540
   1.575      0.631349
   1.578      0.630161
   1.581      0.628976
   1.584      0.627794
   1.588      0.626616
   1.591      0.625441
   1.594      0.624269
   1.597      0.623100
   1.600      0.621935
   1.603      0.620773
   1.607      0.619613
   1.610      0.618458
   1.613      0.617305
   1.616      0.616156
   1.619      0.615009
   1.622      0.613867
   1.626      0.612727
   1.629      0.611590
   1.632      0.610457
   1.635      0.609327
   1.638      0.608200
   1.642      0.607077
   1.645      0.605957
   1.648      0.604840
   1.651      0.603726
   1.654      0.602615
   1.657      0.601508
   1.661      0.600404
   1.664      0.599303
   1.667      0.598205
   1.670      0.597111
   1.673      0.596020
   1.676      0.594932
   1.680      0.593847
   1.683      0.592765
   1.686      0.591687
   1.689      0.590612
   1.692      0.589540
   1.695      0.588471
   1.699      0.587406
   1.702      0.586344
   1.705      0.585285
   1.708      0.584229
   1.711      0.583176
   1.715      0.582127
   1.718      0.581081
   1.721      0.580037
   1.724      0.578998
   1.727      0.577961
   1.730      0.576927
   1.734      0.575897
   1.737      0.574869
   1.740      0.573845
   1.743      0.572824
   1.746      0.571806
   1.749      0.570792
   1.753      0.569780
   1.756      0.568772
   1.759      0.567766
   1.762      0.566764
   1.765      0.565765
   1.769      0.564769
   1.772      0.563776
   1.775      0.562786
   1.778      0.561799
   1.781      0.560816
   1.784      0.559835
   1.788      0.558857
   1.791      0.557883
   1.794      0.556911
   1.797      0.555943
   1.800      0.554977
   1.803      0.554015
   1.807      0.553055
   1.810      0.552099
   1.813      0.551145
   1.816      0.550195
   1.819      0.549247
   1.822      0.548303
   1.826      0.547361
   1.829      0.546423
   1.832      0.545487
   1.835      0.544554
   1.838      0.543625
   1.842      0.542698
   1.845      0.541774
   1.848      0.540853
   1.851      0.539934
   1.854      0.539019
   1.857      0.538107
   1.861      0.537197
   1.864      0.536291
   1.867      0.535387
   1.870      0.534486
   1.873      0.533588
   1.876      0.532692
   1.880      0.531800
   1.883      0.530910
   1.886      0.530023
   1.889      0.529139
   1.892      0.528257
   1.896      0.527379
   1.899      0.526503
   1.902      0.525630
   1.905      0.524760
   1.908      0.523892
   1.911      0.523027
   1.915      0.522165
   1.918      0.521305
   1.921      0.520449
   1.924      0.519594
   1.927      0.518743
   1.930      0.517894
   1.934      0.517048
   1.937      0.516205
   1.940      0.515364
   1.943      0.514526
   1.946      0.513690
   1.949      0.512857
   1.953      0.512026
   1.956      0.511199
   1.959      0.510373
   1.962      0.509551
   1.965      0.508731
   1.969      0.507913
   1.972      0.507098
   1.975      0.506285
   1.978      0.505475
   1.981      0.504668
   1.984      0.503863
   1.988      0.503061
   1.991      0.502261
   1.994      0.501463
   1.997      0.500668
   2.000      0.499875
   2.003      0.499085
   2.007      0.498297
   2.010      0.497512
   2.013      0.496729
   2.016      0.495949
   2.019      0.495170
   2.023      0.494395
   2.026      0.493621
   2.029      0.492850
   2.032      0.492082
   2.035      0.491315
   2.038      0.490552
   2.042      0.489790
   2.045      0.489031
   2.048      0.488274
   2.051      0.487519
   2.054      0.486767
   2.057      0.486016
   2.061      0.485269
   2.064      0.484523
   2.067      0.483780
   2.070      0.483039
   2.073      0.482300
   2.076      0.481563
   2.080      0.480829
   2.083      0.480097
   2.086      0.479367
   2.089      0.478639
   2.092      0.477913
   2.096      0.477190
   2.099      0.476468
   2.102      0.475749
   2.105      0.475032
   2.108      0.474317
   2.111      0.473605
   2.115      0.472894
   2.118      0.472186
   2.121      0.471479
   2.124      0.470775
   2.127      0.470073
   2.130      0.469372
   2.134      0.468674
   2.137      0.467978
   2.140      0.467284
   2.143      0.466592
   2.146      0.465903
   2.150      0.465215
   2.153      0.464529
   2.156      0.463845
   2.159      0.463163
   2.162      0.462483
   2.165      0.461805
   2.169      0.461130
   2.172      0.460456
   2.175      0.459784
   2.178      0.459114
   2.181      0.458445
   2.184      0.457779
   2.188      0.457115
   2.191      0.456453
   2.194      0.455792
   2.197      0.455134
   2.200      0.454477
   2.203      0.453823
   2.207      0.453170
   2.210      0.452519
   2.213      0.451870
   2.216      0.451222
   2.219      0.450577
   2.223      0.449933
   2.226      0.449292
   2.229      0.448652
   2.232      0.448014
   2.235      0.447377
   2.238      0.446743
   2.242      0.446110
   2.245      0.445479
   2.248      0.444850
   2.251      0.444223
   2.254      0.443597
   2.257      0.442973
   2.261      0.442351
   2.264      0.441731
   2.267      0.441112
   2.270      0.440495
   2.273      0.439880
   2.277      0.439266
   2.280      0.438655
   2.283      0.438045
   2.286      0.437436
   2.289      0.436830
   2.292      0.436225
   2.296      0.435621
   2.299      0.435020
   2.302      0.434420
   2.305      0.433821
   2.308      0.433225
   2.311      0.432630
   2.315      0.432036
   2.318      0.431444
   2.321      0.430854
   2.324      0.430265
   2.327      0.429679
   2.330      0.429093
   2.334      0.428509
   2.337      0.427927
   2.340      0.427347
   2.343      0.426767
   2.346      0.426190
   2.350      0.425614
   2.353      0.425040
   2.356      0.424467
   2.359      0.423896
   2.362      0.423326
   2.365      0.422758
   2.369      0.422191
   2.372      0.421626
   2.375      0.421062
   2.378      0.420500
   2.381      0.419939
   2.384      0.419380
   2.388      0.418822
   2.391      0.418266
   2.394      0.417711
   2.397      0.417158
   2.400      0.416606
   2.404      0.416056
   2.407      0.415507
   2.410      0.414960
   2.413      0.414414
   2.416      0.413869
   2.419      0.413326
   2.423      0.412784
   2.426      0.412244
   2.429      0.411705
   2.432      0.411168
   2.435      0.410632
   2.438      0.410097
   2.442      0.409564
   2.445      0.409032
   2.448      0.408501
   2.451      0.407972
   2.454      0.407444
   2.457      0.406918
   2.461      0.406393
   2.464      0.405869
   2.467      0.405347
   2.470      0.404826
   2.473      0.404306
   2.477      0.403788
   2.480      0.403271
   2.483      0.402755
   2.486      0.402241
   2.489      0.401728
   2.492      0.401216
   2.496      0.400705
   2.499      0.400196
   2.502      0.399688
   2.505      0.399182
   2.508      0.398677
   2.511      0.398173
   2.515      0.397670
   2.518      0.397168
   2.521      0.396668
   2.524      0.396169
   2.527      0.395671
   2.531      0.395175
   2.534      0.394680
   2.537      0.394186
   2.540      0.393693
