   0.000    -13.243481
   0.003    -12.123711
   0.006    -10.979541
   0.010     -9.915302
   0.013     -9.029633
   0.016     -8.319979
   0.019     -7.762038
   0.022     -7.325823
   0.025     -6.985587
   0.029     -6.721176
   0.032     -6.516659
   0.035     -6.358124
   0.038     -6.235755
   0.041     -6.142010
   0.044     -6.071625
   0.048     -6.019283
   0.051     -5.981393
   0.054     -5.955128
   0.057     -5.938370
   0.060     -5.929189
   0.064     -5.926044
   0.067     -5.927757
   0.070     -5.933419
   0.073     -5.942306
   0.076     -5.953697
   0.079     -5.967078
   0.083     -5.982044
   0.086     -5.998325
   0.089     -6.015567
   0.092     -6.033541
   0.095     -6.052062
   0.098     -6.071005
   0.102     -6.090219
   0.105     -6.109579
   0.108     -6.128993
   0.111     -6.148396
   0.114     -6.167716
   0.117     -6.186885
   0.121     -6.205845
   0.124     -6.224547
   0.127     -6.242973
   0.130     -6.261057
   0.133     -6.278768
   0.137     -6.296076
   0.140     -6.312959
   0.143     -6.329390
   0.146     -6.345346
   0.149     -6.360807
   0.152     -6.375761
   0.156     -6.390208
   0.159     -6.404131
   0.162     -6.417532
   0.165     -6.430421
   0.168     -6.442805
   0.171     -6.454701
   0.175     -6.466128
   0.178     -6.477110
   0.181     -6.487682
   0.184     -6.497877
   0.187     -6.507736
   0.191     -6.517302
   0.194     -6.526619
   0.197     -6.535737
   0.200     -6.544706
   0.203     -6.553570
   0.206     -6.562374
   0.210     -6.571164
   0.213     -6.579975
   0.216     -6.588834
   0.219     -6.597763
   0.222     -6.606773
   0.225     -6.615863
   0.229     -6.625021
   0.232     -6.634220
   0.235     -6.643416
   0.238     -6.652552
   0.241     -6.661560
   0.244     -6.670356
   0.248     -6.678839
   0.251     -6.686888
   0.254     -6.694388
   0.257     -6.701206
   0.260     -6.707196
   0.264     -6.712182
   0.267     -6.716012
   0.270     -6.718524
   0.273     -6.719543
   0.276     -6.718867
   0.279     -6.716316
   0.283     -6.711751
   0.286     -6.705008
   0.289     -6.695933
   0.292     -6.684357
   0.295     -6.670225
   0.298     -6.653445
   0.302     -6.633949
   0.305     -6.611635
   0.308     -6.586514
   0.311     -6.558589
   0.314     -6.527867
   0.318     -6.494343
   0.321     -6.458050
   0.324     -6.419083
   0.327     -6.377511
   0.330     -6.333406
   0.333     -6.286819
   0.337     -6.237902
   0.340     -6.186764
   0.343     -6.133522
   0.346     -6.078241
   0.349     -6.021081
   0.352     -5.962166
   0.356     -5.901612
   0.359     -5.839515
   0.362     -5.775977
   0.365     -5.711129
   0.368     -5.645072
   0.371     -5.577895
   0.375     -5.509661
   0.378     -5.440491
   0.381     -5.370463
   0.384     -5.299656
   0.387     -5.228119
   0.391     -5.155946
   0.394     -5.083210
   0.397     -5.009981
   0.400     -4.936316
   0.403     -4.862280
   0.406     -4.787953
   0.410     -4.713403
   0.413     -4.638693
   0.416     -4.563880
   0.419     -4.489045
   0.422     -4.414259
   0.425     -4.339587
   0.429     -4.265089
   0.432     -4.190842
   0.435     -4.116914
   0.438     -4.043373
   0.441     -3.970282
   0.445     -3.897709
   0.448     -3.825717
   0.451     -3.754370
   0.454     -3.683727
   0.457     -3.613850
   0.460     -3.544791
   0.464     -3.476604
   0.467     -3.409341
   0.470     -3.343053
   0.473     -3.277780
   0.476     -3.213564
   0.479     -3.150441
   0.483     -3.088451
   0.486     -3.027623
   0.489     -2.967979
   0.492     -2.909543
   0.495     -2.852337
   0.498     -2.796383
   0.502     -2.741682
   0.505     -2.688244
   0.508     -2.636074
   0.511     -2.585183
   0.514     -2.535559
   0.518     -2.487195
   0.521     -2.440083
   0.524     -2.394221
   0.527     -2.349587
   0.530     -2.306163
   0.533     -2.263929
   0.537     -2.222867
   0.540     -2.182956
   0.543     -2.144164
   0.546     -2.106465
   0.549     -2.069828
   0.552     -2.034232
   0.556     -1.999640
   0.559     -1.966019
   0.562     -1.933336
   0.565     -1.901563
   0.568     -1.870664
   0.572     -1.840604
   0.575     -1.811351
   0.578     -1.782871
   0.581     -1.755134
   0.584     -1.728105
   0.587     -1.701752
   0.591     -1.676045
   0.594     -1.650956
   0.597     -1.626451
   0.600     -1.602503
   0.603     -1.579087
   0.606     -1.556176
   0.610     -1.533743
   0.613     -1.511765
   0.616     -1.490219
   0.619     -1.469084
   0.622     -1.448340
   0.625     -1.427968
   0.629     -1.407948
   0.632     -1.388265
   0.635     -1.368903
   0.638     -1.349848
   0.641     -1.331087
   0.645     -1.312607
   0.648     -1.294394
   0.651     -1.276440
   0.654     -1.258738
   0.657     -1.241279
   0.660     -1.224051
   0.664     -1.207050
   0.667     -1.190268
   0.670     -1.173701
   0.673     -1.157346
   0.676     -1.141195
   0.679     -1.125245
   0.683     -1.109491
   0.686     -1.093933
   0.689     -1.078568
   0.692     -1.063392
   0.695     -1.048403
   0.699     -1.033598
   0.702     -1.018976
   0.705     -1.004538
   0.708     -0.990281
   0.711     -0.976202
   0.714     -0.962301
   0.718     -0.948576
   0.721     -0.935027
   0.724     -0.921653
   0.727     -0.908454
   0.730     -0.895426
   0.733     -0.882569
   0.737     -0.869882
   0.740     -0.857364
   0.743     -0.845015
   0.746     -0.832832
   0.749     -0.820815
   0.752     -0.808961
   0.756     -0.797271
   0.759     -0.785741
   0.762     -0.774372
   0.765     -0.763161
   0.768     -0.752106
   0.772     -0.741206
   0.775     -0.730461
   0.778     -0.719868
   0.781     -0.709424
   0.784     -0.699130
   0.787     -0.688982
   0.791     -0.678980
   0.794     -0.669121
   0.797     -0.659403
   0.800     -0.649825
   0.803     -0.640386
   0.806     -0.631082
   0.810     -0.621913
   0.813     -0.612877
   0.816     -0.603972
   0.819     -0.595195
   0.822     -0.586545
   0.826     -0.578021
   0.829     -0.569621
   0.832     -0.561342
   0.835     -0.553184
   0.838     -0.545144
   0.841     -0.537221
   0.845     -0.529413
   0.848     -0.521718
   0.851     -0.514135
   0.854     -0.506662
   0.857     -0.499298
   0.860     -0.492040
   0.864     -0.484887
   0.867     -0.477839
   0.870     -0.470892
   0.873     -0.464046
   0.876     -0.457299
   0.879     -0.450650
   0.883     -0.444098
   0.886     -0.437641
   0.889     -0.431276
   0.892     -0.425003
   0.895     -0.418822
   0.899     -0.412730
   0.902     -0.406725
   0.905     -0.400808
   0.908     -0.394976
   0.911     -0.389228
   0.914     -0.383563
   0.918     -0.377980
   0.921     -0.372477
   0.924     -0.367054
   0.927     -0.361709
   0.930     -0.356440
   0.933     -0.351248
   0.937     -0.346130
   0.940     -0.341086
   0.943     -0.336115
   0.946     -0.331215
   0.949     -0.326386
   0.953     -0.321626
   0.956     -0.316934
   0.959     -0.312310
   0.962     -0.307752
   0.965     -0.303260
   0.968     -0.298832
   0.972     -0.294468
   0.975     -0.290166
   0.978     -0.285926
   0.981     -0.281747
   0.984     -0.277628
   0.987     -0.273568
   0.991     -0.269566
   0.994     -0.265622
   0.997     -0.261734
   1.000     -0.257902
   1.003     -0.254124
   1.006     -0.250401
   1.010     -0.246731
   1.013     -0.243114
   1.016     -0.239548
   1.019     -0.236034
   1.022     -0.232569
   1.026     -0.229155
   1.029     -0.225789
   1.032     -0.222471
   1.035     -0.219201
   1.038     -0.215977
   1.041     -0.212800
   1.045     -0.209668
   1.048     -0.206581
   1.051     -0.203538
   1.054     -0.200538
   1.057     -0.197582
   1.060     -0.194667
   1.064     -0.191794
   1.067     -0.188963
   1.070     -0.186172
   1.073     -0.183420
   1.076     -0.180708
   1.080     -0.178035
   1.083     -0.175400
   1.086     -0.172803
   1.089     -0.170242
   1.092     -0.167719
   1.095     -0.165231
   1.099     -0.162779
   1.102     -0.160362
   1.105     -0.157980
   1.108     -0.155631
   1.111     -0.153316
   1.114     -0.151035
   1.118     -0.148785
   1.121     -0.146569
   1.124     -0.144383
   1.127     -0.142229
   1.130     -0.140106
   1.133     -0.138013
   1.137     -0.135950
   1.140     -0.133917
   1.143     -0.131912
   1.146     -0.129937
   1.149     -0.127989
   1.153     -0.126070
   1.156     -0.124178
   1.159     -0.122313
   1.162     -0.120475
   1.165     -0.118663
   1.168     -0.116877
   1.172     -0.115116
   1.175     -0.113381
   1.178     -0.111671
   1.181     -0.109985
   1.184     -0.108324
   1.187     -0.106686
   1.191     -0.105072
   1.194     -0.103481
   1.197     -0.101912
   1.200     -0.100367
   1.203     -0.098843
   1.207     -0.097341
   1.210     -0.095861
   1.213     -0.094403
   1.216     -0.092965
   1.219     -0.091548
   1.222     -0.090151
   1.226     -0.088774
   1.229     -0.087417
   1.232     -0.086080
   1.235     -0.084762
   1.238     -0.083463
   1.241     -0.082183
   1.245     -0.080921
   1.248     -0.079677
   1.251     -0.078451
   1.254     -0.077243
   1.257     -0.076053
   1.260     -0.074879
   1.264     -0.073723
   1.267     -0.072583
   1.270     -0.071460
   1.273     -0.070353
   1.276     -0.069262
   1.280     -0.068187
   1.283     -0.067128
   1.286     -0.066084
   1.289     -0.065055
   1.292     -0.064041
   1.295     -0.063041
   1.299     -0.062056
   1.302     -0.061086
   1.305     -0.060130
   1.308     -0.059187
   1.311     -0.058258
   1.314     -0.057343
   1.318     -0.056441
   1.321     -0.055553
   1.324     -0.054677
   1.327     -0.053814
   1.330     -0.052964
   1.334     -0.052126
   1.337     -0.051300
   1.340     -0.050487
   1.343     -0.049685
   1.346     -0.048895
   1.349     -0.048117
   1.353     -0.047350
   1.356     -0.046594
   1.359     -0.045850
   1.362     -0.045116
   1.365     -0.044394
   1.368     -0.043682
   1.372     -0.042980
   1.375     -0.042289
   1.378     -0.041608
   1.381     -0.040937
   1.384     -0.040276
   1.388     -0.039625
   1.391     -0.038983
   1.394     -0.038351
   1.397     -0.037728
   1.400     -0.037115
   1.403     -0.036511
   1.407     -0.035915
   1.410     -0.035329
   1.413     -0.034751
   1.416     -0.034182
   1.419     -0.033621
   1.422     -0.033069
   1.426     -0.032525
   1.429     -0.031989
   1.432     -0.031461
   1.435     -0.030941
   1.438     -0.030429
   1.441     -0.029925
   1.445     -0.029428
   1.448     -0.028939
   1.451     -0.028457
   1.454     -0.027982
   1.457     -0.027514
   1.461     -0.027054
   1.464     -0.026600
   1.467     -0.026154
   1.470     -0.025714
   1.473     -0.025281
   1.476     -0.024854
   1.480     -0.024434
   1.483     -0.024020
   1.486     -0.023613
   1.489     -0.023212
   1.492     -0.022817
   1.495     -0.022428
   1.499     -0.022044
   1.502     -0.021667
   1.505     -0.021296
   1.508     -0.020930
   1.511     -0.020570
   1.515     -0.020216
   1.518     -0.019867
   1.521     -0.019523
   1.524     -0.019185
   1.527     -0.018852
   1.530     -0.018524
   1.534     -0.018201
   1.537     -0.017883
   1.540     -0.017570
   1.543     -0.017262
   1.546     -0.016959
   1.549     -0.016661
   1.553     -0.016367
   1.556     -0.016078
   1.559     -0.015793
   1.562     -0.015513
   1.565     -0.015237
   1.568     -0.014966
   1.572     -0.014699
   1.575     -0.014436
   1.578     -0.014177
   1.581     -0.013923
   1.584     -0.013672
   1.588     -0.013426
   1.591     -0.013183
   1.594     -0.012944
   1.597     -0.012709
   1.600     -0.012478
   1.603     -0.012251
   1.607     -0.012027
   1.610     -0.011807
   1.613     -0.011590
   1.616     -0.011377
   1.619     -0.011167
   1.622     -0.010961
   1.626     -0.010758
   1.629     -0.010558
   1.632     -0.010362
   1.635     -0.010169
   1.638     -0.009979
   1.642     -0.009792
   1.645     -0.009608
   1.648     -0.009427
   1.651     -0.009249
   1.654     -0.009074
   1.657     -0.008902
   1.661     -0.008733
   1.664     -0.008567
   1.667     -0.008403
   1.670     -0.008242
   1.673     -0.008084
   1.676     -0.007928
   1.680     -0.007776
   1.683     -0.007625
   1.686     -0.007477
   1.689     -0.007332
   1.692     -0.007189
   1.695     -0.007049
   1.699     -0.006910
   1.702     -0.006775
   1.705     -0.006641
   1.708     -0.006510
   1.711     -0.006381
   1.715     -0.006254
   1.718     -0.006130
   1.721     -0.006008
   1.724     -0.005887
   1.727     -0.005769
   1.730     -0.005653
   1.734     -0.005539
   1.737     -0.005427
   1.740     -0.005316
   1.743     -0.005208
   1.746     -0.005102
   1.749     -0.004997
   1.753     -0.004895
   1.756     -0.004794
   1.759     -0.004695
   1.762     -0.004598
   1.765     -0.004502
   1.769     -0.004408
   1.772     -0.004316
   1.775     -0.004225
   1.778     -0.004137
   1.781     -0.004049
   1.784     -0.003964
   1.788     -0.003879
   1.791     -0.003797
   1.794     -0.003716
   1.797     -0.003636
   1.800     -0.003558
   1.803     -0.003481
   1.807     -0.003406
   1.810     -0.003332
   1.813     -0.003259
   1.816     -0.003188
   1.819     -0.003118
   1.822     -0.003050
   1.826     -0.002982
   1.829     -0.002916
   1.832     -0.002851
   1.835     -0.002788
   1.838     -0.002726
   1.842     -0.002664
   1.845     -0.002604
   1.848     -0.002546
   1.851     -0.002488
   1.854     -0.002431
   1.857     -0.002376
   1.861     -0.002321
   1.864     -0.002268
   1.867     -0.002215
   1.870     -0.002164
   1.873     -0.002114
   1.876     -0.002064
   1.880     -0.002016
   1.883     -0.001969
   1.886     -0.001922
   1.889     -0.001877
   1.892     -0.001832
   1.896     -0.001788
   1.899     -0.001745
   1.902     -0.001703
   1.905     -0.001662
   1.908     -0.001622
   1.911     -0.001583
   1.915     -0.001544
   1.918     -0.001506
   1.921     -0.001469
   1.924     -0.001433
   1.927     -0.001397
   1.930     -0.001362
   1.934     -0.001328
   1.937     -0.001295
   1.940     -0.001262
   1.943     -0.001230
   1.946     -0.001199
   1.949     -0.001168
   1.953     -0.001138
   1.956     -0.001109
   1.959     -0.001080
   1.962     -0.001052
   1.965     -0.001025
   1.969     -0.000998
   1.972     -0.000972
   1.975     -0.000946
   1.978     -0.000921
   1.981     -0.000896
   1.984     -0.000872
   1.988     -0.000849
   1.991     -0.000826
   1.994     -0.000803
   1.997     -0.000781
   2.000     -0.000760
   2.003     -0.000739
   2.007     -0.000719
   2.010     -0.000699
   2.013     -0.000679
   2.016     -0.000660
   2.019     -0.000642
   2.023     -0.000623
   2.026     -0.000606
   2.029     -0.000588
   2.032     -0.000571
   2.035     -0.000555
   2.038     -0.000539
   2.042     -0.000523
   2.045     -0.000508
   2.048     -0.000493
   2.051     -0.000478
   2.054     -0.000464
   2.057     -0.000450
   2.061     -0.000436
   2.064     -0.000423
   2.067     -0.000410
   2.070     -0.000398
   2.073     -0.000386
   2.076     -0.000374
   2.080     -0.000362
   2.083     -0.000351
   2.086     -0.000340
   2.089     -0.000329
   2.092     -0.000319
   2.096     -0.000308
   2.099     -0.000299
   2.102     -0.000289
   2.105     -0.000279
   2.108     -0.000270
   2.111     -0.000261
   2.115     -0.000253
   2.118     -0.000244
   2.121     -0.000236
   2.124     -0.000228
   2.127     -0.000221
   2.130     -0.000213
   2.134     -0.000206
   2.137     -0.000199
   2.140     -0.000192
   2.143     -0.000185
   2.146     -0.000179
   2.150     -0.000172
   2.153     -0.000166
   2.156     -0.000160
   2.159     -0.000154
   2.162     -0.000149
   2.165     -0.000143
   2.169     -0.000138
   2.172     -0.000133
   2.175     -0.000128
   2.178     -0.000123
   2.181     -0.000119
   2.184     -0.000114
   2.188     -0.000110
   2.191     -0.000105
   2.194     -0.000101
   2.197     -0.000097
   2.200     -0.000093
   2.203     -0.000090
   2.207     -0.000086
   2.210     -0.000083
   2.213     -0.000079
   2.216     -0.000076
   2.219     -0.000073
   2.223     -0.000070
   2.226     -0.000067
   2.229     -0.000064
   2.232     -0.000061
   2.235     -0.000059
   2.238     -0.000056
   2.242     -0.000054
   2.245     -0.000051
   2.248     -0.000049
   2.251     -0.000047
   2.254     -0.000045
   2.257     -0.000043
   2.261     -0.000041
   2.264     -0.000039
   2.267     -0.000037
   2.270     -0.000035
   2.273     -0.000033
   2.277     -0.000032
   2.280     -0.000030
   2.283     -0.000029
   2.286     -0.000027
   2.289     -0.000026
   2.292     -0.000024
   2.296     -0.000023
   2.299     -0.000022
   2.302     -0.000021
   2.305     -0.000020
   2.308     -0.000019
   2.311     -0.000017
   2.315     -0.000016
   2.318     -0.000016
   2.321     -0.000015
   2.324     -0.000014
   2.327     -0.000013
   2.330     -0.000012
   2.334     -0.000011
   2.337     -0.000011
   2.340     -0.000010
   2.343     -0.000009
   2.346     -0.000009
   2.350     -0.000008
   2.353     -0.000008
   2.356     -0.000007
   2.359     -0.000007
   2.362     -0.000006
   2.365     -0.000006
   2.369     -0.000005
   2.372     -0.000005
   2.375     -0.000005
   2.378     -0.000004
   2.381     -0.000004
   2.384     -0.000004
   2.388     -0.000003
   2.391     -0.000003
   2.394     -0.000003
   2.397     -0.000003
   2.400     -0.000002
   2.404     -0.000002
   2.407     -0.000002
   2.410     -0.000002
   2.413     -0.000002
   2.416     -0.000001
   2.419     -0.000001
   2.423     -0.000001
   2.426     -0.000001
   2.429     -0.000001
   2.432     -0.000001
   2.435     -0.000001
   2.438     -0.000001
   2.442     -0.000001
   2.445      0.000000
   2.448      0.000000
   2.451      0.000000
   2.454      0.000000
   2.457      0.000000
   2.461      0.000000
   2.464      0.000000
   2.467      0.000000
   2.470      0.000000
   2.473      0.000000
   2.477      0.000000
   2.480      0.000000
   2.483      0.000000
   2.486      0.000000
   2.489      0.000000
   2.492      0.000000
   2.496      0.000000
   2.499      0.000000
   2.502      0.000000
   2.505      0.000000
   2.508      0.000000
   2.511      0.000000
   2.515      0.000000
   2.518      0.000000
   2.521      0.000000
   2.524      0.000000
   2.527      0.000000
   2.531      0.000000
   2.534      0.000000
   2.537      0.000000
   2.540      0.000000
