   0.000     -0.000045
   0.003      0.000022
   0.006      0.000090
   0.010      0.000202
   0.013      0.000359
   0.016      0.000561
   0.019      0.000808
   0.022      0.001099
   0.026      0.001436
   0.029      0.001817
   0.032      0.002243
   0.035      0.002713
   0.038      0.003229
   0.042      0.003789
   0.045      0.004393
   0.048      0.005042
   0.051      0.005736
   0.054      0.006474
   0.058      0.007256
   0.061      0.008083
   0.064      0.008954
   0.067      0.009869
   0.070      0.010828
   0.074      0.011832
   0.077      0.012879
   0.080      0.013970
   0.083      0.015105
   0.086      0.016284
   0.090      0.017506
   0.093      0.018772
   0.096      0.020081
   0.099      0.021434
   0.102      0.022830
   0.106      0.024269
   0.109      0.025751
   0.112      0.027276
   0.115      0.028843
   0.118      0.030454
   0.122      0.032106
   0.125      0.033801
   0.128      0.035539
   0.131      0.037318
   0.134      0.039140
   0.138      0.041003
   0.141      0.042908
   0.144      0.044854
   0.147      0.046842
   0.150      0.048870
   0.154      0.050940
   0.157      0.053051
   0.160      0.055202
   0.163      0.057394
   0.166      0.059626
   0.170      0.061898
   0.173      0.064210
   0.176      0.066562
   0.179      0.068953
   0.182      0.071383
   0.186      0.073853
   0.189      0.076362
   0.192      0.078909
   0.195      0.081494
   0.198      0.084118
   0.202      0.086780
   0.205      0.089480
   0.208      0.092217
   0.211      0.094991
   0.214      0.097803
   0.218      0.100651
   0.221      0.103535
   0.224      0.106456
   0.227      0.109413
   0.230      0.112406
   0.234      0.115434
   0.237      0.118497
   0.240      0.121596
   0.243      0.124729
   0.246      0.127896
   0.250      0.131097
   0.253      0.134332
   0.256      0.137600
   0.259      0.140902
   0.262      0.144236
   0.266      0.147603
   0.269      0.151002
   0.272      0.154433
   0.275      0.157896
   0.278      0.161389
   0.282      0.164914
   0.285      0.168469
   0.288      0.172054
   0.291      0.175669
   0.294      0.179314
   0.298      0.182988
   0.301      0.186690
   0.304      0.190421
   0.307      0.194180
   0.310      0.197967
   0.314      0.201781
   0.317      0.205622
   0.320      0.209489
   0.323      0.213383
   0.326      0.217303
   0.330      0.221247
   0.333      0.225217
   0.336      0.229212
   0.339      0.233230
   0.342      0.237273
   0.346      0.241338
   0.349      0.245427
   0.352      0.249538
   0.355      0.253672
   0.358      0.257827
   0.362      0.262003
   0.365      0.266200
   0.368      0.270418
   0.371      0.274656
   0.374      0.278913
   0.378      0.283189
   0.381      0.287484
   0.384      0.291797
   0.387      0.296128
   0.390      0.300477
   0.394      0.304842
   0.397      0.309224
   0.400      0.313621
   0.403      0.318034
   0.406      0.322463
   0.410      0.326906
   0.413      0.331363
   0.416      0.335833
   0.419      0.340317
   0.422      0.344814
   0.426      0.349323
   0.429      0.353844
   0.432      0.358376
   0.435      0.362919
   0.438      0.367473
   0.442      0.372036
   0.445      0.376609
   0.448      0.381191
   0.451      0.385782
   0.454      0.390381
   0.458      0.394987
   0.461      0.399601
   0.464      0.404221
   0.467      0.408847
   0.470      0.413479
   0.474      0.418117
   0.477      0.422759
   0.480      0.427406
   0.483      0.432056
   0.486      0.436710
   0.490      0.441367
   0.493      0.446027
   0.496      0.450688
   0.499      0.455351
   0.502      0.460016
   0.506      0.464681
   0.509      0.469346
   0.512      0.474011
   0.515      0.478676
   0.518      0.483339
   0.522      0.488001
   0.525      0.492661
   0.528      0.497318
   0.531      0.501973
   0.534      0.506625
   0.538      0.511273
   0.541      0.515917
   0.544      0.520556
   0.547      0.525191
   0.550      0.529820
   0.554      0.534444
   0.557      0.539062
   0.560      0.543673
   0.563      0.548278
   0.566      0.552875
   0.570      0.557464
   0.573      0.562046
   0.576      0.566620
   0.579      0.571184
   0.582      0.575740
   0.586      0.580287
   0.589      0.584823
   0.592      0.589350
   0.595      0.593866
   0.598      0.598372
   0.602      0.602867
   0.605      0.607350
   0.608      0.611822
   0.611      0.616282
   0.614      0.620730
   0.618      0.625165
   0.621      0.629587
   0.624      0.633997
   0.627      0.638393
   0.630      0.642776
   0.634      0.647145
   0.637      0.651499
   0.640      0.655840
   0.643      0.660166
   0.646      0.664477
   0.650      0.668773
   0.653      0.673054
   0.656      0.677320
   0.659      0.681570
   0.662      0.685804
   0.666      0.690023
   0.669      0.694225
   0.672      0.698410
   0.675      0.702580
   0.678      0.706732
   0.682      0.710868
   0.685      0.714986
   0.688      0.719087
   0.691      0.723171
   0.694      0.727238
   0.698      0.731287
   0.701      0.735318
   0.704      0.739331
   0.707      0.743327
   0.710      0.747304
   0.714      0.751263
   0.717      0.755203
   0.720      0.759126
   0.723      0.763029
   0.726      0.766914
   0.730      0.770781
   0.733      0.774628
   0.736      0.778457
   0.739      0.782267
   0.742      0.786058
   0.746      0.789830
   0.749      0.793582
   0.752      0.797316
   0.755      0.801030
   0.758      0.804725
   0.762      0.808401
   0.765      0.812058
   0.768      0.815695
   0.771      0.819313
   0.774      0.822911
   0.778      0.826490
   0.781      0.830049
   0.784      0.833590
   0.787      0.837110
   0.790      0.840611
   0.794      0.844093
   0.797      0.847556
   0.800      0.850999
   0.803      0.854422
   0.806      0.857826
   0.810      0.861211
   0.813      0.864576
   0.816      0.867922
   0.819      0.871249
   0.822      0.874557
   0.826      0.877845
   0.829      0.881114
   0.832      0.884364
   0.835      0.887595
   0.838      0.890807
   0.842      0.893999
   0.845      0.897173
   0.848      0.900328
   0.851      0.903464
   0.854      0.906581
   0.858      0.909679
   0.861      0.912759
   0.864      0.915820
   0.867      0.918862
   0.870      0.921886
   0.874      0.924891
   0.877      0.927878
   0.880      0.930847
   0.883      0.933797
   0.886      0.936729
   0.890      0.939643
   0.893      0.942539
   0.896      0.945416
   0.899      0.948276
   0.902      0.951118
   0.906      0.953942
   0.909      0.956748
   0.912      0.959536
   0.915      0.962307
   0.918      0.965060
   0.922      0.967796
   0.925      0.970514
   0.928      0.973214
   0.931      0.975898
   0.934      0.978564
   0.938      0.981212
   0.941      0.983844
   0.944      0.986458
   0.947      0.989056
   0.950      0.991636
   0.954      0.994199
   0.957      0.996746
   0.960      0.999275
   0.963      1.001788
   0.966      1.004284
   0.970      1.006763
   0.973      1.009226
   0.976      1.011671
   0.979      1.014101
   0.982      1.016514
   0.986      1.018910
   0.989      1.021290
   0.992      1.023653
   0.995      1.026000
   0.998      1.028330
   1.002      1.030645
   1.005      1.032942
   1.008      1.035224
   1.011      1.037490
   1.014      1.039739
   1.018      1.041972
   1.021      1.044189
   1.024      1.046389
   1.027      1.048574
   1.030      1.050742
   1.034      1.052895
   1.037      1.055031
   1.040      1.057151
   1.043      1.059256
   1.046      1.061344
   1.050      1.063416
   1.053      1.065473
   1.056      1.067513
   1.059      1.069537
   1.062      1.071546
   1.066      1.073538
   1.069      1.075515
   1.072      1.077475
   1.075      1.079420
   1.078      1.081349
   1.082      1.083262
   1.085      1.085159
   1.088      1.087040
   1.091      1.088905
   1.094      1.090754
   1.098      1.092588
   1.101      1.094405
   1.104      1.096207
   1.107      1.097992
   1.110      1.099762
   1.114      1.101516
   1.117      1.103254
   1.120      1.104976
   1.123      1.106682
   1.126      1.108372
   1.130      1.110046
   1.133      1.111705
   1.136      1.113347
   1.139      1.114974
   1.142      1.116584
   1.146      1.118179
   1.149      1.119758
   1.152      1.121321
   1.155      1.122868
   1.158      1.124399
   1.162      1.125914
   1.165      1.127413
   1.168      1.128896
   1.171      1.130363
   1.174      1.131815
   1.178      1.133250
   1.181      1.134669
   1.184      1.136073
   1.187      1.137460
   1.190      1.138832
   1.194      1.140187
   1.197      1.141527
   1.200      1.142850
   1.203      1.144158
   1.206      1.145450
   1.210      1.146726
   1.213      1.147986
   1.216      1.149230
   1.219      1.150458
   1.222      1.151670
   1.226      1.152866
   1.229      1.154046
   1.232      1.155210
   1.235      1.156359
   1.238      1.157491
   1.242      1.158608
   1.245      1.159708
   1.248      1.160793
   1.251      1.161862
   1.254      1.162915
   1.258      1.163952
   1.261      1.164974
   1.264      1.165979
   1.267      1.166969
   1.270      1.167943
   1.274      1.168901
   1.277      1.169843
   1.280      1.170770
   1.283      1.171680
   1.286      1.172575
   1.290      1.173455
   1.293      1.174318
   1.296      1.175166
   1.299      1.175998
   1.302      1.176814
   1.306      1.177615
   1.309      1.178400
   1.312      1.179170
   1.315      1.179924
   1.318      1.180662
   1.322      1.181385
   1.325      1.182092
   1.328      1.182784
   1.331      1.183460
   1.334      1.184121
   1.338      1.184766
   1.341      1.185396
   1.344      1.186010
   1.347      1.186609
   1.350      1.187192
   1.354      1.187761
   1.357      1.188314
   1.360      1.188851
   1.363      1.189373
   1.366      1.189880
   1.370      1.190372
   1.373      1.190849
   1.376      1.191310
   1.379      1.191757
   1.382      1.192188
   1.386      1.192604
   1.389      1.193005
   1.392      1.193391
   1.395      1.193762
   1.398      1.194118
   1.402      1.194459
   1.405      1.194785
   1.408      1.195096
   1.411      1.195392
   1.414      1.195673
   1.418      1.195940
   1.421      1.196192
   1.424      1.196429
   1.427      1.196651
   1.430      1.196859
   1.434      1.197052
   1.437      1.197230
   1.440      1.197394
   1.443      1.197543
   1.446      1.197678
   1.450      1.197798
   1.453      1.197904
   1.456      1.197995
   1.459      1.198072
   1.462      1.198135
   1.466      1.198183
   1.469      1.198217
   1.472      1.198236
   1.475      1.198242
   1.478      1.198233
   1.482      1.198210
   1.485      1.198173
   1.488      1.198122
   1.491      1.198057
   1.494      1.197977
   1.498      1.197884
   1.501      1.197777
   1.504      1.197656
   1.507      1.197521
   1.510      1.197372
   1.514      1.197209
   1.517      1.197033
   1.520      1.196843
   1.523      1.196639
   1.526      1.196422
   1.530      1.196191
   1.533      1.195946
   1.536      1.195688
   1.539      1.195416
   1.542      1.195131
   1.546      1.194833
   1.549      1.194521
   1.552      1.194195
   1.555      1.193857
   1.558      1.193505
   1.562      1.193140
   1.565      1.192762
   1.568      1.192370
   1.571      1.191966
   1.574      1.191548
   1.578      1.191117
   1.581      1.190674
   1.584      1.190217
   1.587      1.189748
   1.590      1.189265
   1.594      1.188770
   1.597      1.188262
   1.600      1.187742
   1.603      1.187208
   1.606      1.186662
   1.610      1.186104
   1.613      1.185532
   1.616      1.184949
   1.619      1.184352
   1.622      1.183744
   1.626      1.183123
   1.629      1.182489
   1.632      1.181843
   1.635      1.181185
   1.638      1.180515
   1.642      1.179832
   1.645      1.179138
   1.648      1.178431
   1.651      1.177712
   1.654      1.176981
   1.658      1.176238
   1.661      1.175484
   1.664      1.174717
   1.667      1.173939
   1.670      1.173148
   1.674      1.172346
   1.677      1.171533
   1.680      1.170707
   1.683      1.169870
   1.686      1.169022
   1.690      1.168161
   1.693      1.167290
   1.696      1.166407
   1.699      1.165512
   1.702      1.164606
   1.706      1.163689
   1.709      1.162761
   1.712      1.161821
   1.715      1.160871
   1.718      1.159909
   1.722      1.158936
   1.725      1.157952
   1.728      1.156957
   1.731      1.155951
   1.734      1.154934
   1.738      1.153906
   1.741      1.152868
   1.744      1.151819
   1.747      1.150759
   1.750      1.149688
   1.754      1.148607
   1.757      1.147515
   1.760      1.146413
   1.763      1.145300
   1.766      1.144177
   1.770      1.143044
   1.773      1.141900
   1.776      1.140746
   1.779      1.139581
   1.782      1.138407
   1.786      1.137222
   1.789      1.136027
   1.792      1.134822
   1.795      1.133608
   1.798      1.132383
   1.802      1.131148
   1.805      1.129904
   1.808      1.128649
   1.811      1.127385
   1.814      1.126111
   1.818      1.124828
   1.821      1.123535
   1.824      1.122232
   1.827      1.120920
   1.830      1.119598
   1.834      1.118267
   1.837      1.116927
   1.840      1.115577
   1.843      1.114218
   1.846      1.112850
   1.850      1.111473
   1.853      1.110086
   1.856      1.108691
   1.859      1.107286
   1.862      1.105873
   1.866      1.104450
   1.869      1.103019
   1.872      1.101579
   1.875      1.100130
   1.878      1.098672
   1.882      1.097206
   1.885      1.095731
   1.888      1.094247
   1.891      1.092755
   1.894      1.091255
   1.898      1.089746
   1.901      1.088228
   1.904      1.086703
   1.907      1.085169
   1.910      1.083627
   1.914      1.082076
   1.917      1.080518
   1.920      1.078951
   1.923      1.077376
   1.926      1.075794
   1.930      1.074203
   1.933      1.072605
   1.936      1.070998
   1.939      1.069384
   1.942      1.067763
   1.946      1.066133
   1.949      1.064496
   1.952      1.062851
   1.955      1.061199
   1.958      1.059540
   1.962      1.057872
   1.965      1.056198
   1.968      1.054516
   1.971      1.052827
   1.974      1.051131
   1.978      1.049427
   1.981      1.047716
   1.984      1.045999
   1.987      1.044274
   1.990      1.042542
   1.994      1.040803
   1.997      1.039058
   2.000      1.037305
   2.003      1.035546
   2.006      1.033780
   2.010      1.032008
   2.013      1.030228
   2.016      1.028443
   2.019      1.026650
   2.022      1.024852
   2.026      1.023046
   2.029      1.021235
   2.032      1.019417
   2.035      1.017592
   2.038      1.015762
   2.042      1.013925
   2.045      1.012083
   2.048      1.010234
   2.051      1.008379
   2.054      1.006518
   2.058      1.004651
   2.061      1.002778
   2.064      1.000900
   2.067      0.999016
   2.070      0.997126
   2.074      0.995230
   2.077      0.993329
   2.080      0.991422
   2.083      0.989509
   2.086      0.987591
   2.090      0.985668
   2.093      0.983739
   2.096      0.981805
   2.099      0.979866
   2.102      0.977921
   2.106      0.975971
   2.109      0.974016
   2.112      0.972056
   2.115      0.970091
   2.118      0.968121
   2.122      0.966146
   2.125      0.964166
   2.128      0.962182
   2.131      0.960192
   2.134      0.958198
   2.138      0.956199
   2.141      0.954195
   2.144      0.952187
   2.147      0.950174
   2.150      0.948157
   2.154      0.946135
   2.157      0.944109
   2.160      0.942079
   2.163      0.940044
   2.166      0.938005
   2.170      0.935962
   2.173      0.933914
   2.176      0.931863
   2.179      0.929807
   2.182      0.927748
   2.186      0.925684
   2.189      0.923617
   2.192      0.921545
   2.195      0.919470
   2.198      0.917391
   2.202      0.915309
   2.205      0.913222
   2.208      0.911132
   2.211      0.909039
   2.214      0.906942
   2.218      0.904841
   2.221      0.902737
   2.224      0.900630
   2.227      0.898519
   2.230      0.896405
   2.234      0.894288
   2.237      0.892167
   2.240      0.890043
   2.243      0.887917
   2.246      0.885787
   2.250      0.883654
   2.253      0.881518
   2.256      0.879379
   2.259      0.877237
   2.262      0.875093
   2.266      0.872946
   2.269      0.870796
   2.272      0.868643
   2.275      0.866487
   2.278      0.864329
   2.282      0.862169
   2.285      0.860006
   2.288      0.857840
   2.291      0.855672
   2.294      0.853502
   2.298      0.851329
   2.301      0.849154
   2.304      0.846977
   2.307      0.844798
   2.310      0.842616
   2.314      0.840433
   2.317      0.838247
   2.320      0.836059
   2.323      0.833869
   2.326      0.831678
   2.330      0.829484
   2.333      0.827289
   2.336      0.825092
   2.339      0.822893
   2.342      0.820692
   2.346      0.818490
   2.349      0.816286
   2.352      0.814081
   2.355      0.811874
   2.358      0.809665
   2.362      0.807455
   2.365      0.805244
   2.368      0.803031
   2.371      0.800817
   2.374      0.798602
   2.378      0.796385
   2.381      0.794167
   2.384      0.791948
   2.387      0.789728
   2.390      0.787507
   2.394      0.785285
   2.397      0.783062
   2.400      0.780838
   2.403      0.778613
   2.406      0.776387
   2.410      0.774161
   2.413      0.771933
   2.416      0.769705
   2.419      0.767476
   2.422      0.765247
   2.426      0.763017
   2.429      0.760786
   2.432      0.758555
   2.435      0.756324
   2.438      0.754092
   2.442      0.751859
   2.445      0.749626
   2.448      0.747393
   2.451      0.745160
   2.454      0.742926
   2.458      0.740692
   2.461      0.738458
   2.464      0.736224
   2.467      0.733989
   2.470      0.731755
   2.474      0.729520
   2.477      0.727286
   2.480      0.725052
   2.483      0.722818
   2.486      0.720584
   2.490      0.718350
   2.493      0.716116
   2.496      0.713883
   2.499      0.711650
   2.502      0.709417
   2.506      0.707184
   2.509      0.704952
   2.512      0.702721
   2.515      0.700490
   2.518      0.698259
   2.522      0.696029
   2.525      0.693800
   2.528      0.691571
   2.531      0.689343
   2.534      0.687115
   2.538      0.684889
   2.541      0.682663
   2.544      0.680438
   2.547      0.678213
   2.550      0.675990
   2.554      0.673767
   2.557      0.671546
   2.560      0.669325
   2.563      0.667106
   2.566      0.664887
   2.570      0.662670
   2.573      0.660454
   2.576      0.658238
   2.579      0.656024
   2.582      0.653812
   2.586      0.651600
   2.589      0.649390
   2.592      0.647181
   2.595      0.644974
   2.598      0.642768
   2.602      0.640563
   2.605      0.638360
   2.608      0.636158
   2.611      0.633958
   2.614      0.631759
   2.618      0.629562
   2.621      0.627367
   2.624      0.625173
   2.627      0.622981
   2.630      0.620791
   2.634      0.618602
   2.637      0.616415
   2.640      0.614230
   2.643      0.612047
   2.646      0.609866
   2.650      0.607686
   2.653      0.605509
   2.656      0.603333
   2.659      0.601160
   2.662      0.598988
   2.666      0.596819
   2.669      0.594652
   2.672      0.592486
   2.675      0.590323
   2.678      0.588162
   2.682      0.586004
   2.685      0.583847
   2.688      0.581693
   2.691      0.579541
   2.694      0.577392
   2.698      0.575244
   2.701      0.573099
   2.704      0.570957
   2.707      0.568817
   2.710      0.566679
   2.714      0.564544
   2.717      0.562412
   2.720      0.560282
   2.723      0.558154
   2.726      0.556029
   2.730      0.553907
   2.733      0.551787
   2.736      0.549671
   2.739      0.547556
   2.742      0.545445
   2.746      0.543336
   2.749      0.541230
   2.752      0.539127
   2.755      0.537027
   2.758      0.534929
   2.762      0.532835
   2.765      0.530743
   2.768      0.528654
   2.771      0.526568
   2.774      0.524486
   2.778      0.522406
   2.781      0.520329
   2.784      0.518255
   2.787      0.516185
   2.790      0.514117
   2.794      0.512053
   2.797      0.509992
   2.800      0.507933
   2.803      0.505879
   2.806      0.503827
   2.810      0.501779
   2.813      0.499733
   2.816      0.497691
   2.819      0.495653
   2.822      0.493618
   2.826      0.491586
   2.829      0.489557
   2.832      0.487532
   2.835      0.485511
   2.838      0.483492
   2.842      0.481478
   2.845      0.479466
   2.848      0.477458
   2.851      0.475454
   2.854      0.473453
   2.858      0.471456
   2.861      0.469463
   2.864      0.467473
   2.867      0.465486
   2.870      0.463504
   2.874      0.461525
   2.877      0.459549
   2.880      0.457578
   2.883      0.455610
   2.886      0.453646
   2.890      0.451685
   2.893      0.449728
   2.896      0.447776
   2.899      0.445827
   2.902      0.443881
   2.906      0.441940
   2.909      0.440002
   2.912      0.438069
   2.915      0.436139
   2.918      0.434213
   2.922      0.432292
   2.925      0.430374
   2.928      0.428460
   2.931      0.426550
   2.934      0.424644
   2.938      0.422742
   2.941      0.420844
   2.944      0.418950
   2.947      0.417061
   2.950      0.415175
   2.954      0.413294
   2.957      0.411416
   2.960      0.409543
   2.963      0.407674
   2.966      0.405809
   2.970      0.403948
   2.973      0.402091
   2.976      0.400239
   2.979      0.398391
   2.982      0.396547
   2.986      0.394707
   2.989      0.392872
   2.992      0.391041
   2.995      0.389214
   2.998      0.387391
   3.002      0.385573
   3.005      0.383759
   3.008      0.381949
   3.011      0.380144
   3.014      0.378343
   3.018      0.376547
   3.021      0.374755
   3.024      0.372967
   3.027      0.371184
   3.030      0.369405
   3.034      0.367631
   3.037      0.365861
   3.040      0.364095
   3.043      0.362334
   3.046      0.360578
   3.050      0.358826
   3.053      0.357078
   3.056      0.355335
   3.059      0.353597
   3.062      0.351863
   3.066      0.350134
   3.069      0.348409
   3.072      0.346689
   3.075      0.344973
   3.078      0.343262
   3.082      0.341556
   3.085      0.339854
   3.088      0.338157
   3.091      0.336464
   3.094      0.334776
   3.098      0.333093
   3.101      0.331414
   3.104      0.329740
   3.107      0.328071
   3.110      0.326406
   3.114      0.324746
   3.117      0.323091
   3.120      0.321440
   3.123      0.319795
   3.126      0.318153
   3.130      0.316517
   3.133      0.314885
   3.136      0.313258
   3.139      0.311636
   3.142      0.310019
   3.146      0.308406
   3.149      0.306798
   3.152      0.305195
   3.155      0.303597
   3.158      0.302003
   3.162      0.300414
   3.165      0.298830
   3.168      0.297251
   3.171      0.295677
   3.174      0.294107
   3.178      0.292542
   3.181      0.290983
   3.184      0.289427
   3.187      0.287877
   3.190      0.286332
   3.194      0.284791
   3.197      0.283255
   3.200      0.281725
   3.203      0.280199
   3.206      0.278677
   3.210      0.277161
   3.213      0.275650
   3.216      0.274143
   3.219      0.272641
   3.222      0.271145
   3.226      0.269653
   3.229      0.268166
   3.232      0.266683
   3.235      0.265206
   3.238      0.263734
   3.242      0.262266
   3.245      0.260804
   3.248      0.259346
   3.251      0.257893
   3.254      0.256445
   3.258      0.255002
   3.261      0.253564
   3.264      0.252131
   3.267      0.250703
   3.270      0.249280
   3.274      0.247861
   3.277      0.246448
   3.280      0.245039
   3.283      0.243635
   3.286      0.242237
   3.290      0.240843
   3.293      0.239454
   3.296      0.238070
   3.299      0.236691
   3.302      0.235317
   3.306      0.233948
   3.309      0.232583
   3.312      0.231224
   3.315      0.229870
   3.318      0.228520
   3.322      0.227176
   3.325      0.225836
   3.328      0.224501
   3.331      0.223171
   3.334      0.221846
   3.338      0.220526
   3.341      0.219211
   3.344      0.217901
   3.347      0.216596
   3.350      0.215296
   3.354      0.214000
   3.357      0.212710
   3.360      0.211424
   3.363      0.210144
   3.366      0.208868
   3.370      0.207597
   3.373      0.206331
   3.376      0.205070
   3.379      0.203814
   3.382      0.202563
   3.386      0.201316
   3.389      0.200075
   3.392      0.198838
   3.395      0.197606
   3.398      0.196380
   3.402      0.195158
   3.405      0.193940
   3.408      0.192728
   3.411      0.191521
   3.414      0.190318
   3.418      0.189121
   3.421      0.187928
   3.424      0.186740
   3.427      0.185557
   3.430      0.184379
   3.434      0.183206
   3.437      0.182037
   3.440      0.180873
   3.443      0.179714
   3.446      0.178560
   3.450      0.177411
   3.453      0.176267
   3.456      0.175127
   3.459      0.173992
   3.462      0.172862
   3.466      0.171737
   3.469      0.170617
   3.472      0.169501
   3.475      0.168390
   3.478      0.167284
   3.482      0.166183
   3.485      0.165087
   3.488      0.163995
   3.491      0.162908
   3.494      0.161826
   3.498      0.160748
   3.501      0.159675
   3.504      0.158607
   3.507      0.157544
   3.510      0.156485
   3.514      0.155431
   3.517      0.154382
   3.520      0.153338
   3.523      0.152298
   3.526      0.151263
   3.530      0.150232
   3.533      0.149207
   3.536      0.148186
   3.539      0.147169
   3.542      0.146157
   3.546      0.145150
   3.549      0.144148
   3.552      0.143150
   3.555      0.142157
   3.558      0.141168
   3.562      0.140184
   3.565      0.139205
   3.568      0.138230
   3.571      0.137260
   3.574      0.136294
   3.578      0.135333
   3.581      0.134376
   3.584      0.133424
   3.587      0.132477
   3.590      0.131534
   3.594      0.130596
   3.597      0.129662
   3.600      0.128732
   3.603      0.127808
   3.606      0.126887
   3.610      0.125972
   3.613      0.125060
   3.616      0.124153
   3.619      0.123251
   3.622      0.122353
   3.626      0.121459
   3.629      0.120570
   3.632      0.119686
   3.635      0.118805
   3.638      0.117930
   3.642      0.117058
   3.645      0.116191
   3.648      0.115329
   3.651      0.114470
   3.654      0.113616
   3.658      0.112767
   3.661      0.111922
   3.664      0.111081
   3.667      0.110244
   3.670      0.109412
   3.674      0.108584
   3.677      0.107761
   3.680      0.106941
   3.683      0.106126
   3.686      0.105315
   3.690      0.104509
   3.693      0.103707
   3.696      0.102908
   3.699      0.102115
   3.702      0.101325
   3.706      0.100540
   3.709      0.099758
   3.712      0.098981
   3.715      0.098209
   3.718      0.097440
   3.722      0.096675
   3.725      0.095915
   3.728      0.095159
   3.731      0.094407
   3.734      0.093659
   3.738      0.092915
   3.741      0.092175
   3.744      0.091439
   3.747      0.090708
   3.750      0.089980
   3.754      0.089257
   3.757      0.088537
   3.760      0.087822
   3.763      0.087110
   3.766      0.086403
   3.770      0.085699
   3.773      0.085000
   3.776      0.084304
   3.779      0.083613
   3.782      0.082925
   3.786      0.082242
   3.789      0.081562
   3.792      0.080886
   3.795      0.080214
   3.798      0.079546
   3.802      0.078882
   3.805      0.078222
   3.808      0.077566
   3.811      0.076913
   3.814      0.076264
   3.818      0.075619
   3.821      0.074978
   3.824      0.074341
   3.827      0.073708
   3.830      0.073078
   3.834      0.072452
   3.837      0.071830
   3.840      0.071211
   3.843      0.070597
   3.846      0.069986
   3.850      0.069378
   3.853      0.068775
   3.856      0.068175
   3.859      0.067579
   3.862      0.066986
   3.866      0.066397
   3.869      0.065812
   3.872      0.065230
   3.875      0.064652
   3.878      0.064078
   3.882      0.063507
   3.885      0.062940
   3.888      0.062376
   3.891      0.061816
   3.894      0.061259
   3.898      0.060706
   3.901      0.060157
   3.904      0.059611
   3.907      0.059068
   3.910      0.058529
   3.914      0.057993
   3.917      0.057461
   3.920      0.056932
   3.923      0.056407
   3.926      0.055885
   3.930      0.055366
   3.933      0.054851
   3.936      0.054340
   3.939      0.053831
   3.942      0.053326
   3.946      0.052825
   3.949      0.052326
   3.952      0.051831
   3.955      0.051340
   3.958      0.050851
   3.962      0.050366
   3.965      0.049884
   3.968      0.049406
   3.971      0.048930
   3.974      0.048458
   3.978      0.047989
   3.981      0.047523
   3.984      0.047061
   3.987      0.046601
   3.990      0.046145
   3.994      0.045692
   3.997      0.045242
   4.000      0.044796
   4.003      0.044352
   4.006      0.043911
   4.010      0.043474
   4.013      0.043040
   4.016      0.042608
   4.019      0.042180
   4.022      0.041755
   4.026      0.041333
   4.029      0.040914
   4.032      0.040497
   4.035      0.040084
   4.038      0.039674
   4.042      0.039267
   4.045      0.038863
   4.048      0.038461
   4.051      0.038063
   4.054      0.037667
   4.058      0.037275
   4.061      0.036885
   4.064      0.036498
   4.067      0.036114
   4.070      0.035733
   4.074      0.035355
   4.077      0.034980
   4.080      0.034607
   4.083      0.034237
   4.086      0.033870
   4.090      0.033506
   4.093      0.033144
   4.096      0.032786
   4.099      0.032430
   4.102      0.032077
   4.106      0.031726
   4.109      0.031378
   4.112      0.031033
   4.115      0.030691
   4.118      0.030351
   4.122      0.030014
   4.125      0.029679
   4.128      0.029347
   4.131      0.029018
   4.134      0.028691
   4.138      0.028367
   4.141      0.028046
   4.144      0.027727
   4.147      0.027410
   4.150      0.027097
   4.154      0.026785
   4.157      0.026476
   4.160      0.026170
   4.163      0.025866
   4.166      0.025565
   4.170      0.025266
   4.173      0.024970
   4.176      0.024676
   4.179      0.024384
   4.182      0.024095
   4.186      0.023808
   4.189      0.023524
   4.192      0.023242
   4.195      0.022963
   4.198      0.022685
   4.202      0.022411
   4.205      0.022138
   4.208      0.021868
   4.211      0.021600
   4.214      0.021334
   4.218      0.021071
   4.221      0.020810
   4.224      0.020551
   4.227      0.020295
   4.230      0.020040
   4.234      0.019788
   4.237      0.019538
   4.240      0.019291
   4.243      0.019045
   4.246      0.018802
   4.250      0.018561
   4.253      0.018322
   4.256      0.018085
   4.259      0.017850
   4.262      0.017617
   4.266      0.017387
   4.269      0.017158
   4.272      0.016932
   4.275      0.016708
   4.278      0.016486
   4.282      0.016265
   4.285      0.016047
   4.288      0.015831
   4.291      0.015617
   4.294      0.015405
   4.298      0.015195
   4.301      0.014987
   4.304      0.014780
   4.307      0.014576
   4.310      0.014374
   4.314      0.014174
   4.317      0.013975
   4.320      0.013779
   4.323      0.013584
   4.326      0.013391
   4.330      0.013200
   4.333      0.013011
   4.336      0.012824
   4.339      0.012639
   4.342      0.012455
   4.346      0.012274
   4.349      0.012094
   4.352      0.011916
   4.355      0.011740
   4.358      0.011565
   4.362      0.011392
   4.365      0.011221
   4.368      0.011052
   4.371      0.010885
   4.374      0.010719
   4.378      0.010555
   4.381      0.010392
   4.384      0.010232
   4.387      0.010073
   4.390      0.009915
   4.394      0.009759
   4.397      0.009605
   4.400      0.009453
   4.403      0.009302
   4.406      0.009153
   4.410      0.009005
   4.413      0.008859
   4.416      0.008715
   4.419      0.008572
   4.422      0.008431
   4.426      0.008291
   4.429      0.008153
   4.432      0.008016
   4.435      0.007881
   4.438      0.007747
   4.442      0.007615
   4.445      0.007484
   4.448      0.007355
   4.451      0.007227
   4.454      0.007101
   4.458      0.006976
   4.461      0.006853
   4.464      0.006731
   4.467      0.006610
   4.470      0.006491
   4.474      0.006373
   4.477      0.006257
   4.480      0.006142
   4.483      0.006028
   4.486      0.005916
   4.490      0.005805
   4.493      0.005695
   4.496      0.005587
   4.499      0.005480
   4.502      0.005374
   4.506      0.005270
   4.509      0.005167
   4.512      0.005065
   4.515      0.004964
   4.518      0.004865
   4.522      0.004767
   4.525      0.004670
   4.528      0.004574
   4.531      0.004480
   4.534      0.004387
   4.538      0.004295
   4.541      0.004204
   4.544      0.004114
   4.547      0.004026
   4.550      0.003938
   4.554      0.003852
   4.557      0.003767
   4.560      0.003683
   4.563      0.003601
   4.566      0.003519
   4.570      0.003438
   4.573      0.003359
   4.576      0.003281
   4.579      0.003203
   4.582      0.003127
   4.586      0.003052
   4.589      0.002978
   4.592      0.002905
   4.595      0.002833
   4.598      0.002762
   4.602      0.002692
   4.605      0.002623
   4.608      0.002555
   4.611      0.002488
   4.614      0.002422
   4.618      0.002357
   4.621      0.002293
   4.624      0.002230
   4.627      0.002168
   4.630      0.002107
   4.634      0.002046
   4.637      0.001987
   4.640      0.001929
   4.643      0.001871
   4.646      0.001814
   4.650      0.001759
   4.653      0.001704
   4.656      0.001650
   4.659      0.001597
   4.662      0.001544
   4.666      0.001493
   4.669      0.001443
   4.672      0.001393
   4.675      0.001344
   4.678      0.001296
   4.682      0.001249
   4.685      0.001202
   4.688      0.001156
   4.691      0.001112
   4.694      0.001067
   4.698      0.001024
   4.701      0.000982
   4.704      0.000940
   4.707      0.000899
   4.710      0.000858
   4.714      0.000819
   4.717      0.000780
   4.720      0.000742
   4.723      0.000704
   4.726      0.000668
   4.730      0.000632
   4.733      0.000596
   4.736      0.000562
   4.739      0.000528
   4.742      0.000494
   4.746      0.000462
   4.749      0.000430
   4.752      0.000398
   4.755      0.000368
   4.758      0.000338
   4.762      0.000308
   4.765      0.000279
   4.768      0.000251
   4.771      0.000223
   4.774      0.000196
   4.778      0.000170
   4.781      0.000144
   4.784      0.000119
   4.787      0.000094
   4.790      0.000070
   4.794      0.000046
   4.797      0.000023
   4.800      0.000000
