   0.000      5.389580
   0.003      5.376879
   0.005      5.364178
   0.008      5.349891
   0.011      5.335167
   0.014      5.320292
   0.016      5.305362
   0.019      5.290418
   0.022      5.275482
   0.025      5.260564
   0.027      5.245671
   0.030      5.230808
   0.033      5.215978
   0.036      5.201182
   0.038      5.186422
   0.041      5.171699
   0.044      5.157014
   0.046      5.142367
   0.049      5.127758
   0.052      5.113189
   0.055      5.098658
   0.057      5.084167
   0.060      5.069716
   0.063      5.055304
   0.066      5.040932
   0.068      5.026599
   0.071      5.012306
   0.074      4.998053
   0.077      4.983840
   0.079      4.969666
   0.082      4.955532
   0.085      4.941438
   0.087      4.927383
   0.090      4.913368
   0.093      4.899393
   0.096      4.885457
   0.098      4.871560
   0.101      4.857703
   0.104      4.843885
   0.107      4.830106
   0.109      4.816367
   0.112      4.802666
   0.115      4.789005
   0.118      4.775383
   0.120      4.761799
   0.123      4.748255
   0.126      4.734749
   0.128      4.721282
   0.131      4.707853
   0.134      4.694463
   0.137      4.681112
   0.139      4.667799
   0.142      4.654524
   0.145      4.641288
   0.148      4.628089
   0.150      4.614929
   0.153      4.601807
   0.156      4.588722
   0.159      4.575676
   0.161      4.562667
   0.164      4.549696
   0.167      4.536762
   0.169      4.523866
   0.172      4.511008
   0.175      4.498186
   0.178      4.485402
   0.180      4.472655
   0.183      4.459945
   0.186      4.447272
   0.189      4.434636
   0.191      4.422037
   0.194      4.409475
   0.197      4.396949
   0.200      4.384460
   0.202      4.372007
   0.205      4.359590
   0.208      4.347210
   0.210      4.334866
   0.213      4.322558
   0.216      4.310286
   0.219      4.298050
   0.221      4.285850
   0.224      4.273686
   0.227      4.261557
   0.230      4.249464
   0.232      4.237406
   0.235      4.225384
   0.238      4.213397
   0.241      4.201445
   0.243      4.189529
   0.246      4.177647
   0.249      4.165801
   0.251      4.153989
   0.254      4.142212
   0.257      4.130470
   0.260      4.118762
   0.262      4.107089
   0.265      4.095450
   0.268      4.083845
   0.271      4.072275
   0.273      4.060739
   0.276      4.049237
   0.279      4.037768
   0.282      4.026334
   0.284      4.014934
   0.287      4.003567
   0.290      3.992233
   0.292      3.980934
   0.295      3.969667
   0.298      3.958434
   0.301      3.947235
   0.303      3.936068
   0.306      3.924934
   0.309      3.913834
   0.312      3.902766
   0.314      3.891731
   0.317      3.880729
   0.320      3.869759
   0.323      3.858822
   0.325      3.847917
   0.328      3.837045
   0.331      3.826205
   0.333      3.815397
   0.336      3.804621
   0.339      3.793877
   0.342      3.783165
   0.344      3.772484
   0.347      3.761836
   0.350      3.751219
   0.353      3.740633
   0.355      3.730079
   0.358      3.719556
   0.361      3.709065
   0.364      3.698605
   0.366      3.688176
   0.369      3.677777
   0.372      3.667410
   0.374      3.657074
   0.377      3.646768
   0.380      3.636493
   0.383      3.626248
   0.385      3.616034
   0.388      3.605851
   0.391      3.595697
   0.394      3.585574
   0.396      3.575481
   0.399      3.565418
   0.402      3.555385
   0.405      3.545381
   0.407      3.535408
   0.410      3.525464
   0.413      3.515550
   0.415      3.505665
   0.418      3.495810
   0.421      3.485984
   0.424      3.476187
   0.426      3.466419
   0.429      3.456681
   0.432      3.446971
   0.435      3.437290
   0.437      3.427639
   0.440      3.418015
   0.443      3.408421
   0.446      3.398855
   0.448      3.389318
   0.451      3.379808
   0.454      3.370328
   0.456      3.360875
   0.459      3.351451
   0.462      3.342054
   0.465      3.332686
   0.467      3.323345
   0.470      3.314033
   0.473      3.304748
   0.476      3.295490
   0.478      3.286260
   0.481      3.277058
   0.484      3.267883
   0.487      3.258735
   0.489      3.249615
   0.492      3.240521
   0.495      3.231455
   0.497      3.222416
   0.500      3.213403
   0.503      3.204417
   0.506      3.195458
   0.508      3.186526
   0.511      3.177620
   0.514      3.168741
   0.517      3.159888
   0.519      3.151062
   0.522      3.142261
   0.525      3.133487
   0.528      3.124739
   0.530      3.116017
   0.533      3.107321
   0.536      3.098650
   0.538      3.090006
   0.541      3.081387
   0.544      3.072794
   0.547      3.064226
   0.549      3.055683
   0.552      3.047166
   0.555      3.038675
   0.558      3.030208
   0.560      3.021767
   0.563      3.013350
   0.566      3.004959
   0.569      2.996593
   0.571      2.988251
   0.574      2.979934
   0.577      2.971642
   0.579      2.963374
   0.582      2.955131
   0.585      2.946912
   0.588      2.938718
   0.590      2.930548
   0.593      2.922402
   0.596      2.914280
   0.599      2.906182
   0.601      2.898108
   0.604      2.890059
   0.607      2.882033
   0.610      2.874030
   0.612      2.866052
   0.615      2.858097
   0.618      2.850165
   0.620      2.842257
   0.623      2.834373
   0.626      2.826511
   0.629      2.818673
   0.631      2.810859
   0.634      2.803067
   0.637      2.795298
   0.640      2.787552
   0.642      2.779829
   0.645      2.772129
   0.648      2.764452
   0.651      2.756797
   0.653      2.749165
   0.656      2.741555
   0.659      2.733968
   0.661      2.726403
   0.664      2.718861
   0.667      2.711340
   0.670      2.703842
   0.672      2.696366
   0.675      2.688912
   0.678      2.681480
   0.681      2.674070
   0.683      2.666681
   0.686      2.659315
   0.689      2.651970
   0.692      2.644647
   0.694      2.637345
   0.697      2.630064
   0.700      2.622805
   0.702      2.615568
   0.705      2.608352
   0.708      2.601156
   0.711      2.593982
   0.713      2.586830
   0.716      2.579698
   0.719      2.572587
   0.722      2.565496
   0.724      2.558427
   0.727      2.551379
   0.730      2.544351
   0.733      2.537343
   0.735      2.530357
   0.738      2.523390
   0.741      2.516444
   0.743      2.509519
   0.746      2.502613
   0.749      2.495728
   0.752      2.488863
   0.754      2.482019
   0.757      2.475194
   0.760      2.468389
   0.763      2.461604
   0.765      2.454839
   0.768      2.448093
   0.771      2.441368
   0.774      2.434661
   0.776      2.427975
   0.779      2.421308
   0.782      2.414660
   0.784      2.408032
   0.787      2.401424
   0.790      2.394834
   0.793      2.388264
   0.795      2.381712
   0.798      2.375180
   0.801      2.368667
   0.804      2.362173
   0.806      2.355698
   0.809      2.349241
   0.812      2.342804
   0.815      2.336385
   0.817      2.329985
   0.820      2.323603
   0.823      2.317240
   0.825      2.310895
   0.828      2.304569
   0.831      2.298261
   0.834      2.291972
   0.836      2.285700
   0.839      2.279447
   0.842      2.273212
   0.845      2.266995
   0.847      2.260797
   0.850      2.254616
   0.853      2.248453
   0.856      2.242307
   0.858      2.236180
   0.861      2.230070
   0.864      2.223978
   0.866      2.217904
   0.869      2.211847
   0.872      2.205808
   0.875      2.199786
   0.877      2.193781
   0.880      2.187794
   0.883      2.181824
   0.886      2.175872
   0.888      2.169936
   0.891      2.164018
   0.894      2.158116
   0.897      2.152232
   0.899      2.146365
   0.902      2.140514
   0.905      2.134680
   0.907      2.128864
   0.910      2.123063
   0.913      2.117280
   0.916      2.111513
   0.918      2.105763
   0.921      2.100029
   0.924      2.094312
   0.927      2.088611
   0.929      2.082927
   0.932      2.077259
   0.935      2.071607
   0.938      2.065971
   0.940      2.060351
   0.943      2.054748
   0.946      2.049161
   0.948      2.043589
   0.951      2.038034
   0.954      2.032494
   0.957      2.026971
   0.959      2.021463
   0.962      2.015971
   0.965      2.010494
   0.968      2.005033
   0.970      1.999588
   0.973      1.994158
   0.976      1.988744
   0.979      1.983346
   0.981      1.977962
   0.984      1.972594
   0.987      1.967242
   0.989      1.961904
   0.992      1.956582
   0.995      1.951275
   0.998      1.945983
   1.000      1.940706
   1.003      1.935444
   1.006      1.930198
   1.009      1.924966
   1.011      1.919748
   1.014      1.914546
   1.017      1.909359
   1.020      1.904186
   1.022      1.899028
   1.025      1.893884
   1.028      1.888755
   1.030      1.883641
   1.033      1.878541
   1.036      1.873456
   1.039      1.868385
   1.041      1.863328
   1.044      1.858286
   1.047      1.853258
   1.050      1.848244
   1.052      1.843244
   1.055      1.838259
   1.058      1.833287
   1.061      1.828330
   1.063      1.823386
   1.066      1.818457
   1.069      1.813541
   1.071      1.808640
   1.074      1.803752
   1.077      1.798878
   1.080      1.794017
   1.082      1.789171
   1.085      1.784338
   1.088      1.779518
   1.091      1.774712
   1.093      1.769920
   1.096      1.765141
   1.099      1.760376
   1.102      1.755623
   1.104      1.750885
   1.107      1.746159
   1.110      1.741447
   1.112      1.736748
   1.115      1.732062
   1.118      1.727390
   1.121      1.722730
   1.123      1.718084
   1.126      1.713450
   1.129      1.708830
   1.132      1.704222
   1.134      1.699628
   1.137      1.695046
   1.140      1.690477
   1.143      1.685921
   1.145      1.681377
   1.148      1.676846
   1.151      1.672328
   1.153      1.667822
   1.156      1.663329
   1.159      1.658849
   1.162      1.654381
   1.164      1.649925
   1.167      1.645482
   1.170      1.641052
   1.173      1.636633
   1.175      1.632227
   1.178      1.627833
   1.181      1.623451
   1.184      1.619082
   1.186      1.614725
   1.189      1.610379
   1.192      1.606046
   1.194      1.601725
   1.197      1.597416
   1.200      1.593119
   1.203      1.588833
   1.205      1.584560
   1.208      1.580298
   1.211      1.576049
   1.214      1.571811
   1.216      1.567584
   1.219      1.563370
   1.222      1.559167
   1.225      1.554976
   1.227      1.550796
   1.230      1.546628
   1.233      1.542471
   1.235      1.538326
   1.238      1.534192
   1.241      1.530070
   1.244      1.525959
   1.246      1.521859
   1.249      1.517771
   1.252      1.513694
   1.255      1.509628
   1.257      1.505573
   1.260      1.501530
   1.263      1.497497
   1.266      1.493476
   1.268      1.489466
   1.271      1.485466
   1.274      1.481478
   1.276      1.477501
   1.279      1.473534
   1.282      1.469579
   1.285      1.465634
   1.287      1.461700
   1.290      1.457777
   1.293      1.453865
   1.296      1.449963
   1.298      1.446072
   1.301      1.442192
   1.304      1.438322
   1.307      1.434463
   1.309      1.430615
   1.312      1.426777
   1.315      1.422949
   1.317      1.419132
   1.320      1.415326
   1.323      1.411529
   1.326      1.407743
   1.328      1.403968
   1.331      1.400202
   1.334      1.396447
   1.337      1.392703
   1.339      1.388968
   1.342      1.385243
   1.345      1.381529
   1.348      1.377825
   1.350      1.374131
   1.353      1.370447
   1.356      1.366773
   1.358      1.363108
   1.361      1.359454
   1.364      1.355810
   1.367      1.352176
   1.369      1.348551
   1.372      1.344936
   1.375      1.341331
   1.378      1.337736
   1.380      1.334151
   1.383      1.330575
   1.386      1.327009
   1.389      1.323453
   1.391      1.319906
   1.394      1.316369
   1.397      1.312841
   1.399      1.309323
   1.402      1.305815
   1.405      1.302315
   1.408      1.298826
   1.410      1.295346
   1.413      1.291875
   1.416      1.288413
   1.419      1.284961
   1.421      1.281518
   1.424      1.278084
   1.427      1.274660
   1.430      1.271245
   1.432      1.267839
   1.435      1.264442
   1.438      1.261054
   1.440      1.257676
   1.443      1.254306
   1.446      1.250946
   1.449      1.247594
   1.451      1.244252
   1.454      1.240918
   1.457      1.237593
   1.460      1.234278
   1.462      1.230971
   1.465      1.227673
   1.468      1.224384
   1.471      1.221103
   1.473      1.217832
   1.476      1.214569
   1.479      1.211315
   1.481      1.208070
   1.484      1.204833
   1.487      1.201605
   1.490      1.198385
   1.492      1.195174
   1.495      1.191972
   1.498      1.188778
   1.501      1.185593
   1.503      1.182416
   1.506      1.179248
   1.509      1.176088
   1.512      1.172937
   1.514      1.169794
   1.517      1.166659
   1.520      1.163532
   1.522      1.160414
   1.525      1.157304
   1.528      1.154203
   1.531      1.151110
   1.533      1.148024
   1.536      1.144948
   1.539      1.141879
   1.542      1.138818
   1.544      1.135766
   1.547      1.132721
   1.550      1.129685
   1.553      1.126656
   1.555      1.123636
   1.558      1.120624
   1.561      1.117619
   1.563      1.114623
   1.566      1.111634
   1.569      1.108654
   1.572      1.105681
   1.574      1.102716
   1.577      1.099759
   1.580      1.096810
   1.583      1.093868
   1.585      1.090934
   1.588      1.088008
   1.591      1.085090
   1.594      1.082179
   1.596      1.079276
   1.599      1.076381
   1.602      1.073493
   1.604      1.070613
   1.607      1.067740
   1.610      1.064875
   1.613      1.062018
   1.615      1.059168
   1.618      1.056325
   1.621      1.053490
   1.624      1.050662
   1.626      1.047842
   1.629      1.045029
   1.632      1.042224
   1.635      1.039426
   1.637      1.036635
   1.640      1.033851
   1.643      1.031075
   1.645      1.028306
   1.648      1.025544
   1.651      1.022790
   1.654      1.020042
   1.656      1.017302
   1.659      1.014569
   1.662      1.011843
   1.665      1.009124
   1.667      1.006413
   1.670      1.003708
   1.673      1.001011
   1.676      0.998320
   1.678      0.995636
   1.681      0.992960
   1.684      0.990290
   1.686      0.987628
   1.689      0.984972
   1.692      0.982323
   1.695      0.979681
   1.697      0.977046
   1.700      0.974418
   1.703      0.971796
   1.706      0.969182
   1.708      0.966574
   1.711      0.963973
   1.714      0.961378
   1.717      0.958791
   1.719      0.956210
   1.722      0.953636
   1.725      0.951068
   1.727      0.948507
   1.730      0.945953
   1.733      0.943405
   1.736      0.940864
   1.738      0.938329
   1.741      0.935801
   1.744      0.933280
   1.747      0.930765
   1.749      0.928256
   1.752      0.925754
   1.755      0.923258
   1.758      0.920769
   1.760      0.918286
   1.763      0.915810
   1.766      0.913340
   1.768      0.910876
   1.771      0.908419
   1.774      0.905968
   1.777      0.903523
   1.779      0.901085
   1.782      0.898653
   1.785      0.896227
   1.788      0.893807
   1.790      0.891394
   1.793      0.888986
   1.796      0.886585
   1.799      0.884190
   1.801      0.881802
   1.804      0.879419
   1.807      0.877042
   1.809      0.874672
   1.812      0.872307
   1.815      0.869949
   1.818      0.867596
   1.820      0.865250
   1.823      0.862910
   1.826      0.860575
   1.829      0.858247
   1.831      0.855924
   1.834      0.853608
   1.837      0.851297
   1.840      0.848992
   1.842      0.846693
   1.845      0.844400
   1.848      0.842113
   1.850      0.839832
   1.853      0.837556
   1.856      0.835286
   1.859      0.833022
   1.861      0.830764
   1.864      0.828511
   1.867      0.826264
   1.870      0.824023
   1.872      0.821788
   1.875      0.819558
   1.878      0.817334
   1.881      0.815116
   1.883      0.812903
   1.886      0.810695
   1.889      0.808494
   1.891      0.806298
   1.894      0.804107
   1.897      0.801922
   1.900      0.799743
   1.902      0.797569
   1.905      0.795400
   1.908      0.793237
   1.911      0.791080
   1.913      0.788928
   1.916      0.786781
   1.919      0.784640
   1.922      0.782504
   1.924      0.780374
   1.927      0.778249
   1.930      0.776129
   1.932      0.774014
   1.935      0.771905
   1.938      0.769802
   1.941      0.767703
   1.943      0.765610
   1.946      0.763522
   1.949      0.761439
   1.952      0.759362
   1.954      0.757290
   1.957      0.755223
   1.960      0.753161
   1.963      0.751104
   1.965      0.749053
   1.968      0.747006
   1.971      0.744965
   1.973      0.742929
   1.976      0.740898
   1.979      0.738872
   1.982      0.736851
   1.984      0.734835
   1.987      0.732824
   1.990      0.730819
   1.993      0.728818
   1.995      0.726822
   1.998      0.724831
   2.001      0.722846
   2.004      0.720865
   2.006      0.718889
   2.009      0.716918
   2.012      0.714952
   2.014      0.712991
   2.017      0.711034
   2.020      0.709083
   2.023      0.707136
   2.025      0.705194
   2.028      0.703258
   2.031      0.701325
   2.034      0.699398
   2.036      0.697476
   2.039      0.695558
   2.042      0.693645
   2.045      0.691737
   2.047      0.689833
   2.050      0.687934
   2.053      0.686040
   2.055      0.684151
   2.058      0.682266
   2.061      0.680386
   2.064      0.678511
   2.066      0.676640
   2.069      0.674774
   2.072      0.672913
   2.075      0.671056
   2.077      0.669203
   2.080      0.667356
   2.083      0.665512
   2.086      0.663674
   2.088      0.661840
   2.091      0.660010
   2.094      0.658185
   2.096      0.656364
   2.099      0.654548
   2.102      0.652737
   2.105      0.650930
   2.107      0.649127
   2.110      0.647329
   2.113      0.645535
   2.116      0.643745
   2.118      0.641960
   2.121      0.640180
   2.124      0.638403
   2.127      0.636631
   2.129      0.634864
   2.132      0.633100
   2.135      0.631341
   2.137      0.629587
   2.140      0.627836
   2.143      0.626090
   2.146      0.624349
   2.148      0.622611
   2.151      0.620878
   2.154      0.619149
   2.157      0.617424
   2.159      0.615703
   2.162      0.613987
   2.165      0.612275
   2.168      0.610567
   2.170      0.608863
   2.173      0.607163
   2.176      0.605468
   2.178      0.603776
   2.181      0.602089
   2.184      0.600406
   2.187      0.598727
   2.189      0.597052
   2.192      0.595381
   2.195      0.593714
   2.198      0.592051
   2.200      0.590392
   2.203      0.588737
   2.206      0.587086
   2.209      0.585440
   2.211      0.583797
   2.214      0.582158
   2.217      0.580523
   2.219      0.578893
   2.222      0.577266
   2.225      0.575643
   2.228      0.574024
   2.230      0.572408
   2.233      0.570797
   2.236      0.569190
   2.239      0.567587
   2.241      0.565987
   2.244      0.564391
   2.247      0.562799
   2.250      0.561211
   2.252      0.559627
   2.255      0.558047
   2.258      0.556470
   2.260      0.554898
   2.263      0.553329
   2.266      0.551763
   2.269      0.550202
   2.271      0.548644
   2.274      0.547090
   2.277      0.545540
   2.280      0.543994
   2.282      0.542451
   2.285      0.540912
   2.288      0.539376
   2.291      0.537845
   2.293      0.536317
   2.296      0.534792
   2.299      0.533272
   2.301      0.531755
   2.304      0.530241
   2.307      0.528731
   2.310      0.527225
   2.312      0.525722
   2.315      0.524223
   2.318      0.522728
   2.321      0.521236
   2.323      0.519748
   2.326      0.518263
   2.329      0.516782
   2.332      0.515304
   2.334      0.513830
   2.337      0.512359
   2.340      0.510892
   2.342      0.509429
   2.345      0.507968
   2.348      0.506512
   2.351      0.505058
   2.353      0.503609
   2.356      0.502162
   2.359      0.500719
   2.362      0.499280
   2.364      0.497844
   2.367      0.496411
   2.370      0.494982
   2.373      0.493556
   2.375      0.492134
   2.378      0.490714
   2.381      0.489299
   2.383      0.487886
   2.386      0.486477
   2.389      0.485071
   2.392      0.483669
   2.394      0.482270
   2.397      0.480874
   2.400      0.479481
   2.403      0.478092
   2.405      0.476706
   2.408      0.475323
   2.411      0.473944
   2.414      0.472568
   2.416      0.471195
   2.419      0.469825
   2.422      0.468459
   2.424      0.467095
   2.427      0.465735
   2.430      0.464378
   2.433      0.463025
   2.435      0.461674
   2.438      0.460327
   2.441      0.458982
   2.444      0.457641
   2.446      0.456303
   2.449      0.454969
   2.452      0.453637
   2.455      0.452308
   2.457      0.450983
   2.460      0.449661
   2.463      0.448341
   2.465      0.447025
   2.468      0.445712
   2.471      0.444402
   2.474      0.443095
   2.476      0.441791
   2.479      0.440490
   2.482      0.439192
   2.485      0.437898
   2.487      0.436606
   2.490      0.435317
   2.493      0.434031
   2.496      0.432748
   2.498      0.431468
   2.501      0.430192
   2.504      0.428918
   2.506      0.427647
   2.509      0.426379
   2.512      0.425114
   2.515      0.423851
   2.517      0.422592
   2.520      0.421336
   2.523      0.420082
   2.526      0.418832
   2.528      0.417584
   2.531      0.416340
   2.534      0.415098
   2.537      0.413859
   2.539      0.412623
   2.542      0.411389
   2.545      0.410159
   2.547      0.408931
   2.550      0.407707
   2.553      0.406485
   2.556      0.405266
   2.558      0.404049
   2.561      0.402836
   2.564      0.401625
   2.567      0.400417
   2.569      0.399212
   2.572      0.398009
   2.575      0.396810
   2.578      0.395613
   2.580      0.394419
   2.583      0.393227
   2.586      0.392038
   2.588      0.390852
   2.591      0.389669
   2.594      0.388489
   2.597      0.387311
   2.599      0.386136
   2.602      0.384963
   2.605      0.383793
   2.608      0.382626
   2.610      0.381462
   2.613      0.380300
   2.616      0.379141
   2.619      0.377984
   2.621      0.376830
   2.624      0.375679
   2.627      0.374530
   2.629      0.373384
   2.632      0.372241
   2.635      0.371100
   2.638      0.369961
   2.640      0.368826
   2.643      0.367693
   2.646      0.366562
   2.649      0.365434
   2.651      0.364309
   2.654      0.363186
   2.657      0.362065
   2.660      0.360948
   2.662      0.359832
   2.665      0.358719
   2.668      0.357609
   2.670      0.356501
   2.673      0.355396
   2.676      0.354293
   2.679      0.353193
   2.681      0.352095
   2.684      0.351000
   2.687      0.349907
   2.690      0.348817
   2.692      0.347729
   2.695      0.346643
   2.698      0.345560
   2.701      0.344479
   2.703      0.343401
   2.706      0.342325
   2.709      0.341252
   2.711      0.340181
   2.714      0.339112
   2.717      0.338046
   2.720      0.336982
   2.722      0.335921
   2.725      0.334862
   2.728      0.333805
   2.731      0.332750
   2.733      0.331698
   2.736      0.330649
   2.739      0.329601
   2.742      0.328556
   2.744      0.327514
   2.747      0.326473
   2.750      0.325435
   2.752      0.324399
   2.755      0.323366
   2.758      0.322335
   2.761      0.321306
   2.763      0.320279
   2.766      0.319255
   2.769      0.318233
   2.772      0.317213
   2.774      0.316195
   2.777      0.315180
   2.780      0.314167
   2.783      0.313156
   2.785      0.312148
   2.788      0.311141
   2.791      0.310137
   2.793      0.309135
   2.796      0.308136
   2.799      0.307138
   2.802      0.306143
   2.804      0.305150
   2.807      0.304159
   2.810      0.303170
   2.813      0.302183
   2.815      0.301199
   2.818      0.300216
   2.821      0.299236
   2.824      0.298258
   2.826      0.297282
   2.829      0.296309
   2.832      0.295337
   2.834      0.294367
   2.837      0.293400
   2.840      0.292435
   2.843      0.291472
   2.845      0.290511
   2.848      0.289552
   2.851      0.288595
   2.854      0.287640
   2.856      0.286687
   2.859      0.285737
   2.862      0.284788
   2.865      0.283842
   2.867      0.282897
   2.870      0.281955
   2.873      0.281014
   2.875      0.280076
   2.878      0.279140
   2.881      0.278205
   2.884      0.277273
   2.886      0.276343
   2.889      0.275415
   2.892      0.274488
   2.895      0.273564
   2.897      0.272642
   2.900      0.271721
   2.903      0.270803
   2.906      0.269887
   2.908      0.268972
   2.911      0.268060
   2.914      0.267150
   2.916      0.266241
   2.919      0.265335
   2.922      0.264430
   2.925      0.263527
   2.927      0.262627
   2.930      0.261728
   2.933      0.260831
   2.936      0.259936
   2.938      0.259043
   2.941      0.258152
   2.944      0.257263
   2.947      0.256375
   2.949      0.255490
   2.952      0.254606
   2.955      0.253724
   2.957      0.252845
   2.960      0.251967
   2.963      0.251091
   2.966      0.250216
   2.968      0.249344
   2.971      0.248473
   2.974      0.247605
   2.977      0.246738
   2.979      0.245873
   2.982      0.245010
   2.985      0.244148
   2.988      0.243289
   2.990      0.242431
   2.993      0.241575
   2.996      0.240721
   2.998      0.239868
   3.001      0.239018
   3.004      0.238169
   3.007      0.237322
   3.009      0.236477
   3.012      0.235634
   3.015      0.234792
   3.018      0.233952
   3.020      0.233114
   3.023      0.232277
   3.026      0.231443
   3.029      0.230610
   3.031      0.229779
   3.034      0.228949
   3.037      0.228122
   3.039      0.227296
   3.042      0.226471
   3.045      0.225649
   3.048      0.224828
   3.050      0.224009
   3.053      0.223191
   3.056      0.222376
   3.059      0.221562
   3.061      0.220749
   3.064      0.219938
   3.067      0.219129
   3.070      0.218322
   3.072      0.217516
   3.075      0.216712
   3.078      0.215910
   3.080      0.215109
   3.083      0.214310
   3.086      0.213513
   3.089      0.212717
   3.091      0.211923
   3.094      0.211130
   3.097      0.210340
   3.100      0.209550
   3.102      0.208763
   3.105      0.207977
   3.108      0.207192
   3.111      0.206409
   3.113      0.205628
   3.116      0.204848
   3.119      0.204070
   3.121      0.203294
   3.124      0.202519
   3.127      0.201746
   3.130      0.200974
   3.132      0.200204
   3.135      0.199435
   3.138      0.198668
   3.141      0.197903
   3.143      0.197139
   3.146      0.196376
   3.149      0.195616
   3.152      0.194856
   3.154      0.194098
   3.157      0.193342
   3.160      0.192587
   3.162      0.191834
   3.165      0.191083
   3.168      0.190332
   3.171      0.189584
   3.173      0.188837
   3.176      0.188091
   3.179      0.187347
   3.182      0.186604
   3.184      0.185863
   3.187      0.185123
   3.190      0.184385
   3.193      0.183648
   3.195      0.182913
   3.198      0.182179
   3.201      0.181446
   3.203      0.180716
   3.206      0.179986
   3.209      0.179258
   3.212      0.178532
   3.214      0.177806
   3.217      0.177083
   3.220      0.176360
   3.223      0.175640
   3.225      0.174920
   3.228      0.174202
   3.231      0.173486
   3.234      0.172770
   3.236      0.172057
   3.239      0.171344
   3.242      0.170633
   3.244      0.169924
   3.247      0.169216
   3.250      0.168509
   3.253      0.167803
   3.255      0.167099
   3.258      0.166397
   3.261      0.165696
   3.264      0.164996
   3.266      0.164297
   3.269      0.163600
   3.272      0.162904
   3.275      0.162210
   3.277      0.161517
   3.280      0.160825
   3.283      0.160135
   3.285      0.159445
   3.288      0.158758
   3.291      0.158071
   3.294      0.157386
   3.296      0.156702
   3.299      0.156020
   3.302      0.155339
   3.305      0.154659
   3.307      0.153981
   3.310      0.153303
   3.313      0.152628
   3.316      0.151953
   3.318      0.151280
   3.321      0.150608
   3.324      0.149937
   3.326      0.149268
   3.329      0.148599
   3.332      0.147933
   3.335      0.147267
   3.337      0.146603
   3.340      0.145940
   3.343      0.145278
   3.346      0.144617
   3.348      0.143958
   3.351      0.143300
   3.354      0.142643
   3.357      0.141988
   3.359      0.141333
   3.362      0.140680
   3.365      0.140028
   3.367      0.139378
   3.370      0.138728
   3.373      0.138080
   3.376      0.137433
   3.378      0.136787
   3.381      0.136143
   3.384      0.135500
   3.387      0.134858
   3.389      0.134217
   3.392      0.133577
   3.395      0.132938
   3.398      0.132301
   3.400      0.131665
   3.403      0.131030
   3.406      0.130396
   3.408      0.129764
   3.411      0.129132
   3.414      0.128502
   3.417      0.127873
   3.419      0.127245
   3.422      0.126619
   3.425      0.125993
   3.428      0.125369
   3.430      0.124745
   3.433      0.124123
   3.436      0.123502
   3.439      0.122883
   3.441      0.122264
   3.444      0.121646
   3.447      0.121030
   3.449      0.120415
   3.452      0.119800
   3.455      0.119187
   3.458      0.118576
   3.460      0.117965
   3.463      0.117355
   3.466      0.116747
   3.469      0.116139
   3.471      0.115533
   3.474      0.114928
   3.477      0.114323
   3.480      0.113720
   3.482      0.113118
   3.485      0.112518
   3.488      0.111918
   3.490      0.111319
   3.493      0.110721
   3.496      0.110125
   3.499      0.109529
   3.501      0.108935
   3.504      0.108342
   3.507      0.107749
   3.510      0.107158
   3.512      0.106568
   3.515      0.105979
   3.518      0.105391
   3.521      0.104804
   3.523      0.104218
   3.526      0.103633
   3.529      0.103049
   3.531      0.102467
   3.534      0.101885
   3.537      0.101304
   3.540      0.100724
   3.542      0.100146
   3.545      0.099568
   3.548      0.098992
   3.551      0.098416
   3.553      0.097841
   3.556      0.097268
   3.559      0.096695
   3.562      0.096124
   3.564      0.095553
   3.567      0.094984
   3.570      0.094415
   3.572      0.093847
   3.575      0.093281
   3.578      0.092715
   3.581      0.092151
   3.583      0.091587
   3.586      0.091025
   3.589      0.090463
   3.592      0.089902
   3.594      0.089343
   3.597      0.088784
   3.600      0.088226
   3.603      0.087669
   3.605      0.087114
   3.608      0.086559
   3.611      0.086005
   3.613      0.085452
   3.616      0.084900
   3.619      0.084349
   3.622      0.083799
   3.624      0.083250
   3.627      0.082701
   3.630      0.082154
   3.633      0.081608
   3.635      0.081062
   3.638      0.080518
   3.641      0.079975
   3.644      0.079432
   3.646      0.078890
   3.649      0.078350
   3.652      0.077810
   3.654      0.077271
   3.657      0.076733
   3.660      0.076196
   3.663      0.075660
   3.665      0.075124
   3.668      0.074590
   3.671      0.074056
   3.674      0.073524
   3.676      0.072992
   3.679      0.072461
   3.682      0.071932
   3.685      0.071403
   3.687      0.070875
   3.690      0.070347
   3.693      0.069821
   3.695      0.069296
   3.698      0.068771
   3.701      0.068247
   3.704      0.067724
   3.706      0.067203
   3.709      0.066681
   3.712      0.066161
   3.715      0.065642
   3.717      0.065123
   3.720      0.064606
   3.723      0.064089
   3.726      0.063573
   3.728      0.063058
   3.731      0.062544
   3.734      0.062030
   3.736      0.061518
   3.739      0.061006
   3.742      0.060495
   3.745      0.059985
   3.747      0.059476
   3.750      0.058968
   3.753      0.058460
   3.756      0.057954
   3.758      0.057448
   3.761      0.056943
   3.764      0.056439
   3.767      0.055935
   3.769      0.055433
   3.772      0.054931
   3.775      0.054430
   3.777      0.053930
   3.780      0.053431
   3.783      0.052932
   3.786      0.052434
   3.788      0.051938
   3.791      0.051441
   3.794      0.050946
   3.797      0.050452
   3.799      0.049958
   3.802      0.049465
   3.805      0.048973
   3.808      0.048482
   3.810      0.047991
   3.813      0.047501
   3.816      0.047012
   3.818      0.046524
   3.821      0.046037
   3.824      0.045550
   3.827      0.045064
   3.829      0.044579
   3.832      0.044095
   3.835      0.043611
   3.838      0.043128
   3.840      0.042646
   3.843      0.042165
   3.846      0.041684
   3.849      0.041205
   3.851      0.040726
   3.854      0.040247
   3.857      0.039770
   3.859      0.039293
   3.862      0.038817
   3.865      0.038342
   3.868      0.037867
   3.870      0.037393
   3.873      0.036920
   3.876      0.036448
   3.879      0.035976
   3.881      0.035505
   3.884      0.035035
   3.887      0.034566
   3.890      0.034097
   3.892      0.033629
   3.895      0.033162
   3.898      0.032695
   3.900      0.032229
   3.903      0.031764
   3.906      0.031300
   3.909      0.030836
   3.911      0.030373
   3.914      0.029911
   3.917      0.029449
   3.920      0.028988
   3.922      0.028528
   3.925      0.028068
   3.928      0.027610
   3.931      0.027151
   3.933      0.026694
   3.936      0.026237
   3.939      0.025781
   3.941      0.025326
   3.944      0.024871
   3.947      0.024417
   3.950      0.023964
   3.952      0.023511
   3.955      0.023059
   3.958      0.022607
   3.961      0.022157
   3.963      0.021707
   3.966      0.021257
   3.969      0.020809
   3.972      0.020361
   3.974      0.019913
   3.977      0.019466
   3.980      0.019020
   3.982      0.018575
   3.985      0.018130
   3.988      0.017686
   3.991      0.017242
   3.993      0.016799
   3.996      0.016357
   3.999      0.015916
   4.002      0.015475
   4.004      0.015034
   4.007      0.014594
   4.010      0.014155
   4.013      0.013717
   4.015      0.013279
   4.018      0.012842
   4.021      0.012405
   4.023      0.011969
   4.026      0.011534
   4.029      0.011099
   4.032      0.010665
   4.034      0.010231
   4.037      0.009798
   4.040      0.009366
   4.043      0.008934
   4.045      0.008503
   4.048      0.008072
   4.051      0.007642
   4.054      0.007213
   4.056      0.006784
   4.059      0.006355
   4.062      0.005928
   4.064      0.005501
   4.067      0.005074
   4.070      0.004648
   4.073      0.004223
   4.075      0.003798
   4.078      0.003374
   4.081      0.002950
   4.084      0.002527
   4.086      0.002104
   4.089      0.001682
   4.092      0.001261
   4.095      0.000840
   4.097      0.000420
   4.100      0.000000
