   0.000   -298.050764
   0.003   -365.984282
   0.005   -182.414549
   0.008   -120.960192
   0.011    -90.233168
   0.014    -71.797119
   0.016    -59.506588
   0.019    -50.727810
   0.022    -44.143900
   0.024    -39.023256
   0.027    -34.926916
   0.030    -31.575540
   0.033    -28.782901
   0.035    -26.420074
   0.038    -24.394966
   0.041    -22.640044
   0.043    -21.104659
   0.046    -19.750078
   0.049    -18.546174
   0.052    -17.469165
   0.054    -16.500022
   0.057    -15.623344
   0.060    -14.826527
   0.062    -14.099161
   0.065    -13.432569
   0.068    -12.819463
   0.071    -12.253678
   0.073    -11.729958
   0.076    -11.243802
   0.079    -10.791328
   0.081    -10.369170
   0.084     -9.974399
   0.087     -9.604450
   0.089     -9.257070
   0.092     -8.930270
   0.095     -8.622290
   0.098     -8.331562
   0.100     -8.056692
   0.103     -7.796429
   0.106     -7.549652
   0.108     -7.315351
   0.111     -7.092617
   0.114     -6.880623
   0.117     -6.678624
   0.119     -6.485938
   0.122     -6.301948
   0.125     -6.126086
   0.127     -5.957837
   0.130     -5.796724
   0.133     -5.642314
   0.136     -5.494204
   0.138     -5.352026
   0.141     -5.215438
   0.144     -5.084126
   0.146     -4.957796
   0.149     -4.836178
   0.152     -4.719020
   0.155     -4.606090
   0.157     -4.497168
   0.160     -4.392051
   0.163     -4.290551
   0.165     -4.192490
   0.168     -4.097702
   0.171     -4.006032
   0.174     -3.917335
   0.176     -3.831473
   0.179     -3.748319
   0.182     -3.667751
   0.184     -3.589657
   0.187     -3.513928
   0.190     -3.440464
   0.193     -3.369170
   0.195     -3.299955
   0.198     -3.232735
   0.201     -3.167428
   0.203     -3.103960
   0.206     -3.042256
   0.209     -2.982249
   0.212     -2.923875
   0.214     -2.867070
   0.217     -2.811776
   0.220     -2.757938
   0.222     -2.705503
   0.225     -2.654419
   0.228     -2.604640
   0.231     -2.556118
   0.233     -2.508810
   0.236     -2.462675
   0.239     -2.417672
   0.241     -2.373763
   0.244     -2.330913
   0.247     -2.289085
   0.250     -2.248247
   0.252     -2.208368
   0.255     -2.169415
   0.258     -2.131361
   0.260     -2.094177
   0.263     -2.057836
   0.266     -2.022312
   0.268     -1.987581
   0.271     -1.953618
   0.274     -1.920401
   0.277     -1.887909
   0.279     -1.856119
   0.282     -1.825011
   0.285     -1.794566
   0.287     -1.764765
   0.290     -1.735591
   0.293     -1.707024
   0.296     -1.679049
   0.298     -1.651650
   0.301     -1.624811
   0.304     -1.598516
   0.306     -1.572751
   0.309     -1.547502
   0.312     -1.522756
   0.315     -1.498499
   0.317     -1.474719
   0.320     -1.451404
   0.323     -1.428541
   0.325     -1.406120
   0.328     -1.384128
   0.331     -1.362556
   0.334     -1.341394
   0.336     -1.320630
   0.339     -1.300256
   0.342     -1.280262
   0.344     -1.260638
   0.347     -1.241377
   0.350     -1.222469
   0.353     -1.203906
   0.355     -1.185681
   0.358     -1.167784
   0.361     -1.150210
   0.363     -1.132950
   0.366     -1.115997
   0.369     -1.099345
   0.372     -1.082986
   0.374     -1.066914
   0.377     -1.051123
   0.380     -1.035606
   0.382     -1.020358
   0.385     -1.005373
   0.388     -0.990645
   0.391     -0.976168
   0.393     -0.961938
   0.396     -0.947948
   0.399     -0.934195
   0.401     -0.920672
   0.404     -0.907376
   0.407     -0.894301
   0.410     -0.881442
   0.412     -0.868797
   0.415     -0.856359
   0.418     -0.844126
   0.420     -0.832092
   0.423     -0.820254
   0.426     -0.808608
   0.429     -0.797150
   0.431     -0.785877
   0.434     -0.774784
   0.437     -0.763869
   0.439     -0.753127
   0.442     -0.742556
   0.445     -0.732152
   0.447     -0.721912
   0.450     -0.711833
   0.453     -0.701912
   0.456     -0.692145
   0.458     -0.682531
   0.461     -0.673065
   0.464     -0.663746
   0.466     -0.654571
   0.469     -0.645536
   0.472     -0.636640
   0.475     -0.627880
   0.477     -0.619253
   0.480     -0.610757
   0.483     -0.602390
   0.485     -0.594149
   0.488     -0.586033
   0.491     -0.578038
   0.494     -0.570162
   0.496     -0.562405
   0.499     -0.554763
   0.502     -0.547234
   0.504     -0.539817
   0.507     -0.532509
   0.510     -0.525310
   0.513     -0.518216
   0.515     -0.511226
   0.518     -0.504338
   0.521     -0.497551
   0.523     -0.490863
   0.526     -0.484271
   0.529     -0.477776
   0.532     -0.471374
   0.534     -0.465064
   0.537     -0.458846
   0.540     -0.452716
   0.542     -0.446675
   0.545     -0.440719
   0.548     -0.434849
   0.551     -0.429062
   0.553     -0.423358
   0.556     -0.417734
   0.559     -0.412190
   0.561     -0.406724
   0.564     -0.401335
   0.567     -0.396022
   0.570     -0.390784
   0.572     -0.385618
   0.575     -0.380525
   0.578     -0.375504
   0.580     -0.370552
   0.583     -0.365669
   0.586     -0.360853
   0.589     -0.356105
   0.591     -0.351422
   0.594     -0.346803
   0.597     -0.342249
   0.599     -0.337757
   0.602     -0.333326
   0.605     -0.328957
   0.607     -0.324647
   0.610     -0.320396
   0.613     -0.316203
   0.616     -0.312068
   0.618     -0.307988
   0.621     -0.303964
   0.624     -0.299994
   0.626     -0.296079
   0.629     -0.292216
   0.632     -0.288405
   0.635     -0.284646
   0.637     -0.280937
   0.640     -0.277278
   0.643     -0.273669
   0.645     -0.270107
   0.648     -0.266594
   0.651     -0.263127
   0.654     -0.259707
   0.656     -0.256332
   0.659     -0.253002
   0.662     -0.249716
   0.664     -0.246475
   0.667     -0.243276
   0.670     -0.240119
   0.673     -0.237005
   0.675     -0.233931
   0.678     -0.230898
   0.681     -0.227905
   0.683     -0.224952
   0.686     -0.222037
   0.689     -0.219161
   0.692     -0.216322
   0.694     -0.213521
   0.697     -0.210757
   0.700     -0.208028
   0.702     -0.205336
   0.705     -0.202678
   0.708     -0.200055
   0.711     -0.197467
   0.713     -0.194912
   0.716     -0.192390
   0.719     -0.189901
   0.721     -0.187445
   0.724     -0.185020
   0.727     -0.182627
   0.730     -0.180265
   0.732     -0.177934
   0.735     -0.175632
   0.738     -0.173361
   0.740     -0.171118
   0.743     -0.168905
   0.746     -0.166720
   0.749     -0.164564
   0.751     -0.162435
   0.754     -0.160333
   0.757     -0.158259
   0.759     -0.156211
   0.762     -0.154189
   0.765     -0.152194
   0.768     -0.150224
   0.770     -0.148279
   0.773     -0.146359
   0.776     -0.144464
   0.778     -0.142593
   0.781     -0.140746
   0.784     -0.138922
   0.786     -0.137122
   0.789     -0.135345
   0.792     -0.133590
   0.795     -0.131858
   0.797     -0.130148
   0.800     -0.128459
   0.803     -0.126792
   0.805     -0.125147
   0.808     -0.123522
   0.811     -0.121918
   0.814     -0.120334
   0.816     -0.118770
   0.819     -0.117226
   0.822     -0.115702
   0.824     -0.114197
   0.827     -0.112711
   0.830     -0.111244
   0.833     -0.109796
   0.835     -0.108366
   0.838     -0.106954
   0.841     -0.105560
   0.843     -0.104183
   0.846     -0.102824
   0.849     -0.101482
   0.852     -0.100157
   0.854     -0.098849
   0.857     -0.097557
   0.860     -0.096282
   0.862     -0.095023
   0.865     -0.093779
   0.868     -0.092551
   0.871     -0.091339
   0.873     -0.090142
   0.876     -0.088960
   0.879     -0.087793
   0.881     -0.086641
   0.884     -0.085503
   0.887     -0.084380
   0.890     -0.083271
   0.892     -0.082176
   0.895     -0.081094
   0.898     -0.080026
   0.900     -0.078972
   0.903     -0.077931
   0.906     -0.076903
   0.909     -0.075888
   0.911     -0.074885
   0.914     -0.073896
   0.917     -0.072918
   0.919     -0.071954
   0.922     -0.071001
   0.925     -0.070060
   0.928     -0.069131
   0.930     -0.068214
   0.933     -0.067308
   0.936     -0.066414
   0.938     -0.065531
   0.941     -0.064659
   0.944     -0.063798
   0.946     -0.062948
   0.949     -0.062108
   0.952     -0.061280
   0.955     -0.060461
   0.957     -0.059653
   0.960     -0.058855
   0.963     -0.058067
   0.965     -0.057290
   0.968     -0.056521
   0.971     -0.055763
   0.974     -0.055014
   0.976     -0.054275
   0.979     -0.053545
   0.982     -0.052824
   0.984     -0.052112
   0.987     -0.051409
   0.990     -0.050715
   0.993     -0.050030
   0.995     -0.049354
   0.998     -0.048686
   1.001     -0.048026
   1.003     -0.047375
   1.006     -0.046732
   1.009     -0.046097
   1.012     -0.045470
   1.014     -0.044851
   1.017     -0.044240
   1.020     -0.043637
   1.022     -0.043042
   1.025     -0.042453
   1.028     -0.041873
   1.031     -0.041300
   1.033     -0.040734
   1.036     -0.040175
   1.039     -0.039623
   1.041     -0.039078
   1.044     -0.038541
   1.047     -0.038010
   1.050     -0.037485
   1.052     -0.036968
   1.055     -0.036457
   1.058     -0.035953
   1.060     -0.035455
   1.063     -0.034963
   1.066     -0.034478
   1.069     -0.033998
   1.071     -0.033525
   1.074     -0.033058
   1.077     -0.032597
   1.079     -0.032142
   1.082     -0.031693
   1.085     -0.031249
   1.088     -0.030811
   1.090     -0.030379
   1.093     -0.029953
   1.096     -0.029531
   1.098     -0.029115
   1.101     -0.028705
   1.104     -0.028300
   1.107     -0.027900
   1.109     -0.027505
   1.112     -0.027115
   1.115     -0.026731
   1.117     -0.026351
   1.120     -0.025976
   1.123     -0.025606
   1.125     -0.025241
   1.128     -0.024880
   1.131     -0.024524
   1.134     -0.024173
   1.136     -0.023827
   1.139     -0.023485
   1.142     -0.023147
   1.144     -0.022814
   1.147     -0.022485
   1.150     -0.022160
   1.153     -0.021839
   1.155     -0.021523
   1.158     -0.021211
   1.161     -0.020903
   1.163     -0.020599
   1.166     -0.020299
   1.169     -0.020003
   1.172     -0.019711
   1.174     -0.019422
   1.177     -0.019138
   1.180     -0.018857
   1.182     -0.018580
   1.185     -0.018306
   1.188     -0.018036
   1.191     -0.017770
   1.193     -0.017507
   1.196     -0.017248
   1.199     -0.016992
   1.201     -0.016739
   1.204     -0.016490
   1.207     -0.016244
   1.210     -0.016002
   1.212     -0.015762
   1.215     -0.015526
   1.218     -0.015293
   1.220     -0.015063
   1.223     -0.014836
   1.226     -0.014613
   1.229     -0.014392
   1.231     -0.014174
   1.234     -0.013959
   1.237     -0.013747
   1.239     -0.013538
   1.242     -0.013332
   1.245     -0.013128
   1.248     -0.012927
   1.250     -0.012729
   1.253     -0.012534
   1.256     -0.012341
   1.258     -0.012151
   1.261     -0.011963
   1.264     -0.011778
   1.267     -0.011596
   1.269     -0.011416
   1.272     -0.011238
   1.275     -0.011063
   1.277     -0.010891
   1.280     -0.010720
   1.283     -0.010552
   1.286     -0.010387
   1.288     -0.010223
   1.291     -0.010062
   1.294     -0.009903
   1.296     -0.009747
   1.299     -0.009592
   1.302     -0.009440
   1.304     -0.009289
   1.307     -0.009141
   1.310     -0.008995
   1.313     -0.008851
   1.315     -0.008709
   1.318     -0.008569
   1.321     -0.008431
   1.323     -0.008295
   1.326     -0.008160
   1.329     -0.008028
   1.332     -0.007897
   1.334     -0.007769
   1.337     -0.007642
   1.340     -0.007517
   1.342     -0.007394
   1.345     -0.007272
   1.348     -0.007152
   1.351     -0.007034
   1.353     -0.006918
   1.356     -0.006803
   1.359     -0.006690
   1.361     -0.006579
   1.364     -0.006469
   1.367     -0.006361
   1.370     -0.006254
   1.372     -0.006149
   1.375     -0.006045
   1.378     -0.005943
   1.380     -0.005842
   1.383     -0.005743
   1.386     -0.005646
   1.389     -0.005549
   1.391     -0.005454
   1.394     -0.005361
   1.397     -0.005269
   1.399     -0.005178
   1.402     -0.005089
   1.405     -0.005001
   1.408     -0.004914
   1.410     -0.004828
   1.413     -0.004744
   1.416     -0.004661
   1.418     -0.004579
   1.421     -0.004499
   1.424     -0.004420
   1.427     -0.004342
   1.429     -0.004265
   1.432     -0.004189
   1.435     -0.004114
   1.437     -0.004041
   1.440     -0.003968
   1.443     -0.003897
   1.446     -0.003827
   1.448     -0.003758
   1.451     -0.003690
   1.454     -0.003623
   1.456     -0.003557
   1.459     -0.003492
   1.462     -0.003428
   1.464     -0.003365
   1.467     -0.003303
   1.470     -0.003242
   1.473     -0.003182
   1.475     -0.003123
   1.478     -0.003065
   1.481     -0.003008
   1.483     -0.002951
   1.486     -0.002896
   1.489     -0.002841
   1.492     -0.002787
   1.494     -0.002735
   1.497     -0.002683
   1.500     -0.002631
   1.502     -0.002581
   1.505     -0.002531
   1.508     -0.002483
   1.511     -0.002435
   1.513     -0.002388
   1.516     -0.002341
   1.519     -0.002295
   1.521     -0.002251
   1.524     -0.002206
   1.527     -0.002163
   1.530     -0.002120
   1.532     -0.002078
   1.535     -0.002037
   1.538     -0.001996
   1.540     -0.001956
   1.543     -0.001917
   1.546     -0.001878
   1.549     -0.001840
   1.551     -0.001803
   1.554     -0.001766
   1.557     -0.001730
   1.559     -0.001695
   1.562     -0.001660
   1.565     -0.001625
   1.568     -0.001592
   1.570     -0.001559
   1.573     -0.001526
   1.576     -0.001494
   1.578     -0.001463
   1.581     -0.001432
   1.584     -0.001401
   1.587     -0.001372
   1.589     -0.001342
   1.592     -0.001314
   1.595     -0.001285
   1.597     -0.001257
   1.600     -0.001230
   1.603     -0.001203
   1.606     -0.001177
   1.608     -0.001151
   1.611     -0.001126
   1.614     -0.001101
   1.616     -0.001077
   1.619     -0.001053
   1.622     -0.001029
   1.625     -0.001006
   1.627     -0.000983
   1.630     -0.000961
   1.633     -0.000939
   1.635     -0.000918
   1.638     -0.000897
   1.641     -0.000876
   1.643     -0.000856
   1.646     -0.000836
   1.649     -0.000816
   1.652     -0.000797
   1.654     -0.000779
   1.657     -0.000760
   1.660     -0.000742
   1.662     -0.000724
   1.665     -0.000707
   1.668     -0.000690
   1.671     -0.000673
   1.673     -0.000657
   1.676     -0.000641
   1.679     -0.000625
   1.681     -0.000610
   1.684     -0.000595
   1.687     -0.000580
   1.690     -0.000566
   1.692     -0.000551
   1.695     -0.000537
   1.698     -0.000524
   1.700     -0.000510
   1.703     -0.000497
   1.706     -0.000485
   1.709     -0.000472
   1.711     -0.000460
   1.714     -0.000448
   1.717     -0.000436
   1.719     -0.000425
   1.722     -0.000413
   1.725     -0.000402
   1.728     -0.000392
   1.730     -0.000381
   1.733     -0.000371
   1.736     -0.000361
   1.738     -0.000351
   1.741     -0.000341
   1.744     -0.000332
   1.747     -0.000322
   1.749     -0.000313
   1.752     -0.000305
   1.755     -0.000296
   1.757     -0.000288
   1.760     -0.000279
   1.763     -0.000271
   1.766     -0.000263
   1.768     -0.000256
   1.771     -0.000248
   1.774     -0.000241
   1.776     -0.000234
   1.779     -0.000227
   1.782     -0.000220
   1.785     -0.000213
   1.787     -0.000207
   1.790     -0.000201
   1.793     -0.000194
   1.795     -0.000188
   1.798     -0.000182
   1.801     -0.000177
   1.804     -0.000171
   1.806     -0.000166
   1.809     -0.000160
   1.812     -0.000155
   1.814     -0.000150
   1.817     -0.000145
   1.820     -0.000141
   1.822     -0.000136
   1.825     -0.000131
   1.828     -0.000127
   1.831     -0.000123
   1.833     -0.000118
   1.836     -0.000114
   1.839     -0.000110
   1.841     -0.000107
   1.844     -0.000103
   1.847     -0.000099
   1.850     -0.000096
   1.852     -0.000092
   1.855     -0.000089
   1.858     -0.000086
   1.860     -0.000083
   1.863     -0.000079
   1.866     -0.000077
   1.869     -0.000074
   1.871     -0.000071
   1.874     -0.000068
   1.877     -0.000066
   1.879     -0.000063
   1.882     -0.000060
   1.885     -0.000058
   1.888     -0.000056
   1.890     -0.000054
   1.893     -0.000051
   1.896     -0.000049
   1.898     -0.000047
   1.901     -0.000045
   1.904     -0.000043
   1.907     -0.000041
   1.909     -0.000040
   1.912     -0.000038
   1.915     -0.000036
   1.917     -0.000035
   1.920     -0.000033
   1.923     -0.000032
   1.926     -0.000030
   1.928     -0.000029
   1.931     -0.000027
   1.934     -0.000026
   1.936     -0.000025
   1.939     -0.000024
   1.942     -0.000023
   1.945     -0.000021
   1.947     -0.000020
   1.950     -0.000019
   1.953     -0.000018
   1.955     -0.000017
   1.958     -0.000017
   1.961     -0.000016
   1.964     -0.000015
   1.966     -0.000014
   1.969     -0.000013
   1.972     -0.000013
   1.974     -0.000012
   1.977     -0.000011
   1.980     -0.000011
   1.982     -0.000010
   1.985     -0.000009
   1.988     -0.000009
   1.991     -0.000008
   1.993     -0.000008
   1.996     -0.000007
   1.999     -0.000007
   2.001     -0.000006
   2.004     -0.000006
   2.007     -0.000006
   2.010     -0.000005
   2.012     -0.000005
   2.015     -0.000004
   2.018     -0.000004
   2.020     -0.000004
   2.023     -0.000004
   2.026     -0.000003
   2.029     -0.000003
   2.031     -0.000003
   2.034     -0.000003
   2.037     -0.000002
   2.039     -0.000002
   2.042     -0.000002
   2.045     -0.000002
   2.048     -0.000002
   2.050     -0.000002
   2.053     -0.000001
   2.056     -0.000001
   2.058     -0.000001
   2.061     -0.000001
   2.064     -0.000001
   2.067     -0.000001
   2.069     -0.000001
   2.072     -0.000001
   2.075     -0.000001
   2.077     -0.000001
   2.080      0.000000
   2.083      0.000000
   2.086      0.000000
   2.088      0.000000
   2.091      0.000000
   2.094      0.000000
   2.096      0.000000
   2.099      0.000000
   2.102      0.000000
   2.105      0.000000
   2.107      0.000000
   2.110      0.000000
   2.113      0.000000
   2.115      0.000000
   2.118      0.000000
   2.121      0.000000
   2.124      0.000000
   2.126      0.000000
   2.129      0.000000
   2.132      0.000000
   2.134      0.000000
   2.137      0.000000
   2.140      0.000000
   2.143      0.000000
   2.145      0.000000
   2.148      0.000000
   2.151      0.000000
   2.153      0.000000
   2.156      0.000000
   2.159      0.000000
   2.161      0.000000
   2.164      0.000000
   2.167      0.000000
   2.170      0.000000
