   0.000      2.399677
   0.003      2.399803
   0.006      2.399930
   0.009      2.400141
   0.012      2.400436
   0.015      2.400816
   0.018      2.401281
   0.021      2.401830
   0.024      2.402464
   0.027      2.403183
   0.030      2.403986
   0.033      2.404875
   0.036      2.405848
   0.039      2.406906
   0.042      2.408049
   0.044      2.409277
   0.047      2.410590
   0.050      2.411988
   0.053      2.413470
   0.056      2.415038
   0.059      2.416691
   0.062      2.418428
   0.065      2.420251
   0.068      2.422158
   0.071      2.424151
   0.074      2.426228
   0.077      2.428390
   0.080      2.430637
   0.083      2.432968
   0.086      2.435384
   0.089      2.437885
   0.092      2.440470
   0.095      2.443140
   0.098      2.445894
   0.101      2.448732
   0.104      2.451655
   0.107      2.454661
   0.110      2.457752
   0.113      2.460926
   0.116      2.464183
   0.119      2.467525
   0.122      2.470949
   0.125      2.474457
   0.128      2.478047
   0.131      2.481720
   0.134      2.485476
   0.136      2.489314
   0.139      2.493234
   0.142      2.497235
   0.145      2.501319
   0.148      2.505483
   0.151      2.509728
   0.154      2.514054
   0.157      2.518460
   0.160      2.522945
   0.163      2.527510
   0.166      2.532155
   0.169      2.536878
   0.172      2.541679
   0.175      2.546557
   0.178      2.551514
   0.181      2.556546
   0.184      2.561656
   0.187      2.566841
   0.190      2.572101
   0.193      2.577435
   0.196      2.582844
   0.199      2.588326
   0.202      2.593880
   0.205      2.599507
   0.208      2.605205
   0.211      2.610974
   0.214      2.616812
   0.217      2.622719
   0.220      2.628695
   0.223      2.634738
   0.225      2.640847
   0.228      2.647022
   0.231      2.653262
   0.234      2.659565
   0.237      2.665931
   0.240      2.672359
   0.243      2.678847
   0.246      2.685395
   0.249      2.692001
   0.252      2.698664
   0.255      2.705384
   0.258      2.712158
   0.261      2.718987
   0.264      2.725867
   0.267      2.732798
   0.270      2.739780
   0.273      2.746809
   0.276      2.753885
   0.279      2.761007
   0.282      2.768172
   0.285      2.775380
   0.288      2.782629
   0.291      2.789917
   0.294      2.797242
   0.297      2.804603
   0.300      2.811999
   0.303      2.819427
   0.306      2.826885
   0.309      2.834372
   0.312      2.841886
   0.314      2.849426
   0.317      2.856988
   0.320      2.864571
   0.323      2.872174
   0.326      2.879793
   0.329      2.887427
   0.332      2.895075
   0.335      2.902732
   0.338      2.910399
   0.341      2.918071
   0.344      2.925748
   0.347      2.933426
   0.350      2.941103
   0.353      2.948778
   0.356      2.956447
   0.359      2.964108
   0.362      2.971758
   0.365      2.979396
   0.368      2.987018
   0.371      2.994622
   0.374      3.002206
   0.377      3.009766
   0.380      3.017300
   0.383      3.024806
   0.386      3.032280
   0.389      3.039720
   0.392      3.047123
   0.395      3.054487
   0.398      3.061807
   0.401      3.069083
   0.403      3.076310
   0.406      3.083486
   0.409      3.090608
   0.412      3.097673
   0.415      3.104678
   0.418      3.111620
   0.421      3.118496
   0.424      3.125303
   0.427      3.132038
   0.430      3.138698
   0.433      3.145281
   0.436      3.151782
   0.439      3.158199
   0.442      3.164528
   0.445      3.170768
   0.448      3.176914
   0.451      3.182964
   0.454      3.188915
   0.457      3.194763
   0.460      3.200506
   0.463      3.206140
   0.466      3.211662
   0.469      3.217070
   0.472      3.222360
   0.475      3.227529
   0.478      3.232575
   0.481      3.237494
   0.484      3.242284
   0.487      3.246941
   0.490      3.251463
   0.492      3.255847
   0.495      3.260089
   0.498      3.264187
   0.501      3.268139
   0.504      3.271941
   0.507      3.275591
   0.510      3.279086
   0.513      3.282423
   0.516      3.285600
   0.519      3.288615
   0.522      3.291464
   0.525      3.294145
   0.528      3.296656
   0.531      3.298995
   0.534      3.301158
   0.537      3.303145
   0.540      3.304952
   0.543      3.306577
   0.546      3.308019
   0.549      3.309275
   0.552      3.310344
   0.555      3.311222
   0.558      3.311910
   0.561      3.312404
   0.564      3.312703
   0.567      3.312805
   0.570      3.312709
   0.573      3.312414
   0.576      3.311917
   0.579      3.311218
   0.581      3.310315
   0.584      3.309207
   0.587      3.307892
   0.590      3.306371
   0.593      3.304641
   0.596      3.302702
   0.599      3.300554
   0.602      3.298194
   0.605      3.295624
   0.608      3.292841
   0.611      3.289846
   0.614      3.286638
   0.617      3.283217
   0.620      3.279583
   0.623      3.275735
   0.626      3.271673
   0.629      3.267398
   0.632      3.262909
   0.635      3.258207
   0.638      3.253292
   0.641      3.248163
   0.644      3.242823
   0.647      3.237270
   0.650      3.231506
   0.653      3.225531
   0.656      3.219346
   0.659      3.212952
   0.662      3.206349
   0.665      3.199539
   0.668      3.192523
   0.670      3.185301
   0.673      3.177875
   0.676      3.170246
   0.679      3.162415
   0.682      3.154384
   0.685      3.146154
   0.688      3.137727
   0.691      3.129103
   0.694      3.120286
   0.697      3.111276
   0.700      3.102075
   0.703      3.092685
   0.706      3.083108
   0.709      3.073346
   0.712      3.063400
   0.715      3.053273
   0.718      3.042967
   0.721      3.032483
   0.724      3.021825
   0.727      3.010993
   0.730      2.999990
   0.733      2.988820
   0.736      2.977482
   0.739      2.965981
   0.742      2.954318
   0.745      2.942497
   0.748      2.930518
   0.751      2.918385
   0.754      2.906099
   0.757      2.893665
   0.759      2.881083
   0.762      2.868357
   0.765      2.855489
   0.768      2.842481
   0.771      2.829336
   0.774      2.816057
   0.777      2.802646
   0.780      2.789106
   0.783      2.775439
   0.786      2.761648
   0.789      2.747735
   0.792      2.733703
   0.795      2.719555
   0.798      2.705292
   0.801      2.690919
   0.804      2.676436
   0.807      2.661847
   0.810      2.647155
   0.813      2.632361
   0.816      2.617469
   0.819      2.602480
   0.822      2.587398
   0.825      2.572224
   0.828      2.556961
   0.831      2.541612
   0.834      2.526179
   0.837      2.510665
   0.840      2.495071
   0.843      2.479400
   0.846      2.463655
   0.848      2.447837
   0.851      2.431949
   0.854      2.415994
   0.857      2.399973
   0.860      2.383889
   0.863      2.367744
   0.866      2.351540
   0.869      2.335279
   0.872      2.318963
   0.875      2.302595
   0.878      2.286176
   0.881      2.269709
   0.884      2.253195
   0.887      2.236637
   0.890      2.220036
   0.893      2.203394
   0.896      2.186714
   0.899      2.169997
   0.902      2.153245
   0.905      2.136459
   0.908      2.119642
   0.911      2.102796
   0.914      2.085921
   0.917      2.069020
   0.920      2.052095
   0.923      2.035147
   0.926      2.018177
   0.929      2.001188
   0.932      1.984181
   0.935      1.967157
   0.937      1.950119
   0.940      1.933067
   0.943      1.916003
   0.946      1.898929
   0.949      1.881845
   0.952      1.864754
   0.955      1.847657
   0.958      1.830555
   0.961      1.813450
   0.964      1.796342
   0.967      1.779234
   0.970      1.762126
   0.973      1.745020
   0.976      1.727918
   0.979      1.710819
   0.982      1.693726
   0.985      1.676640
   0.988      1.659562
   0.991      1.642492
   0.994      1.625433
   0.997      1.608386
   1.000      1.591351
   1.003      1.574330
   1.006      1.557323
   1.009      1.540332
   1.012      1.523359
   1.015      1.506403
   1.018      1.489466
   1.021      1.472549
   1.024      1.455653
   1.026      1.438779
   1.029      1.421927
   1.032      1.405100
   1.035      1.388298
   1.038      1.371521
   1.041      1.354772
   1.044      1.338050
   1.047      1.321356
   1.050      1.304692
   1.053      1.288058
   1.056      1.271456
   1.059      1.254885
   1.062      1.238348
   1.065      1.221844
   1.068      1.205374
   1.071      1.188941
   1.074      1.172543
   1.077      1.156182
   1.080      1.139859
   1.083      1.123575
   1.086      1.107330
   1.089      1.091124
   1.092      1.074960
   1.095      1.058837
   1.098      1.042757
   1.101      1.026719
   1.104      1.010725
   1.107      0.994776
   1.110      0.978871
   1.112      0.963013
   1.115      0.947200
   1.118      0.931435
   1.121      0.915717
   1.124      0.900048
   1.127      0.884427
   1.130      0.868856
   1.133      0.853336
   1.136      0.837866
   1.139      0.822447
   1.142      0.807081
   1.145      0.791766
   1.148      0.776505
   1.151      0.761298
   1.154      0.746145
   1.157      0.731046
   1.160      0.716003
   1.163      0.701016
   1.166      0.686084
   1.169      0.671210
   1.172      0.656393
   1.175      0.641634
   1.178      0.626932
   1.181      0.612290
   1.184      0.597707
   1.187      0.583183
   1.190      0.568720
   1.193      0.554316
   1.196      0.539974
   1.199      0.525694
   1.201      0.511474
   1.204      0.497317
   1.207      0.483223
   1.210      0.469192
   1.213      0.455223
   1.216      0.441319
   1.219      0.427479
   1.222      0.413702
   1.225      0.399991
   1.228      0.386345
   1.231      0.372764
   1.234      0.359249
   1.237      0.345800
   1.240      0.332417
   1.243      0.319101
   1.246      0.305851
   1.249      0.292669
   1.252      0.279555
   1.255      0.266508
   1.258      0.253529
   1.261      0.240618
   1.264      0.227776
   1.267      0.215003
   1.270      0.202299
   1.273      0.189664
   1.276      0.177098
   1.279      0.164602
   1.282      0.152175
   1.285      0.139819
   1.288      0.127533
   1.290      0.115318
   1.293      0.103173
   1.296      0.091098
   1.299      0.079095
   1.302      0.067163
   1.305      0.055302
   1.308      0.043512
   1.311      0.031794
   1.314      0.020147
   1.317      0.008572
   1.320     -0.002931
   1.323     -0.014362
   1.326     -0.025720
   1.329     -0.037007
   1.332     -0.048222
   1.335     -0.059364
   1.338     -0.070433
   1.341     -0.081430
   1.344     -0.092355
   1.347     -0.103207
   1.350     -0.113986
   1.353     -0.124692
   1.356     -0.135326
   1.359     -0.145887
   1.362     -0.156374
   1.365     -0.166789
   1.368     -0.177131
   1.371     -0.187400
   1.374     -0.197597
   1.377     -0.207720
   1.379     -0.217770
   1.382     -0.227747
   1.385     -0.237651
   1.388     -0.247482
   1.391     -0.257240
   1.394     -0.266926
   1.397     -0.276538
   1.400     -0.286078
   1.403     -0.295544
   1.406     -0.304938
   1.409     -0.314259
   1.412     -0.323508
   1.415     -0.332684
   1.418     -0.341787
   1.421     -0.350818
   1.424     -0.359776
   1.427     -0.368662
   1.430     -0.377476
   1.433     -0.386217
   1.436     -0.394886
   1.439     -0.403484
   1.442     -0.412009
   1.445     -0.420463
   1.448     -0.428844
   1.451     -0.437154
   1.454     -0.445393
   1.457     -0.453560
   1.460     -0.461656
   1.463     -0.469681
   1.466     -0.477635
   1.468     -0.485517
   1.471     -0.493329
   1.474     -0.501071
   1.477     -0.508741
   1.480     -0.516342
   1.483     -0.523872
   1.486     -0.531332
   1.489     -0.538723
   1.492     -0.546043
   1.495     -0.553294
   1.498     -0.560476
   1.501     -0.567588
   1.504     -0.574631
   1.507     -0.581605
   1.510     -0.588511
   1.513     -0.595348
   1.516     -0.602116
   1.519     -0.608816
   1.522     -0.615449
   1.525     -0.622013
   1.528     -0.628510
   1.531     -0.634940
   1.534     -0.641302
   1.537     -0.647597
   1.540     -0.653825
   1.543     -0.659987
   1.546     -0.666083
   1.549     -0.672112
   1.552     -0.678075
   1.555     -0.683973
   1.557     -0.689804
   1.560     -0.695571
   1.563     -0.701273
   1.566     -0.706909
   1.569     -0.712481
   1.572     -0.717989
   1.575     -0.723432
   1.578     -0.728812
   1.581     -0.734127
   1.584     -0.739380
   1.587     -0.744569
   1.590     -0.749695
   1.593     -0.754758
   1.596     -0.759759
   1.599     -0.764698
   1.602     -0.769574
   1.605     -0.774389
   1.608     -0.779143
   1.611     -0.783835
   1.614     -0.788466
   1.617     -0.793037
   1.620     -0.797547
   1.623     -0.801997
   1.626     -0.806387
   1.629     -0.810717
   1.632     -0.814988
   1.635     -0.819200
   1.638     -0.823352
   1.641     -0.827447
   1.644     -0.831483
   1.646     -0.835461
   1.649     -0.839381
   1.652     -0.843244
   1.655     -0.847049
   1.658     -0.850798
   1.661     -0.854489
   1.664     -0.858125
   1.667     -0.861704
   1.670     -0.865228
   1.673     -0.868696
   1.676     -0.872109
   1.679     -0.875466
   1.682     -0.878770
   1.685     -0.882018
   1.688     -0.885213
   1.691     -0.888354
   1.694     -0.891441
   1.697     -0.894475
   1.700     -0.897456
   1.703     -0.900384
   1.706     -0.903260
   1.709     -0.906084
   1.712     -0.908856
   1.715     -0.911577
   1.718     -0.914246
   1.721     -0.916865
   1.724     -0.919433
   1.727     -0.921950
   1.730     -0.924418
   1.733     -0.926836
   1.735     -0.929204
   1.738     -0.931523
   1.741     -0.933794
   1.744     -0.936016
   1.747     -0.938189
   1.750     -0.940315
   1.753     -0.942393
   1.756     -0.944424
   1.759     -0.946407
   1.762     -0.948344
   1.765     -0.950234
   1.768     -0.952079
   1.771     -0.953877
   1.774     -0.955630
   1.777     -0.957337
   1.780     -0.959000
   1.783     -0.960618
   1.786     -0.962191
   1.789     -0.963721
   1.792     -0.965206
   1.795     -0.966648
   1.798     -0.968047
   1.801     -0.969403
   1.804     -0.970717
   1.807     -0.971988
   1.810     -0.973217
   1.813     -0.974405
   1.816     -0.975551
   1.819     -0.976656
   1.822     -0.977720
   1.824     -0.978744
   1.827     -0.979727
   1.830     -0.980671
   1.833     -0.981575
   1.836     -0.982439
   1.839     -0.983265
   1.842     -0.984052
   1.845     -0.984800
   1.848     -0.985510
   1.851     -0.986183
   1.854     -0.986817
   1.857     -0.987415
   1.860     -0.987975
   1.863     -0.988499
   1.866     -0.988986
   1.869     -0.989437
   1.872     -0.989853
   1.875     -0.990233
   1.878     -0.990577
   1.881     -0.990887
   1.884     -0.991161
   1.887     -0.991402
   1.890     -0.991608
   1.893     -0.991780
   1.896     -0.991919
   1.899     -0.992025
   1.902     -0.992097
   1.905     -0.992137
   1.908     -0.992145
   1.911     -0.992120
   1.913     -0.992063
   1.916     -0.991975
   1.919     -0.991855
   1.922     -0.991705
   1.925     -0.991523
   1.928     -0.991311
   1.931     -0.991069
   1.934     -0.990797
   1.937     -0.990495
   1.940     -0.990164
   1.943     -0.989803
   1.946     -0.989414
   1.949     -0.988996
   1.952     -0.988550
   1.955     -0.988075
   1.958     -0.987573
   1.961     -0.987043
   1.964     -0.986486
   1.967     -0.985902
   1.970     -0.985291
   1.973     -0.984654
   1.976     -0.983990
   1.979     -0.983301
   1.982     -0.982586
   1.985     -0.981845
   1.988     -0.981079
   1.991     -0.980288
   1.994     -0.979472
   1.997     -0.978632
   2.000     -0.977767
   2.002     -0.976879
   2.005     -0.975967
   2.008     -0.975031
   2.011     -0.974072
   2.014     -0.973090
   2.017     -0.972086
   2.020     -0.971059
   2.023     -0.970010
   2.026     -0.968938
   2.029     -0.967845
   2.032     -0.966731
   2.035     -0.965595
   2.038     -0.964438
   2.041     -0.963260
   2.044     -0.962061
   2.047     -0.960843
   2.050     -0.959604
   2.053     -0.958345
   2.056     -0.957067
   2.059     -0.955769
   2.062     -0.954451
   2.065     -0.953115
   2.068     -0.951760
   2.071     -0.950387
   2.074     -0.948995
   2.077     -0.947585
   2.080     -0.946158
   2.083     -0.944712
   2.086     -0.943249
   2.089     -0.941769
   2.091     -0.940272
   2.094     -0.938758
   2.097     -0.937228
   2.100     -0.935681
   2.103     -0.934118
   2.106     -0.932539
   2.109     -0.930944
   2.112     -0.929334
   2.115     -0.927708
   2.118     -0.926068
   2.121     -0.924412
   2.124     -0.922742
   2.127     -0.921057
   2.130     -0.919357
   2.133     -0.917644
   2.136     -0.915917
   2.139     -0.914175
   2.142     -0.912421
   2.145     -0.910653
   2.148     -0.908872
   2.151     -0.907078
   2.154     -0.905271
   2.157     -0.903451
   2.160     -0.901619
   2.163     -0.899775
   2.166     -0.897919
   2.169     -0.896051
   2.172     -0.894171
   2.175     -0.892280
   2.178     -0.890377
   2.180     -0.888463
   2.183     -0.886539
   2.186     -0.884603
   2.189     -0.882657
   2.192     -0.880701
   2.195     -0.878734
   2.198     -0.876757
   2.201     -0.874770
   2.204     -0.872774
   2.207     -0.870768
   2.210     -0.868752
   2.213     -0.866727
   2.216     -0.864693
   2.219     -0.862650
   2.222     -0.860599
   2.225     -0.858539
   2.228     -0.856470
   2.231     -0.854393
   2.234     -0.852308
   2.237     -0.850215
   2.240     -0.848114
   2.243     -0.846005
   2.246     -0.843889
   2.249     -0.841765
   2.252     -0.839635
   2.255     -0.837497
   2.258     -0.835352
   2.261     -0.833200
   2.264     -0.831042
   2.267     -0.828877
   2.269     -0.826706
   2.272     -0.824529
   2.275     -0.822346
   2.278     -0.820156
   2.281     -0.817961
   2.284     -0.815760
   2.287     -0.813554
   2.290     -0.811342
   2.293     -0.809125
   2.296     -0.806903
   2.299     -0.804676
   2.302     -0.802444
   2.305     -0.800208
   2.308     -0.797966
   2.311     -0.795720
   2.314     -0.793470
   2.317     -0.791216
   2.320     -0.788957
   2.323     -0.786695
   2.326     -0.784428
   2.329     -0.782158
   2.332     -0.779884
   2.335     -0.777607
   2.338     -0.775326
   2.341     -0.773042
   2.344     -0.770755
   2.347     -0.768465
   2.350     -0.766172
   2.353     -0.763876
   2.356     -0.761577
   2.358     -0.759276
   2.361     -0.756972
   2.364     -0.754666
   2.367     -0.752357
   2.370     -0.750047
   2.373     -0.747734
   2.376     -0.745419
   2.379     -0.743102
   2.382     -0.740784
   2.385     -0.738464
   2.388     -0.736142
   2.391     -0.733819
   2.394     -0.731494
   2.397     -0.729168
   2.400     -0.726841
   2.403     -0.724513
   2.406     -0.722184
   2.409     -0.719854
   2.412     -0.717523
   2.415     -0.715192
   2.418     -0.712859
   2.421     -0.710526
   2.424     -0.708193
   2.427     -0.705859
   2.430     -0.703525
   2.433     -0.701191
   2.436     -0.698857
   2.439     -0.696523
   2.442     -0.694188
   2.445     -0.691854
   2.447     -0.689520
   2.450     -0.687186
   2.453     -0.684853
   2.456     -0.682520
   2.459     -0.680188
   2.462     -0.677856
   2.465     -0.675524
   2.468     -0.673194
   2.471     -0.670864
   2.474     -0.668536
   2.477     -0.666208
   2.480     -0.663881
   2.483     -0.661555
   2.486     -0.659231
   2.489     -0.656907
   2.492     -0.654585
   2.495     -0.652264
   2.498     -0.649945
   2.501     -0.647627
   2.504     -0.645311
   2.507     -0.642996
   2.510     -0.640684
   2.513     -0.638372
   2.516     -0.636063
   2.519     -0.633755
   2.522     -0.631450
   2.525     -0.629146
   2.528     -0.626845
   2.531     -0.624545
   2.534     -0.622248
   2.536     -0.619952
   2.539     -0.617660
   2.542     -0.615369
   2.545     -0.613081
   2.548     -0.610795
   2.551     -0.608512
   2.554     -0.606231
   2.557     -0.603952
   2.560     -0.601677
   2.563     -0.599404
   2.566     -0.597134
   2.569     -0.594866
   2.572     -0.592602
   2.575     -0.590340
   2.578     -0.588081
   2.581     -0.585825
   2.584     -0.583572
   2.587     -0.581322
   2.590     -0.579075
   2.593     -0.576832
   2.596     -0.574591
   2.599     -0.572354
   2.602     -0.570120
   2.605     -0.567889
   2.608     -0.565661
   2.611     -0.563437
   2.614     -0.561217
   2.617     -0.558999
   2.620     -0.556786
   2.623     -0.554575
   2.625     -0.552369
   2.628     -0.550165
   2.631     -0.547966
   2.634     -0.545770
   2.637     -0.543578
   2.640     -0.541389
   2.643     -0.539205
   2.646     -0.537024
   2.649     -0.534847
   2.652     -0.532673
   2.655     -0.530504
   2.658     -0.528339
   2.661     -0.526177
   2.664     -0.524019
   2.667     -0.521866
   2.670     -0.519716
   2.673     -0.517570
   2.676     -0.515429
   2.679     -0.513292
   2.682     -0.511158
   2.685     -0.509029
   2.688     -0.506904
   2.691     -0.504783
   2.694     -0.502667
   2.697     -0.500554
   2.700     -0.498446
   2.703     -0.496342
   2.706     -0.494243
   2.709     -0.492147
   2.712     -0.490057
   2.714     -0.487970
   2.717     -0.485888
   2.720     -0.483810
   2.723     -0.481737
   2.726     -0.479668
   2.729     -0.477603
   2.732     -0.475543
   2.735     -0.473488
   2.738     -0.471437
   2.741     -0.469390
   2.744     -0.467348
   2.747     -0.465311
   2.750     -0.463278
   2.753     -0.461250
   2.756     -0.459226
   2.759     -0.457207
   2.762     -0.455192
   2.765     -0.453182
   2.768     -0.451177
   2.771     -0.449176
   2.774     -0.447181
   2.777     -0.445189
   2.780     -0.443203
   2.783     -0.441221
   2.786     -0.439244
   2.789     -0.437271
   2.792     -0.435303
   2.795     -0.433340
   2.798     -0.431382
   2.801     -0.429429
   2.803     -0.427480
   2.806     -0.425536
   2.809     -0.423596
   2.812     -0.421662
   2.815     -0.419732
   2.818     -0.417807
   2.821     -0.415887
   2.824     -0.413972
   2.827     -0.412061
   2.830     -0.410156
   2.833     -0.408255
   2.836     -0.406359
   2.839     -0.404468
   2.842     -0.402581
   2.845     -0.400700
   2.848     -0.398823
   2.851     -0.396951
   2.854     -0.395084
   2.857     -0.393222
   2.860     -0.391364
   2.863     -0.389512
   2.866     -0.387664
   2.869     -0.385821
   2.872     -0.383983
   2.875     -0.382150
   2.878     -0.380321
   2.881     -0.378498
   2.884     -0.376679
   2.887     -0.374866
   2.890     -0.373057
   2.892     -0.371253
   2.895     -0.369453
   2.898     -0.367659
   2.901     -0.365869
   2.904     -0.364085
   2.907     -0.362305
   2.910     -0.360530
   2.913     -0.358760
   2.916     -0.356994
   2.919     -0.355234
   2.922     -0.353478
   2.925     -0.351727
   2.928     -0.349981
   2.931     -0.348240
   2.934     -0.346504
   2.937     -0.344772
   2.940     -0.343045
   2.943     -0.341323
   2.946     -0.339606
   2.949     -0.337893
   2.952     -0.336186
   2.955     -0.334483
   2.958     -0.332785
   2.961     -0.331091
   2.964     -0.329403
   2.967     -0.327719
   2.970     -0.326040
   2.973     -0.324366
   2.976     -0.322696
   2.979     -0.321031
   2.981     -0.319371
   2.984     -0.317716
   2.987     -0.316065
   2.990     -0.314419
   2.993     -0.312778
   2.996     -0.311141
   2.999     -0.309509
   3.002     -0.307882
   3.005     -0.306260
   3.008     -0.304642
   3.011     -0.303028
   3.014     -0.301420
   3.017     -0.299816
   3.020     -0.298216
   3.023     -0.296622
   3.026     -0.295031
   3.029     -0.293446
   3.032     -0.291865
   3.035     -0.290289
   3.038     -0.288717
   3.041     -0.287149
   3.044     -0.285587
   3.047     -0.284029
   3.050     -0.282475
   3.053     -0.280926
   3.056     -0.279381
   3.059     -0.277841
   3.062     -0.276306
   3.065     -0.274774
   3.068     -0.273248
   3.070     -0.271726
   3.073     -0.270208
   3.076     -0.268694
   3.079     -0.267186
   3.082     -0.265681
   3.085     -0.264181
   3.088     -0.262685
   3.091     -0.261194
   3.094     -0.259707
   3.097     -0.258225
   3.100     -0.256746
   3.103     -0.255272
   3.106     -0.253803
   3.109     -0.252338
   3.112     -0.250877
   3.115     -0.249420
   3.118     -0.247968
   3.121     -0.246520
   3.124     -0.245076
   3.127     -0.243636
   3.130     -0.242201
   3.133     -0.240770
   3.136     -0.239343
   3.139     -0.237920
   3.142     -0.236501
   3.145     -0.235087
   3.148     -0.233677
   3.151     -0.232270
   3.154     -0.230868
   3.157     -0.229471
   3.159     -0.228077
   3.162     -0.226687
   3.165     -0.225302
   3.168     -0.223920
   3.171     -0.222542
   3.174     -0.221169
   3.177     -0.219800
   3.180     -0.218434
   3.183     -0.217073
   3.186     -0.215715
   3.189     -0.214362
   3.192     -0.213012
   3.195     -0.211667
   3.198     -0.210325
   3.201     -0.208988
   3.204     -0.207654
   3.207     -0.206324
   3.210     -0.204998
   3.213     -0.203676
   3.216     -0.202357
   3.219     -0.201043
   3.222     -0.199732
   3.225     -0.198426
   3.228     -0.197123
   3.231     -0.195823
   3.234     -0.194528
   3.237     -0.193236
   3.240     -0.191948
   3.243     -0.190664
   3.246     -0.189383
   3.248     -0.188107
   3.251     -0.186833
   3.254     -0.185564
   3.257     -0.184298
   3.260     -0.183036
   3.263     -0.181778
   3.266     -0.180523
   3.269     -0.179271
   3.272     -0.178024
   3.275     -0.176780
   3.278     -0.175539
   3.281     -0.174302
   3.284     -0.173069
   3.287     -0.171839
   3.290     -0.170612
   3.293     -0.169389
   3.296     -0.168170
   3.299     -0.166954
   3.302     -0.165741
   3.305     -0.164532
   3.308     -0.163326
   3.311     -0.162124
   3.314     -0.160925
   3.317     -0.159729
   3.320     -0.158537
   3.323     -0.157348
   3.326     -0.156163
   3.329     -0.154981
   3.332     -0.153802
   3.335     -0.152626
   3.337     -0.151454
   3.340     -0.150285
   3.343     -0.149119
   3.346     -0.147957
   3.349     -0.146798
   3.352     -0.145642
   3.355     -0.144489
   3.358     -0.143339
   3.361     -0.142192
   3.364     -0.141049
   3.367     -0.139909
   3.370     -0.138772
   3.373     -0.137638
   3.376     -0.136507
   3.379     -0.135379
   3.382     -0.134254
   3.385     -0.133133
   3.388     -0.132014
   3.391     -0.130898
   3.394     -0.129786
   3.397     -0.128676
   3.400     -0.127569
   3.403     -0.126466
   3.406     -0.125365
   3.409     -0.124267
   3.412     -0.123172
   3.415     -0.122081
   3.418     -0.120992
   3.421     -0.119905
   3.424     -0.118822
   3.426     -0.117742
   3.429     -0.116664
   3.432     -0.115590
   3.435     -0.114518
   3.438     -0.113449
   3.441     -0.112382
   3.444     -0.111319
   3.447     -0.110258
   3.450     -0.109200
   3.453     -0.108145
   3.456     -0.107092
   3.459     -0.106042
   3.462     -0.104995
   3.465     -0.103951
   3.468     -0.102909
   3.471     -0.101870
   3.474     -0.100834
   3.477     -0.099800
   3.480     -0.098768
   3.483     -0.097740
   3.486     -0.096714
   3.489     -0.095690
   3.492     -0.094669
   3.495     -0.093651
   3.498     -0.092635
   3.501     -0.091622
   3.504     -0.090611
   3.507     -0.089603
   3.510     -0.088597
   3.513     -0.087593
   3.515     -0.086593
   3.518     -0.085594
   3.521     -0.084598
   3.524     -0.083604
   3.527     -0.082613
   3.530     -0.081624
   3.533     -0.080638
   3.536     -0.079654
   3.539     -0.078672
   3.542     -0.077693
   3.545     -0.076715
   3.548     -0.075741
   3.551     -0.074768
   3.554     -0.073798
   3.557     -0.072830
   3.560     -0.071864
   3.563     -0.070901
   3.566     -0.069940
   3.569     -0.068981
   3.572     -0.068024
   3.575     -0.067069
   3.578     -0.066117
   3.581     -0.065167
   3.584     -0.064218
   3.587     -0.063272
   3.590     -0.062329
   3.593     -0.061387
   3.596     -0.060447
   3.599     -0.059510
   3.602     -0.058574
   3.604     -0.057641
   3.607     -0.056710
   3.610     -0.055780
   3.613     -0.054853
   3.616     -0.053928
   3.619     -0.053005
   3.622     -0.052083
   3.625     -0.051164
   3.628     -0.050247
   3.631     -0.049332
   3.634     -0.048418
   3.637     -0.047507
   3.640     -0.046597
   3.643     -0.045690
   3.646     -0.044784
   3.649     -0.043880
   3.652     -0.042978
   3.655     -0.042078
   3.658     -0.041179
   3.661     -0.040283
   3.664     -0.039388
   3.667     -0.038496
   3.670     -0.037605
   3.673     -0.036715
   3.676     -0.035828
   3.679     -0.034942
   3.682     -0.034058
   3.685     -0.033176
   3.688     -0.032295
   3.691     -0.031417
   3.693     -0.030539
   3.696     -0.029664
   3.699     -0.028790
   3.702     -0.027918
   3.705     -0.027048
   3.708     -0.026179
   3.711     -0.025312
   3.714     -0.024446
   3.717     -0.023583
   3.720     -0.022720
   3.723     -0.021860
   3.726     -0.021000
   3.729     -0.020143
   3.732     -0.019287
   3.735     -0.018432
   3.738     -0.017579
   3.741     -0.016728
   3.744     -0.015878
   3.747     -0.015029
   3.750     -0.014182
   3.753     -0.013337
   3.756     -0.012493
   3.759     -0.011650
   3.762     -0.010809
   3.765     -0.009969
   3.768     -0.009131
   3.771     -0.008294
   3.774     -0.007459
   3.777     -0.006625
   3.780     -0.005792
   3.782     -0.004960
   3.785     -0.004130
   3.788     -0.003302
   3.791     -0.002474
   3.794     -0.001648
   3.797     -0.000823
   3.800      0.000000
