   0.000      1.088886
   0.003      1.088886
   0.006      1.088886
   0.009      1.088886
   0.012      1.088886
   0.015      1.088886
   0.018      1.088886
   0.021      1.088886
   0.024      1.088886
   0.026      1.088886
   0.029      1.088886
   0.032      1.088886
   0.035      1.088886
   0.038      1.088886
   0.041      1.088886
   0.044      1.088886
   0.047      1.088886
   0.050      1.088886
   0.053      1.088886
   0.056      1.088886
   0.059      1.088886
   0.062      1.088886
   0.065      1.088886
   0.068      1.088886
   0.071      1.088886
   0.074      1.088886
   0.077      1.088886
   0.079      1.088885
   0.082      1.088885
   0.085      1.088885
   0.088      1.088885
   0.091      1.088884
   0.094      1.088884
   0.097      1.088884
   0.100      1.088883
   0.103      1.088883
   0.106      1.088882
   0.109      1.088881
   0.112      1.088881
   0.115      1.088880
   0.118      1.088879
   0.121      1.088878
   0.124      1.088876
   0.127      1.088875
   0.130      1.088873
   0.132      1.088871
   0.135      1.088869
   0.138      1.088867
   0.141      1.088865
   0.144      1.088862
   0.147      1.088859
   0.150      1.088855
   0.153      1.088852
   0.156      1.088848
   0.159      1.088843
   0.162      1.088838
   0.165      1.088833
   0.168      1.088827
   0.171      1.088821
   0.174      1.088815
   0.177      1.088807
   0.180      1.088799
   0.182      1.088791
   0.185      1.088782
   0.188      1.088772
   0.191      1.088762
   0.194      1.088750
   0.197      1.088738
   0.200      1.088725
   0.203      1.088711
   0.206      1.088696
   0.209      1.088681
   0.212      1.088664
   0.215      1.088646
   0.218      1.088627
   0.221      1.088607
   0.224      1.088585
   0.227      1.088563
   0.230      1.088539
   0.233      1.088513
   0.235      1.088486
   0.238      1.088458
   0.241      1.088428
   0.244      1.088397
   0.247      1.088363
   0.250      1.088328
   0.253      1.088292
   0.256      1.088253
   0.259      1.088213
   0.262      1.088170
   0.265      1.088126
   0.268      1.088079
   0.271      1.088031
   0.274      1.087980
   0.277      1.087927
   0.280      1.087871
   0.283      1.087813
   0.286      1.087753
   0.288      1.087690
   0.291      1.087624
   0.294      1.087556
   0.297      1.087485
   0.300      1.087411
   0.303      1.087334
   0.306      1.087254
   0.309      1.087172
   0.312      1.087086
   0.315      1.086997
   0.318      1.086905
   0.321      1.086810
   0.324      1.086711
   0.327      1.086609
   0.330      1.086504
   0.333      1.086395
   0.336      1.086282
   0.339      1.086166
   0.341      1.086045
   0.344      1.085922
   0.347      1.085794
   0.350      1.085662
   0.353      1.085527
   0.356      1.085387
   0.359      1.085243
   0.362      1.085095
   0.365      1.084943
   0.368      1.084787
   0.371      1.084626
   0.374      1.084461
   0.377      1.084291
   0.380      1.084117
   0.383      1.083938
   0.386      1.083755
   0.389      1.083567
   0.391      1.083374
   0.394      1.083176
   0.397      1.082974
   0.400      1.082766
   0.403      1.082554
   0.406      1.082336
   0.409      1.082114
   0.412      1.081886
   0.415      1.081653
   0.418      1.081415
   0.421      1.081171
   0.424      1.080922
   0.427      1.080668
   0.430      1.080408
   0.433      1.080143
   0.436      1.079872
   0.439      1.079596
   0.442      1.079313
   0.444      1.079026
   0.447      1.078732
   0.450      1.078433
   0.453      1.078127
   0.456      1.077816
   0.459      1.077499
   0.462      1.077176
   0.465      1.076846
   0.468      1.076511
   0.471      1.076170
   0.474      1.075822
   0.477      1.075468
   0.480      1.075108
   0.483      1.074742
   0.486      1.074369
   0.489      1.073990
   0.492      1.073604
   0.495      1.073212
   0.497      1.072814
   0.500      1.072409
   0.503      1.071997
   0.506      1.071579
   0.509      1.071154
   0.512      1.070722
   0.515      1.070283
   0.518      1.069838
   0.521      1.069386
   0.524      1.068928
   0.527      1.068462
   0.530      1.067989
   0.533      1.067510
   0.536      1.067023
   0.539      1.066530
   0.542      1.066029
   0.545      1.065522
   0.547      1.065007
   0.550      1.064486
   0.553      1.063957
   0.556      1.063421
   0.559      1.062878
   0.562      1.062327
   0.565      1.061770
   0.568      1.061205
   0.571      1.060633
   0.574      1.060054
   0.577      1.059467
   0.580      1.058873
   0.583      1.058272
   0.586      1.057663
   0.589      1.057047
   0.592      1.056424
   0.595      1.055793
   0.598      1.055155
   0.600      1.054509
   0.603      1.053856
   0.606      1.053196
   0.609      1.052528
   0.612      1.051852
   0.615      1.051169
   0.618      1.050479
   0.621      1.049781
   0.624      1.049076
   0.627      1.048363
   0.630      1.047643
   0.633      1.046915
   0.636      1.046179
   0.639      1.045437
   0.642      1.044686
   0.645      1.043928
   0.648      1.043163
   0.651      1.042390
   0.653      1.041610
   0.656      1.040822
   0.659      1.040027
   0.662      1.039224
   0.665      1.038414
   0.668      1.037596
   0.671      1.036771
   0.674      1.035938
   0.677      1.035098
   0.680      1.034250
   0.683      1.033395
   0.686      1.032533
   0.689      1.031663
   0.692      1.030786
   0.695      1.029902
   0.698      1.029010
   0.701      1.028111
   0.704      1.027204
   0.706      1.026291
   0.709      1.025370
   0.712      1.024441
   0.715      1.023506
   0.718      1.022563
   0.721      1.021613
   0.724      1.020656
   0.727      1.019692
   0.730      1.018721
   0.733      1.017742
   0.736      1.016757
   0.739      1.015764
   0.742      1.014765
   0.745      1.013758
   0.748      1.012745
   0.751      1.011725
   0.754      1.010697
   0.756      1.009663
   0.759      1.008622
   0.762      1.007574
   0.765      1.006520
   0.768      1.005459
   0.771      1.004391
   0.774      1.003316
   0.777      1.002235
   0.780      1.001147
   0.783      1.000053
   0.786      0.998952
   0.789      0.997845
   0.792      0.996731
   0.795      0.995611
   0.798      0.994484
   0.801      0.993351
   0.804      0.992212
   0.807      0.991067
   0.809      0.989916
   0.812      0.988758
   0.815      0.987594
   0.818      0.986424
   0.821      0.985249
   0.824      0.984067
   0.827      0.982879
   0.830      0.981686
   0.833      0.980486
   0.836      0.979281
   0.839      0.978070
   0.842      0.976854
   0.845      0.975631
   0.848      0.974404
   0.851      0.973170
   0.854      0.971932
   0.857      0.970687
   0.860      0.969438
   0.862      0.968183
   0.865      0.966923
   0.868      0.965657
   0.871      0.964387
   0.874      0.963111
   0.877      0.961830
   0.880      0.960544
   0.883      0.959254
   0.886      0.957958
   0.889      0.956658
   0.892      0.955352
   0.895      0.954042
   0.898      0.952728
   0.901      0.951408
   0.904      0.950084
   0.907      0.948756
   0.910      0.947423
   0.912      0.946086
   0.915      0.944744
   0.918      0.943398
   0.921      0.942048
   0.924      0.940694
   0.927      0.939336
   0.930      0.937973
   0.933      0.936607
   0.936      0.935236
   0.939      0.933862
   0.942      0.932484
   0.945      0.931102
   0.948      0.929717
   0.951      0.928327
   0.954      0.926935
   0.957      0.925538
   0.960      0.924139
   0.963      0.922736
   0.965      0.921329
   0.968      0.919919
   0.971      0.918506
   0.974      0.917090
   0.977      0.915671
   0.980      0.914249
   0.983      0.912824
   0.986      0.911395
   0.989      0.909964
   0.992      0.908531
   0.995      0.907094
   0.998      0.905655
   1.001      0.904213
   1.004      0.902769
   1.007      0.901322
   1.010      0.899872
   1.013      0.898421
   1.016      0.896967
   1.018      0.895510
   1.021      0.894052
   1.024      0.892591
   1.027      0.891129
   1.030      0.889664
   1.033      0.888197
   1.036      0.886729
   1.039      0.885258
   1.042      0.883786
   1.045      0.882312
   1.048      0.880837
   1.051      0.879359
   1.054      0.877881
   1.057      0.876401
   1.060      0.874919
   1.063      0.873436
   1.066      0.871952
   1.069      0.870466
   1.071      0.868979
   1.074      0.867491
   1.077      0.866002
   1.080      0.864512
   1.083      0.863021
   1.086      0.861529
   1.089      0.860037
   1.092      0.858543
   1.095      0.857049
   1.098      0.855554
   1.101      0.854058
   1.104      0.852562
   1.107      0.851065
   1.110      0.849568
   1.113      0.848070
   1.116      0.846572
   1.119      0.845074
   1.121      0.843575
   1.124      0.842077
   1.127      0.840578
   1.130      0.839079
   1.133      0.837580
   1.136      0.836081
   1.139      0.834582
   1.142      0.833083
   1.145      0.831584
   1.148      0.830085
   1.151      0.828587
   1.154      0.827089
   1.157      0.825591
   1.160      0.824094
   1.163      0.822597
   1.166      0.821101
   1.169      0.819605
   1.172      0.818110
   1.174      0.816616
   1.177      0.815122
   1.180      0.813629
   1.183      0.812136
   1.186      0.810645
   1.189      0.809154
   1.192      0.807665
   1.195      0.806176
   1.198      0.804688
   1.201      0.803201
   1.204      0.801716
   1.207      0.800231
   1.210      0.798748
   1.213      0.797266
   1.216      0.795785
   1.219      0.794306
   1.222      0.792827
   1.225      0.791351
   1.227      0.789875
   1.230      0.788401
   1.233      0.786929
   1.236      0.785458
   1.239      0.783989
   1.242      0.782521
   1.245      0.781055
   1.248      0.779590
   1.251      0.778128
   1.254      0.776667
   1.257      0.775208
   1.260      0.773750
   1.263      0.772295
   1.266      0.770841
   1.269      0.769390
   1.272      0.767940
   1.275      0.766493
   1.277      0.765047
   1.280      0.763603
   1.283      0.762162
   1.286      0.760723
   1.289      0.759286
   1.292      0.757851
   1.295      0.756418
   1.298      0.754987
   1.301      0.753559
   1.304      0.752133
   1.307      0.750709
   1.310      0.749288
   1.313      0.747869
   1.316      0.746453
   1.319      0.745039
   1.322      0.743627
   1.325      0.742218
   1.328      0.740812
   1.330      0.739408
   1.333      0.738006
   1.336      0.736608
   1.339      0.735211
   1.342      0.733818
   1.345      0.732427
   1.348      0.731039
   1.351      0.729653
   1.354      0.728270
   1.357      0.726890
   1.360      0.725513
   1.363      0.724139
   1.366      0.722767
   1.369      0.721398
   1.372      0.720032
   1.375      0.718669
   1.378      0.717309
   1.381      0.715951
   1.383      0.714597
   1.386      0.713245
   1.389      0.711897
   1.392      0.710551
   1.395      0.709209
   1.398      0.707869
   1.401      0.706532
   1.404      0.705199
   1.407      0.703868
   1.410      0.702541
   1.413      0.701217
   1.416      0.699895
   1.419      0.698577
   1.422      0.697262
   1.425      0.695950
   1.428      0.694641
   1.431      0.693336
   1.434      0.692033
   1.436      0.690734
   1.439      0.689438
   1.442      0.688145
   1.445      0.686855
   1.448      0.685569
   1.451      0.684285
   1.454      0.683005
   1.457      0.681728
   1.460      0.680455
   1.463      0.679184
   1.466      0.677917
   1.469      0.676654
   1.472      0.675393
   1.475      0.674136
   1.478      0.672882
   1.481      0.671631
   1.484      0.670384
   1.486      0.669140
   1.489      0.667899
   1.492      0.666662
   1.495      0.665428
   1.498      0.664197
   1.501      0.662969
   1.504      0.661745
   1.507      0.660524
   1.510      0.659307
   1.513      0.658093
   1.516      0.656882
   1.519      0.655675
   1.522      0.654471
   1.525      0.653270
   1.528      0.652073
   1.531      0.650879
   1.534      0.649688
   1.537      0.648501
   1.539      0.647317
   1.542      0.646136
   1.545      0.644959
   1.548      0.643785
   1.551      0.642615
   1.554      0.641448
   1.557      0.640284
   1.560      0.639124
   1.563      0.637967
   1.566      0.636813
   1.569      0.635663
   1.572      0.634516
   1.575      0.633372
   1.578      0.632232
   1.581      0.631095
   1.584      0.629961
   1.587      0.628831
   1.590      0.627704
   1.592      0.626581
   1.595      0.625460
   1.598      0.624343
   1.601      0.623230
   1.604      0.622119
   1.607      0.621012
   1.610      0.619909
   1.613      0.618808
   1.616      0.617711
   1.619      0.616618
   1.622      0.615527
   1.625      0.614440
   1.628      0.613356
   1.631      0.612276
   1.634      0.611198
   1.637      0.610124
   1.640      0.609053
   1.642      0.607986
   1.645      0.606921
   1.648      0.605860
   1.651      0.604803
   1.654      0.603748
   1.657      0.602697
   1.660      0.601648
   1.663      0.600603
   1.666      0.599562
   1.669      0.598523
   1.672      0.597488
   1.675      0.596456
   1.678      0.595427
   1.681      0.594401
   1.684      0.593378
   1.687      0.592359
   1.690      0.591342
   1.693      0.590329
   1.695      0.589319
   1.698      0.588312
   1.701      0.587308
   1.704      0.586307
   1.707      0.585309
   1.710      0.584315
   1.713      0.583323
   1.716      0.582335
   1.719      0.581350
   1.722      0.580367
   1.725      0.579388
   1.728      0.578412
   1.731      0.577439
   1.734      0.576468
   1.737      0.575501
   1.740      0.574537
   1.743      0.573576
   1.746      0.572618
   1.748      0.571662
   1.751      0.570710
   1.754      0.569761
   1.757      0.568815
   1.760      0.567871
   1.763      0.566931
   1.766      0.565993
   1.769      0.565059
   1.772      0.564127
   1.775      0.563198
   1.778      0.562272
   1.781      0.561349
   1.784      0.560429
   1.787      0.559511
   1.790      0.558597
   1.793      0.557685
   1.796      0.556776
   1.799      0.555870
   1.801      0.554967
   1.804      0.554066
   1.807      0.553169
   1.810      0.552274
   1.813      0.551382
   1.816      0.550492
   1.819      0.549606
   1.822      0.548722
   1.825      0.547841
   1.828      0.546962
   1.831      0.546087
   1.834      0.545214
   1.837      0.544343
   1.840      0.543476
   1.843      0.542611
   1.846      0.541748
   1.849      0.540888
   1.851      0.540031
   1.854      0.539177
   1.857      0.538325
   1.860      0.537476
   1.863      0.536629
   1.866      0.535785
   1.869      0.534944
   1.872      0.534105
   1.875      0.533269
   1.878      0.532435
   1.881      0.531604
   1.884      0.530775
   1.887      0.529949
   1.890      0.529125
   1.893      0.528304
   1.896      0.527485
   1.899      0.526669
   1.902      0.525855
   1.904      0.525044
   1.907      0.524235
   1.910      0.523429
   1.913      0.522625
   1.916      0.521823
   1.919      0.521024
   1.922      0.520228
   1.925      0.519433
   1.928      0.518641
   1.931      0.517852
   1.934      0.517065
   1.937      0.516280
   1.940      0.515497
   1.943      0.514717
   1.946      0.513939
   1.949      0.513164
   1.952      0.512390
   1.955      0.511620
   1.957      0.510851
   1.960      0.510085
   1.963      0.509320
   1.966      0.508559
   1.969      0.507799
   1.972      0.507042
   1.975      0.506287
   1.978      0.505534
   1.981      0.504783
   1.984      0.504035
   1.987      0.503289
   1.990      0.502544
   1.993      0.501803
   1.996      0.501063
   1.999      0.500325
   2.002      0.499590
   2.005      0.498857
   2.007      0.498126
   2.010      0.497397
   2.013      0.496670
   2.016      0.495945
   2.019      0.495222
   2.022      0.494502
   2.025      0.493783
   2.028      0.493067
   2.031      0.492352
   2.034      0.491640
   2.037      0.490930
   2.040      0.490222
   2.043      0.489516
   2.046      0.488811
   2.049      0.488109
   2.052      0.487409
   2.055      0.486711
   2.058      0.486015
   2.060      0.485321
   2.063      0.484628
   2.066      0.483938
   2.069      0.483250
   2.072      0.482564
   2.075      0.481879
   2.078      0.481197
   2.081      0.480516
   2.084      0.479838
   2.087      0.479161
   2.090      0.478486
   2.093      0.477813
   2.096      0.477142
   2.099      0.476473
   2.102      0.475806
   2.105      0.475141
   2.108      0.474477
   2.111      0.473815
   2.113      0.473155
   2.116      0.472497
   2.119      0.471841
   2.122      0.471187
   2.125      0.470534
   2.128      0.469884
   2.131      0.469235
   2.134      0.468587
   2.137      0.467942
   2.140      0.467298
   2.143      0.466656
   2.146      0.466016
   2.149      0.465378
   2.152      0.464741
   2.155      0.464107
   2.158      0.463473
   2.161      0.462842
   2.164      0.462212
   2.166      0.461584
   2.169      0.460958
   2.172      0.460333
   2.175      0.459710
   2.178      0.459089
   2.181      0.458470
   2.184      0.457852
   2.187      0.457236
   2.190      0.456621
   2.193      0.456008
   2.196      0.455397
   2.199      0.454787
   2.202      0.454179
   2.205      0.453573
   2.208      0.452968
   2.211      0.452365
   2.214      0.451763
   2.216      0.451164
   2.219      0.450565
   2.222      0.449968
   2.225      0.449373
   2.228      0.448780
   2.231      0.448188
   2.234      0.447597
   2.237      0.447008
   2.240      0.446421
   2.243      0.445835
   2.246      0.445251
   2.249      0.444668
   2.252      0.444086
   2.255      0.443507
   2.258      0.442929
   2.261      0.442352
   2.264      0.441777
   2.267      0.441203
   2.269      0.440631
   2.272      0.440060
   2.275      0.439491
   2.278      0.438923
   2.281      0.438356
   2.284      0.437791
   2.287      0.437228
   2.290      0.436666
   2.293      0.436105
   2.296      0.435546
   2.299      0.434989
   2.302      0.434432
   2.305      0.433878
   2.308      0.433324
   2.311      0.432772
   2.314      0.432222
   2.317      0.431672
   2.320      0.431125
   2.322      0.430578
   2.325      0.430033
   2.328      0.429489
   2.331      0.428947
   2.334      0.428406
   2.337      0.427867
   2.340      0.427329
   2.343      0.426792
   2.346      0.426256
   2.349      0.425722
   2.352      0.425189
   2.355      0.424658
