   0.000      1.782218
   0.003      1.782212
   0.006      1.782194
   0.009      1.782165
   0.012      1.782124
   0.015      1.782071
   0.018      1.782006
   0.021      1.781930
   0.024      1.781842
   0.026      1.781742
   0.029      1.781630
   0.032      1.781506
   0.035      1.781370
   0.038      1.781223
   0.041      1.781063
   0.044      1.780891
   0.047      1.780707
   0.050      1.780511
   0.053      1.780303
   0.056      1.780082
   0.059      1.779849
   0.062      1.779604
   0.065      1.779346
   0.068      1.779076
   0.071      1.778793
   0.074      1.778497
   0.077      1.778188
   0.079      1.777867
   0.082      1.777532
   0.085      1.777184
   0.088      1.776824
   0.091      1.776449
   0.094      1.776062
   0.097      1.775660
   0.100      1.775245
   0.103      1.774817
   0.106      1.774374
   0.109      1.773917
   0.112      1.773446
   0.115      1.772961
   0.118      1.772461
   0.121      1.771947
   0.124      1.771418
   0.127      1.770874
   0.130      1.770314
   0.132      1.769740
   0.135      1.769150
   0.138      1.768544
   0.141      1.767923
   0.144      1.767286
   0.147      1.766632
   0.150      1.765963
   0.153      1.765276
   0.156      1.764573
   0.159      1.763853
   0.162      1.763116
   0.165      1.762361
   0.168      1.761589
   0.171      1.760800
   0.174      1.759992
   0.177      1.759166
   0.180      1.758322
   0.182      1.757459
   0.185      1.756577
   0.188      1.755676
   0.191      1.754756
   0.194      1.753816
   0.197      1.752856
   0.200      1.751876
   0.203      1.750876
   0.206      1.749856
   0.209      1.748815
   0.212      1.747753
   0.215      1.746669
   0.218      1.745564
   0.221      1.744438
   0.224      1.743289
   0.227      1.742118
   0.230      1.740925
   0.233      1.739709
   0.235      1.738470
   0.238      1.737208
   0.241      1.735923
   0.244      1.734614
   0.247      1.733281
   0.250      1.731924
   0.253      1.730542
   0.256      1.729136
   0.259      1.727705
   0.262      1.726250
   0.265      1.724769
   0.268      1.723262
   0.271      1.721730
   0.274      1.720173
   0.277      1.718589
   0.280      1.716979
   0.283      1.715343
   0.286      1.713680
   0.288      1.711991
   0.291      1.710274
   0.294      1.708531
   0.297      1.706761
   0.300      1.704963
   0.303      1.703138
   0.306      1.701286
   0.309      1.699406
   0.312      1.697498
   0.315      1.695563
   0.318      1.693600
   0.321      1.691608
   0.324      1.689589
   0.327      1.687543
   0.330      1.685468
   0.333      1.683365
   0.336      1.681234
   0.339      1.679075
   0.341      1.676888
   0.344      1.674674
   0.347      1.672431
   0.350      1.670161
   0.353      1.667863
   0.356      1.665537
   0.359      1.663183
   0.362      1.660803
   0.365      1.658395
   0.368      1.655959
   0.371      1.653497
   0.374      1.651008
   0.377      1.648492
   0.380      1.645949
   0.383      1.643380
   0.386      1.640786
   0.389      1.638165
   0.391      1.635518
   0.394      1.632846
   0.397      1.630149
   0.400      1.627427
   0.403      1.624680
   0.406      1.621909
   0.409      1.619113
   0.412      1.616294
   0.415      1.613451
   0.418      1.610586
   0.421      1.607697
   0.424      1.604785
   0.427      1.601852
   0.430      1.598897
   0.433      1.595920
   0.436      1.592922
   0.439      1.589903
   0.442      1.586863
   0.444      1.583804
   0.447      1.580725
   0.450      1.577627
   0.453      1.574509
   0.456      1.571373
   0.459      1.568219
   0.462      1.565048
   0.465      1.561859
   0.468      1.558653
   0.471      1.555430
   0.474      1.552191
   0.477      1.548937
   0.480      1.545667
   0.483      1.542382
   0.486      1.539083
   0.489      1.535770
   0.492      1.532442
   0.495      1.529102
   0.497      1.525748
   0.500      1.522382
   0.503      1.519004
   0.506      1.515614
   0.509      1.512213
   0.512      1.508801
   0.515      1.505378
   0.518      1.501946
   0.521      1.498503
   0.524      1.495051
   0.527      1.491590
   0.530      1.488120
   0.533      1.484642
   0.536      1.481156
   0.539      1.477663
   0.542      1.474162
   0.545      1.470655
   0.547      1.467141
   0.550      1.463621
   0.553      1.460095
   0.556      1.456564
   0.559      1.453028
   0.562      1.449487
   0.565      1.445942
   0.568      1.442393
   0.571      1.438839
   0.574      1.435283
   0.577      1.431723
   0.580      1.428161
   0.583      1.424596
   0.586      1.421029
   0.589      1.417460
   0.592      1.413889
   0.595      1.410317
   0.598      1.406744
   0.600      1.403170
   0.603      1.399596
   0.606      1.396021
   0.609      1.392447
   0.612      1.388873
   0.615      1.385299
   0.618      1.381726
   0.621      1.378154
   0.624      1.374584
   0.627      1.371015
   0.630      1.367448
   0.633      1.363883
   0.636      1.360320
   0.639      1.356760
   0.642      1.353202
   0.645      1.349647
   0.648      1.346096
   0.651      1.342547
   0.653      1.339003
   0.656      1.335462
   0.659      1.331924
   0.662      1.328391
   0.665      1.324862
   0.668      1.321338
   0.671      1.317818
   0.674      1.314303
   0.677      1.310793
   0.680      1.307289
   0.683      1.303789
   0.686      1.300295
   0.689      1.296807
   0.692      1.293324
   0.695      1.289848
   0.698      1.286377
   0.701      1.282913
   0.704      1.279455
   0.706      1.276004
   0.709      1.272559
   0.712      1.269121
   0.715      1.265690
   0.718      1.262266
   0.721      1.258849
   0.724      1.255439
   0.727      1.252037
   0.730      1.248642
   0.733      1.245254
   0.736      1.241875
   0.739      1.238503
   0.742      1.235139
   0.745      1.231783
   0.748      1.228435
   0.751      1.225095
   0.754      1.221764
   0.756      1.218441
   0.759      1.215126
   0.762      1.211820
   0.765      1.208522
   0.768      1.205233
   0.771      1.201953
   0.774      1.198682
   0.777      1.195419
   0.780      1.192166
   0.783      1.188921
   0.786      1.185686
   0.789      1.182460
   0.792      1.179242
   0.795      1.176035
   0.798      1.172836
   0.801      1.169647
   0.804      1.166467
   0.807      1.163296
   0.809      1.160136
   0.812      1.156984
   0.815      1.153842
   0.818      1.150710
   0.821      1.147588
   0.824      1.144475
   0.827      1.141372
   0.830      1.138279
   0.833      1.135195
   0.836      1.132121
   0.839      1.129058
   0.842      1.126004
   0.845      1.122960
   0.848      1.119926
   0.851      1.116902
   0.854      1.113887
   0.857      1.110883
   0.860      1.107889
   0.862      1.104905
   0.865      1.101931
   0.868      1.098967
   0.871      1.096013
   0.874      1.093069
   0.877      1.090136
   0.880      1.087212
   0.883      1.084299
   0.886      1.081395
   0.889      1.078502
   0.892      1.075619
   0.895      1.072746
   0.898      1.069883
   0.901      1.067031
   0.904      1.064188
   0.907      1.061356
   0.910      1.058534
   0.912      1.055721
   0.915      1.052920
   0.918      1.050128
   0.921      1.047346
   0.924      1.044575
   0.927      1.041813
   0.930      1.039062
   0.933      1.036321
   0.936      1.033589
   0.939      1.030868
   0.942      1.028157
   0.945      1.025457
   0.948      1.022766
   0.951      1.020085
   0.954      1.017414
   0.957      1.014753
   0.960      1.012102
   0.963      1.009462
   0.965      1.006831
   0.968      1.004210
   0.971      1.001599
   0.974      0.998998
   0.977      0.996407
   0.980      0.993825
   0.983      0.991254
   0.986      0.988692
   0.989      0.986140
   0.992      0.983598
   0.995      0.981066
   0.998      0.978544
   1.001      0.976031
   1.004      0.973528
   1.007      0.971035
   1.010      0.968551
   1.013      0.966077
   1.016      0.963612
   1.018      0.961158
   1.021      0.958712
   1.024      0.956276
   1.027      0.953850
   1.030      0.951433
   1.033      0.949026
   1.036      0.946628
   1.039      0.944240
   1.042      0.941861
   1.045      0.939491
   1.048      0.937131
   1.051      0.934779
   1.054      0.932438
   1.057      0.930105
   1.060      0.927781
   1.063      0.925467
   1.066      0.923162
   1.069      0.920866
   1.071      0.918579
   1.074      0.916302
   1.077      0.914033
   1.080      0.911773
   1.083      0.909522
   1.086      0.907280
   1.089      0.905047
   1.092      0.902823
   1.095      0.900608
   1.098      0.898402
   1.101      0.896204
   1.104      0.894015
   1.107      0.891835
   1.110      0.889663
   1.113      0.887501
   1.116      0.885347
   1.119      0.883201
   1.121      0.881064
   1.124      0.878935
   1.127      0.876815
   1.130      0.874704
   1.133      0.872601
   1.136      0.870506
   1.139      0.868420
   1.142      0.866342
   1.145      0.864272
   1.148      0.862211
   1.151      0.860158
   1.154      0.858113
   1.157      0.856076
   1.160      0.854047
   1.163      0.852027
   1.166      0.850014
   1.169      0.848010
   1.172      0.846013
   1.174      0.844025
   1.177      0.842044
   1.180      0.840072
   1.183      0.838107
   1.186      0.836150
   1.189      0.834201
   1.192      0.832260
   1.195      0.830327
   1.198      0.828401
   1.201      0.826483
   1.204      0.824572
   1.207      0.822669
   1.210      0.820774
   1.213      0.818886
   1.216      0.817006
   1.219      0.815133
   1.222      0.813268
   1.225      0.811410
   1.227      0.809560
   1.230      0.807717
   1.233      0.805881
   1.236      0.804053
   1.239      0.802231
   1.242      0.800418
   1.245      0.798611
   1.248      0.796811
   1.251      0.795019
   1.254      0.793233
   1.257      0.791455
   1.260      0.789684
   1.263      0.787920
   1.266      0.786162
   1.269      0.784412
   1.272      0.782668
   1.275      0.780932
   1.277      0.779202
   1.280      0.777479
   1.283      0.775763
   1.286      0.774054
   1.289      0.772351
   1.292      0.770655
   1.295      0.768966
   1.298      0.767284
   1.301      0.765608
   1.304      0.763938
   1.307      0.762275
   1.310      0.760619
   1.313      0.758969
   1.316      0.757326
   1.319      0.755688
   1.322      0.754058
   1.325      0.752434
   1.328      0.750816
   1.330      0.749204
   1.333      0.747599
   1.336      0.746000
   1.339      0.744407
   1.342      0.742820
   1.345      0.741239
   1.348      0.739665
   1.351      0.738097
   1.354      0.736534
   1.357      0.734978
   1.360      0.733428
   1.363      0.731884
   1.366      0.730346
   1.369      0.728813
   1.372      0.727287
   1.375      0.725766
   1.378      0.724252
   1.381      0.722743
   1.383      0.721240
   1.386      0.719742
   1.389      0.718251
   1.392      0.716765
   1.395      0.715285
   1.398      0.713810
   1.401      0.712341
   1.404      0.710878
   1.407      0.709420
   1.410      0.707968
   1.413      0.706521
   1.416      0.705080
   1.419      0.703644
   1.422      0.702214
   1.425      0.700789
   1.428      0.699370
   1.431      0.697956
   1.434      0.696547
   1.436      0.695143
   1.439      0.693745
   1.442      0.692352
   1.445      0.690965
   1.448      0.689582
   1.451      0.688205
   1.454      0.686833
   1.457      0.685466
   1.460      0.684104
   1.463      0.682747
   1.466      0.681395
   1.469      0.680049
   1.472      0.678707
   1.475      0.677370
   1.478      0.676039
   1.481      0.674712
   1.484      0.673390
   1.486      0.672073
   1.489      0.670761
   1.492      0.669454
   1.495      0.668152
   1.498      0.666854
   1.501      0.665561
   1.504      0.664273
   1.507      0.662990
   1.510      0.661711
   1.513      0.660437
   1.516      0.659168
   1.519      0.657903
   1.522      0.656643
   1.525      0.655388
   1.528      0.654137
   1.531      0.652891
   1.534      0.651649
   1.537      0.650412
   1.539      0.649179
   1.542      0.647951
   1.545      0.646727
   1.548      0.645508
   1.551      0.644293
   1.554      0.643082
   1.557      0.641876
   1.560      0.640674
   1.563      0.639477
   1.566      0.638283
   1.569      0.637094
   1.572      0.635910
   1.575      0.634729
   1.578      0.633553
   1.581      0.632381
   1.584      0.631213
   1.587      0.630049
   1.590      0.628889
   1.592      0.627734
   1.595      0.626582
   1.598      0.625435
   1.601      0.624292
   1.604      0.623153
   1.607      0.622017
   1.610      0.620886
   1.613      0.619759
   1.616      0.618636
   1.619      0.617516
   1.622      0.616401
   1.625      0.615289
   1.628      0.614182
   1.631      0.613078
   1.634      0.611978
   1.637      0.610882
   1.640      0.609790
   1.642      0.608702
   1.645      0.607617
   1.648      0.606536
   1.651      0.605459
   1.654      0.604385
   1.657      0.603316
   1.660      0.602250
   1.663      0.601187
   1.666      0.600129
   1.669      0.599073
   1.672      0.598022
   1.675      0.596974
   1.678      0.595930
   1.681      0.594889
   1.684      0.593852
   1.687      0.592819
   1.690      0.591788
   1.693      0.590762
   1.695      0.589739
   1.698      0.588719
   1.701      0.587703
   1.704      0.586690
   1.707      0.585681
   1.710      0.584675
   1.713      0.583673
   1.716      0.582673
   1.719      0.581678
   1.722      0.580685
   1.725      0.579696
   1.728      0.578710
   1.731      0.577728
   1.734      0.576748
   1.737      0.575773
   1.740      0.574800
   1.743      0.573830
   1.746      0.572864
   1.748      0.571901
   1.751      0.570941
   1.754      0.569984
   1.757      0.569031
   1.760      0.568081
   1.763      0.567133
   1.766      0.566189
   1.769      0.565248
   1.772      0.564310
   1.775      0.563375
   1.778      0.562443
   1.781      0.561515
   1.784      0.560589
   1.787      0.559666
   1.790      0.558746
   1.793      0.557830
   1.796      0.556916
   1.799      0.556005
   1.801      0.555097
   1.804      0.554192
   1.807      0.553290
   1.810      0.552391
   1.813      0.551495
   1.816      0.550602
   1.819      0.549711
   1.822      0.548824
   1.825      0.547939
   1.828      0.547057
   1.831      0.546178
   1.834      0.545301
   1.837      0.544428
   1.840      0.543557
   1.843      0.542689
   1.846      0.541824
   1.849      0.540962
   1.851      0.540102
   1.854      0.539245
   1.857      0.538390
   1.860      0.537539
   1.863      0.536690
   1.866      0.535843
   1.869      0.535000
   1.872      0.534159
   1.875      0.533320
   1.878      0.532485
   1.881      0.531651
   1.884      0.530821
   1.887      0.529993
   1.890      0.529167
   1.893      0.528345
   1.896      0.527524
   1.899      0.526706
   1.902      0.525891
   1.904      0.525078
   1.907      0.524268
   1.910      0.523460
   1.913      0.522655
   1.916      0.521852
   1.919      0.521052
   1.922      0.520254
   1.925      0.519459
   1.928      0.518666
   1.931      0.517875
   1.934      0.517087
   1.937      0.516301
   1.940      0.515518
   1.943      0.514737
   1.946      0.513958
   1.949      0.513181
   1.952      0.512407
   1.955      0.511636
   1.957      0.510866
   1.960      0.510099
   1.963      0.509335
   1.966      0.508572
   1.969      0.507812
   1.972      0.507054
   1.975      0.506298
   1.978      0.505545
   1.981      0.504794
   1.984      0.504045
   1.987      0.503298
   1.990      0.502554
   1.993      0.501811
   1.996      0.501071
   1.999      0.500333
   2.002      0.499597
   2.005      0.498864
   2.007      0.498132
   2.010      0.497403
   2.013      0.496676
   2.016      0.495951
   2.019      0.495228
   2.022      0.494507
   2.025      0.493788
   2.028      0.493071
   2.031      0.492357
   2.034      0.491644
   2.037      0.490934
   2.040      0.490225
   2.043      0.489519
   2.046      0.488815
   2.049      0.488112
   2.052      0.487412
   2.055      0.486714
   2.058      0.486017
   2.060      0.485323
   2.063      0.484631
   2.066      0.483940
   2.069      0.483252
   2.072      0.482566
   2.075      0.481881
   2.078      0.481199
   2.081      0.480518
   2.084      0.479839
   2.087      0.479162
   2.090      0.478488
   2.093      0.477815
   2.096      0.477144
   2.099      0.476474
   2.102      0.475807
   2.105      0.475142
   2.108      0.474478
   2.111      0.473816
   2.113      0.473156
   2.116      0.472498
   2.119      0.471842
   2.122      0.471187
   2.125      0.470535
   2.128      0.469884
   2.131      0.469235
   2.134      0.468588
   2.137      0.467942
   2.140      0.467299
   2.143      0.466657
   2.146      0.466017
   2.149      0.465378
   2.152      0.464742
   2.155      0.464107
   2.158      0.463474
   2.161      0.462842
   2.164      0.462212
   2.166      0.461584
   2.169      0.460958
   2.172      0.460334
   2.175      0.459711
   2.178      0.459089
   2.181      0.458470
   2.184      0.457852
   2.187      0.457236
   2.190      0.456621
   2.193      0.456008
   2.196      0.455397
   2.199      0.454787
   2.202      0.454179
   2.205      0.453573
   2.208      0.452968
   2.211      0.452365
   2.214      0.451764
   2.216      0.451164
   2.219      0.450565
   2.222      0.449968
   2.225      0.449373
   2.228      0.448780
   2.231      0.448188
   2.234      0.447597
   2.237      0.447008
   2.240      0.446421
   2.243      0.445835
   2.246      0.445251
   2.249      0.444668
   2.252      0.444087
   2.255      0.443507
   2.258      0.442929
   2.261      0.442352
   2.264      0.441777
   2.267      0.441203
   2.269      0.440631
   2.272      0.440060
   2.275      0.439491
   2.278      0.438923
   2.281      0.438356
   2.284      0.437791
   2.287      0.437228
   2.290      0.436666
   2.293      0.436105
   2.296      0.435546
   2.299      0.434989
   2.302      0.434432
   2.305      0.433878
   2.308      0.433324
   2.311      0.432772
   2.314      0.432222
   2.317      0.431672
   2.320      0.431125
   2.322      0.430578
   2.325      0.430033
   2.328      0.429489
   2.331      0.428947
   2.334      0.428406
   2.337      0.427867
   2.340      0.427329
   2.343      0.426792
   2.346      0.426256
   2.349      0.425722
   2.352      0.425189
   2.355      0.424658
