   0.000     -0.000055
   0.003      0.000027
   0.006      0.000109
   0.009      0.000246
   0.012      0.000437
   0.015      0.000683
   0.018      0.000983
   0.021      0.001338
   0.024      0.001747
   0.027      0.002211
   0.030      0.002729
   0.033      0.003302
   0.036      0.003929
   0.039      0.004610
   0.042      0.005346
   0.044      0.006136
   0.047      0.006979
   0.050      0.007877
   0.053      0.008829
   0.056      0.009834
   0.059      0.010894
   0.062      0.012006
   0.065      0.013173
   0.068      0.014393
   0.071      0.015666
   0.074      0.016992
   0.077      0.018372
   0.080      0.019804
   0.083      0.021290
   0.086      0.022828
   0.089      0.024418
   0.092      0.026061
   0.095      0.027756
   0.098      0.029503
   0.101      0.031303
   0.104      0.033153
   0.107      0.035056
   0.110      0.037010
   0.113      0.039015
   0.116      0.041071
   0.119      0.043178
   0.122      0.045335
   0.125      0.047543
   0.128      0.049801
   0.131      0.052109
   0.134      0.054467
   0.136      0.056874
   0.139      0.059330
   0.142      0.061836
   0.145      0.064390
   0.148      0.066993
   0.151      0.069644
   0.154      0.072343
   0.157      0.075089
   0.160      0.077883
   0.163      0.080724
   0.166      0.083612
   0.169      0.086547
   0.172      0.089528
   0.175      0.092554
   0.178      0.095626
   0.181      0.098744
   0.184      0.101906
   0.187      0.105113
   0.190      0.108365
   0.193      0.111660
   0.196      0.114999
   0.199      0.118381
   0.202      0.121805
   0.205      0.125273
   0.208      0.128782
   0.211      0.132333
   0.214      0.135925
   0.217      0.139558
   0.220      0.143232
   0.223      0.146946
   0.225      0.150699
   0.228      0.154492
   0.231      0.158323
   0.234      0.162193
   0.237      0.166101
   0.240      0.170046
   0.243      0.174028
   0.246      0.178047
   0.249      0.182102
   0.252      0.186193
   0.255      0.190318
   0.258      0.194479
   0.261      0.198673
   0.264      0.202901
   0.267      0.207163
   0.270      0.211457
   0.273      0.215783
   0.276      0.220141
   0.279      0.224530
   0.282      0.228949
   0.285      0.233399
   0.288      0.237878
   0.291      0.242386
   0.294      0.246923
   0.297      0.251488
   0.300      0.256079
   0.303      0.260698
   0.306      0.265343
   0.309      0.270013
   0.312      0.274709
   0.314      0.279429
   0.317      0.284173
   0.320      0.288940
   0.323      0.293730
   0.326      0.298542
   0.329      0.303376
   0.332      0.308231
   0.335      0.313106
   0.338      0.318001
   0.341      0.322915
   0.344      0.327847
   0.347      0.332798
   0.350      0.337765
   0.353      0.342750
   0.356      0.347750
   0.359      0.352767
   0.362      0.357797
   0.365      0.362843
   0.368      0.367901
   0.371      0.372973
   0.374      0.378057
   0.377      0.383153
   0.380      0.388260
   0.383      0.393378
   0.386      0.398505
   0.389      0.403642
   0.392      0.408787
   0.395      0.413940
   0.398      0.419101
   0.401      0.424269
   0.403      0.429443
   0.406      0.434622
   0.409      0.439806
   0.412      0.444995
   0.415      0.450187
   0.418      0.455383
   0.421      0.460581
   0.424      0.465781
   0.427      0.470982
   0.430      0.476184
   0.433      0.481387
   0.436      0.486589
   0.439      0.491790
   0.442      0.496989
   0.445      0.502186
   0.448      0.507381
   0.451      0.512573
   0.454      0.517760
   0.457      0.522943
   0.460      0.528122
   0.463      0.533295
   0.466      0.538462
   0.469      0.543623
   0.472      0.548776
   0.475      0.553922
   0.478      0.559061
   0.481      0.564190
   0.484      0.569311
   0.487      0.574422
   0.490      0.579524
   0.492      0.584615
   0.495      0.589695
   0.498      0.594764
   0.501      0.599822
   0.504      0.604867
   0.507      0.609899
   0.510      0.614919
   0.513      0.619925
   0.516      0.624918
   0.519      0.629896
   0.522      0.634860
   0.525      0.639809
   0.528      0.644742
   0.531      0.649661
   0.534      0.654563
   0.537      0.659449
   0.540      0.664318
   0.543      0.669170
   0.546      0.674006
   0.549      0.678823
   0.552      0.683623
   0.555      0.688406
   0.558      0.693169
   0.561      0.697914
   0.564      0.702641
   0.567      0.707348
   0.570      0.712037
   0.573      0.716706
   0.576      0.721355
   0.579      0.725984
   0.581      0.730594
   0.584      0.735183
   0.587      0.739752
   0.590      0.744300
   0.593      0.748828
   0.596      0.753335
   0.599      0.757822
   0.602      0.762287
   0.605      0.766731
   0.608      0.771154
   0.611      0.775556
   0.614      0.779936
   0.617      0.784296
   0.620      0.788633
   0.623      0.792949
   0.626      0.797244
   0.629      0.801517
   0.632      0.805768
   0.635      0.809998
   0.638      0.814206
   0.641      0.818392
   0.644      0.822557
   0.647      0.826700
   0.650      0.830821
   0.653      0.834921
   0.656      0.838999
   0.659      0.843055
   0.662      0.847091
   0.665      0.851104
   0.668      0.855096
   0.670      0.859067
   0.673      0.863017
   0.676      0.866945
   0.679      0.870852
   0.682      0.874738
   0.685      0.878603
   0.688      0.882447
   0.691      0.886270
   0.694      0.890073
   0.697      0.893854
   0.700      0.897616
   0.703      0.901356
   0.706      0.905077
   0.709      0.908777
   0.712      0.912456
   0.715      0.916116
   0.718      0.919756
   0.721      0.923376
   0.724      0.926976
   0.727      0.930556
   0.730      0.934117
   0.733      0.937659
   0.736      0.941181
   0.739      0.944684
   0.742      0.948168
   0.745      0.951633
   0.748      0.955079
   0.751      0.958507
   0.754      0.961916
   0.757      0.965306
   0.759      0.968678
   0.762      0.972031
   0.765      0.975366
   0.768      0.978684
   0.771      0.981983
   0.774      0.985264
   0.777      0.988528
   0.780      0.991773
   0.783      0.995002
   0.786      0.998212
   0.789      1.001406
   0.792      1.004582
   0.795      1.007740
   0.798      1.010882
   0.801      1.014006
   0.804      1.017114
   0.807      1.020204
   0.810      1.023278
   0.813      1.026335
   0.816      1.029375
   0.819      1.032398
   0.822      1.035405
   0.825      1.038396
   0.828      1.041370
   0.831      1.044327
   0.834      1.047269
   0.837      1.050194
   0.840      1.053102
   0.843      1.055995
   0.846      1.058871
   0.848      1.061731
   0.851      1.064575
   0.854      1.067403
   0.857      1.070215
   0.860      1.073011
   0.863      1.075791
   0.866      1.078555
   0.869      1.081304
   0.872      1.084036
   0.875      1.086752
   0.878      1.089453
   0.881      1.092137
   0.884      1.094806
   0.887      1.097459
   0.890      1.100096
   0.893      1.102717
   0.896      1.105322
   0.899      1.107912
   0.902      1.110486
   0.905      1.113044
   0.908      1.115586
   0.911      1.118112
   0.914      1.120622
   0.917      1.123117
   0.920      1.125595
   0.923      1.128058
   0.926      1.130505
   0.929      1.132936
   0.932      1.135351
   0.935      1.137750
   0.937      1.140133
   0.940      1.142501
   0.943      1.144852
   0.946      1.147187
   0.949      1.149506
   0.952      1.151810
   0.955      1.154097
   0.958      1.156368
   0.961      1.158623
   0.964      1.160862
   0.967      1.163085
   0.970      1.165292
   0.973      1.167482
   0.976      1.169656
   0.979      1.171815
   0.982      1.173957
   0.985      1.176082
   0.988      1.178192
   0.991      1.180285
   0.994      1.182362
   0.997      1.184423
   1.000      1.186467
   1.003      1.188495
   1.006      1.190507
   1.009      1.192502
   1.012      1.194481
   1.015      1.196444
   1.018      1.198390
   1.021      1.200320
   1.024      1.202233
   1.026      1.204130
   1.029      1.206010
   1.032      1.207874
   1.035      1.209722
   1.038      1.211553
   1.041      1.213367
   1.044      1.215165
   1.047      1.216946
   1.050      1.218711
   1.053      1.220460
   1.056      1.222191
   1.059      1.223907
   1.062      1.225605
   1.065      1.227287
   1.068      1.228953
   1.071      1.230602
   1.074      1.232234
   1.077      1.233850
   1.080      1.235450
   1.083      1.237032
   1.086      1.238599
   1.089      1.240148
   1.092      1.241681
   1.095      1.243198
   1.098      1.244698
   1.101      1.246181
   1.104      1.247648
   1.107      1.249098
   1.110      1.250532
   1.112      1.251949
   1.115      1.253349
   1.118      1.254734
   1.121      1.256101
   1.124      1.257452
   1.127      1.258787
   1.130      1.260105
   1.133      1.261406
   1.136      1.262691
   1.139      1.263960
   1.142      1.265212
   1.145      1.266448
   1.148      1.267667
   1.151      1.268870
   1.154      1.270056
   1.157      1.271226
   1.160      1.272380
   1.163      1.273517
   1.166      1.274638
   1.169      1.275743
   1.172      1.276831
   1.175      1.277903
   1.178      1.278959
   1.181      1.279998
   1.184      1.281021
   1.187      1.282028
   1.190      1.283018
   1.193      1.283993
   1.196      1.284951
   1.199      1.285893
   1.201      1.286819
   1.204      1.287729
   1.207      1.288622
   1.210      1.289500
   1.213      1.290361
   1.216      1.291207
   1.219      1.292036
   1.222      1.292849
   1.225      1.293647
   1.228      1.294428
   1.231      1.295193
   1.234      1.295943
   1.237      1.296676
   1.240      1.297394
   1.243      1.298095
   1.246      1.298781
   1.249      1.299451
   1.252      1.300106
   1.255      1.300744
   1.258      1.301367
   1.261      1.301974
   1.264      1.302565
   1.267      1.303141
   1.270      1.303701
   1.273      1.304245
   1.276      1.304774
   1.279      1.305287
   1.282      1.305784
   1.285      1.306266
   1.288      1.306733
   1.290      1.307184
   1.293      1.307620
   1.296      1.308040
   1.299      1.308445
   1.302      1.308834
   1.305      1.309208
   1.308      1.309567
   1.311      1.309910
   1.314      1.310238
   1.317      1.310551
   1.320      1.310849
   1.323      1.311132
   1.326      1.311399
   1.329      1.311651
   1.332      1.311888
   1.335      1.312111
   1.338      1.312318
   1.341      1.312510
   1.344      1.312687
   1.347      1.312849
   1.350      1.312996
   1.353      1.313129
   1.356      1.313246
   1.359      1.313349
   1.362      1.313437
   1.365      1.313510
   1.368      1.313568
   1.371      1.313612
   1.374      1.313641
   1.377      1.313655
   1.379      1.313655
   1.382      1.313640
   1.385      1.313611
   1.388      1.313567
   1.391      1.313509
   1.394      1.313436
   1.397      1.313349
   1.400      1.313248
   1.403      1.313132
   1.406      1.313002
   1.409      1.312858
   1.412      1.312699
   1.415      1.312526
   1.418      1.312339
   1.421      1.312138
   1.424      1.311923
   1.427      1.311694
   1.430      1.311450
   1.433      1.311193
   1.436      1.310922
   1.439      1.310637
   1.442      1.310337
   1.445      1.310025
   1.448      1.309698
   1.451      1.309357
   1.454      1.309003
   1.457      1.308635
   1.460      1.308254
   1.463      1.307858
   1.466      1.307450
   1.468      1.307027
   1.471      1.306591
   1.474      1.306142
   1.477      1.305679
   1.480      1.305203
   1.483      1.304713
   1.486      1.304211
   1.489      1.303694
   1.492      1.303165
   1.495      1.302622
   1.498      1.302067
   1.501      1.301498
   1.504      1.300916
   1.507      1.300320
   1.510      1.299712
   1.513      1.299091
   1.516      1.298457
   1.519      1.297810
   1.522      1.297151
   1.525      1.296478
   1.528      1.295793
   1.531      1.295095
   1.534      1.294384
   1.537      1.293661
   1.540      1.292924
   1.543      1.292176
   1.546      1.291415
   1.549      1.290641
   1.552      1.289855
   1.555      1.289057
   1.557      1.288246
   1.560      1.287423
   1.563      1.286587
   1.566      1.285740
   1.569      1.284880
   1.572      1.284008
   1.575      1.283124
   1.578      1.282228
   1.581      1.281319
   1.584      1.280399
   1.587      1.279467
   1.590      1.278523
   1.593      1.277567
   1.596      1.276600
   1.599      1.275620
   1.602      1.274629
   1.605      1.273627
   1.608      1.272612
   1.611      1.271586
   1.614      1.270549
   1.617      1.269500
   1.620      1.268439
   1.623      1.267367
   1.626      1.266284
   1.629      1.265189
   1.632      1.264083
   1.635      1.262966
   1.638      1.261838
   1.641      1.260699
   1.644      1.259548
   1.646      1.258387
   1.649      1.257214
   1.652      1.256031
   1.655      1.254836
   1.658      1.253631
   1.661      1.252415
   1.664      1.251188
   1.667      1.249950
   1.670      1.248702
   1.673      1.247443
   1.676      1.246174
   1.679      1.244894
   1.682      1.243603
   1.685      1.242302
   1.688      1.240991
   1.691      1.239669
   1.694      1.238337
   1.697      1.236995
   1.700      1.235642
   1.703      1.234280
   1.706      1.232907
   1.709      1.231524
   1.712      1.230131
   1.715      1.228728
   1.718      1.227315
   1.721      1.225893
   1.724      1.224460
   1.727      1.223018
   1.730      1.221566
   1.733      1.220104
   1.735      1.218633
   1.738      1.217152
   1.741      1.215661
   1.744      1.214161
   1.747      1.212652
   1.750      1.211133
   1.753      1.209605
   1.756      1.208068
   1.759      1.206521
   1.762      1.204965
   1.765      1.203400
   1.768      1.201826
   1.771      1.200242
   1.774      1.198650
   1.777      1.197049
   1.780      1.195439
   1.783      1.193820
   1.786      1.192192
   1.789      1.190555
   1.792      1.188910
   1.795      1.187256
   1.798      1.185593
   1.801      1.183922
   1.804      1.182243
   1.807      1.180554
   1.810      1.178858
   1.813      1.177153
   1.816      1.175440
   1.819      1.173718
   1.822      1.171988
   1.824      1.170251
   1.827      1.168505
   1.830      1.166750
   1.833      1.164988
   1.836      1.163218
   1.839      1.161440
   1.842      1.159654
   1.845      1.157861
   1.848      1.156059
   1.851      1.154250
   1.854      1.152433
   1.857      1.150609
   1.860      1.148777
   1.863      1.146937
   1.866      1.145090
   1.869      1.143236
   1.872      1.141374
   1.875      1.139505
   1.878      1.137628
   1.881      1.135745
   1.884      1.133854
   1.887      1.131956
   1.890      1.130051
   1.893      1.128139
   1.896      1.126220
   1.899      1.124294
   1.902      1.122361
   1.905      1.120422
   1.908      1.118475
   1.911      1.116522
   1.913      1.114562
   1.916      1.112596
   1.919      1.110623
   1.922      1.108644
   1.925      1.106658
   1.928      1.104666
   1.931      1.102667
   1.934      1.100662
   1.937      1.098651
   1.940      1.096633
   1.943      1.094610
   1.946      1.092580
   1.949      1.090544
   1.952      1.088502
   1.955      1.086454
   1.958      1.084401
   1.961      1.082341
   1.964      1.080276
   1.967      1.078205
   1.970      1.076128
   1.973      1.074045
   1.976      1.071957
   1.979      1.069864
   1.982      1.067764
   1.985      1.065660
   1.988      1.063550
   1.991      1.061434
   1.994      1.059314
   1.997      1.057188
   2.000      1.055056
   2.002      1.052920
   2.005      1.050779
   2.008      1.048632
   2.011      1.046481
   2.014      1.044324
   2.017      1.042163
   2.020      1.039997
   2.023      1.037825
   2.026      1.035650
   2.029      1.033469
   2.032      1.031284
   2.035      1.029094
   2.038      1.026900
   2.041      1.024701
   2.044      1.022497
   2.047      1.020290
   2.050      1.018077
   2.053      1.015861
   2.056      1.013640
   2.059      1.011415
   2.062      1.009186
   2.065      1.006953
   2.068      1.004716
   2.071      1.002474
   2.074      1.000229
   2.077      0.997980
   2.080      0.995727
   2.083      0.993470
   2.086      0.991209
   2.089      0.988944
   2.091      0.986676
   2.094      0.984405
   2.097      0.982129
   2.100      0.979850
   2.103      0.977568
   2.106      0.975282
   2.109      0.972993
   2.112      0.970700
   2.115      0.968404
   2.118      0.966105
   2.121      0.963803
   2.124      0.961498
   2.127      0.959189
   2.130      0.956877
   2.133      0.954563
   2.136      0.952245
   2.139      0.949925
   2.142      0.947601
   2.145      0.945275
   2.148      0.942946
   2.151      0.940614
   2.154      0.938280
   2.157      0.935943
   2.160      0.933603
   2.163      0.931261
   2.166      0.928917
   2.169      0.926570
   2.172      0.924220
   2.175      0.921868
   2.178      0.919514
   2.180      0.917158
   2.183      0.914799
   2.186      0.912438
   2.189      0.910075
   2.192      0.907711
   2.195      0.905343
   2.198      0.902975
   2.201      0.900604
   2.204      0.898231
   2.207      0.895856
   2.210      0.893480
   2.213      0.891101
   2.216      0.888721
   2.219      0.886340
   2.222      0.883957
   2.225      0.881572
   2.228      0.879185
   2.231      0.876797
   2.234      0.874408
   2.237      0.872018
   2.240      0.869625
   2.243      0.867232
   2.246      0.864837
   2.249      0.862442
   2.252      0.860045
   2.255      0.857646
   2.258      0.855247
   2.261      0.852847
   2.264      0.850445
   2.267      0.848043
   2.269      0.845640
   2.272      0.843236
   2.275      0.840831
   2.278      0.838425
   2.281      0.836019
   2.284      0.833612
   2.287      0.831204
   2.290      0.828795
   2.293      0.826386
   2.296      0.823977
   2.299      0.821567
   2.302      0.819156
   2.305      0.816745
   2.308      0.814334
   2.311      0.811922
   2.314      0.809510
   2.317      0.807098
   2.320      0.804686
   2.323      0.802273
   2.326      0.799861
   2.329      0.797448
   2.332      0.795035
   2.335      0.792622
   2.338      0.790210
   2.341      0.787797
   2.344      0.785384
   2.347      0.782972
   2.350      0.780560
   2.353      0.778148
   2.356      0.775736
   2.358      0.773325
   2.361      0.770914
   2.364      0.768503
   2.367      0.766093
   2.370      0.763683
   2.373      0.761274
   2.376      0.758865
   2.379      0.756457
   2.382      0.754050
   2.385      0.751643
   2.388      0.749237
   2.391      0.746832
   2.394      0.744427
   2.397      0.742023
   2.400      0.739621
   2.403      0.737219
   2.406      0.734818
   2.409      0.732417
   2.412      0.730018
   2.415      0.727620
   2.418      0.725223
   2.421      0.722827
   2.424      0.720433
   2.427      0.718039
   2.430      0.715647
   2.433      0.713256
   2.436      0.710866
   2.439      0.708478
   2.442      0.706090
   2.445      0.703705
   2.447      0.701321
   2.450      0.698938
   2.453      0.696556
   2.456      0.694177
   2.459      0.691799
   2.462      0.689422
   2.465      0.687047
   2.468      0.684674
   2.471      0.682302
   2.474      0.679932
   2.477      0.677564
   2.480      0.675198
   2.483      0.672834
   2.486      0.670471
   2.489      0.668111
   2.492      0.665752
   2.495      0.663395
   2.498      0.661041
   2.501      0.658688
   2.504      0.656337
   2.507      0.653989
   2.510      0.651643
   2.513      0.649299
   2.516      0.646957
   2.519      0.644617
   2.522      0.642279
   2.525      0.639944
   2.528      0.637611
   2.531      0.635281
   2.534      0.632953
   2.536      0.630627
   2.539      0.628304
   2.542      0.625983
   2.545      0.623665
   2.548      0.621349
   2.551      0.619036
   2.554      0.616725
   2.557      0.614417
   2.560      0.612112
   2.563      0.609809
   2.566      0.607509
   2.569      0.605212
   2.572      0.602917
   2.575      0.600626
   2.578      0.598337
   2.581      0.596051
   2.584      0.593768
   2.587      0.591488
   2.590      0.589211
   2.593      0.586936
   2.596      0.584665
   2.599      0.582397
   2.602      0.580132
   2.605      0.577869
   2.608      0.575610
   2.611      0.573354
   2.614      0.571102
   2.617      0.568852
   2.620      0.566606
   2.623      0.564362
   2.625      0.562122
   2.628      0.559886
   2.631      0.557652
   2.634      0.555422
   2.637      0.553196
   2.640      0.550972
   2.643      0.548752
   2.646      0.546536
   2.649      0.544323
   2.652      0.542113
   2.655      0.539907
   2.658      0.537705
   2.661      0.535506
   2.664      0.533310
   2.667      0.531119
   2.670      0.528930
   2.673      0.526746
   2.676      0.524565
   2.679      0.522388
   2.682      0.520214
   2.685      0.518044
   2.688      0.515878
   2.691      0.513716
   2.694      0.511558
   2.697      0.509403
   2.700      0.507252
   2.703      0.505105
   2.706      0.502962
   2.709      0.500823
   2.712      0.498688
   2.714      0.496557
   2.717      0.494429
   2.720      0.492306
   2.723      0.490187
   2.726      0.488071
   2.729      0.485960
   2.732      0.483853
   2.735      0.481750
   2.738      0.479650
   2.741      0.477556
   2.744      0.475465
   2.747      0.473378
   2.750      0.471296
   2.753      0.469217
   2.756      0.467143
   2.759      0.465074
   2.762      0.463008
   2.765      0.460947
   2.768      0.458890
   2.771      0.456837
   2.774      0.454789
   2.777      0.452745
   2.780      0.450705
   2.783      0.448670
   2.786      0.446639
   2.789      0.444612
   2.792      0.442590
   2.795      0.440572
   2.798      0.438559
   2.801      0.436550
   2.803      0.434546
   2.806      0.432546
   2.809      0.430551
   2.812      0.428560
   2.815      0.426574
   2.818      0.424593
   2.821      0.422616
   2.824      0.420643
   2.827      0.418675
   2.830      0.416712
   2.833      0.414753
   2.836      0.412800
   2.839      0.410850
   2.842      0.408906
   2.845      0.406966
   2.848      0.405030
   2.851      0.403100
   2.854      0.401174
   2.857      0.399253
   2.860      0.397337
   2.863      0.395425
   2.866      0.393518
   2.869      0.391617
   2.872      0.389719
   2.875      0.387827
   2.878      0.385939
   2.881      0.384057
   2.884      0.382179
   2.887      0.380306
   2.890      0.378438
   2.892      0.376575
   2.895      0.374716
   2.898      0.372863
   2.901      0.371014
   2.904      0.369171
   2.907      0.367332
   2.910      0.365498
   2.913      0.363669
   2.916      0.361846
   2.919      0.360027
   2.922      0.358213
   2.925      0.356404
   2.928      0.354600
   2.931      0.352801
   2.934      0.351007
   2.937      0.349219
   2.940      0.347435
   2.943      0.345656
   2.946      0.343882
   2.949      0.342114
   2.952      0.340350
   2.955      0.338592
   2.958      0.336838
   2.961      0.335090
   2.964      0.333347
   2.967      0.331609
   2.970      0.329876
   2.973      0.328148
   2.976      0.326425
   2.979      0.324707
   2.981      0.322995
   2.984      0.321288
   2.987      0.319585
   2.990      0.317888
   2.993      0.316197
   2.996      0.314510
   2.999      0.312828
   3.002      0.311152
   3.005      0.309481
   3.008      0.307815
   3.011      0.306154
   3.014      0.304498
   3.017      0.302848
   3.020      0.301203
   3.023      0.299563
   3.026      0.297928
   3.029      0.296299
   3.032      0.294675
   3.035      0.293055
   3.038      0.291442
   3.041      0.289833
   3.044      0.288230
   3.047      0.286632
   3.050      0.285039
   3.053      0.283451
   3.056      0.281869
   3.059      0.280292
   3.062      0.278720
   3.065      0.277154
   3.068      0.275592
   3.070      0.274036
   3.073      0.272485
   3.076      0.270940
   3.079      0.269400
   3.082      0.267865
   3.085      0.266335
   3.088      0.264811
   3.091      0.263292
   3.094      0.261778
   3.097      0.260269
   3.100      0.258766
   3.103      0.257268
   3.106      0.255776
   3.109      0.254288
   3.112      0.252806
   3.115      0.251329
   3.118      0.249858
   3.121      0.248392
   3.124      0.246931
   3.127      0.245475
   3.130      0.244025
   3.133      0.242580
   3.136      0.241140
   3.139      0.239705
   3.142      0.238276
   3.145      0.236852
   3.148      0.235433
   3.151      0.234020
   3.154      0.232612
   3.157      0.231209
   3.159      0.229812
   3.162      0.228419
   3.165      0.227032
   3.168      0.225651
   3.171      0.224274
   3.174      0.222903
   3.177      0.221537
   3.180      0.220177
   3.183      0.218821
   3.186      0.217471
   3.189      0.216126
   3.192      0.214787
   3.195      0.213453
   3.198      0.212123
   3.201      0.210800
   3.204      0.209481
   3.207      0.208168
   3.210      0.206860
   3.213      0.205557
   3.216      0.204259
   3.219      0.202967
   3.222      0.201680
   3.225      0.200398
   3.228      0.199121
   3.231      0.197849
   3.234      0.196583
   3.237      0.195322
   3.240      0.194066
   3.243      0.192815
   3.246      0.191570
   3.248      0.190329
   3.251      0.189094
   3.254      0.187864
   3.257      0.186640
   3.260      0.185420
   3.263      0.184205
   3.266      0.182996
   3.269      0.181792
   3.272      0.180593
   3.275      0.179399
   3.278      0.178210
   3.281      0.177027
   3.284      0.175848
   3.287      0.174675
   3.290      0.173507
   3.293      0.172344
   3.296      0.171186
   3.299      0.170033
   3.302      0.168885
   3.305      0.167742
   3.308      0.166604
   3.311      0.165472
   3.314      0.164344
   3.317      0.163222
   3.320      0.162104
   3.323      0.160992
   3.326      0.159884
   3.329      0.158782
   3.332      0.157685
   3.335      0.156592
   3.337      0.155505
   3.340      0.154423
   3.343      0.153345
   3.346      0.152273
   3.349      0.151206
   3.352      0.150143
   3.355      0.149086
   3.358      0.148033
   3.361      0.146986
   3.364      0.145943
   3.367      0.144905
   3.370      0.143873
   3.373      0.142845
   3.376      0.141822
   3.379      0.140804
   3.382      0.139791
   3.385      0.138782
   3.388      0.137779
   3.391      0.136780
   3.394      0.135787
   3.397      0.134798
   3.400      0.133814
   3.403      0.132835
   3.406      0.131860
   3.409      0.130891
   3.412      0.129926
   3.415      0.128966
   3.418      0.128011
   3.421      0.127060
   3.424      0.126115
   3.426      0.125174
   3.429      0.124237
   3.432      0.123306
   3.435      0.122379
   3.438      0.121457
   3.441      0.120540
   3.444      0.119627
   3.447      0.118719
   3.450      0.117816
   3.453      0.116917
   3.456      0.116023
   3.459      0.115134
   3.462      0.114249
   3.465      0.113369
   3.468      0.112494
   3.471      0.111623
   3.474      0.110757
   3.477      0.109895
   3.480      0.109038
   3.483      0.108185
   3.486      0.107337
   3.489      0.106494
   3.492      0.105655
   3.495      0.104820
   3.498      0.103990
   3.501      0.103165
   3.504      0.102344
   3.507      0.101527
   3.510      0.100715
   3.513      0.099908
   3.515      0.099105
   3.518      0.098306
   3.521      0.097512
   3.524      0.096722
   3.527      0.095936
   3.530      0.095155
   3.533      0.094378
   3.536      0.093606
   3.539      0.092838
   3.542      0.092074
   3.545      0.091315
   3.548      0.090559
   3.551      0.089809
   3.554      0.089062
   3.557      0.088320
   3.560      0.087582
   3.563      0.086848
   3.566      0.086119
   3.569      0.085393
   3.572      0.084672
   3.575      0.083955
   3.578      0.083243
   3.581      0.082534
   3.584      0.081830
   3.587      0.081130
   3.590      0.080434
   3.593      0.079742
   3.596      0.079054
   3.599      0.078370
   3.602      0.077691
   3.604      0.077015
   3.607      0.076344
   3.610      0.075676
   3.613      0.075013
   3.616      0.074354
   3.619      0.073698
   3.622      0.073047
   3.625      0.072400
   3.628      0.071757
   3.631      0.071117
   3.634      0.070482
   3.637      0.069850
   3.640      0.069223
   3.643      0.068599
   3.646      0.067979
   3.649      0.067363
   3.652      0.066752
   3.655      0.066143
   3.658      0.065539
   3.661      0.064939
   3.664      0.064342
   3.667      0.063749
   3.670      0.063160
   3.673      0.062575
   3.676      0.061994
   3.679      0.061416
   3.682      0.060842
   3.685      0.060272
   3.688      0.059705
   3.691      0.059143
   3.693      0.058584
   3.696      0.058028
   3.699      0.057476
   3.702      0.056928
   3.705      0.056384
   3.708      0.055843
   3.711      0.055306
   3.714      0.054772
   3.717      0.054242
   3.720      0.053716
   3.723      0.053193
   3.726      0.052674
   3.729      0.052158
   3.732      0.051646
   3.735      0.051137
   3.738      0.050631
   3.741      0.050130
   3.744      0.049631
   3.747      0.049136
   3.750      0.048645
   3.753      0.048157
   3.756      0.047672
   3.759      0.047191
   3.762      0.046713
   3.765      0.046239
   3.768      0.045768
   3.771      0.045300
   3.774      0.044835
   3.777      0.044374
   3.780      0.043916
   3.782      0.043462
   3.785      0.043011
   3.788      0.042563
   3.791      0.042118
   3.794      0.041676
   3.797      0.041238
   3.800      0.040803
   3.803      0.040371
   3.806      0.039942
   3.809      0.039517
   3.812      0.039095
   3.815      0.038675
   3.818      0.038259
   3.821      0.037846
   3.824      0.037436
   3.827      0.037029
   3.830      0.036626
   3.833      0.036225
   3.836      0.035827
   3.839      0.035433
   3.842      0.035041
   3.845      0.034653
   3.848      0.034267
   3.851      0.033884
   3.854      0.033505
   3.857      0.033128
   3.860      0.032754
   3.863      0.032383
   3.866      0.032016
   3.869      0.031650
   3.871      0.031288
   3.874      0.030929
   3.877      0.030573
   3.880      0.030219
   3.883      0.029868
   3.886      0.029520
   3.889      0.029175
   3.892      0.028833
   3.895      0.028493
   3.898      0.028156
   3.901      0.027822
   3.904      0.027491
   3.907      0.027162
   3.910      0.026837
   3.913      0.026513
   3.916      0.026193
   3.919      0.025875
   3.922      0.025560
   3.925      0.025247
   3.928      0.024937
   3.931      0.024630
   3.934      0.024325
   3.937      0.024023
   3.940      0.023724
   3.943      0.023427
   3.946      0.023132
   3.949      0.022840
   3.952      0.022551
   3.955      0.022264
   3.958      0.021980
   3.960      0.021698
   3.963      0.021418
   3.966      0.021141
   3.969      0.020867
   3.972      0.020595
   3.975      0.020325
   3.978      0.020058
   3.981      0.019793
   3.984      0.019530
   3.987      0.019270
   3.990      0.019013
   3.993      0.018757
   3.996      0.018504
   3.999      0.018253
   4.002      0.018005
   4.005      0.017758
   4.008      0.017515
   4.011      0.017273
   4.014      0.017033
   4.017      0.016796
   4.020      0.016561
   4.023      0.016329
   4.026      0.016098
   4.029      0.015870
   4.032      0.015643
   4.035      0.015419
   4.038      0.015198
   4.041      0.014978
   4.044      0.014760
   4.047      0.014545
   4.049      0.014331
   4.052      0.014120
   4.055      0.013911
   4.058      0.013704
   4.061      0.013499
   4.064      0.013295
   4.067      0.013094
   4.070      0.012895
   4.073      0.012698
   4.076      0.012503
   4.079      0.012310
   4.082      0.012119
   4.085      0.011930
   4.088      0.011743
   4.091      0.011557
   4.094      0.011374
   4.097      0.011192
   4.100      0.011013
   4.103      0.010835
   4.106      0.010659
   4.109      0.010485
   4.112      0.010313
   4.115      0.010143
   4.118      0.009974
   4.121      0.009807
   4.124      0.009643
   4.127      0.009479
   4.130      0.009318
   4.133      0.009159
   4.136      0.009001
   4.138      0.008845
   4.141      0.008690
   4.144      0.008538
   4.147      0.008387
   4.150      0.008237
   4.153      0.008090
   4.156      0.007944
   4.159      0.007800
   4.162      0.007657
   4.165      0.007516
   4.168      0.007377
   4.171      0.007239
   4.174      0.007103
   4.177      0.006968
   4.180      0.006835
   4.183      0.006704
   4.186      0.006574
   4.189      0.006446
   4.192      0.006319
   4.195      0.006194
   4.198      0.006070
   4.201      0.005948
   4.204      0.005827
   4.207      0.005708
   4.210      0.005590
   4.213      0.005474
   4.216      0.005359
   4.219      0.005245
   4.222      0.005133
   4.225      0.005023
   4.227      0.004914
   4.230      0.004806
   4.233      0.004699
   4.236      0.004594
   4.239      0.004491
   4.242      0.004388
   4.245      0.004287
   4.248      0.004188
   4.251      0.004089
   4.254      0.003992
   4.257      0.003896
   4.260      0.003802
   4.263      0.003709
   4.266      0.003617
   4.269      0.003526
   4.272      0.003437
   4.275      0.003349
   4.278      0.003262
   4.281      0.003176
   4.284      0.003092
   4.287      0.003008
   4.290      0.002926
   4.293      0.002845
   4.296      0.002766
   4.299      0.002687
   4.302      0.002610
   4.305      0.002533
   4.308      0.002458
   4.311      0.002384
   4.314      0.002311
   4.316      0.002239
   4.319      0.002169
   4.322      0.002099
   4.325      0.002030
   4.328      0.001963
   4.331      0.001897
   4.334      0.001831
   4.337      0.001767
   4.340      0.001703
   4.343      0.001641
   4.346      0.001580
   4.349      0.001520
   4.352      0.001460
   4.355      0.001402
   4.358      0.001345
   4.361      0.001288
   4.364      0.001233
   4.367      0.001178
   4.370      0.001125
   4.373      0.001072
   4.376      0.001020
   4.379      0.000970
   4.382      0.000920
   4.385      0.000871
   4.388      0.000823
   4.391      0.000775
   4.394      0.000729
   4.397      0.000683
   4.400      0.000639
   4.403      0.000595
   4.405      0.000552
   4.408      0.000510
   4.411      0.000468
   4.414      0.000428
   4.417      0.000388
   4.420      0.000349
   4.423      0.000311
   4.426      0.000274
   4.429      0.000237
   4.432      0.000201
   4.435      0.000166
   4.438      0.000131
   4.441      0.000097
   4.444      0.000064
   4.447      0.000032
   4.450      0.000000
