   0.000      2.014706
   0.003      2.014775
   0.006      2.014843
   0.009      2.014958
   0.012      2.015118
   0.015      2.015324
   0.018      2.015577
   0.021      2.015875
   0.024      2.016220
   0.027      2.016611
   0.030      2.017048
   0.033      2.017532
   0.036      2.018062
   0.039      2.018639
   0.042      2.019262
   0.044      2.019932
   0.047      2.020650
   0.050      2.021414
   0.053      2.022225
   0.056      2.023084
   0.059      2.023990
   0.062      2.024943
   0.065      2.025944
   0.068      2.026992
   0.071      2.028088
   0.074      2.029232
   0.077      2.030424
   0.080      2.031663
   0.083      2.032951
   0.086      2.034286
   0.089      2.035670
   0.092      2.037102
   0.095      2.038582
   0.098      2.040110
   0.101      2.041687
   0.104      2.043312
   0.107      2.044986
   0.110      2.046709
   0.113      2.048479
   0.116      2.050299
   0.119      2.052167
   0.122      2.054084
   0.125      2.056050
   0.128      2.058064
   0.131      2.060127
   0.134      2.062239
   0.136      2.064399
   0.139      2.066608
   0.142      2.068866
   0.145      2.071173
   0.148      2.073528
   0.151      2.075932
   0.154      2.078385
   0.157      2.080886
   0.160      2.083436
   0.163      2.086034
   0.166      2.088680
   0.169      2.091375
   0.172      2.094118
   0.175      2.096909
   0.178      2.099748
   0.181      2.102635
   0.184      2.105570
   0.187      2.108553
   0.190      2.111583
   0.193      2.114661
   0.196      2.117786
   0.199      2.120958
   0.202      2.124176
   0.205      2.127442
   0.208      2.130754
   0.211      2.134113
   0.214      2.137517
   0.217      2.140968
   0.220      2.144464
   0.223      2.148006
   0.225      2.151593
   0.228      2.155225
   0.231      2.158901
   0.234      2.162622
   0.237      2.166387
   0.240      2.170196
   0.243      2.174048
   0.246      2.177943
   0.249      2.181880
   0.252      2.185861
   0.255      2.189883
   0.258      2.193946
   0.261      2.198051
   0.264      2.202197
   0.267      2.206383
   0.270      2.210609
   0.273      2.214874
   0.276      2.219178
   0.279      2.223521
   0.282      2.227902
   0.285      2.232320
   0.288      2.236775
   0.291      2.241266
   0.294      2.245794
   0.297      2.250356
   0.300      2.254953
   0.303      2.259585
   0.306      2.264249
   0.309      2.268947
   0.312      2.273676
   0.314      2.278437
   0.317      2.283229
   0.320      2.288051
   0.323      2.292902
   0.326      2.297782
   0.329      2.302689
   0.332      2.307624
   0.335      2.312586
   0.338      2.317572
   0.341      2.322584
   0.344      2.327619
   0.347      2.332678
   0.350      2.337758
   0.353      2.342860
   0.356      2.347983
   0.359      2.353125
   0.362      2.358285
   0.365      2.363463
   0.368      2.368658
   0.371      2.373869
   0.374      2.379094
   0.377      2.384333
   0.380      2.389585
   0.383      2.394848
   0.386      2.400123
   0.389      2.405406
   0.392      2.410698
   0.395      2.415998
   0.398      2.421303
   0.401      2.426614
   0.403      2.431929
   0.406      2.437247
   0.409      2.442566
   0.412      2.447886
   0.415      2.453205
   0.418      2.458522
   0.421      2.463836
   0.424      2.469146
   0.427      2.474449
   0.430      2.479747
   0.433      2.485035
   0.436      2.490315
   0.439      2.495583
   0.442      2.500840
   0.445      2.506083
   0.448      2.511312
   0.451      2.516524
   0.454      2.521719
   0.457      2.526896
   0.460      2.532052
   0.463      2.537187
   0.466      2.542299
   0.469      2.547387
   0.472      2.552449
   0.475      2.557484
   0.478      2.562491
   0.481      2.567469
   0.484      2.572414
   0.487      2.577328
   0.490      2.582207
   0.492      2.587051
   0.495      2.591858
   0.498      2.596627
   0.501      2.601357
   0.504      2.606045
   0.507      2.610691
   0.510      2.615293
   0.513      2.619849
   0.516      2.624359
   0.519      2.628821
   0.522      2.633234
   0.525      2.637596
   0.528      2.641905
   0.531      2.646161
   0.534      2.650362
   0.537      2.654507
   0.540      2.658594
   0.543      2.662622
   0.546      2.666590
   0.549      2.670496
   0.552      2.674340
   0.555      2.678119
   0.558      2.681833
   0.561      2.685480
   0.564      2.689060
   0.567      2.692570
   0.570      2.696010
   0.573      2.699378
   0.576      2.702674
   0.579      2.705896
   0.581      2.709042
   0.584      2.712113
   0.587      2.715107
   0.590      2.718022
   0.593      2.720858
   0.596      2.723614
   0.599      2.726289
   0.602      2.728881
   0.605      2.731391
   0.608      2.733816
   0.611      2.736156
   0.614      2.738411
   0.617      2.740578
   0.620      2.742658
   0.623      2.744650
   0.626      2.746553
   0.629      2.748367
   0.632      2.750089
   0.635      2.751721
   0.638      2.753261
   0.641      2.754709
   0.644      2.756064
   0.647      2.757325
   0.650      2.758493
   0.653      2.759566
   0.656      2.760545
   0.659      2.761428
   0.662      2.762215
   0.665      2.762907
   0.668      2.763502
   0.670      2.764001
   0.673      2.764403
   0.676      2.764708
   0.679      2.764916
   0.682      2.765027
   0.685      2.765041
   0.688      2.764957
   0.691      2.764775
   0.694      2.764496
   0.697      2.764119
   0.700      2.763646
   0.703      2.763074
   0.706      2.762406
   0.709      2.761640
   0.712      2.760778
   0.715      2.759819
   0.718      2.758764
   0.721      2.757613
   0.724      2.756365
   0.727      2.755023
   0.730      2.753585
   0.733      2.752053
   0.736      2.750426
   0.739      2.748706
   0.742      2.746892
   0.745      2.744986
   0.748      2.742988
   0.751      2.740897
   0.754      2.738716
   0.757      2.736445
   0.759      2.734083
   0.762      2.731633
   0.765      2.729094
   0.768      2.726467
   0.771      2.723753
   0.774      2.720953
   0.777      2.718068
   0.780      2.715098
   0.783      2.712044
   0.786      2.708907
   0.789      2.705689
   0.792      2.702388
   0.795      2.699008
   0.798      2.695548
   0.801      2.692009
   0.804      2.688393
   0.807      2.684700
   0.810      2.680932
   0.813      2.677088
   0.816      2.673171
   0.819      2.669181
   0.822      2.665120
   0.825      2.660987
   0.828      2.656785
   0.831      2.652514
   0.834      2.648176
   0.837      2.643771
   0.840      2.639300
   0.843      2.634764
   0.846      2.630166
   0.848      2.625504
   0.851      2.620782
   0.854      2.615999
   0.857      2.611156
   0.860      2.606256
   0.863      2.601298
   0.866      2.596285
   0.869      2.591216
   0.872      2.586093
   0.875      2.580918
   0.878      2.575691
   0.881      2.570413
   0.884      2.565085
   0.887      2.559708
   0.890      2.554284
   0.893      2.548814
   0.896      2.543297
   0.899      2.537736
   0.902      2.532132
   0.905      2.526485
   0.908      2.520797
   0.911      2.515068
   0.914      2.509299
   0.917      2.503492
   0.920      2.497648
   0.923      2.491767
   0.926      2.485850
   0.929      2.479898
   0.932      2.473913
   0.935      2.467894
   0.937      2.461844
   0.940      2.455763
   0.943      2.449652
   0.946      2.443511
   0.949      2.437342
   0.952      2.431145
   0.955      2.424922
   0.958      2.418673
   0.961      2.412399
   0.964      2.406100
   0.967      2.399779
   0.970      2.393434
   0.973      2.387068
   0.976      2.380681
   0.979      2.374273
   0.982      2.367846
   0.985      2.361400
   0.988      2.354936
   0.991      2.348455
   0.994      2.341957
   0.997      2.335443
   1.000      2.328914
   1.003      2.322370
   1.006      2.315812
   1.009      2.309241
   1.012      2.302657
   1.015      2.296061
   1.018      2.289453
   1.021      2.282835
   1.024      2.276207
   1.026      2.269568
   1.029      2.262921
   1.032      2.256265
   1.035      2.249601
   1.038      2.242929
   1.041      2.236251
   1.044      2.229566
   1.047      2.222875
   1.050      2.216179
   1.053      2.209478
   1.056      2.202772
   1.059      2.196062
   1.062      2.189349
   1.065      2.182633
   1.068      2.175914
   1.071      2.169193
   1.074      2.162470
   1.077      2.155746
   1.080      2.149021
   1.083      2.142295
   1.086      2.135569
   1.089      2.128844
   1.092      2.122119
   1.095      2.115395
   1.098      2.108672
   1.101      2.101951
   1.104      2.095232
   1.107      2.088515
   1.110      2.081801
   1.112      2.075091
   1.115      2.068383
   1.118      2.061679
   1.121      2.054980
   1.124      2.048284
   1.127      2.041593
   1.130      2.034907
   1.133      2.028227
   1.136      2.021551
   1.139      2.014881
   1.142      2.008218
   1.145      2.001560
   1.148      1.994909
   1.151      1.988265
   1.154      1.981628
   1.157      1.974998
   1.160      1.968375
   1.163      1.961760
   1.166      1.955153
   1.169      1.948555
   1.172      1.941964
   1.175      1.935382
   1.178      1.928809
   1.181      1.922245
   1.184      1.915690
   1.187      1.909145
   1.190      1.902609
   1.193      1.896082
   1.196      1.889566
   1.199      1.883060
   1.201      1.876564
   1.204      1.870078
   1.207      1.863604
   1.210      1.857140
   1.213      1.850686
   1.216      1.844244
   1.219      1.837814
   1.222      1.831394
   1.225      1.824987
   1.228      1.818591
   1.231      1.812206
   1.234      1.805834
   1.237      1.799474
   1.240      1.793126
   1.243      1.786791
   1.246      1.780468
   1.249      1.774157
   1.252      1.767860
   1.255      1.761575
   1.258      1.755303
   1.261      1.749044
   1.264      1.742799
   1.267      1.736566
   1.270      1.730347
   1.273      1.724142
   1.276      1.717950
   1.279      1.711772
   1.282      1.705608
   1.285      1.699457
   1.288      1.693321
   1.290      1.687198
   1.293      1.681090
   1.296      1.674996
   1.299      1.668916
   1.302      1.662851
   1.305      1.656800
   1.308      1.650763
   1.311      1.644742
   1.314      1.638734
   1.317      1.632742
   1.320      1.626764
   1.323      1.620802
   1.326      1.614854
   1.329      1.608921
   1.332      1.603003
   1.335      1.597100
   1.338      1.591213
   1.341      1.585340
   1.344      1.579483
   1.347      1.573641
   1.350      1.567815
   1.353      1.562004
   1.356      1.556208
   1.359      1.550428
   1.362      1.544663
   1.365      1.538914
   1.368      1.533181
   1.371      1.527463
   1.374      1.521761
   1.377      1.516075
   1.379      1.510404
   1.382      1.504749
   1.385      1.499110
   1.388      1.493487
   1.391      1.487879
   1.394      1.482288
   1.397      1.476712
   1.400      1.471153
   1.403      1.465609
   1.406      1.460081
   1.409      1.454569
   1.412      1.449074
   1.415      1.443594
   1.418      1.438130
   1.421      1.432683
   1.424      1.427251
   1.427      1.421836
   1.430      1.416436
   1.433      1.411053
   1.436      1.405686
   1.439      1.400335
   1.442      1.395000
   1.445      1.389681
   1.448      1.384379
   1.451      1.379092
   1.454      1.373822
   1.457      1.368568
   1.460      1.363330
   1.463      1.358108
   1.466      1.352902
   1.468      1.347713
   1.471      1.342539
   1.474      1.337382
   1.477      1.332241
   1.480      1.327116
   1.483      1.322008
   1.486      1.316915
   1.489      1.311838
   1.492      1.306778
   1.495      1.301734
   1.498      1.296706
   1.501      1.291693
   1.504      1.286697
   1.507      1.281717
   1.510      1.276754
   1.513      1.271806
   1.516      1.266874
   1.519      1.261958
   1.522      1.257058
   1.525      1.252175
   1.528      1.247307
   1.531      1.242455
   1.534      1.237619
   1.537      1.232799
   1.540      1.227995
   1.543      1.223207
   1.546      1.218435
   1.549      1.213678
   1.552      1.208938
   1.555      1.204213
   1.557      1.199504
   1.560      1.194811
   1.563      1.190133
   1.566      1.185471
   1.569      1.180825
   1.572      1.176195
   1.575      1.171580
   1.578      1.166981
   1.581      1.162398
   1.584      1.157830
   1.587      1.153277
   1.590      1.148741
   1.593      1.144219
   1.596      1.139714
   1.599      1.135223
   1.602      1.130748
   1.605      1.126289
   1.608      1.121845
   1.611      1.117416
   1.614      1.113002
   1.617      1.108604
   1.620      1.104221
   1.623      1.099853
   1.626      1.095501
   1.629      1.091163
   1.632      1.086841
   1.635      1.082534
   1.638      1.078242
   1.641      1.073965
   1.644      1.069703
   1.646      1.065456
   1.649      1.061224
   1.652      1.057006
   1.655      1.052804
   1.658      1.048617
   1.661      1.044444
   1.664      1.040286
   1.667      1.036143
   1.670      1.032015
   1.673      1.027901
   1.676      1.023802
   1.679      1.019717
   1.682      1.015647
   1.685      1.011592
   1.688      1.007551
   1.691      1.003525
   1.694      0.999513
   1.697      0.995515
   1.700      0.991532
   1.703      0.987563
   1.706      0.983609
   1.709      0.979668
   1.712      0.975742
   1.715      0.971830
   1.718      0.967932
   1.721      0.964049
   1.724      0.960179
   1.727      0.956324
   1.730      0.952482
   1.733      0.948654
   1.735      0.944841
   1.738      0.941041
   1.741      0.937255
   1.744      0.933483
   1.747      0.929725
   1.750      0.925980
   1.753      0.922249
   1.756      0.918532
   1.759      0.914828
   1.762      0.911138
   1.765      0.907462
   1.768      0.903799
   1.771      0.900149
   1.774      0.896513
   1.777      0.892890
   1.780      0.889281
   1.783      0.885685
   1.786      0.882102
   1.789      0.878532
   1.792      0.874976
   1.795      0.871433
   1.798      0.867903
   1.801      0.864386
   1.804      0.860882
   1.807      0.857391
   1.810      0.853913
   1.813      0.850448
   1.816      0.846996
   1.819      0.843556
   1.822      0.840130
   1.824      0.836716
   1.827      0.833315
   1.830      0.829927
   1.833      0.826551
   1.836      0.823188
   1.839      0.819837
   1.842      0.816499
   1.845      0.813174
   1.848      0.809861
   1.851      0.806560
   1.854      0.803272
   1.857      0.799996
   1.860      0.796732
   1.863      0.793481
   1.866      0.790242
   1.869      0.787015
   1.872      0.783800
   1.875      0.780597
   1.878      0.777407
   1.881      0.774228
   1.884      0.771061
   1.887      0.767906
   1.890      0.764764
   1.893      0.761633
   1.896      0.758513
   1.899      0.755406
   1.902      0.752311
   1.905      0.749227
   1.908      0.746154
   1.911      0.743094
   1.913      0.740045
   1.916      0.737007
   1.919      0.733981
   1.922      0.730967
   1.925      0.727964
   1.928      0.724972
   1.931      0.721992
   1.934      0.719023
   1.937      0.716065
   1.940      0.713119
   1.943      0.710184
   1.946      0.707260
   1.949      0.704347
   1.952      0.701445
   1.955      0.698554
   1.958      0.695674
   1.961      0.692805
   1.964      0.689948
   1.967      0.687101
   1.970      0.684265
   1.973      0.681439
   1.976      0.678625
   1.979      0.675821
   1.982      0.673028
   1.985      0.670246
   1.988      0.667474
   1.991      0.664713
   1.994      0.661962
   1.997      0.659222
   2.000      0.656493
   2.002      0.653774
   2.005      0.651065
   2.008      0.648367
   2.011      0.645679
   2.014      0.643001
   2.017      0.640333
   2.020      0.637676
   2.023      0.635029
   2.026      0.632392
   2.029      0.629766
   2.032      0.627149
   2.035      0.624543
   2.038      0.621946
   2.041      0.619359
   2.044      0.616783
   2.047      0.614216
   2.050      0.611659
   2.053      0.609112
   2.056      0.606575
   2.059      0.604047
   2.062      0.601529
   2.065      0.599021
   2.068      0.596523
   2.071      0.594034
   2.074      0.591554
   2.077      0.589085
   2.080      0.586624
   2.083      0.584174
   2.086      0.581732
   2.089      0.579300
   2.091      0.576878
   2.094      0.574465
   2.097      0.572061
   2.100      0.569666
   2.103      0.567281
   2.106      0.564904
   2.109      0.562537
   2.112      0.560179
   2.115      0.557831
   2.118      0.555491
   2.121      0.553160
   2.124      0.550838
   2.127      0.548526
   2.130      0.546222
   2.133      0.543927
   2.136      0.541641
   2.139      0.539363
   2.142      0.537095
   2.145      0.534835
   2.148      0.532584
   2.151      0.530342
   2.154      0.528108
   2.157      0.525883
   2.160      0.523666
   2.163      0.521458
   2.166      0.519259
   2.169      0.517068
   2.172      0.514886
   2.175      0.512712
   2.178      0.510546
   2.180      0.508389
   2.183      0.506240
   2.186      0.504100
   2.189      0.501967
   2.192      0.499843
   2.195      0.497727
   2.198      0.495620
   2.201      0.493520
   2.204      0.491429
   2.207      0.489345
   2.210      0.487270
   2.213      0.485203
   2.216      0.483143
   2.219      0.481092
   2.222      0.479049
   2.225      0.477013
   2.228      0.474985
   2.231      0.472966
   2.234      0.470954
   2.237      0.468949
   2.240      0.466953
   2.243      0.464964
   2.246      0.462983
   2.249      0.461010
   2.252      0.459044
   2.255      0.457086
   2.258      0.455135
   2.261      0.453192
   2.264      0.451256
   2.267      0.449328
   2.269      0.447408
   2.272      0.445494
   2.275      0.443588
   2.278      0.441690
   2.281      0.439799
   2.284      0.437915
   2.287      0.436038
   2.290      0.434169
   2.293      0.432307
   2.296      0.430452
   2.299      0.428604
   2.302      0.426763
   2.305      0.424930
   2.308      0.423103
   2.311      0.421284
   2.314      0.419472
   2.317      0.417666
   2.320      0.415868
   2.323      0.414076
   2.326      0.412292
   2.329      0.410514
   2.332      0.408743
   2.335      0.406979
   2.338      0.405222
   2.341      0.403471
   2.344      0.401728
   2.347      0.399991
   2.350      0.398260
   2.353      0.396537
   2.356      0.394820
   2.358      0.393109
   2.361      0.391406
   2.364      0.389708
   2.367      0.388018
   2.370      0.386333
   2.373      0.384656
   2.376      0.382984
   2.379      0.381320
   2.382      0.379661
   2.385      0.378009
   2.388      0.376364
   2.391      0.374724
   2.394      0.373091
   2.397      0.371464
   2.400      0.369844
   2.403      0.368230
   2.406      0.366621
   2.409      0.365020
   2.412      0.363424
   2.415      0.361834
   2.418      0.360251
   2.421      0.358673
   2.424      0.357102
   2.427      0.355536
   2.430      0.353977
   2.433      0.352424
   2.436      0.350876
   2.439      0.349335
   2.442      0.347799
   2.445      0.346269
   2.447      0.344746
   2.450      0.343228
   2.453      0.341715
   2.456      0.340209
   2.459      0.338708
   2.462      0.337213
   2.465      0.335724
   2.468      0.334241
   2.471      0.332763
   2.474      0.331291
   2.477      0.329824
   2.480      0.328363
   2.483      0.326908
   2.486      0.325458
   2.489      0.324014
   2.492      0.322575
   2.495      0.321142
   2.498      0.319714
   2.501      0.318292
   2.504      0.316875
   2.507      0.315463
   2.510      0.314057
   2.513      0.312656
   2.516      0.311261
   2.519      0.309871
   2.522      0.308486
   2.525      0.307106
   2.528      0.305732
   2.531      0.304363
   2.534      0.302999
   2.536      0.301640
   2.539      0.300287
   2.542      0.298938
   2.545      0.297595
   2.548      0.296257
   2.551      0.294924
   2.554      0.293596
   2.557      0.292273
   2.560      0.290955
   2.563      0.289642
   2.566      0.288334
   2.569      0.287031
   2.572      0.285733
   2.575      0.284439
   2.578      0.283151
   2.581      0.281867
   2.584      0.280589
   2.587      0.279315
   2.590      0.278046
   2.593      0.276782
   2.596      0.275523
   2.599      0.274268
   2.602      0.273018
   2.605      0.271773
   2.608      0.270532
   2.611      0.269296
   2.614      0.268065
   2.617      0.266839
   2.620      0.265617
   2.623      0.264399
   2.625      0.263186
   2.628      0.261978
   2.631      0.260775
   2.634      0.259575
   2.637      0.258381
   2.640      0.257191
   2.643      0.256005
   2.646      0.254824
   2.649      0.253647
   2.652      0.252474
   2.655      0.251306
   2.658      0.250143
   2.661      0.248983
   2.664      0.247828
   2.667      0.246678
   2.670      0.245531
   2.673      0.244389
   2.676      0.243251
   2.679      0.242118
   2.682      0.240989
   2.685      0.239863
   2.688      0.238742
   2.691      0.237626
   2.694      0.236513
   2.697      0.235405
   2.700      0.234300
   2.703      0.233200
   2.706      0.232104
   2.709      0.231012
   2.712      0.229924
   2.714      0.228840
   2.717      0.227760
   2.720      0.226684
   2.723      0.225612
   2.726      0.224544
   2.729      0.223479
   2.732      0.222419
   2.735      0.221363
   2.738      0.220311
   2.741      0.219262
   2.744      0.218218
   2.747      0.217177
   2.750      0.216140
   2.753      0.215107
   2.756      0.214078
   2.759      0.213052
   2.762      0.212030
   2.765      0.211012
   2.768      0.209998
   2.771      0.208988
   2.774      0.207981
   2.777      0.206978
   2.780      0.205978
   2.783      0.204983
   2.786      0.203990
   2.789      0.203002
   2.792      0.202017
   2.795      0.201036
   2.798      0.200058
   2.801      0.199084
   2.803      0.198113
   2.806      0.197146
   2.809      0.196183
   2.812      0.195223
   2.815      0.194266
   2.818      0.193313
   2.821      0.192363
   2.824      0.191417
   2.827      0.190474
   2.830      0.189535
   2.833      0.188599
   2.836      0.187667
   2.839      0.186737
   2.842      0.185812
   2.845      0.184889
   2.848      0.183970
   2.851      0.183054
   2.854      0.182142
   2.857      0.181232
   2.860      0.180327
   2.863      0.179424
   2.866      0.178524
   2.869      0.177628
   2.872      0.176735
   2.875      0.175845
   2.878      0.174959
   2.881      0.174075
   2.884      0.173195
   2.887      0.172318
   2.890      0.171444
   2.892      0.170573
   2.895      0.169705
   2.898      0.168840
   2.901      0.167979
   2.904      0.167120
   2.907      0.166265
   2.910      0.165412
   2.913      0.164563
   2.916      0.163716
   2.919      0.162873
   2.922      0.162032
   2.925      0.161195
   2.928      0.160360
   2.931      0.159529
   2.934      0.158700
   2.937      0.157875
   2.940      0.157052
   2.943      0.156232
   2.946      0.155415
   2.949      0.154601
   2.952      0.153789
   2.955      0.152981
   2.958      0.152175
   2.961      0.151372
   2.964      0.150572
   2.967      0.149775
   2.970      0.148981
   2.973      0.148189
   2.976      0.147400
   2.979      0.146614
   2.981      0.145831
   2.984      0.145050
   2.987      0.144272
   2.990      0.143497
   2.993      0.142724
   2.996      0.141954
   2.999      0.141187
   3.002      0.140422
   3.005      0.139660
   3.008      0.138901
   3.011      0.138144
   3.014      0.137390
   3.017      0.136638
   3.020      0.135889
   3.023      0.135143
   3.026      0.134399
   3.029      0.133658
   3.032      0.132919
   3.035      0.132183
   3.038      0.131449
   3.041      0.130718
   3.044      0.129989
   3.047      0.129262
   3.050      0.128539
   3.053      0.127817
   3.056      0.127098
   3.059      0.126382
   3.062      0.125668
   3.065      0.124956
   3.068      0.124247
   3.070      0.123540
   3.073      0.122835
   3.076      0.122133
   3.079      0.121433
   3.082      0.120736
   3.085      0.120041
   3.088      0.119348
   3.091      0.118658
   3.094      0.117970
   3.097      0.117284
   3.100      0.116600
   3.103      0.115919
   3.106      0.115240
   3.109      0.114563
   3.112      0.113888
   3.115      0.113216
   3.118      0.112546
   3.121      0.111878
   3.124      0.111212
   3.127      0.110549
   3.130      0.109887
   3.133      0.109228
   3.136      0.108571
   3.139      0.107916
   3.142      0.107263
   3.145      0.106613
   3.148      0.105964
   3.151      0.105318
   3.154      0.104674
   3.157      0.104031
   3.159      0.103391
   3.162      0.102753
   3.165      0.102117
   3.168      0.101483
   3.171      0.100852
   3.174      0.100222
   3.177      0.099594
   3.180      0.098968
   3.183      0.098344
   3.186      0.097722
   3.189      0.097102
   3.192      0.096485
   3.195      0.095869
   3.198      0.095255
   3.201      0.094643
   3.204      0.094033
   3.207      0.093425
   3.210      0.092818
   3.213      0.092214
   3.216      0.091612
   3.219      0.091011
   3.222      0.090412
   3.225      0.089816
   3.228      0.089221
   3.231      0.088628
   3.234      0.088036
   3.237      0.087447
   3.240      0.086860
   3.243      0.086274
   3.246      0.085690
   3.248      0.085108
   3.251      0.084528
   3.254      0.083949
   3.257      0.083372
   3.260      0.082797
   3.263      0.082224
   3.266      0.081653
   3.269      0.081083
   3.272      0.080515
   3.275      0.079949
   3.278      0.079384
   3.281      0.078821
   3.284      0.078260
   3.287      0.077701
   3.290      0.077143
   3.293      0.076587
   3.296      0.076032
   3.299      0.075480
   3.302      0.074929
   3.305      0.074379
   3.308      0.073831
   3.311      0.073285
   3.314      0.072740
   3.317      0.072197
   3.320      0.071656
   3.323      0.071116
   3.326      0.070578
   3.329      0.070041
   3.332      0.069506
   3.335      0.068973
   3.337      0.068441
   3.340      0.067910
   3.343      0.067382
   3.346      0.066854
   3.349      0.066329
   3.352      0.065804
   3.355      0.065281
   3.358      0.064760
   3.361      0.064240
   3.364      0.063722
   3.367      0.063205
   3.370      0.062690
   3.373      0.062176
   3.376      0.061663
   3.379      0.061152
   3.382      0.060643
   3.385      0.060135
   3.388      0.059628
   3.391      0.059123
   3.394      0.058619
   3.397      0.058116
   3.400      0.057615
   3.403      0.057116
   3.406      0.056617
   3.409      0.056120
   3.412      0.055625
   3.415      0.055130
   3.418      0.054638
   3.421      0.054146
   3.424      0.053656
   3.426      0.053167
   3.429      0.052679
   3.432      0.052193
   3.435      0.051708
   3.438      0.051225
   3.441      0.050742
   3.444      0.050261
   3.447      0.049782
   3.450      0.049303
   3.453      0.048826
   3.456      0.048350
   3.459      0.047875
   3.462      0.047402
   3.465      0.046929
   3.468      0.046458
   3.471      0.045989
   3.474      0.045520
   3.477      0.045053
   3.480      0.044587
   3.483      0.044122
   3.486      0.043658
   3.489      0.043195
   3.492      0.042734
   3.495      0.042274
   3.498      0.041815
   3.501      0.041357
   3.504      0.040900
   3.507      0.040445
   3.510      0.039990
   3.513      0.039537
   3.515      0.039085
   3.518      0.038633
   3.521      0.038184
   3.524      0.037735
   3.527      0.037287
   3.530      0.036840
   3.533      0.036395
   3.536      0.035950
   3.539      0.035507
   3.542      0.035064
   3.545      0.034623
   3.548      0.034183
   3.551      0.033744
   3.554      0.033306
   3.557      0.032868
   3.560      0.032432
   3.563      0.031997
   3.566      0.031563
   3.569      0.031130
   3.572      0.030698
   3.575      0.030267
   3.578      0.029837
   3.581      0.029408
   3.584      0.028980
   3.587      0.028553
   3.590      0.028127
   3.593      0.027702
   3.596      0.027278
   3.599      0.026854
   3.602      0.026432
   3.604      0.026011
   3.607      0.025590
   3.610      0.025171
   3.613      0.024752
   3.616      0.024335
   3.619      0.023918
   3.622      0.023502
   3.625      0.023087
   3.628      0.022673
   3.631      0.022260
   3.634      0.021848
   3.637      0.021437
   3.640      0.021026
   3.643      0.020616
   3.646      0.020208
   3.649      0.019800
   3.652      0.019393
   3.655      0.018986
   3.658      0.018581
   3.661      0.018176
   3.664      0.017773
   3.667      0.017370
   3.670      0.016968
   3.673      0.016566
   3.676      0.016166
   3.679      0.015766
   3.682      0.015367
   3.685      0.014969
   3.688      0.014572
   3.691      0.014175
   3.693      0.013780
   3.696      0.013385
   3.699      0.012990
   3.702      0.012597
   3.705      0.012204
   3.708      0.011812
   3.711      0.011421
   3.714      0.011030
   3.717      0.010640
   3.720      0.010251
   3.723      0.009863
   3.726      0.009475
   3.729      0.009088
   3.732      0.008702
   3.735      0.008316
   3.738      0.007932
   3.741      0.007547
   3.744      0.007164
   3.747      0.006781
   3.750      0.006399
   3.753      0.006017
   3.756      0.005637
   3.759      0.005256
   3.762      0.004877
   3.765      0.004498
   3.768      0.004120
   3.771      0.003742
   3.774      0.003365
   3.777      0.002989
   3.780      0.002613
   3.782      0.002238
   3.785      0.001864
   3.788      0.001490
   3.791      0.001116
   3.794      0.000744
   3.797      0.000372
   3.800      0.000000
