   0.000      0.901351
   0.003      0.901351
   0.005      0.901351
   0.008      0.901351
   0.010      0.901351
   0.013      0.901351
   0.015      0.901351
   0.018      0.901351
   0.020      0.901351
   0.023      0.901351
   0.025      0.901351
   0.028      0.901351
   0.030      0.901351
   0.033      0.901351
   0.035      0.901351
   0.038      0.901351
   0.040      0.901351
   0.043      0.901351
   0.045      0.901351
   0.048      0.901351
   0.050      0.901351
   0.053      0.901351
   0.055      0.901351
   0.058      0.901351
   0.060      0.901351
   0.063      0.901351
   0.065      0.901351
   0.068      0.901351
   0.070      0.901351
   0.073      0.901351
   0.075      0.901351
   0.078      0.901351
   0.080      0.901350
   0.083      0.901350
   0.085      0.901350
   0.088      0.901350
   0.090      0.901350
   0.093      0.901350
   0.096      0.901350
   0.098      0.901350
   0.101      0.901350
   0.103      0.901349
   0.106      0.901349
   0.108      0.901349
   0.111      0.901349
   0.113      0.901348
   0.116      0.901348
   0.118      0.901348
   0.121      0.901347
   0.123      0.901347
   0.126      0.901346
   0.128      0.901346
   0.131      0.901345
   0.133      0.901345
   0.136      0.901344
   0.138      0.901343
   0.141      0.901342
   0.143      0.901342
   0.146      0.901341
   0.148      0.901339
   0.151      0.901338
   0.153      0.901337
   0.156      0.901336
   0.158      0.901334
   0.161      0.901333
   0.163      0.901331
   0.166      0.901329
   0.168      0.901327
   0.171      0.901325
   0.173      0.901323
   0.176      0.901321
   0.178      0.901318
   0.181      0.901315
   0.183      0.901313
   0.186      0.901309
   0.189      0.901306
   0.191      0.901303
   0.194      0.901299
   0.196      0.901295
   0.199      0.901291
   0.201      0.901287
   0.204      0.901282
   0.206      0.901277
   0.209      0.901272
   0.211      0.901267
   0.214      0.901261
   0.216      0.901255
   0.219      0.901249
   0.221      0.901243
   0.224      0.901236
   0.226      0.901228
   0.229      0.901221
   0.231      0.901213
   0.234      0.901205
   0.236      0.901196
   0.239      0.901187
   0.241      0.901177
   0.244      0.901167
   0.246      0.901157
   0.249      0.901146
   0.251      0.901135
   0.254      0.901123
   0.256      0.901111
   0.259      0.901098
   0.261      0.901085
   0.264      0.901072
   0.266      0.901057
   0.269      0.901043
   0.271      0.901027
   0.274      0.901012
   0.276      0.900995
   0.279      0.900978
   0.282      0.900960
   0.284      0.900942
   0.287      0.900923
   0.289      0.900904
   0.292      0.900884
   0.294      0.900863
   0.297      0.900841
   0.299      0.900819
   0.302      0.900796
   0.304      0.900773
   0.307      0.900749
   0.309      0.900723
   0.312      0.900698
   0.314      0.900671
   0.317      0.900644
   0.319      0.900616
   0.322      0.900587
   0.324      0.900557
   0.327      0.900526
   0.329      0.900495
   0.332      0.900462
   0.334      0.900429
   0.337      0.900395
   0.339      0.900360
   0.342      0.900324
   0.344      0.900288
   0.347      0.900250
   0.349      0.900211
   0.352      0.900172
   0.354      0.900131
   0.357      0.900089
   0.359      0.900047
   0.362      0.900003
   0.364      0.899959
   0.367      0.899913
   0.369      0.899866
   0.372      0.899818
   0.375      0.899769
   0.377      0.899719
   0.380      0.899668
   0.382      0.899616
   0.385      0.899563
   0.387      0.899508
   0.390      0.899453
   0.392      0.899396
   0.395      0.899338
   0.397      0.899279
   0.400      0.899218
   0.402      0.899156
   0.405      0.899094
   0.407      0.899029
   0.410      0.898964
   0.412      0.898897
   0.415      0.898829
   0.417      0.898760
   0.420      0.898689
   0.422      0.898617
   0.425      0.898544
   0.427      0.898469
   0.430      0.898393
   0.432      0.898315
   0.435      0.898237
   0.437      0.898156
   0.440      0.898074
   0.442      0.897991
   0.445      0.897906
   0.447      0.897820
   0.450      0.897733
   0.452      0.897643
   0.455      0.897553
   0.457      0.897460
   0.460      0.897367
   0.463      0.897271
   0.465      0.897174
   0.468      0.897076
   0.470      0.896976
   0.473      0.896874
   0.475      0.896770
   0.478      0.896665
   0.480      0.896559
   0.483      0.896450
   0.485      0.896340
   0.488      0.896228
   0.490      0.896115
   0.493      0.896000
   0.495      0.895883
   0.498      0.895764
   0.500      0.895643
   0.503      0.895521
   0.505      0.895397
   0.508      0.895271
   0.510      0.895143
   0.513      0.895014
   0.515      0.894882
   0.518      0.894749
   0.520      0.894614
   0.523      0.894477
   0.525      0.894338
   0.528      0.894197
   0.530      0.894054
   0.533      0.893909
   0.535      0.893762
   0.538      0.893613
   0.540      0.893463
   0.543      0.893310
   0.545      0.893155
   0.548      0.892998
   0.550      0.892839
   0.553      0.892678
   0.556      0.892515
   0.558      0.892350
   0.561      0.892183
   0.563      0.892014
   0.566      0.891843
   0.568      0.891669
   0.571      0.891494
   0.573      0.891316
   0.576      0.891136
   0.578      0.890954
   0.581      0.890769
   0.583      0.890583
   0.586      0.890394
   0.588      0.890203
   0.591      0.890010
   0.593      0.889814
   0.596      0.889616
   0.598      0.889416
   0.601      0.889214
   0.603      0.889009
   0.606      0.888802
   0.608      0.888593
   0.611      0.888382
   0.613      0.888168
   0.616      0.887951
   0.618      0.887733
   0.621      0.887511
   0.623      0.887288
   0.626      0.887062
   0.628      0.886834
   0.631      0.886603
   0.633      0.886370
   0.636      0.886134
   0.638      0.885896
   0.641      0.885656
   0.643      0.885413
   0.646      0.885167
   0.649      0.884919
   0.651      0.884669
   0.654      0.884416
   0.656      0.884160
   0.659      0.883902
   0.661      0.883641
   0.664      0.883378
   0.666      0.883112
   0.669      0.882844
   0.671      0.882573
   0.674      0.882299
   0.676      0.882023
   0.679      0.881744
   0.681      0.881463
   0.684      0.881179
   0.686      0.880892
   0.689      0.880603
   0.691      0.880311
   0.694      0.880016
   0.696      0.879719
   0.699      0.879418
   0.701      0.879116
   0.704      0.878810
   0.706      0.878502
   0.709      0.878191
   0.711      0.877877
   0.714      0.877561
   0.716      0.877242
   0.719      0.876920
   0.721      0.876595
   0.724      0.876268
   0.726      0.875938
   0.729      0.875605
   0.731      0.875269
   0.734      0.874931
   0.736      0.874589
   0.739      0.874245
   0.742      0.873898
   0.744      0.873548
   0.747      0.873196
   0.749      0.872840
   0.752      0.872482
   0.754      0.872121
   0.757      0.871757
   0.759      0.871390
   0.762      0.871020
   0.764      0.870648
   0.767      0.870272
   0.769      0.869894
   0.772      0.869513
   0.774      0.869129
   0.777      0.868742
   0.779      0.868352
   0.782      0.867959
   0.784      0.867563
   0.787      0.867164
   0.789      0.866763
   0.792      0.866358
   0.794      0.865951
   0.797      0.865541
   0.799      0.865127
   0.802      0.864711
   0.804      0.864292
   0.807      0.863870
   0.809      0.863445
   0.812      0.863017
   0.814      0.862586
   0.817      0.862152
   0.819      0.861715
   0.822      0.861275
   0.824      0.860833
   0.827      0.860387
   0.829      0.859938
   0.832      0.859487
   0.835      0.859032
   0.837      0.858574
   0.840      0.858114
   0.842      0.857650
   0.845      0.857184
   0.847      0.856714
   0.850      0.856242
   0.852      0.855766
   0.855      0.855288
   0.857      0.854806
   0.860      0.854322
   0.862      0.853835
   0.865      0.853344
   0.867      0.852851
   0.870      0.852354
   0.872      0.851855
   0.875      0.851353
   0.877      0.850848
   0.880      0.850339
   0.882      0.849828
   0.885      0.849314
   0.887      0.848797
   0.890      0.848277
   0.892      0.847753
   0.895      0.847227
   0.897      0.846698
   0.900      0.846166
   0.902      0.845631
   0.905      0.845093
   0.907      0.844552
   0.910      0.844008
   0.912      0.843462
   0.915      0.842912
   0.917      0.842359
   0.920      0.841803
   0.922      0.841245
   0.925      0.840683
   0.928      0.840119
   0.930      0.839551
   0.933      0.838981
   0.935      0.838408
   0.938      0.837831
   0.940      0.837252
   0.943      0.836670
   0.945      0.836085
   0.948      0.835497
   0.950      0.834907
   0.953      0.834313
   0.955      0.833716
   0.958      0.833117
   0.960      0.832515
   0.963      0.831910
   0.965      0.831302
   0.968      0.830691
   0.970      0.830077
   0.973      0.829460
   0.975      0.828841
   0.978      0.828219
   0.980      0.827594
   0.983      0.826966
   0.985      0.826335
   0.988      0.825701
   0.990      0.825065
   0.993      0.824426
   0.995      0.823784
   0.998      0.823139
   1.000      0.822492
   1.003      0.821842
   1.005      0.821189
   1.008      0.820533
   1.010      0.819874
   1.013      0.819213
   1.015      0.818549
   1.018      0.817883
   1.021      0.817213
   1.023      0.816541
   1.026      0.815866
   1.028      0.815189
   1.031      0.814509
   1.033      0.813826
   1.036      0.813141
   1.038      0.812453
   1.041      0.811762
   1.043      0.811069
   1.046      0.810373
   1.048      0.809675
   1.051      0.808974
   1.053      0.808270
   1.056      0.807564
   1.058      0.806855
   1.061      0.806144
   1.063      0.805430
   1.066      0.804714
   1.068      0.803995
   1.071      0.803273
   1.073      0.802549
   1.076      0.801823
   1.078      0.801094
   1.081      0.800363
   1.083      0.799629
   1.086      0.798893
   1.088      0.798155
   1.091      0.797414
   1.093      0.796671
   1.096      0.795925
   1.098      0.795177
   1.101      0.794426
   1.103      0.793674
   1.106      0.792919
   1.108      0.792161
   1.111      0.791402
   1.114      0.790640
   1.116      0.789875
   1.119      0.789109
   1.121      0.788340
   1.124      0.787569
   1.126      0.786796
   1.129      0.786021
   1.131      0.785243
   1.134      0.784463
   1.136      0.783682
   1.139      0.782898
   1.141      0.782111
   1.144      0.781323
   1.146      0.780533
   1.149      0.779740
   1.151      0.778946
   1.154      0.778149
   1.156      0.777351
   1.159      0.776550
   1.161      0.775747
   1.164      0.774943
   1.166      0.774136
   1.169      0.773327
   1.171      0.772517
   1.174      0.771704
   1.176      0.770890
   1.179      0.770074
   1.181      0.769256
   1.184      0.768436
   1.186      0.767614
   1.189      0.766790
   1.191      0.765965
   1.194      0.765137
   1.196      0.764308
   1.199      0.763477
   1.201      0.762645
   1.204      0.761811
   1.207      0.760975
   1.209      0.760137
   1.212      0.759297
   1.214      0.758456
   1.217      0.757614
   1.219      0.756769
   1.222      0.755923
   1.224      0.755076
   1.227      0.754227
   1.229      0.753376
   1.232      0.752524
   1.234      0.751670
   1.237      0.750815
   1.239      0.749958
   1.242      0.749100
   1.244      0.748240
   1.247      0.747379
   1.249      0.746517
   1.252      0.745653
   1.254      0.744788
   1.257      0.743921
   1.259      0.743053
   1.262      0.742184
   1.264      0.741313
   1.267      0.740442
   1.269      0.739568
   1.272      0.738694
   1.274      0.737818
   1.277      0.736942
   1.279      0.736064
   1.282      0.735184
   1.284      0.734304
   1.287      0.733423
   1.289      0.732540
   1.292      0.731656
   1.294      0.730772
   1.297      0.729886
   1.300      0.728999
   1.302      0.728111
   1.305      0.727222
   1.307      0.726332
   1.310      0.725442
   1.312      0.724550
   1.315      0.723657
   1.317      0.722763
   1.320      0.721869
   1.322      0.720974
   1.325      0.720077
   1.327      0.719180
   1.330      0.718282
   1.332      0.717384
   1.335      0.716484
   1.337      0.715584
   1.340      0.714683
   1.342      0.713782
   1.345      0.712879
   1.347      0.711976
   1.350      0.711072
   1.352      0.710168
   1.355      0.709263
   1.357      0.708358
   1.360      0.707452
   1.362      0.706545
   1.365      0.705638
   1.367      0.704730
   1.370      0.703822
   1.372      0.702913
   1.375      0.702004
   1.377      0.701094
   1.380      0.700184
   1.382      0.699273
   1.385      0.698362
   1.388      0.697451
   1.390      0.696540
   1.393      0.695628
   1.395      0.694715
   1.398      0.693803
   1.400      0.692890
   1.403      0.691977
   1.405      0.691063
   1.408      0.690150
   1.410      0.689236
   1.413      0.688322
   1.415      0.687408
   1.418      0.686494
   1.420      0.685579
   1.423      0.684665
   1.425      0.683750
   1.428      0.682836
   1.430      0.681921
   1.433      0.681006
   1.435      0.680091
   1.438      0.679177
   1.440      0.678262
   1.443      0.677347
   1.445      0.676433
   1.448      0.675518
   1.450      0.674604
   1.453      0.673689
   1.455      0.672775
   1.458      0.671861
   1.460      0.670947
   1.463      0.670033
   1.465      0.669120
   1.468      0.668206
   1.470      0.667293
   1.473      0.666380
   1.475      0.665468
   1.478      0.664556
   1.481      0.663644
   1.483      0.662732
   1.486      0.661821
   1.488      0.660910
   1.491      0.659999
   1.493      0.659089
   1.496      0.658179
   1.498      0.657270
   1.501      0.656361
   1.503      0.655453
   1.506      0.654545
   1.508      0.653637
   1.511      0.652730
   1.513      0.651824
   1.516      0.650918
   1.518      0.650013
   1.521      0.649108
   1.523      0.648204
   1.526      0.647300
   1.528      0.646397
   1.531      0.645495
   1.533      0.644593
   1.536      0.643693
   1.538      0.642792
   1.541      0.641893
   1.543      0.640994
   1.546      0.640096
   1.548      0.639198
   1.551      0.638302
   1.553      0.637406
   1.556      0.636511
   1.558      0.635617
   1.561      0.634723
   1.563      0.633831
   1.566      0.632939
   1.568      0.632048
   1.571      0.631158
   1.574      0.630269
   1.576      0.629381
   1.579      0.628494
   1.581      0.627608
   1.584      0.626722
   1.586      0.625838
   1.589      0.624955
   1.591      0.624072
   1.594      0.623191
   1.596      0.622310
   1.599      0.621431
   1.601      0.620553
   1.604      0.619676
   1.606      0.618799
   1.609      0.617924
   1.611      0.617050
   1.614      0.616177
   1.616      0.615306
   1.619      0.614435
   1.621      0.613566
   1.624      0.612697
   1.626      0.611830
   1.629      0.610964
   1.631      0.610100
   1.634      0.609236
   1.636      0.608374
   1.639      0.607513
   1.641      0.606653
   1.644      0.605794
   1.646      0.604937
   1.649      0.604081
   1.651      0.603226
   1.654      0.602372
   1.656      0.601520
   1.659      0.600669
   1.661      0.599820
   1.664      0.598972
   1.667      0.598125
   1.669      0.597279
   1.672      0.596435
   1.674      0.595592
   1.677      0.594751
   1.679      0.593911
   1.682      0.593072
   1.684      0.592235
   1.687      0.591399
   1.689      0.590565
   1.692      0.589732
   1.694      0.588901
   1.697      0.588071
   1.699      0.587242
   1.702      0.586415
   1.704      0.585590
   1.707      0.584766
   1.709      0.583943
   1.712      0.583122
   1.714      0.582303
   1.717      0.581485
   1.719      0.580668
   1.722      0.579853
   1.724      0.579040
   1.727      0.578228
   1.729      0.577418
   1.732      0.576609
   1.734      0.575802
   1.737      0.574996
   1.739      0.574192
   1.742      0.573390
   1.744      0.572589
   1.747      0.571790
   1.749      0.570992
   1.752      0.570196
   1.754      0.569402
   1.757      0.568609
   1.760      0.567818
   1.762      0.567028
   1.765      0.566241
   1.767      0.565454
   1.770      0.564670
   1.772      0.563887
   1.775      0.563106
   1.777      0.562326
   1.780      0.561548
   1.782      0.560772
   1.785      0.559997
   1.787      0.559224
   1.790      0.558453
   1.792      0.557684
   1.795      0.556916
   1.797      0.556150
   1.800      0.555385
   1.802      0.554623
   1.805      0.553862
   1.807      0.553102
   1.810      0.552345
   1.812      0.551589
   1.815      0.550835
   1.817      0.550082
   1.820      0.549331
   1.822      0.548582
   1.825      0.547835
   1.827      0.547089
   1.830      0.546346
   1.832      0.545603
   1.835      0.544863
   1.837      0.544124
   1.840      0.543387
   1.842      0.542652
   1.845      0.541919
   1.847      0.541187
   1.850      0.540457
   1.853      0.539729
   1.855      0.539002
   1.858      0.538278
   1.860      0.537554
   1.863      0.536833
   1.865      0.536114
   1.868      0.535396
   1.870      0.534680
   1.873      0.533965
   1.875      0.533253
   1.878      0.532542
   1.880      0.531833
   1.883      0.531125
   1.885      0.530420
   1.888      0.529716
   1.890      0.529013
   1.893      0.528313
   1.895      0.527614
   1.898      0.526917
   1.900      0.526222
   1.903      0.525528
   1.905      0.524836
   1.908      0.524146
   1.910      0.523458
   1.913      0.522771
   1.915      0.522086
   1.918      0.521403
   1.920      0.520721
   1.923      0.520042
   1.925      0.519363
   1.928      0.518687
   1.930      0.518012
   1.933      0.517339
   1.935      0.516668
   1.938      0.515998
   1.940      0.515330
   1.943      0.514664
   1.946      0.513999
   1.948      0.513337
   1.951      0.512675
   1.953      0.512016
   1.956      0.511358
   1.958      0.510702
   1.961      0.510047
   1.963      0.509394
   1.966      0.508743
   1.968      0.508093
   1.971      0.507445
   1.973      0.506799
   1.976      0.506154
   1.978      0.505511
   1.981      0.504869
   1.983      0.504230
   1.986      0.503591
   1.988      0.502955
   1.991      0.502320
   1.993      0.501686
   1.996      0.501054
   1.998      0.500424
   2.001      0.499796
   2.003      0.499168
   2.006      0.498543
   2.008      0.497919
   2.011      0.497297
