   0.000      0.007321
   0.003      0.084018
   0.005      0.160714
   0.008      0.240000
   0.010      0.319598
   0.013      0.399238
   0.015      0.478845
   0.018      0.558383
   0.020      0.637827
   0.023      0.717158
   0.025      0.796360
   0.028      0.875415
   0.030      0.954308
   0.033      1.033023
   0.035      1.111544
   0.038      1.189855
   0.041      1.267942
   0.043      1.345787
   0.046      1.423375
   0.048      1.500690
   0.051      1.577716
   0.053      1.654437
   0.056      1.730836
   0.058      1.806898
   0.061      1.882604
   0.063      1.957940
   0.066      2.032887
   0.068      2.107430
   0.071      2.181551
   0.073      2.255233
   0.076      2.328459
   0.079      2.401212
   0.081      2.473474
   0.084      2.545228
   0.086      2.616456
   0.089      2.687141
   0.091      2.757265
   0.094      2.826811
   0.096      2.895760
   0.099      2.964096
   0.101      3.031799
   0.104      3.098853
   0.106      3.165239
   0.109      3.230941
   0.111      3.295939
   0.114      3.360217
   0.117      3.423757
   0.119      3.486542
   0.122      3.548554
   0.124      3.609776
   0.127      3.670192
   0.129      3.729783
   0.132      3.788535
   0.134      3.846429
   0.137      3.903451
   0.139      3.959583
   0.142      4.014812
   0.144      4.069121
   0.147      4.122496
   0.149      4.174921
   0.152      4.226384
   0.155      4.276870
   0.157      4.326366
   0.160      4.374860
   0.162      4.422339
   0.165      4.468791
   0.167      4.514206
   0.170      4.558574
   0.172      4.601884
   0.175      4.644127
   0.177      4.685295
   0.180      4.725379
   0.182      4.764374
   0.185      4.802272
   0.187      4.839069
   0.190      4.874758
   0.193      4.909338
   0.195      4.942803
   0.198      4.975153
   0.200      5.006386
   0.203      5.036502
   0.205      5.065500
   0.208      5.093383
   0.210      5.120153
   0.213      5.145813
   0.215      5.170367
   0.218      5.193820
   0.220      5.216179
   0.223      5.237451
   0.225      5.257642
   0.228      5.276764
   0.231      5.294824
   0.233      5.311835
   0.236      5.327807
   0.238      5.342753
   0.241      5.356687
   0.243      5.369623
   0.246      5.381576
   0.248      5.392562
   0.251      5.402598
   0.253      5.411700
   0.256      5.419888
   0.258      5.427181
   0.261      5.433596
   0.263      5.439156
   0.266      5.443880
   0.269      5.447789
   0.271      5.450905
   0.274      5.453250
   0.276      5.454847
   0.279      5.455718
   0.281      5.455887
   0.284      5.455376
   0.286      5.454210
   0.289      5.452411
   0.291      5.450003
   0.294      5.447010
   0.296      5.443456
   0.299      5.439363
   0.301      5.434756
   0.304      5.429658
   0.307      5.424091
   0.309      5.418079
   0.312      5.411643
   0.314      5.404805
   0.317      5.397587
   0.319      5.390010
   0.322      5.382094
   0.324      5.373859
   0.327      5.365325
   0.329      5.356510
   0.332      5.347431
   0.334      5.338108
   0.337      5.328555
   0.339      5.318790
   0.342      5.308826
   0.345      5.298678
   0.347      5.288361
   0.350      5.277885
   0.352      5.267265
   0.355      5.256510
   0.357      5.245630
   0.360      5.234637
   0.362      5.223537
   0.365      5.212339
   0.367      5.201050
   0.370      5.189677
   0.372      5.178225
   0.375      5.166700
   0.377      5.155104
   0.380      5.143442
   0.383      5.131717
   0.385      5.119931
   0.388      5.108086
   0.390      5.096182
   0.393      5.084221
   0.395      5.072203
   0.398      5.060127
   0.400      5.047992
   0.403      5.035798
   0.405      5.023542
   0.408      5.011224
   0.410      4.998841
   0.413      4.986391
   0.415      4.973872
   0.418      4.961280
   0.421      4.948614
   0.423      4.935870
   0.426      4.923045
   0.428      4.910136
   0.431      4.897141
   0.433      4.884057
   0.436      4.870880
   0.438      4.857609
   0.441      4.844239
   0.443      4.830769
   0.446      4.817196
   0.448      4.803518
   0.451      4.789733
   0.453      4.775838
   0.456      4.761831
   0.459      4.747712
   0.461      4.733479
   0.464      4.719130
   0.466      4.704664
   0.469      4.690081
   0.471      4.675380
   0.474      4.660560
   0.476      4.645622
   0.479      4.630564
   0.481      4.615388
   0.484      4.600094
   0.486      4.584682
   0.489      4.569152
   0.491      4.553507
   0.494      4.537746
   0.497      4.521871
   0.499      4.505883
   0.502      4.489783
   0.504      4.473574
   0.507      4.457257
   0.509      4.440832
   0.512      4.424303
   0.514      4.407671
   0.517      4.390939
   0.519      4.374107
   0.522      4.357178
   0.524      4.340155
   0.527      4.323038
   0.529      4.305832
   0.532      4.288536
   0.535      4.271155
   0.537      4.253690
   0.540      4.236142
   0.542      4.218516
   0.545      4.200811
   0.547      4.183031
   0.550      4.165178
   0.552      4.147253
   0.555      4.129260
   0.557      4.111199
   0.560      4.093073
   0.562      4.074883
   0.565      4.056633
   0.567      4.038323
   0.570      4.019955
   0.573      4.001532
   0.575      3.983054
   0.578      3.964524
   0.580      3.945944
   0.583      3.927315
   0.585      3.908638
   0.588      3.889915
   0.590      3.871149
   0.593      3.852339
   0.595      3.833488
   0.598      3.814597
   0.600      3.795668
   0.603      3.776701
   0.605      3.757699
   0.608      3.738662
   0.611      3.719592
   0.613      3.700490
   0.616      3.681357
   0.618      3.662195
   0.621      3.643004
   0.623      3.623786
   0.626      3.604542
   0.628      3.585273
   0.631      3.565980
   0.633      3.546663
   0.636      3.527326
   0.638      3.507967
   0.641      3.488589
   0.643      3.469191
   0.646      3.449776
   0.649      3.430345
   0.651      3.410897
   0.654      3.391435
   0.656      3.371958
   0.659      3.352469
   0.661      3.332967
   0.664      3.313455
   0.666      3.293931
   0.669      3.274399
   0.671      3.254858
   0.674      3.235309
   0.676      3.215754
   0.679      3.196192
   0.681      3.176625
   0.684      3.157054
   0.687      3.137480
   0.689      3.117903
   0.692      3.098324
   0.694      3.078744
   0.697      3.059163
   0.699      3.039583
   0.702      3.020005
   0.704      3.000428
   0.707      2.980855
   0.709      2.961284
   0.712      2.941719
   0.714      2.922158
   0.717      2.902603
   0.719      2.883055
   0.722      2.863514
   0.725      2.843981
   0.727      2.824456
   0.730      2.804942
   0.732      2.785437
   0.735      2.765943
   0.737      2.746461
   0.740      2.726991
   0.742      2.707533
   0.745      2.688090
   0.747      2.668660
   0.750      2.649246
   0.752      2.629847
   0.755      2.610464
   0.757      2.591098
   0.760      2.571750
   0.763      2.552420
   0.765      2.533109
   0.768      2.513817
   0.770      2.494545
   0.773      2.475293
   0.775      2.456064
   0.778      2.436856
   0.780      2.417670
   0.783      2.398508
   0.785      2.379369
   0.788      2.360254
   0.790      2.341165
   0.793      2.322101
   0.795      2.303063
   0.798      2.284051
   0.801      2.265067
   0.803      2.246110
   0.806      2.227182
   0.808      2.208282
   0.811      2.189412
   0.813      2.170572
   0.816      2.151762
   0.818      2.132984
   0.821      2.114237
   0.823      2.095521
   0.826      2.076839
   0.828      2.058190
   0.831      2.039574
   0.833      2.020992
   0.836      2.002445
   0.839      1.983934
   0.841      1.965457
   0.844      1.947017
   0.846      1.928614
   0.849      1.910248
   0.851      1.891919
   0.854      1.873628
   0.856      1.855376
   0.859      1.837163
   0.861      1.818989
   0.864      1.800856
   0.866      1.782762
   0.869      1.764710
   0.871      1.746698
   0.874      1.728729
   0.877      1.710802
   0.879      1.692917
   0.882      1.675075
   0.884      1.657277
   0.887      1.639522
   0.889      1.621812
   0.892      1.604147
   0.894      1.586526
   0.897      1.568952
   0.899      1.551423
   0.902      1.533940
   0.904      1.516504
   0.907      1.499116
   0.909      1.481774
   0.912      1.464481
   0.915      1.447236
   0.917      1.430039
   0.920      1.412892
   0.922      1.395794
   0.925      1.378746
   0.927      1.361747
   0.930      1.344799
   0.932      1.327902
   0.935      1.311056
   0.937      1.294262
   0.940      1.277519
   0.942      1.260829
   0.945      1.244191
   0.947      1.227606
   0.950      1.211074
   0.953      1.194595
   0.955      1.178171
   0.958      1.161800
   0.960      1.145484
   0.963      1.129222
   0.965      1.113016
   0.968      1.096864
   0.970      1.080769
   0.973      1.064729
   0.975      1.048745
   0.978      1.032818
   0.980      1.016947
   0.983      1.001134
   0.985      0.985378
   0.988      0.969679
   0.991      0.954038
   0.993      0.938455
   0.996      0.922930
   0.998      0.907464
   1.001      0.892057
   1.003      0.876708
   1.006      0.861419
   1.008      0.846190
   1.011      0.831020
   1.013      0.815910
   1.016      0.800861
   1.018      0.785871
   1.021      0.770943
   1.023      0.756075
   1.026      0.741268
   1.029      0.726523
   1.031      0.711838
   1.034      0.697216
   1.036      0.682655
   1.039      0.668157
   1.041      0.653720
   1.044      0.639346
   1.046      0.625035
   1.049      0.610786
   1.051      0.596600
   1.054      0.582477
   1.056      0.568417
   1.059      0.554421
   1.061      0.540488
   1.064      0.526619
   1.067      0.512814
   1.069      0.499073
   1.072      0.485396
   1.074      0.471783
   1.077      0.458235
   1.079      0.444751
   1.082      0.431331
   1.084      0.417977
   1.087      0.404687
   1.089      0.391462
   1.092      0.378303
   1.094      0.365209
   1.097      0.352180
   1.099      0.339216
   1.102      0.326318
   1.105      0.313485
   1.107      0.300719
   1.110      0.288018
   1.112      0.275382
   1.115      0.262813
   1.117      0.250310
   1.120      0.237873
   1.122      0.225502
   1.125      0.213197
   1.127      0.200959
   1.130      0.188787
   1.132      0.176681
   1.135      0.164642
   1.137      0.152670
   1.140      0.140763
   1.143      0.128924
   1.145      0.117151
   1.148      0.105445
   1.150      0.093805
   1.153      0.082232
   1.155      0.070726
   1.158      0.059287
   1.160      0.047915
   1.163      0.036609
   1.165      0.025370
   1.168      0.014198
   1.170      0.003093
   1.173     -0.007945
   1.175     -0.018917
   1.178     -0.029822
   1.181     -0.040660
   1.183     -0.051431
   1.186     -0.062135
   1.188     -0.072772
   1.191     -0.083343
   1.193     -0.093847
   1.196     -0.104284
   1.198     -0.114655
   1.201     -0.124958
   1.203     -0.135196
   1.206     -0.145366
   1.208     -0.155470
   1.211     -0.165508
   1.213     -0.175479
   1.216     -0.185383
   1.219     -0.195222
   1.221     -0.204994
   1.224     -0.214699
   1.226     -0.224339
   1.229     -0.233912
   1.231     -0.243420
   1.234     -0.252861
   1.236     -0.262236
   1.239     -0.271546
   1.241     -0.280790
   1.244     -0.289968
   1.246     -0.299080
   1.249     -0.308127
   1.251     -0.317109
   1.254     -0.326025
   1.257     -0.334876
   1.259     -0.343661
   1.262     -0.352382
   1.264     -0.361037
   1.267     -0.369628
   1.269     -0.378154
   1.272     -0.386615
   1.274     -0.395012
   1.277     -0.403345
   1.279     -0.411613
   1.282     -0.419816
   1.284     -0.427956
   1.287     -0.436032
   1.289     -0.444044
   1.292     -0.451992
   1.295     -0.459876
   1.297     -0.467697
   1.300     -0.475455
   1.302     -0.483150
   1.305     -0.490781
   1.307     -0.498350
   1.310     -0.505856
   1.312     -0.513299
   1.315     -0.520680
   1.317     -0.527998
   1.320     -0.535254
   1.322     -0.542448
   1.325     -0.549581
   1.327     -0.556651
   1.330     -0.563660
   1.333     -0.570607
   1.335     -0.577494
   1.338     -0.584319
   1.340     -0.591083
   1.343     -0.597787
   1.345     -0.604429
   1.348     -0.611012
   1.350     -0.617534
   1.353     -0.623996
   1.355     -0.630399
   1.358     -0.636741
   1.360     -0.643024
   1.363     -0.649248
   1.365     -0.655412
   1.368     -0.661517
   1.371     -0.667564
   1.373     -0.673552
   1.376     -0.679482
   1.378     -0.685353
   1.381     -0.691166
   1.383     -0.696921
   1.386     -0.702619
   1.388     -0.708259
   1.391     -0.713842
   1.393     -0.719368
   1.396     -0.724837
   1.398     -0.730249
   1.401     -0.735605
   1.403     -0.740905
   1.406     -0.746148
   1.409     -0.751336
   1.411     -0.756468
   1.414     -0.761545
   1.416     -0.766566
   1.419     -0.771532
   1.421     -0.776444
   1.424     -0.781301
   1.426     -0.786103
   1.429     -0.790851
   1.431     -0.795546
   1.434     -0.800187
   1.436     -0.804774
   1.439     -0.809308
   1.441     -0.813788
   1.444     -0.818216
   1.447     -0.822592
   1.449     -0.826915
   1.452     -0.831185
   1.454     -0.835404
   1.457     -0.839571
   1.459     -0.843687
   1.462     -0.847751
   1.464     -0.851764
   1.467     -0.855727
   1.469     -0.859638
   1.472     -0.863500
   1.474     -0.867311
   1.477     -0.871073
   1.479     -0.874785
   1.482     -0.878447
   1.485     -0.882060
   1.487     -0.885625
   1.490     -0.889140
   1.492     -0.892607
   1.495     -0.896026
   1.497     -0.899397
   1.500     -0.902720
   1.502     -0.905995
   1.505     -0.909223
   1.507     -0.912405
   1.510     -0.915539
   1.512     -0.918627
   1.515     -0.921668
   1.517     -0.924663
   1.520     -0.927613
   1.523     -0.930517
   1.525     -0.933375
   1.528     -0.936189
   1.530     -0.938957
   1.533     -0.941681
   1.535     -0.944360
   1.538     -0.946996
   1.540     -0.949587
   1.543     -0.952135
   1.545     -0.954639
   1.548     -0.957100
   1.550     -0.959518
   1.553     -0.961893
   1.555     -0.964226
   1.558     -0.966517
   1.561     -0.968766
   1.563     -0.970973
   1.566     -0.973138
   1.568     -0.975263
   1.571     -0.977346
   1.573     -0.979389
   1.576     -0.981391
   1.578     -0.983353
   1.581     -0.985275
   1.583     -0.987157
   1.586     -0.988999
   1.588     -0.990803
   1.591     -0.992567
   1.593     -0.994292
   1.596     -0.995979
   1.599     -0.997628
   1.601     -0.999238
   1.604     -1.000811
   1.606     -1.002346
   1.609     -1.003844
   1.611     -1.005305
   1.614     -1.006729
   1.616     -1.008116
   1.619     -1.009467
   1.621     -1.010782
   1.624     -1.012061
   1.626     -1.013305
   1.629     -1.014513
   1.631     -1.015685
   1.634     -1.016823
   1.637     -1.017927
   1.639     -1.018995
   1.642     -1.020030
   1.644     -1.021031
   1.647     -1.021998
   1.649     -1.022931
   1.652     -1.023831
   1.654     -1.024699
   1.657     -1.025533
   1.659     -1.026335
   1.662     -1.027105
   1.664     -1.027842
   1.667     -1.028548
   1.669     -1.029222
   1.672     -1.029865
   1.675     -1.030477
   1.677     -1.031058
   1.680     -1.031608
   1.682     -1.032128
   1.685     -1.032617
   1.687     -1.033077
   1.690     -1.033507
   1.692     -1.033907
   1.695     -1.034278
   1.697     -1.034620
   1.700     -1.034934
   1.702     -1.035218
   1.705     -1.035475
   1.707     -1.035703
   1.710     -1.035903
   1.713     -1.036076
   1.715     -1.036221
   1.718     -1.036339
   1.720     -1.036429
   1.723     -1.036494
   1.725     -1.036531
   1.728     -1.036542
   1.730     -1.036527
   1.733     -1.036486
   1.735     -1.036420
   1.738     -1.036328
   1.740     -1.036210
   1.743     -1.036068
   1.745     -1.035901
   1.748     -1.035709
   1.751     -1.035493
   1.753     -1.035253
   1.756     -1.034988
   1.758     -1.034700
   1.761     -1.034388
   1.763     -1.034053
   1.766     -1.033695
   1.768     -1.033314
   1.771     -1.032911
   1.773     -1.032484
   1.776     -1.032036
   1.778     -1.031565
   1.781     -1.031072
   1.783     -1.030558
   1.786     -1.030022
   1.789     -1.029465
   1.791     -1.028887
   1.794     -1.028288
   1.796     -1.027669
   1.799     -1.027029
   1.801     -1.026368
   1.804     -1.025688
   1.806     -1.024987
   1.809     -1.024267
   1.811     -1.023527
   1.814     -1.022768
   1.816     -1.021990
   1.819     -1.021193
   1.821     -1.020378
   1.824     -1.019543
   1.827     -1.018691
   1.829     -1.017820
   1.832     -1.016931
   1.834     -1.016025
   1.837     -1.015100
   1.839     -1.014159
   1.842     -1.013200
   1.844     -1.012224
   1.847     -1.011231
   1.849     -1.010222
   1.852     -1.009196
   1.854     -1.008153
   1.857     -1.007095
   1.859     -1.006020
   1.862     -1.004930
   1.865     -1.003824
   1.867     -1.002702
   1.870     -1.001565
   1.872     -1.000414
   1.875     -0.999247
   1.877     -0.998065
   1.880     -0.996869
   1.882     -0.995658
   1.885     -0.994433
   1.887     -0.993194
   1.890     -0.991941
   1.892     -0.990675
   1.895     -0.989394
   1.897     -0.988100
   1.900     -0.986793
   1.903     -0.985473
   1.905     -0.984140
   1.908     -0.982794
   1.910     -0.981435
   1.913     -0.980064
   1.915     -0.978681
   1.918     -0.977285
   1.920     -0.975877
   1.923     -0.974458
   1.925     -0.973026
   1.928     -0.971583
   1.930     -0.970129
   1.933     -0.968664
   1.935     -0.967187
   1.938     -0.965699
   1.941     -0.964201
   1.943     -0.962691
   1.946     -0.961172
   1.948     -0.959642
   1.951     -0.958101
   1.953     -0.956551
   1.956     -0.954990
   1.958     -0.953420
   1.961     -0.951840
   1.963     -0.950250
   1.966     -0.948651
   1.968     -0.947043
   1.971     -0.945426
   1.973     -0.943799
   1.976     -0.942164
   1.979     -0.940520
   1.981     -0.938867
   1.984     -0.937206
   1.986     -0.935536
   1.989     -0.933859
   1.991     -0.932173
   1.994     -0.930479
   1.996     -0.928777
   1.999     -0.927068
   2.001     -0.925351
   2.004     -0.923627
   2.006     -0.921895
   2.009     -0.920156
   2.011     -0.918410
   2.014     -0.916656
   2.017     -0.914896
   2.019     -0.913130
   2.022     -0.911356
   2.024     -0.909576
   2.027     -0.907790
   2.029     -0.905997
   2.032     -0.904198
   2.034     -0.902394
   2.037     -0.900583
   2.039     -0.898766
   2.042     -0.896944
   2.044     -0.895116
   2.047     -0.893282
   2.049     -0.891443
   2.052     -0.889599
   2.055     -0.887749
   2.057     -0.885895
   2.060     -0.884035
   2.062     -0.882171
   2.065     -0.880301
   2.067     -0.878427
   2.070     -0.876549
   2.072     -0.874666
   2.075     -0.872778
   2.077     -0.870887
   2.080     -0.868991
   2.082     -0.867091
   2.085     -0.865187
   2.087     -0.863279
   2.090     -0.861367
   2.093     -0.859452
   2.095     -0.857533
   2.098     -0.855610
   2.100     -0.853684
   2.103     -0.851755
   2.105     -0.849822
   2.108     -0.847886
   2.110     -0.845947
   2.113     -0.844005
   2.115     -0.842061
   2.118     -0.840113
   2.120     -0.838162
   2.123     -0.836209
   2.125     -0.834254
   2.128     -0.832295
   2.131     -0.830335
   2.133     -0.828372
   2.136     -0.826406
   2.138     -0.824439
   2.141     -0.822470
   2.143     -0.820498
   2.146     -0.818524
   2.148     -0.816549
   2.151     -0.814572
   2.153     -0.812593
   2.156     -0.810612
   2.158     -0.808630
   2.161     -0.806647
   2.163     -0.804661
   2.166     -0.802675
   2.169     -0.800687
   2.171     -0.798698
   2.174     -0.796708
   2.176     -0.794717
   2.179     -0.792725
   2.181     -0.790731
   2.184     -0.788737
   2.186     -0.786742
   2.189     -0.784747
   2.191     -0.782750
   2.194     -0.780753
   2.196     -0.778756
   2.199     -0.776757
   2.201     -0.774759
   2.204     -0.772760
   2.207     -0.770761
   2.209     -0.768761
   2.212     -0.766761
   2.214     -0.764761
   2.217     -0.762761
   2.219     -0.760761
   2.222     -0.758761
   2.224     -0.756761
   2.227     -0.754762
   2.229     -0.752762
   2.232     -0.750762
   2.234     -0.748763
   2.237     -0.746765
   2.239     -0.744766
   2.242     -0.742768
   2.245     -0.740771
   2.247     -0.738774
   2.250     -0.736778
   2.252     -0.734782
   2.255     -0.732787
   2.257     -0.730793
   2.260     -0.728799
   2.262     -0.726807
   2.265     -0.724815
   2.267     -0.722824
   2.270     -0.720834
   2.272     -0.718846
   2.275     -0.716858
   2.277     -0.714871
   2.280     -0.712886
   2.283     -0.710901
   2.285     -0.708918
   2.288     -0.706937
   2.290     -0.704956
   2.293     -0.702977
   2.295     -0.700999
   2.298     -0.699023
   2.300     -0.697048
   2.303     -0.695075
   2.305     -0.693103
   2.308     -0.691133
   2.310     -0.689164
   2.313     -0.687197
   2.315     -0.685232
   2.318     -0.683268
   2.321     -0.681307
   2.323     -0.679347
   2.326     -0.677389
   2.328     -0.675432
   2.331     -0.673478
   2.333     -0.671526
   2.336     -0.669575
   2.338     -0.667627
   2.341     -0.665680
   2.343     -0.663736
   2.346     -0.661794
   2.348     -0.659853
   2.351     -0.657915
   2.353     -0.655979
   2.356     -0.654046
   2.359     -0.652114
   2.361     -0.650185
   2.364     -0.648258
   2.366     -0.646334
   2.369     -0.644411
   2.371     -0.642492
   2.374     -0.640574
   2.376     -0.638659
   2.379     -0.636746
   2.381     -0.634836
   2.384     -0.632928
   2.386     -0.631023
   2.389     -0.629121
   2.391     -0.627221
   2.394     -0.625323
   2.397     -0.623428
   2.399     -0.621536
   2.402     -0.619646
   2.404     -0.617759
   2.407     -0.615875
   2.409     -0.613993
   2.412     -0.612115
   2.414     -0.610238
   2.417     -0.608365
   2.419     -0.606495
   2.422     -0.604627
   2.424     -0.602762
   2.427     -0.600900
   2.429     -0.599041
   2.432     -0.597184
   2.435     -0.595331
   2.437     -0.593480
   2.440     -0.591633
   2.442     -0.589788
   2.445     -0.587946
   2.447     -0.586108
   2.450     -0.584272
   2.452     -0.582439
   2.455     -0.580609
   2.457     -0.578783
   2.460     -0.576959
   2.462     -0.575138
   2.465     -0.573321
   2.467     -0.571506
   2.470     -0.569695
   2.473     -0.567887
   2.475     -0.566082
   2.478     -0.564280
   2.480     -0.562481
   2.483     -0.560685
   2.485     -0.558893
   2.488     -0.557103
   2.490     -0.555317
   2.493     -0.553534
   2.495     -0.551755
   2.498     -0.549978
   2.500     -0.548205
   2.503     -0.546435
   2.505     -0.544668
   2.508     -0.542904
   2.511     -0.541144
   2.513     -0.539387
   2.516     -0.537633
   2.518     -0.535883
   2.521     -0.534136
   2.523     -0.532392
   2.526     -0.530651
   2.528     -0.528914
   2.531     -0.527180
   2.533     -0.525450
   2.536     -0.523723
   2.538     -0.521999
   2.541     -0.520278
   2.543     -0.518561
   2.546     -0.516847
   2.549     -0.515137
   2.551     -0.513430
   2.554     -0.511726
   2.556     -0.510026
   2.559     -0.508329
   2.561     -0.506636
   2.564     -0.504945
   2.566     -0.503259
   2.569     -0.501575
   2.571     -0.499896
   2.574     -0.498219
   2.576     -0.496546
   2.579     -0.494876
   2.581     -0.493210
   2.584     -0.491547
   2.587     -0.489888
   2.589     -0.488232
   2.592     -0.486579
   2.594     -0.484930
   2.597     -0.483285
   2.599     -0.481642
   2.602     -0.480004
   2.604     -0.478368
   2.607     -0.476736
   2.609     -0.475108
   2.612     -0.473483
   2.614     -0.471861
   2.617     -0.470243
   2.619     -0.468628
   2.622     -0.467017
   2.625     -0.465409
   2.627     -0.463805
   2.630     -0.462204
   2.632     -0.460606
   2.635     -0.459012
   2.637     -0.457422
   2.640     -0.455834
   2.642     -0.454251
   2.645     -0.452670
   2.647     -0.451094
   2.650     -0.449520
   2.652     -0.447950
   2.655     -0.446384
   2.657     -0.444821
   2.660     -0.443261
   2.663     -0.441705
   2.665     -0.440152
   2.668     -0.438603
   2.670     -0.437057
   2.673     -0.435514
   2.675     -0.433975
   2.678     -0.432439
   2.680     -0.430907
   2.683     -0.429378
   2.685     -0.427853
   2.688     -0.426331
   2.690     -0.424812
   2.693     -0.423297
   2.695     -0.421785
   2.698     -0.420277
   2.701     -0.418772
   2.703     -0.417270
   2.706     -0.415772
   2.708     -0.414277
   2.711     -0.412785
   2.713     -0.411297
   2.716     -0.409812
   2.718     -0.408331
   2.721     -0.406853
   2.723     -0.405378
   2.726     -0.403907
   2.728     -0.402439
   2.731     -0.400975
   2.733     -0.399513
   2.736     -0.398056
   2.739     -0.396601
   2.741     -0.395150
   2.744     -0.393702
   2.746     -0.392257
   2.749     -0.390816
   2.751     -0.389378
   2.754     -0.387943
   2.756     -0.386512
   2.759     -0.385084
   2.761     -0.383659
   2.764     -0.382238
   2.766     -0.380820
   2.769     -0.379405
   2.771     -0.377993
   2.774     -0.376585
   2.777     -0.375180
   2.779     -0.373778
   2.782     -0.372379
   2.784     -0.370984
   2.787     -0.369592
   2.789     -0.368203
   2.792     -0.366818
   2.794     -0.365435
   2.797     -0.364056
   2.799     -0.362680
   2.802     -0.361307
   2.804     -0.359938
   2.807     -0.358571
   2.809     -0.357208
   2.812     -0.355848
   2.815     -0.354491
   2.817     -0.353137
   2.820     -0.351787
   2.822     -0.350440
   2.825     -0.349095
   2.827     -0.347754
   2.830     -0.346416
   2.832     -0.345082
   2.835     -0.343750
   2.837     -0.342421
   2.840     -0.341096
   2.842     -0.339774
   2.845     -0.338454
   2.847     -0.337138
   2.850     -0.335825
   2.853     -0.334515
   2.855     -0.333208
   2.858     -0.331905
   2.860     -0.330604
   2.863     -0.329306
   2.865     -0.328011
   2.868     -0.326720
   2.870     -0.325431
   2.873     -0.324146
   2.875     -0.322863
   2.878     -0.321583
   2.880     -0.320307
   2.883     -0.319033
   2.885     -0.317763
   2.888     -0.316495
   2.891     -0.315231
   2.893     -0.313969
   2.896     -0.312710
   2.898     -0.311455
   2.901     -0.310202
   2.903     -0.308952
   2.906     -0.307705
   2.908     -0.306461
   2.911     -0.305220
   2.913     -0.303982
   2.916     -0.302747
   2.918     -0.301514
   2.921     -0.300285
   2.923     -0.299059
   2.926     -0.297835
   2.929     -0.296614
   2.931     -0.295396
   2.934     -0.294181
   2.936     -0.292969
   2.939     -0.291759
   2.941     -0.290553
   2.944     -0.289349
   2.946     -0.288148
   2.949     -0.286950
   2.951     -0.285755
   2.954     -0.284562
   2.956     -0.283373
   2.959     -0.282186
   2.961     -0.281001
   2.964     -0.279820
   2.967     -0.278641
   2.969     -0.277465
   2.972     -0.276292
   2.974     -0.275122
   2.977     -0.273954
   2.979     -0.272789
   2.982     -0.271627
   2.984     -0.270468
   2.987     -0.269311
   2.989     -0.268157
   2.992     -0.267005
   2.994     -0.265856
   2.997     -0.264710
   2.999     -0.263567
   3.002     -0.262426
   3.005     -0.261288
   3.007     -0.260152
   3.010     -0.259020
   3.012     -0.257889
   3.015     -0.256762
   3.017     -0.255637
   3.020     -0.254514
   3.022     -0.253395
   3.025     -0.252277
   3.027     -0.251163
   3.030     -0.250051
   3.032     -0.248941
   3.035     -0.247834
   3.037     -0.246730
   3.040     -0.245628
   3.043     -0.244529
   3.045     -0.243432
   3.048     -0.242338
   3.050     -0.241246
   3.053     -0.240157
   3.055     -0.239070
   3.058     -0.237986
   3.060     -0.236904
   3.063     -0.235825
   3.065     -0.234748
   3.068     -0.233674
   3.070     -0.232602
   3.073     -0.231532
   3.075     -0.230466
   3.078     -0.229401
   3.081     -0.228339
   3.083     -0.227279
   3.086     -0.226222
   3.088     -0.225167
   3.091     -0.224115
   3.093     -0.223064
   3.096     -0.222017
   3.098     -0.220971
   3.101     -0.219928
   3.103     -0.218888
   3.106     -0.217850
   3.108     -0.216814
   3.111     -0.215780
   3.113     -0.214749
   3.116     -0.213720
   3.119     -0.212694
   3.121     -0.211669
   3.124     -0.210647
   3.126     -0.209628
   3.129     -0.208610
   3.131     -0.207595
   3.134     -0.206582
   3.136     -0.205572
   3.139     -0.204564
   3.141     -0.203558
   3.144     -0.202554
   3.146     -0.201552
   3.149     -0.200553
   3.151     -0.199556
   3.154     -0.198561
   3.157     -0.197568
   3.159     -0.196578
   3.162     -0.195590
   3.164     -0.194604
   3.167     -0.193620
   3.169     -0.192638
   3.172     -0.191659
   3.174     -0.190681
   3.177     -0.189706
   3.179     -0.188733
   3.182     -0.187762
   3.184     -0.186793
   3.187     -0.185827
   3.189     -0.184862
   3.192     -0.183900
   3.195     -0.182940
   3.197     -0.181981
   3.200     -0.181025
   3.202     -0.180071
   3.205     -0.179120
   3.207     -0.178170
   3.210     -0.177222
   3.212     -0.176276
   3.215     -0.175333
   3.217     -0.174391
   3.220     -0.173451
   3.222     -0.172514
   3.225     -0.171578
   3.227     -0.170645
   3.230     -0.169713
   3.233     -0.168784
   3.235     -0.167856
   3.238     -0.166931
   3.240     -0.166008
   3.243     -0.165086
   3.245     -0.164167
   3.248     -0.163249
   3.250     -0.162333
   3.253     -0.161420
   3.255     -0.160508
   3.258     -0.159598
   3.260     -0.158690
   3.263     -0.157785
   3.265     -0.156881
   3.268     -0.155979
   3.271     -0.155079
   3.273     -0.154180
   3.276     -0.153284
   3.278     -0.152390
   3.281     -0.151497
   3.283     -0.150606
   3.286     -0.149717
   3.288     -0.148831
   3.291     -0.147945
   3.293     -0.147062
   3.296     -0.146181
   3.298     -0.145301
   3.301     -0.144424
   3.303     -0.143548
   3.306     -0.142674
   3.309     -0.141801
   3.311     -0.140931
   3.314     -0.140062
   3.316     -0.139196
   3.319     -0.138330
   3.321     -0.137467
   3.324     -0.136606
   3.326     -0.135746
   3.329     -0.134888
   3.331     -0.134032
   3.334     -0.133177
   3.336     -0.132325
   3.339     -0.131474
   3.341     -0.130625
   3.344     -0.129777
   3.347     -0.128931
   3.349     -0.128087
   3.352     -0.127245
   3.354     -0.126404
   3.357     -0.125565
   3.359     -0.124728
   3.362     -0.123893
   3.364     -0.123059
   3.367     -0.122227
   3.369     -0.121396
   3.372     -0.120567
   3.374     -0.119740
   3.377     -0.118914
   3.379     -0.118090
   3.382     -0.117268
   3.385     -0.116448
   3.387     -0.115629
   3.390     -0.114811
   3.392     -0.113995
   3.395     -0.113181
   3.397     -0.112369
   3.400     -0.111558
   3.402     -0.110748
   3.405     -0.109941
   3.407     -0.109134
   3.410     -0.108330
   3.412     -0.107527
   3.415     -0.106725
   3.417     -0.105925
   3.420     -0.105127
   3.423     -0.104330
   3.425     -0.103535
   3.428     -0.102741
   3.430     -0.101949
   3.433     -0.101158
   3.435     -0.100369
   3.438     -0.099581
   3.440     -0.098795
   3.443     -0.098011
   3.445     -0.097228
   3.448     -0.096446
   3.450     -0.095666
   3.453     -0.094887
   3.455     -0.094110
   3.458     -0.093334
   3.461     -0.092560
   3.463     -0.091787
   3.466     -0.091016
   3.468     -0.090246
   3.471     -0.089477
   3.473     -0.088710
   3.476     -0.087945
   3.478     -0.087181
   3.481     -0.086418
   3.483     -0.085657
   3.486     -0.084897
   3.488     -0.084138
   3.491     -0.083381
   3.493     -0.082625
   3.496     -0.081871
   3.499     -0.081118
   3.501     -0.080367
   3.504     -0.079616
   3.506     -0.078868
   3.509     -0.078120
   3.511     -0.077374
   3.514     -0.076629
   3.516     -0.075886
   3.519     -0.075144
   3.521     -0.074403
   3.524     -0.073664
   3.526     -0.072926
   3.529     -0.072189
   3.531     -0.071454
   3.534     -0.070720
   3.537     -0.069987
   3.539     -0.069255
   3.542     -0.068525
   3.544     -0.067796
   3.547     -0.067069
   3.549     -0.066342
   3.552     -0.065617
   3.554     -0.064894
   3.557     -0.064171
   3.559     -0.063450
   3.562     -0.062730
   3.564     -0.062011
   3.567     -0.061294
   3.569     -0.060578
   3.572     -0.059863
   3.575     -0.059149
   3.577     -0.058436
   3.580     -0.057725
   3.582     -0.057015
   3.585     -0.056306
   3.587     -0.055599
   3.590     -0.054892
   3.592     -0.054187
   3.595     -0.053483
   3.597     -0.052780
   3.600     -0.052078
   3.602     -0.051378
   3.605     -0.050679
   3.607     -0.049980
   3.610     -0.049283
   3.613     -0.048588
   3.615     -0.047893
   3.618     -0.047200
   3.620     -0.046507
   3.623     -0.045816
   3.625     -0.045126
   3.628     -0.044437
   3.630     -0.043749
   3.633     -0.043062
   3.635     -0.042377
   3.638     -0.041692
   3.640     -0.041009
   3.643     -0.040327
   3.645     -0.039646
   3.648     -0.038966
   3.651     -0.038287
   3.653     -0.037609
   3.656     -0.036932
   3.658     -0.036256
   3.661     -0.035582
   3.663     -0.034908
   3.666     -0.034236
   3.668     -0.033564
   3.671     -0.032894
   3.673     -0.032225
   3.676     -0.031556
   3.678     -0.030889
   3.681     -0.030223
   3.683     -0.029558
   3.686     -0.028894
   3.689     -0.028230
   3.691     -0.027568
   3.694     -0.026907
   3.696     -0.026247
   3.699     -0.025588
   3.701     -0.024930
   3.704     -0.024273
   3.706     -0.023617
   3.709     -0.022962
   3.711     -0.022308
   3.714     -0.021655
   3.716     -0.021003
   3.719     -0.020351
   3.721     -0.019701
   3.724     -0.019052
   3.727     -0.018404
   3.729     -0.017756
   3.732     -0.017110
   3.734     -0.016465
   3.737     -0.015820
   3.739     -0.015176
   3.742     -0.014534
   3.744     -0.013892
   3.747     -0.013251
   3.749     -0.012611
   3.752     -0.011972
   3.754     -0.011334
   3.757     -0.010697
   3.759     -0.010061
   3.762     -0.009426
   3.765     -0.008791
   3.767     -0.008158
   3.770     -0.007525
   3.772     -0.006893
   3.775     -0.006262
   3.777     -0.005632
   3.780     -0.005003
   3.782     -0.004375
   3.785     -0.003747
   3.787     -0.003120
   3.790     -0.002495
   3.792     -0.001870
   3.795     -0.001246
   3.797     -0.000622
   3.800      0.000000
