   0.000      2.067266
   0.003      2.067254
   0.005      2.067220
   0.008      2.067162
   0.010      2.067081
   0.013      2.066978
   0.015      2.066851
   0.018      2.066701
   0.020      2.066528
   0.023      2.066332
   0.025      2.066112
   0.028      2.065869
   0.030      2.065602
   0.033      2.065311
   0.035      2.064997
   0.038      2.064659
   0.040      2.064297
   0.043      2.063910
   0.045      2.063500
   0.048      2.063064
   0.050      2.062604
   0.053      2.062120
   0.055      2.061610
   0.058      2.061074
   0.060      2.060514
   0.063      2.059927
   0.065      2.059315
   0.068      2.058676
   0.070      2.058011
   0.073      2.057320
   0.075      2.056601
   0.078      2.055855
   0.080      2.055081
   0.083      2.054279
   0.085      2.053450
   0.088      2.052591
   0.090      2.051704
   0.093      2.050788
   0.096      2.049841
   0.098      2.048865
   0.101      2.047859
   0.103      2.046822
   0.106      2.045754
   0.108      2.044654
   0.111      2.043522
   0.113      2.042358
   0.116      2.041161
   0.118      2.039931
   0.121      2.038668
   0.123      2.037370
   0.126      2.036037
   0.128      2.034670
   0.131      2.033267
   0.133      2.031827
   0.136      2.030352
   0.138      2.028839
   0.141      2.027289
   0.143      2.025701
   0.146      2.024074
   0.148      2.022409
   0.151      2.020703
   0.153      2.018958
   0.156      2.017172
   0.158      2.015345
   0.161      2.013477
   0.163      2.011566
   0.166      2.009613
   0.168      2.007617
   0.171      2.005577
   0.173      2.003493
   0.176      2.001364
   0.178      1.999191
   0.181      1.996971
   0.183      1.994706
   0.186      1.992394
   0.189      1.990035
   0.191      1.987629
   0.194      1.985175
   0.196      1.982673
   0.199      1.980122
   0.201      1.977523
   0.204      1.974874
   0.206      1.972175
   0.209      1.969426
   0.211      1.966627
   0.214      1.963778
   0.216      1.960877
   0.219      1.957926
   0.221      1.954924
   0.224      1.951870
   0.226      1.948764
   0.229      1.945607
   0.231      1.942398
   0.234      1.939138
   0.236      1.935825
   0.239      1.932461
   0.241      1.929046
   0.244      1.925578
   0.246      1.922059
   0.249      1.918489
   0.251      1.914868
   0.254      1.911196
   0.256      1.907473
   0.259      1.903700
   0.261      1.899877
   0.264      1.896005
   0.266      1.892083
   0.269      1.888113
   0.271      1.884095
   0.274      1.880029
   0.276      1.875916
   0.279      1.871757
   0.282      1.867552
   0.284      1.863303
   0.287      1.859009
   0.289      1.854671
   0.292      1.850292
   0.294      1.845870
   0.297      1.841407
   0.299      1.836905
   0.302      1.832363
   0.304      1.827784
   0.307      1.823168
   0.309      1.818515
   0.312      1.813828
   0.314      1.809107
   0.317      1.804353
   0.319      1.799568
   0.322      1.794752
   0.324      1.789908
   0.327      1.785035
   0.329      1.780136
   0.332      1.775211
   0.334      1.770262
   0.337      1.765290
   0.339      1.760296
   0.342      1.755281
   0.344      1.750248
   0.347      1.745197
   0.349      1.740129
   0.352      1.735046
   0.354      1.729949
   0.357      1.724839
   0.359      1.719718
   0.362      1.714587
   0.364      1.709447
   0.367      1.704299
   0.369      1.699146
   0.372      1.693987
   0.375      1.688824
   0.377      1.683660
   0.380      1.678493
   0.382      1.673327
   0.385      1.668162
   0.387      1.663000
   0.390      1.657841
   0.392      1.652686
   0.395      1.647537
   0.397      1.642396
   0.400      1.637262
   0.402      1.632137
   0.405      1.627023
   0.407      1.621920
   0.410      1.616829
   0.412      1.611751
   0.415      1.606687
   0.417      1.601638
   0.420      1.596605
   0.422      1.591589
   0.425      1.586591
   0.427      1.581611
   0.430      1.576650
   0.432      1.571710
   0.435      1.566791
   0.437      1.561893
   0.440      1.557018
   0.442      1.552165
   0.445      1.547337
   0.447      1.542532
   0.450      1.537753
   0.452      1.532999
   0.455      1.528271
   0.457      1.523570
   0.460      1.518896
   0.463      1.514250
   0.465      1.509631
   0.468      1.505042
   0.470      1.500480
   0.473      1.495949
   0.475      1.491447
   0.478      1.486974
   0.480      1.482533
   0.483      1.478121
   0.485      1.473741
   0.488      1.469391
   0.490      1.465073
   0.493      1.460786
   0.495      1.456531
   0.498      1.452308
   0.500      1.448117
   0.503      1.443958
   0.505      1.439831
   0.508      1.435736
   0.510      1.431674
   0.513      1.427644
   0.515      1.423646
   0.518      1.419680
   0.520      1.415747
   0.523      1.411846
   0.525      1.407978
   0.528      1.404142
   0.530      1.400337
   0.533      1.396565
   0.535      1.392825
   0.538      1.389116
   0.540      1.385439
   0.543      1.381794
   0.545      1.378180
   0.548      1.374596
   0.550      1.371044
   0.553      1.367523
   0.556      1.364032
   0.558      1.360571
   0.561      1.357141
   0.563      1.353740
   0.566      1.350369
   0.568      1.347027
   0.571      1.343714
   0.573      1.340430
   0.576      1.337174
   0.578      1.333946
   0.581      1.330746
   0.583      1.327574
   0.586      1.324429
   0.588      1.321310
   0.591      1.318218
   0.593      1.315153
   0.596      1.312113
   0.598      1.309099
   0.601      1.306110
   0.603      1.303146
   0.606      1.300206
   0.608      1.297290
   0.611      1.294398
   0.613      1.291530
   0.616      1.288684
   0.618      1.285861
   0.621      1.283061
   0.623      1.280282
   0.626      1.277525
   0.628      1.274789
   0.631      1.272073
   0.633      1.269379
   0.636      1.266704
   0.638      1.264049
   0.641      1.261413
   0.643      1.258796
   0.646      1.256197
   0.649      1.253617
   0.651      1.251055
   0.654      1.248510
   0.656      1.245982
   0.659      1.243471
   0.661      1.240977
   0.664      1.238498
   0.666      1.236035
   0.669      1.233587
   0.671      1.231155
   0.674      1.228737
   0.676      1.226333
   0.679      1.223943
   0.681      1.221567
   0.684      1.219204
   0.686      1.216854
   0.689      1.214517
   0.691      1.212192
   0.694      1.209880
   0.696      1.207578
   0.699      1.205289
   0.701      1.203010
   0.704      1.200742
   0.706      1.198485
   0.709      1.196238
   0.711      1.194001
   0.714      1.191774
   0.716      1.189556
   0.719      1.187347
   0.721      1.185147
   0.724      1.182956
   0.726      1.180773
   0.729      1.178599
   0.731      1.176432
   0.734      1.174273
   0.736      1.172121
   0.739      1.169977
   0.742      1.167839
   0.744      1.165708
   0.747      1.163584
   0.749      1.161466
   0.752      1.159354
   0.754      1.157249
   0.757      1.155148
   0.759      1.153054
   0.762      1.150965
   0.764      1.148881
   0.767      1.146802
   0.769      1.144728
   0.772      1.142659
   0.774      1.140594
   0.777      1.138534
   0.779      1.136478
   0.782      1.134426
   0.784      1.132378
   0.787      1.130334
   0.789      1.128293
   0.792      1.126256
   0.794      1.124223
   0.797      1.122193
   0.799      1.120166
   0.802      1.118142
   0.804      1.116122
   0.807      1.114104
   0.809      1.112089
   0.812      1.110077
   0.814      1.108067
   0.817      1.106060
   0.819      1.104056
   0.822      1.102053
   0.824      1.100054
   0.827      1.098056
   0.829      1.096061
   0.832      1.094067
   0.835      1.092076
   0.837      1.090087
   0.840      1.088100
   0.842      1.086115
   0.845      1.084131
   0.847      1.082150
   0.850      1.080170
   0.852      1.078192
   0.855      1.076215
   0.857      1.074241
   0.860      1.072268
   0.862      1.070296
   0.865      1.068326
   0.867      1.066358
   0.870      1.064392
   0.872      1.062426
   0.875      1.060463
   0.877      1.058501
   0.880      1.056540
   0.882      1.054581
   0.885      1.052623
   0.887      1.050667
   0.890      1.048713
   0.892      1.046759
   0.895      1.044808
   0.897      1.042858
   0.900      1.040909
   0.902      1.038962
   0.905      1.037016
   0.907      1.035072
   0.910      1.033129
   0.912      1.031188
   0.915      1.029249
   0.917      1.027311
   0.920      1.025374
   0.922      1.023440
   0.925      1.021506
   0.928      1.019575
   0.930      1.017645
   0.933      1.015717
   0.935      1.013790
   0.938      1.011866
   0.940      1.009943
   0.943      1.008022
   0.945      1.006102
   0.948      1.004185
   0.950      1.002269
   0.953      1.000355
   0.955      0.998443
   0.958      0.996534
   0.960      0.994626
   0.963      0.992720
   0.965      0.990816
   0.968      0.988914
   0.970      0.987014
   0.973      0.985117
   0.975      0.983221
   0.978      0.981328
   0.980      0.979437
   0.983      0.977548
   0.985      0.975662
   0.988      0.973778
   0.990      0.971896
   0.993      0.970017
   0.995      0.968140
   0.998      0.966265
   1.000      0.964393
   1.003      0.962524
   1.005      0.960657
   1.008      0.958793
   1.010      0.956931
   1.013      0.955072
   1.015      0.953216
   1.018      0.951362
   1.021      0.949512
   1.023      0.947664
   1.026      0.945818
   1.028      0.943976
   1.031      0.942137
   1.033      0.940300
   1.036      0.938467
   1.038      0.936636
   1.041      0.934809
   1.043      0.932984
   1.046      0.931163
   1.048      0.929345
   1.051      0.927529
   1.053      0.925717
   1.056      0.923909
   1.058      0.922103
   1.061      0.920301
   1.063      0.918502
   1.066      0.916706
   1.068      0.914914
   1.071      0.913125
   1.073      0.911340
   1.076      0.909557
   1.078      0.907779
   1.081      0.906004
   1.083      0.904232
   1.086      0.902464
   1.088      0.900699
   1.091      0.898938
   1.093      0.897181
   1.096      0.895427
   1.098      0.893677
   1.101      0.891931
   1.103      0.890188
   1.106      0.888449
   1.108      0.886713
   1.111      0.884982
   1.114      0.883254
   1.116      0.881530
   1.119      0.879810
   1.121      0.878094
   1.124      0.876381
   1.126      0.874673
   1.129      0.872968
   1.131      0.871267
   1.134      0.869570
   1.136      0.867878
   1.139      0.866189
   1.141      0.864504
   1.144      0.862823
   1.146      0.861146
   1.149      0.859473
   1.151      0.857804
   1.154      0.856139
   1.156      0.854478
   1.159      0.852821
   1.161      0.851169
   1.164      0.849520
   1.166      0.847876
   1.169      0.846235
   1.171      0.844599
   1.174      0.842967
   1.176      0.841339
   1.179      0.839715
   1.181      0.838096
   1.184      0.836480
   1.186      0.834869
   1.189      0.833262
   1.191      0.831659
   1.194      0.830061
   1.196      0.828466
   1.199      0.826876
   1.201      0.825290
   1.204      0.823708
   1.207      0.822131
   1.209      0.820557
   1.212      0.818988
   1.214      0.817424
   1.217      0.815863
   1.219      0.814307
   1.222      0.812755
   1.224      0.811207
   1.227      0.809664
   1.229      0.808125
   1.232      0.806590
   1.234      0.805059
   1.237      0.803533
   1.239      0.802010
   1.242      0.800493
   1.244      0.798979
   1.247      0.797470
   1.249      0.795965
   1.252      0.794464
   1.254      0.792968
   1.257      0.791476
   1.259      0.789988
   1.262      0.788504
   1.264      0.787025
   1.267      0.785550
   1.269      0.784079
   1.272      0.782612
   1.274      0.781150
   1.277      0.779692
   1.279      0.778238
   1.282      0.776789
   1.284      0.775344
   1.287      0.773903
   1.289      0.772466
   1.292      0.771033
   1.294      0.769605
   1.297      0.768181
   1.300      0.766761
   1.302      0.765346
   1.305      0.763934
   1.307      0.762527
   1.310      0.761124
   1.312      0.759725
   1.315      0.758331
   1.317      0.756940
   1.320      0.755554
   1.322      0.754172
   1.325      0.752794
   1.327      0.751421
   1.330      0.750051
   1.332      0.748686
   1.335      0.747324
   1.337      0.745967
   1.340      0.744614
   1.342      0.743265
   1.345      0.741920
   1.347      0.740580
   1.350      0.739243
   1.352      0.737911
   1.355      0.736582
   1.357      0.735258
   1.360      0.733938
   1.362      0.732621
   1.365      0.731309
   1.367      0.730001
   1.370      0.728697
   1.372      0.727397
   1.375      0.726100
   1.377      0.724808
   1.380      0.723520
   1.382      0.722236
   1.385      0.720956
   1.388      0.719679
   1.390      0.718407
   1.393      0.717139
   1.395      0.715874
   1.398      0.714614
   1.400      0.713357
   1.403      0.712105
   1.405      0.710856
   1.408      0.709611
   1.410      0.708370
   1.413      0.707132
   1.415      0.705899
   1.418      0.704670
   1.420      0.703444
   1.423      0.702222
   1.425      0.701004
   1.428      0.699790
   1.430      0.698579
   1.433      0.697372
   1.435      0.696169
   1.438      0.694970
   1.440      0.693775
   1.443      0.692583
   1.445      0.691395
   1.448      0.690211
   1.450      0.689030
   1.453      0.687853
   1.455      0.686680
   1.458      0.685510
   1.460      0.684344
   1.463      0.683182
   1.465      0.682023
   1.468      0.680868
   1.470      0.679717
   1.473      0.678569
   1.475      0.677424
   1.478      0.676284
   1.481      0.675146
   1.483      0.674013
   1.486      0.672883
   1.488      0.671756
   1.491      0.670633
   1.493      0.669513
   1.496      0.668397
   1.498      0.667285
   1.501      0.666176
   1.503      0.665070
   1.506      0.663968
   1.508      0.662869
   1.511      0.661774
   1.513      0.660682
   1.516      0.659593
   1.518      0.658508
   1.521      0.657426
   1.523      0.656348
   1.526      0.655272
   1.528      0.654201
   1.531      0.653132
   1.533      0.652067
   1.536      0.651005
   1.538      0.649947
   1.541      0.648891
   1.543      0.647839
   1.546      0.646791
   1.548      0.645745
   1.551      0.644703
   1.553      0.643664
   1.556      0.642628
   1.558      0.641595
   1.561      0.640566
   1.563      0.639539
   1.566      0.638516
   1.568      0.637496
   1.571      0.636479
   1.574      0.635466
   1.576      0.634455
   1.579      0.633448
   1.581      0.632443
   1.584      0.631442
   1.586      0.630444
   1.589      0.629448
   1.591      0.628456
   1.594      0.627467
   1.596      0.626481
   1.599      0.625498
   1.601      0.624518
   1.604      0.623541
   1.606      0.622567
   1.609      0.621596
   1.611      0.620627
   1.614      0.619662
   1.616      0.618700
   1.619      0.617740
   1.621      0.616784
   1.624      0.615830
   1.626      0.614880
   1.629      0.613932
   1.631      0.612987
   1.634      0.612045
   1.636      0.611105
   1.639      0.610169
   1.641      0.609235
   1.644      0.608305
   1.646      0.607377
   1.649      0.606451
   1.651      0.605529
   1.654      0.604609
   1.656      0.603692
   1.659      0.602778
   1.661      0.601867
   1.664      0.600958
   1.667      0.600052
   1.669      0.599149
   1.672      0.598248
   1.674      0.597350
   1.677      0.596455
   1.679      0.595562
   1.682      0.594672
   1.684      0.593785
   1.687      0.592900
   1.689      0.592018
   1.692      0.591139
   1.694      0.590262
   1.697      0.589387
   1.699      0.588516
   1.702      0.587646
   1.704      0.586780
   1.707      0.585916
   1.709      0.585054
   1.712      0.584195
   1.714      0.583339
   1.717      0.582485
   1.719      0.581633
   1.722      0.580784
   1.724      0.579937
   1.727      0.579093
   1.729      0.578252
   1.732      0.577412
   1.734      0.576576
   1.737      0.575741
   1.739      0.574909
   1.742      0.574080
   1.744      0.573252
   1.747      0.572428
   1.749      0.571605
   1.752      0.570785
   1.754      0.569967
   1.757      0.569152
   1.760      0.568339
   1.762      0.567528
   1.765      0.566720
   1.767      0.565913
   1.770      0.565110
   1.772      0.564308
   1.775      0.563509
   1.777      0.562712
   1.780      0.561917
   1.782      0.561124
   1.785      0.560334
   1.787      0.559546
   1.790      0.558760
   1.792      0.557976
   1.795      0.557195
   1.797      0.556416
   1.800      0.555638
   1.802      0.554864
   1.805      0.554091
   1.807      0.553320
   1.810      0.552552
   1.812      0.551785
   1.815      0.551021
   1.817      0.550259
   1.820      0.549499
   1.822      0.548741
   1.825      0.547985
   1.827      0.547231
   1.830      0.546480
   1.832      0.545730
   1.835      0.544982
   1.837      0.544237
   1.840      0.543493
   1.842      0.542752
   1.845      0.542012
   1.847      0.541275
   1.850      0.540540
   1.853      0.539806
   1.855      0.539075
   1.858      0.538345
   1.860      0.537618
   1.863      0.536892
   1.865      0.536169
   1.868      0.535447
   1.870      0.534727
   1.873      0.534010
   1.875      0.533294
   1.878      0.532580
   1.880      0.531868
   1.883      0.531158
   1.885      0.530450
   1.888      0.529743
   1.890      0.529039
   1.893      0.528336
   1.895      0.527635
   1.898      0.526937
   1.900      0.526240
   1.903      0.525544
   1.905      0.524851
   1.908      0.524160
   1.910      0.523470
   1.913      0.522782
   1.915      0.522096
   1.918      0.521412
   1.920      0.520729
   1.923      0.520049
   1.925      0.519370
   1.928      0.518693
   1.930      0.518017
   1.933      0.517344
   1.935      0.516672
   1.938      0.516001
   1.940      0.515333
   1.943      0.514666
   1.946      0.514001
   1.948      0.513338
   1.951      0.512677
   1.953      0.512017
   1.956      0.511359
   1.958      0.510702
   1.961      0.510048
   1.963      0.509395
   1.966      0.508743
   1.968      0.508093
   1.971      0.507445
   1.973      0.506799
   1.976      0.506154
   1.978      0.505511
   1.981      0.504869
   1.983      0.504230
   1.986      0.503591
   1.988      0.502955
   1.991      0.502320
   1.993      0.501686
   1.996      0.501054
   1.998      0.500424
   2.001      0.499795
   2.003      0.499168
   2.006      0.498543
   2.008      0.497919
   2.011      0.497296
