   0.000      0.735559
   0.004      0.735627
   0.007      0.735696
   0.011      0.735810
   0.014      0.735969
   0.018      0.736174
   0.021      0.736425
   0.025      0.736721
   0.028      0.737063
   0.032      0.737451
   0.035      0.737884
   0.039      0.738363
   0.042      0.738887
   0.046      0.739457
   0.049      0.740073
   0.053      0.740734
   0.056      0.741441
   0.060      0.742194
   0.063      0.742992
   0.067      0.743837
   0.070      0.744726
   0.074      0.745662
   0.077      0.746644
   0.081      0.747671
   0.084      0.748744
   0.088      0.749863
   0.091      0.751027
   0.095      0.752238
   0.098      0.753494
   0.102      0.754796
   0.105      0.756144
   0.109      0.757539
   0.112      0.758979
   0.116      0.760465
   0.119      0.761997
   0.123      0.763575
   0.126      0.765199
   0.130      0.766869
   0.133      0.768585
   0.137      0.770348
   0.140      0.772156
   0.144      0.774011
   0.147      0.775912
   0.151      0.777859
   0.154      0.779852
   0.158      0.781891
   0.161      0.783977
   0.165      0.786109
   0.168      0.788287
   0.172      0.790512
   0.175      0.792783
   0.179      0.795100
   0.182      0.797464
   0.186      0.799874
   0.189      0.802331
   0.193      0.804833
   0.196      0.807383
   0.200      0.809979
   0.203      0.812621
   0.207      0.815310
   0.210      0.818045
   0.214      0.820827
   0.217      0.823655
   0.221      0.826530
   0.224      0.829451
   0.228      0.832419
   0.231      0.835433
   0.235      0.838494
   0.238      0.841601
   0.242      0.844755
   0.245      0.847955
   0.249      0.851202
   0.252      0.854496
   0.256      0.857835
   0.259      0.861222
   0.263      0.864654
   0.266      0.868133
   0.270      0.871659
   0.273      0.875231
   0.277      0.878849
   0.280      0.882513
   0.284      0.886224
   0.287      0.889981
   0.291      0.893784
   0.294      0.897633
   0.298      0.901528
   0.301      0.905469
   0.305      0.909456
   0.308      0.913489
   0.312      0.917568
   0.315      0.921692
   0.319      0.925862
   0.322      0.930078
   0.326      0.934339
   0.329      0.938646
   0.333      0.942997
   0.336      0.947394
   0.340      0.951836
   0.343      0.956323
   0.347      0.960855
   0.350      0.965431
   0.354      0.970052
   0.357      0.974717
   0.361      0.979427
   0.364      0.984180
   0.368      0.988978
   0.371      0.993819
   0.375      0.998704
   0.378      1.003632
   0.382      1.008603
   0.385      1.013617
   0.389      1.018674
   0.392      1.023774
   0.396      1.028916
   0.399      1.034100
   0.403      1.039326
   0.406      1.044593
   0.410      1.049902
   0.413      1.055252
   0.417      1.060643
   0.420      1.066074
   0.424      1.071546
   0.427      1.077057
   0.431      1.082608
   0.434      1.088198
   0.438      1.093828
   0.441      1.099495
   0.445      1.105201
   0.448      1.110945
   0.452      1.116726
   0.455      1.122545
   0.459      1.128400
   0.462      1.134291
   0.466      1.140218
   0.469      1.146180
   0.473      1.152177
   0.476      1.158209
   0.480      1.164275
   0.483      1.170374
   0.487      1.176506
   0.490      1.182671
   0.494      1.188868
   0.497      1.195096
   0.501      1.201355
   0.504      1.207644
   0.508      1.213962
   0.511      1.220310
   0.515      1.226686
   0.518      1.233090
   0.522      1.239522
   0.525      1.245979
   0.528      1.252463
   0.532      1.258972
   0.535      1.265505
   0.539      1.272062
   0.542      1.278642
   0.546      1.285244
   0.549      1.291868
   0.553      1.298512
   0.556      1.305176
   0.560      1.311859
   0.563      1.318561
   0.567      1.325280
   0.570      1.332015
   0.574      1.338766
   0.577      1.345532
   0.581      1.352312
   0.584      1.359105
   0.588      1.365909
   0.591      1.372725
   0.595      1.379551
   0.598      1.386386
   0.602      1.393228
   0.605      1.400078
   0.609      1.406934
   0.612      1.413795
   0.616      1.420660
   0.619      1.427527
   0.623      1.434396
   0.626      1.441266
   0.630      1.448135
   0.633      1.455003
   0.637      1.461867
   0.640      1.468728
   0.644      1.475583
   0.647      1.482432
   0.651      1.489273
   0.654      1.496105
   0.658      1.502927
   0.661      1.509738
   0.665      1.516535
   0.668      1.523319
   0.672      1.530088
   0.675      1.536840
   0.679      1.543574
   0.682      1.550288
   0.686      1.556982
   0.689      1.563654
   0.693      1.570303
   0.696      1.576927
   0.700      1.583524
   0.703      1.590094
   0.707      1.596635
   0.710      1.603146
   0.714      1.609625
   0.717      1.616070
   0.721      1.622481
   0.724      1.628855
   0.728      1.635192
   0.731      1.641490
   0.735      1.647747
   0.738      1.653962
   0.742      1.660134
   0.745      1.666260
   0.749      1.672340
   0.752      1.678372
   0.756      1.684354
   0.759      1.690285
   0.763      1.696163
   0.766      1.701988
   0.770      1.707757
   0.773      1.713469
   0.777      1.719122
   0.780      1.724715
   0.784      1.730247
   0.787      1.735715
   0.791      1.741119
   0.794      1.746457
   0.798      1.751727
   0.801      1.756928
   0.805      1.762059
   0.808      1.767118
   0.812      1.772103
   0.815      1.777013
   0.819      1.781847
   0.822      1.786604
   0.826      1.791281
   0.829      1.795877
   0.833      1.800392
   0.836      1.804823
   0.840      1.809169
   0.843      1.813430
   0.847      1.817602
   0.850      1.821686
   0.854      1.825680
   0.857      1.829582
   0.861      1.833392
   0.864      1.837107
   0.868      1.840728
   0.871      1.844251
   0.875      1.847677
   0.878      1.851004
   0.882      1.854231
   0.885      1.857357
   0.889      1.860381
   0.892      1.863301
   0.896      1.866116
   0.899      1.868826
   0.903      1.871429
   0.906      1.873924
   0.910      1.876310
   0.913      1.878587
   0.917      1.880754
   0.920      1.882808
   0.924      1.884751
   0.927      1.886580
   0.931      1.888295
   0.934      1.889894
   0.938      1.891379
   0.941      1.892746
   0.945      1.893997
   0.948      1.895129
   0.952      1.896144
   0.955      1.897038
   0.959      1.897813
   0.962      1.898468
   0.966      1.899002
   0.969      1.899414
   0.973      1.899704
   0.976      1.899872
   0.980      1.899917
   0.983      1.899839
   0.987      1.899638
   0.990      1.899312
   0.994      1.898863
   0.997      1.898289
   1.001      1.897590
   1.004      1.896766
   1.008      1.895818
   1.011      1.894744
   1.015      1.893545
   1.018      1.892220
   1.022      1.890771
   1.025      1.889196
   1.029      1.887495
   1.032      1.885669
   1.036      1.883718
   1.039      1.881642
   1.043      1.879441
   1.046      1.877115
   1.050      1.874665
   1.053      1.872090
   1.057      1.869391
   1.060      1.866569
   1.064      1.863623
   1.067      1.860554
   1.071      1.857362
   1.074      1.854048
   1.078      1.850612
   1.081      1.847055
   1.085      1.843377
   1.088      1.839579
   1.092      1.835661
   1.095      1.831624
   1.099      1.827469
   1.102      1.823195
   1.106      1.818804
   1.109      1.814297
   1.113      1.809673
   1.116      1.804935
   1.120      1.800082
   1.123      1.795116
   1.127      1.790037
   1.130      1.784845
   1.134      1.779543
   1.137      1.774130
   1.141      1.768608
   1.144      1.762978
   1.148      1.757240
   1.151      1.751395
   1.155      1.745444
   1.158      1.739389
   1.162      1.733231
   1.165      1.726969
   1.169      1.720606
   1.172      1.714142
   1.176      1.707579
   1.179      1.700917
   1.183      1.694157
   1.186      1.687302
   1.190      1.680351
   1.193      1.673306
   1.197      1.666168
   1.200      1.658938
   1.204      1.651618
   1.207      1.644208
   1.211      1.636710
   1.214      1.629124
   1.218      1.621453
   1.221      1.613697
   1.225      1.605857
   1.228      1.597935
   1.232      1.589932
   1.235      1.581849
   1.239      1.573688
   1.242      1.565449
   1.246      1.557134
   1.249      1.548743
   1.253      1.540280
   1.256      1.531743
   1.260      1.523136
   1.263      1.514459
   1.267      1.505713
   1.270      1.496899
   1.274      1.488019
   1.277      1.479075
   1.281      1.470067
   1.284      1.460996
   1.288      1.451865
   1.291      1.442673
   1.295      1.433423
   1.298      1.424115
   1.302      1.414752
   1.305      1.405333
   1.309      1.395861
   1.312      1.386337
   1.316      1.376761
   1.319      1.367136
   1.323      1.357462
   1.326      1.347740
   1.330      1.337973
   1.333      1.328160
   1.337      1.318304
   1.340      1.308405
   1.344      1.298465
   1.347      1.288484
   1.351      1.278465
   1.354      1.268408
   1.358      1.258314
   1.361      1.248185
   1.365      1.238022
   1.368      1.227825
   1.372      1.217597
   1.375      1.207338
   1.379      1.197049
   1.382      1.186732
   1.386      1.176388
   1.389      1.166017
   1.393      1.155621
   1.396      1.145201
   1.400      1.134758
   1.403      1.124293
   1.407      1.113808
   1.410      1.103302
   1.414      1.092778
   1.417      1.082237
   1.421      1.071679
   1.425      1.061105
   1.428      1.050517
   1.432      1.039915
   1.435      1.029301
   1.439      1.018675
   1.442      1.008039
   1.446      0.997393
   1.449      0.986739
   1.453      0.976077
   1.456      0.965409
   1.460      0.954735
   1.463      0.944056
   1.467      0.933373
   1.470      0.922688
   1.474      0.912000
   1.477      0.901312
   1.481      0.890623
   1.484      0.879935
   1.488      0.869248
   1.491      0.858564
   1.495      0.847883
   1.498      0.837206
   1.502      0.826534
   1.505      0.815868
   1.509      0.805208
   1.512      0.794556
   1.516      0.783912
   1.519      0.773277
   1.523      0.762651
   1.526      0.752036
   1.530      0.741433
   1.533      0.730841
   1.537      0.720263
   1.540      0.709697
   1.544      0.699146
   1.547      0.688610
   1.551      0.678090
   1.554      0.667586
   1.558      0.657099
   1.561      0.646629
   1.565      0.636178
   1.568      0.625746
   1.572      0.615334
   1.575      0.604942
   1.579      0.594572
   1.582      0.584222
   1.586      0.573896
   1.589      0.563591
   1.593      0.553311
   1.596      0.543054
   1.600      0.532822
   1.603      0.522616
   1.607      0.512435
   1.610      0.502280
   1.614      0.492153
   1.617      0.482052
   1.621      0.471980
   1.624      0.461937
   1.628      0.451922
   1.631      0.441937
   1.635      0.431982
   1.638      0.422058
   1.642      0.412164
   1.645      0.402302
   1.649      0.392473
   1.652      0.382675
   1.656      0.372911
   1.659      0.363180
   1.663      0.353483
   1.666      0.343820
   1.670      0.334192
   1.673      0.324599
   1.677      0.315042
   1.680      0.305520
   1.684      0.296035
   1.687      0.286587
   1.691      0.277176
   1.694      0.267802
   1.698      0.258466
   1.701      0.249169
   1.705      0.239910
   1.708      0.230690
   1.712      0.221509
   1.715      0.212368
   1.719      0.203268
   1.722      0.194207
   1.726      0.185187
   1.729      0.176208
   1.733      0.167270
   1.736      0.158374
   1.740      0.149519
   1.743      0.140707
   1.747      0.131937
   1.750      0.123210
   1.754      0.114526
   1.757      0.105885
   1.761      0.097287
   1.764      0.088733
   1.768      0.080224
   1.771      0.071758
   1.775      0.063337
   1.778      0.054960
   1.782      0.046628
   1.785      0.038342
   1.789      0.030100
   1.792      0.021904
   1.796      0.013754
   1.799      0.005650
   1.803     -0.002409
   1.806     -0.010421
   1.810     -0.018386
   1.813     -0.026305
   1.817     -0.034178
   1.820     -0.042003
   1.824     -0.049782
   1.827     -0.057513
   1.831     -0.065197
   1.834     -0.072833
   1.838     -0.080422
   1.841     -0.087963
   1.845     -0.095456
   1.848     -0.102902
   1.852     -0.110299
   1.855     -0.117648
   1.859     -0.124949
   1.862     -0.132201
   1.866     -0.139405
   1.869     -0.146560
   1.873     -0.153667
   1.876     -0.160725
   1.880     -0.167734
   1.883     -0.174695
   1.887     -0.181606
   1.890     -0.188469
   1.894     -0.195282
   1.897     -0.202047
   1.901     -0.208762
   1.904     -0.215428
   1.908     -0.222045
   1.911     -0.228613
   1.915     -0.235132
   1.918     -0.241601
   1.922     -0.248021
   1.925     -0.254392
   1.929     -0.260713
   1.932     -0.266985
   1.936     -0.273207
   1.939     -0.279381
   1.943     -0.285505
   1.946     -0.291579
   1.950     -0.297605
   1.953     -0.303581
   1.957     -0.309507
   1.960     -0.315385
   1.964     -0.321213
   1.967     -0.326992
   1.971     -0.332722
   1.974     -0.338403
   1.978     -0.344035
   1.981     -0.349617
   1.985     -0.355151
   1.988     -0.360636
   1.992     -0.366071
   1.995     -0.371458
   1.999     -0.376797
   2.002     -0.382086
   2.006     -0.387327
   2.009     -0.392519
   2.013     -0.397663
   2.016     -0.402758
   2.020     -0.407805
   2.023     -0.412804
   2.027     -0.417754
   2.030     -0.422656
   2.034     -0.427511
   2.037     -0.432317
   2.041     -0.437076
   2.044     -0.441787
   2.048     -0.446450
   2.051     -0.451066
   2.055     -0.455634
   2.058     -0.460155
   2.062     -0.464629
   2.065     -0.469056
   2.069     -0.473436
   2.072     -0.477769
   2.076     -0.482055
   2.079     -0.486294
   2.083     -0.490488
   2.086     -0.494634
   2.090     -0.498735
   2.093     -0.502790
   2.097     -0.506798
   2.100     -0.510761
   2.104     -0.514678
   2.107     -0.518549
   2.111     -0.522375
   2.114     -0.526156
   2.118     -0.529892
   2.121     -0.533583
   2.125     -0.537229
   2.128     -0.540830
   2.132     -0.544387
   2.135     -0.547900
   2.139     -0.551368
   2.142     -0.554792
   2.146     -0.558173
   2.149     -0.561510
   2.153     -0.564803
   2.156     -0.568053
   2.160     -0.571259
   2.163     -0.574423
   2.167     -0.577544
   2.170     -0.580622
   2.174     -0.583657
   2.177     -0.586651
   2.181     -0.589602
   2.184     -0.592511
   2.188     -0.595378
   2.191     -0.598204
   2.195     -0.600988
   2.198     -0.603731
   2.202     -0.606433
   2.205     -0.609093
   2.208     -0.611714
   2.212     -0.614293
   2.215     -0.616833
   2.219     -0.619332
   2.222     -0.621791
   2.226     -0.624211
   2.229     -0.626591
   2.233     -0.628931
   2.236     -0.631233
   2.240     -0.633495
   2.243     -0.635719
   2.247     -0.637904
   2.250     -0.640051
   2.254     -0.642159
   2.257     -0.644230
   2.261     -0.646262
   2.264     -0.648258
   2.268     -0.650215
   2.271     -0.652136
   2.275     -0.654019
   2.278     -0.655866
   2.282     -0.657676
   2.285     -0.659450
   2.289     -0.661188
   2.292     -0.662890
   2.296     -0.664556
   2.299     -0.666186
   2.303     -0.667781
   2.306     -0.669341
   2.310     -0.670866
   2.313     -0.672357
   2.317     -0.673813
   2.320     -0.675234
   2.324     -0.676622
   2.327     -0.677975
   2.331     -0.679295
   2.334     -0.680582
   2.338     -0.681835
   2.341     -0.683056
   2.345     -0.684243
   2.348     -0.685398
   2.352     -0.686520
   2.355     -0.687611
   2.359     -0.688669
   2.362     -0.689696
   2.366     -0.690691
   2.369     -0.691654
   2.373     -0.692587
   2.376     -0.693489
   2.380     -0.694360
   2.383     -0.695200
   2.387     -0.696011
   2.390     -0.696791
   2.394     -0.697541
   2.397     -0.698262
   2.401     -0.698954
   2.404     -0.699616
   2.408     -0.700249
   2.411     -0.700854
   2.415     -0.701429
   2.418     -0.701977
   2.422     -0.702496
   2.425     -0.702988
   2.429     -0.703452
   2.432     -0.703888
   2.436     -0.704297
   2.439     -0.704679
   2.443     -0.705034
   2.446     -0.705362
   2.450     -0.705664
   2.453     -0.705940
   2.457     -0.706189
   2.460     -0.706413
   2.464     -0.706611
   2.467     -0.706784
   2.471     -0.706932
   2.474     -0.707054
   2.478     -0.707152
   2.481     -0.707225
   2.485     -0.707274
   2.488     -0.707299
   2.492     -0.707300
   2.495     -0.707277
   2.499     -0.707230
   2.502     -0.707160
   2.506     -0.707067
   2.509     -0.706951
   2.513     -0.706813
   2.516     -0.706651
   2.520     -0.706468
   2.523     -0.706262
   2.527     -0.706035
   2.530     -0.705785
   2.534     -0.705514
   2.537     -0.705222
   2.541     -0.704909
   2.544     -0.704574
   2.548     -0.704219
   2.551     -0.703844
   2.555     -0.703448
   2.558     -0.703032
   2.562     -0.702596
   2.565     -0.702140
   2.569     -0.701664
   2.572     -0.701170
   2.576     -0.700656
   2.579     -0.700123
   2.583     -0.699571
   2.586     -0.699000
   2.590     -0.698411
   2.593     -0.697804
   2.597     -0.697179
   2.600     -0.696536
   2.604     -0.695875
   2.607     -0.695197
   2.611     -0.694502
   2.614     -0.693789
   2.618     -0.693059
   2.621     -0.692313
   2.625     -0.691550
   2.628     -0.690771
   2.632     -0.689975
   2.635     -0.689163
   2.639     -0.688336
   2.642     -0.687492
   2.646     -0.686634
   2.649     -0.685760
   2.653     -0.684870
   2.656     -0.683966
   2.660     -0.683047
   2.663     -0.682113
   2.667     -0.681165
   2.670     -0.680203
   2.674     -0.679226
   2.677     -0.678235
   2.681     -0.677231
   2.684     -0.676213
   2.688     -0.675181
   2.691     -0.674137
   2.695     -0.673079
   2.698     -0.672008
   2.702     -0.670924
   2.705     -0.669828
   2.709     -0.668719
   2.712     -0.667598
   2.716     -0.666464
   2.719     -0.665319
   2.723     -0.664162
   2.726     -0.662993
   2.730     -0.661812
   2.733     -0.660620
   2.737     -0.659417
   2.740     -0.658203
   2.744     -0.656978
   2.747     -0.655742
   2.751     -0.654496
   2.754     -0.653239
   2.758     -0.651972
   2.761     -0.650694
   2.765     -0.649407
   2.768     -0.648110
   2.772     -0.646803
   2.775     -0.645486
   2.779     -0.644160
   2.782     -0.642824
   2.786     -0.641480
   2.789     -0.640126
   2.793     -0.638764
   2.796     -0.637392
   2.800     -0.636013
   2.803     -0.634624
   2.807     -0.633228
   2.810     -0.631823
   2.814     -0.630410
   2.817     -0.628989
   2.821     -0.627560
   2.824     -0.626124
   2.828     -0.624680
   2.831     -0.623228
   2.835     -0.621770
   2.838     -0.620304
   2.842     -0.618831
   2.845     -0.617352
   2.849     -0.615865
   2.852     -0.614372
   2.856     -0.612872
   2.859     -0.611366
   2.863     -0.609854
   2.866     -0.608335
   2.870     -0.606811
   2.873     -0.605280
   2.877     -0.603744
   2.880     -0.602202
   2.884     -0.600654
   2.887     -0.599101
   2.891     -0.597542
   2.894     -0.595979
   2.898     -0.594410
   2.901     -0.592836
   2.905     -0.591257
   2.908     -0.589674
   2.912     -0.588086
   2.915     -0.586493
   2.919     -0.584896
   2.922     -0.583294
   2.926     -0.581688
   2.929     -0.580078
   2.933     -0.578464
   2.936     -0.576846
   2.940     -0.575224
   2.943     -0.573598
   2.947     -0.571969
   2.950     -0.570336
   2.954     -0.568700
   2.957     -0.567060
   2.961     -0.565417
   2.964     -0.563771
   2.968     -0.562122
   2.971     -0.560470
   2.975     -0.558815
   2.978     -0.557157
   2.982     -0.555496
   2.985     -0.553833
   2.989     -0.552168
   2.992     -0.550500
   2.996     -0.548829
   2.999     -0.547157
   3.003     -0.545482
   3.006     -0.543805
   3.010     -0.542126
   3.013     -0.540446
   3.017     -0.538763
   3.020     -0.537079
   3.024     -0.535393
   3.027     -0.533705
   3.031     -0.532016
   3.034     -0.530326
   3.038     -0.528634
   3.041     -0.526941
   3.045     -0.525246
   3.048     -0.523551
   3.052     -0.521855
   3.055     -0.520157
   3.059     -0.518459
   3.062     -0.516760
   3.066     -0.515060
   3.069     -0.513360
   3.073     -0.511658
   3.076     -0.509957
   3.080     -0.508255
   3.083     -0.506552
   3.087     -0.504850
   3.090     -0.503147
   3.094     -0.501443
   3.097     -0.499740
   3.101     -0.498037
   3.104     -0.496333
   3.108     -0.494630
   3.111     -0.492927
   3.115     -0.491224
   3.118     -0.489521
   3.122     -0.487819
   3.125     -0.486117
   3.129     -0.484415
   3.132     -0.482714
   3.136     -0.481014
   3.139     -0.479314
   3.143     -0.477615
   3.146     -0.475916
   3.150     -0.474218
   3.153     -0.472521
   3.157     -0.470826
   3.160     -0.469130
   3.164     -0.467436
   3.167     -0.465743
   3.171     -0.464052
   3.174     -0.462361
   3.178     -0.460671
   3.181     -0.458983
   3.185     -0.457296
   3.188     -0.455611
   3.192     -0.453926
   3.195     -0.452244
   3.199     -0.450562
   3.202     -0.448883
   3.206     -0.447204
   3.209     -0.445528
   3.213     -0.443853
   3.216     -0.442180
   3.220     -0.440509
   3.223     -0.438839
   3.227     -0.437171
   3.230     -0.435505
   3.234     -0.433842
   3.237     -0.432180
   3.241     -0.430520
   3.244     -0.428862
   3.248     -0.427206
   3.251     -0.425552
   3.255     -0.423901
   3.258     -0.422251
   3.262     -0.420604
   3.265     -0.418960
   3.269     -0.417317
   3.272     -0.415677
   3.276     -0.414039
   3.279     -0.412404
   3.283     -0.410771
   3.286     -0.409140
   3.290     -0.407512
   3.293     -0.405887
   3.297     -0.404264
   3.300     -0.402644
   3.304     -0.401026
   3.307     -0.399411
   3.311     -0.397799
   3.314     -0.396189
   3.318     -0.394582
   3.321     -0.392978
   3.325     -0.391377
   3.328     -0.389779
   3.332     -0.388183
   3.335     -0.386590
   3.339     -0.385000
   3.342     -0.383414
   3.346     -0.381830
   3.349     -0.380249
   3.353     -0.378671
   3.356     -0.377096
   3.360     -0.375524
   3.363     -0.373955
   3.367     -0.372390
   3.370     -0.370827
   3.374     -0.369268
   3.377     -0.367712
   3.381     -0.366158
   3.384     -0.364609
   3.388     -0.363062
   3.391     -0.361518
   3.395     -0.359978
   3.398     -0.358441
   3.402     -0.356908
   3.405     -0.355377
   3.409     -0.353851
   3.412     -0.352327
   3.416     -0.350807
   3.419     -0.349290
   3.423     -0.347776
   3.426     -0.346266
   3.430     -0.344759
   3.433     -0.343256
   3.437     -0.341756
   3.440     -0.340260
   3.444     -0.338767
   3.447     -0.337278
   3.451     -0.335792
   3.454     -0.334310
   3.458     -0.332831
   3.461     -0.331356
   3.465     -0.329884
   3.468     -0.328416
   3.472     -0.326951
   3.475     -0.325490
   3.479     -0.324033
   3.482     -0.322579
   3.486     -0.321129
   3.489     -0.319682
   3.493     -0.318239
   3.496     -0.316800
   3.500     -0.315364
   3.503     -0.313932
   3.507     -0.312504
   3.510     -0.311079
   3.514     -0.309658
   3.517     -0.308241
   3.521     -0.306828
   3.524     -0.305418
   3.528     -0.304012
   3.531     -0.302609
   3.535     -0.301210
   3.538     -0.299815
   3.542     -0.298424
   3.545     -0.297036
   3.549     -0.295653
   3.552     -0.294272
   3.556     -0.292896
   3.559     -0.291524
   3.563     -0.290155
   3.566     -0.288790
   3.570     -0.287428
   3.573     -0.286071
   3.577     -0.284717
   3.580     -0.283367
   3.584     -0.282021
   3.587     -0.280678
   3.591     -0.279339
   3.594     -0.278004
   3.598     -0.276673
   3.601     -0.275346
   3.605     -0.274022
   3.608     -0.272702
   3.612     -0.271386
   3.615     -0.270074
   3.619     -0.268765
   3.622     -0.267460
   3.626     -0.266160
   3.629     -0.264862
   3.633     -0.263569
   3.636     -0.262279
   3.640     -0.260993
   3.643     -0.259711
   3.647     -0.258433
   3.650     -0.257158
   3.654     -0.255888
   3.657     -0.254620
   3.661     -0.253357
   3.664     -0.252098
   3.668     -0.250842
   3.671     -0.249590
   3.675     -0.248342
   3.678     -0.247097
   3.682     -0.245856
   3.685     -0.244619
   3.689     -0.243386
   3.692     -0.242156
   3.696     -0.240931
   3.699     -0.239709
   3.703     -0.238490
   3.706     -0.237276
   3.710     -0.236065
   3.713     -0.234857
   3.717     -0.233654
   3.720     -0.232454
   3.724     -0.231258
   3.727     -0.230065
   3.731     -0.228877
   3.734     -0.227692
   3.738     -0.226510
   3.741     -0.225332
   3.745     -0.224158
   3.748     -0.222988
   3.752     -0.221821
   3.755     -0.220658
   3.759     -0.219498
   3.762     -0.218343
   3.766     -0.217190
   3.769     -0.216042
   3.773     -0.214897
   3.776     -0.213755
   3.780     -0.212617
   3.783     -0.211483
   3.787     -0.210353
   3.790     -0.209225
   3.794     -0.208102
   3.797     -0.206982
   3.801     -0.205866
   3.804     -0.204753
   3.808     -0.203643
   3.811     -0.202538
   3.815     -0.201435
   3.818     -0.200337
   3.822     -0.199241
   3.825     -0.198150
   3.829     -0.197061
   3.832     -0.195977
   3.836     -0.194895
   3.839     -0.193818
   3.843     -0.192743
   3.846     -0.191672
   3.850     -0.190605
   3.853     -0.189541
   3.857     -0.188480
   3.860     -0.187423
   3.864     -0.186369
   3.867     -0.185318
   3.871     -0.184271
   3.874     -0.183228
   3.878     -0.182187
   3.881     -0.181150
   3.885     -0.180117
   3.888     -0.179086
   3.892     -0.178060
   3.895     -0.177036
   3.899     -0.176016
   3.902     -0.174999
   3.906     -0.173985
   3.909     -0.172974
   3.913     -0.171967
   3.916     -0.170963
   3.920     -0.169963
   3.923     -0.168965
   3.927     -0.167971
   3.930     -0.166980
   3.934     -0.165992
   3.937     -0.165007
   3.941     -0.164026
   3.944     -0.163048
   3.948     -0.162073
   3.951     -0.161101
   3.955     -0.160132
   3.958     -0.159167
   3.962     -0.158204
   3.965     -0.157245
   3.969     -0.156288
   3.972     -0.155335
   3.976     -0.154385
   3.979     -0.153438
   3.983     -0.152494
   3.986     -0.151553
   3.990     -0.150615
   3.993     -0.149680
   3.997     -0.148749
   4.000     -0.147820
   4.004     -0.146894
   4.007     -0.145971
   4.011     -0.145051
   4.014     -0.144134
   4.018     -0.143221
   4.021     -0.142310
   4.025     -0.141401
   4.028     -0.140496
   4.032     -0.139594
   4.035     -0.138695
   4.039     -0.137798
   4.042     -0.136905
   4.046     -0.136014
   4.049     -0.135126
   4.053     -0.134241
   4.056     -0.133359
   4.060     -0.132480
   4.063     -0.131603
   4.067     -0.130729
   4.070     -0.129858
   4.074     -0.128990
   4.077     -0.128125
   4.081     -0.127262
   4.084     -0.126402
   4.088     -0.125545
   4.091     -0.124690
   4.095     -0.123838
   4.098     -0.122989
   4.102     -0.122143
   4.105     -0.121299
   4.109     -0.120458
   4.112     -0.119620
   4.116     -0.118784
   4.119     -0.117951
   4.123     -0.117120
   4.126     -0.116292
   4.130     -0.115467
   4.133     -0.114644
   4.137     -0.113824
   4.140     -0.113007
   4.144     -0.112191
   4.147     -0.111379
   4.151     -0.110569
   4.154     -0.109761
   4.158     -0.108956
   4.161     -0.108154
   4.165     -0.107354
   4.168     -0.106556
   4.172     -0.105761
   4.175     -0.104969
   4.179     -0.104179
   4.182     -0.103391
   4.186     -0.102605
   4.189     -0.101822
   4.193     -0.101042
   4.196     -0.100264
   4.200     -0.099488
   4.203     -0.098714
   4.207     -0.097943
   4.210     -0.097174
   4.214     -0.096408
   4.217     -0.095644
   4.221     -0.094882
   4.224     -0.094122
   4.228     -0.093365
   4.231     -0.092610
   4.235     -0.091857
   4.238     -0.091107
   4.242     -0.090359
   4.245     -0.089612
   4.249     -0.088869
   4.252     -0.088127
   4.256     -0.087387
   4.259     -0.086650
   4.263     -0.085915
   4.266     -0.085182
   4.270     -0.084451
   4.273     -0.083723
   4.277     -0.082996
   4.280     -0.082272
   4.284     -0.081549
   4.287     -0.080829
   4.291     -0.080111
   4.294     -0.079395
   4.298     -0.078681
   4.301     -0.077969
   4.305     -0.077259
   4.308     -0.076551
   4.312     -0.075845
   4.315     -0.075141
   4.319     -0.074439
   4.322     -0.073739
   4.326     -0.073041
   4.329     -0.072345
   4.333     -0.071650
   4.336     -0.070958
   4.340     -0.070268
   4.343     -0.069580
   4.347     -0.068893
   4.350     -0.068209
   4.354     -0.067526
   4.357     -0.066845
   4.361     -0.066166
   4.364     -0.065489
   4.368     -0.064814
   4.371     -0.064141
   4.375     -0.063469
   4.378     -0.062799
   4.382     -0.062131
   4.385     -0.061465
   4.389     -0.060801
   4.392     -0.060138
   4.396     -0.059477
   4.399     -0.058818
   4.403     -0.058161
   4.406     -0.057505
   4.410     -0.056851
   4.413     -0.056199
   4.417     -0.055548
   4.420     -0.054899
   4.424     -0.054252
   4.427     -0.053606
   4.431     -0.052962
   4.434     -0.052320
   4.438     -0.051679
   4.441     -0.051040
   4.445     -0.050403
   4.448     -0.049767
   4.452     -0.049133
   4.455     -0.048500
   4.459     -0.047869
   4.462     -0.047240
   4.466     -0.046612
   4.469     -0.045985
   4.473     -0.045360
   4.476     -0.044737
   4.480     -0.044115
   4.483     -0.043495
   4.487     -0.042876
   4.490     -0.042258
   4.494     -0.041642
   4.497     -0.041028
   4.501     -0.040415
   4.504     -0.039803
   4.508     -0.039193
   4.511     -0.038584
   4.515     -0.037977
   4.518     -0.037371
   4.522     -0.036767
   4.525     -0.036163
   4.529     -0.035562
   4.532     -0.034961
   4.536     -0.034362
   4.539     -0.033764
   4.543     -0.033168
   4.546     -0.032573
   4.550     -0.031979
   4.553     -0.031387
   4.557     -0.030795
   4.560     -0.030206
   4.564     -0.029617
   4.567     -0.029030
   4.571     -0.028443
   4.574     -0.027859
   4.578     -0.027275
   4.581     -0.026693
   4.585     -0.026111
   4.588     -0.025531
   4.592     -0.024953
   4.595     -0.024375
   4.599     -0.023799
   4.602     -0.023223
   4.606     -0.022649
   4.609     -0.022076
   4.613     -0.021505
   4.616     -0.020934
   4.620     -0.020365
   4.623     -0.019796
   4.627     -0.019229
   4.630     -0.018663
   4.634     -0.018098
   4.637     -0.017534
   4.641     -0.016971
   4.644     -0.016409
   4.648     -0.015848
   4.651     -0.015288
   4.655     -0.014729
   4.658     -0.014171
   4.662     -0.013615
   4.665     -0.013059
   4.669     -0.012504
   4.672     -0.011951
   4.676     -0.011398
   4.679     -0.010846
   4.683     -0.010295
   4.686     -0.009745
   4.690     -0.009196
   4.693     -0.008648
   4.697     -0.008101
   4.700     -0.007555
   4.704     -0.007010
   4.707     -0.006465
   4.711     -0.005922
   4.714     -0.005379
   4.718     -0.004838
   4.721     -0.004297
   4.725     -0.003757
   4.728     -0.003218
   4.732     -0.002679
   4.735     -0.002142
   4.739     -0.001605
   4.742     -0.001069
   4.746     -0.000534
   4.749      0.000000
