   0.000     -0.789054
   0.003     -0.788955
   0.007     -0.789042
   0.010     -0.789122
   0.014     -0.789139
   0.017     -0.789213
   0.021     -0.789248
   0.024     -0.789265
   0.028     -0.789301
   0.031     -0.789352
   0.035     -0.789402
   0.038     -0.789454
   0.042     -0.789505
   0.045     -0.789561
   0.049     -0.789646
   0.052     -0.789750
   0.056     -0.789856
   0.059     -0.789966
   0.063     -0.790101
   0.066     -0.790254
   0.069     -0.790415
   0.073     -0.790586
   0.076     -0.790777
   0.080     -0.790988
   0.083     -0.791207
   0.087     -0.791454
   0.090     -0.791717
   0.094     -0.791997
   0.097     -0.792305
   0.101     -0.792619
   0.104     -0.792959
   0.108     -0.793323
   0.111     -0.793696
   0.115     -0.794080
   0.118     -0.794487
   0.122     -0.794907
   0.125     -0.795342
   0.128     -0.795797
   0.132     -0.796265
   0.135     -0.796739
   0.139     -0.797236
   0.142     -0.797742
   0.146     -0.798260
   0.149     -0.798785
   0.153     -0.799318
   0.156     -0.799866
   0.160     -0.800418
   0.163     -0.800973
   0.167     -0.801535
   0.170     -0.802099
   0.174     -0.802664
   0.177     -0.803232
   0.181     -0.803803
   0.184     -0.804366
   0.188     -0.804926
   0.191     -0.805487
   0.194     -0.806038
   0.198     -0.806579
   0.201     -0.807115
   0.205     -0.807645
   0.208     -0.808163
   0.212     -0.808667
   0.215     -0.809162
   0.219     -0.809647
   0.222     -0.810118
   0.226     -0.810577
   0.229     -0.811023
   0.233     -0.811458
   0.236     -0.811879
   0.240     -0.812285
   0.243     -0.812678
   0.247     -0.813060
   0.250     -0.813427
   0.254     -0.813781
   0.257     -0.814124
   0.260     -0.814458
   0.264     -0.814778
   0.267     -0.815086
   0.271     -0.815384
   0.274     -0.815671
   0.278     -0.815951
   0.281     -0.816220
   0.285     -0.816481
   0.288     -0.816733
   0.292     -0.816977
   0.295     -0.817215
   0.299     -0.817447
   0.302     -0.817674
   0.306     -0.817898
   0.309     -0.818116
   0.313     -0.818328
   0.316     -0.818542
   0.319     -0.818752
   0.323     -0.818959
   0.326     -0.819165
   0.330     -0.819371
   0.333     -0.819577
   0.337     -0.819785
   0.340     -0.819995
   0.344     -0.820205
   0.347     -0.820419
   0.351     -0.820636
   0.354     -0.820857
   0.358     -0.821082
   0.361     -0.821313
   0.365     -0.821549
   0.368     -0.821789
   0.372     -0.822038
   0.375     -0.822294
   0.379     -0.822558
   0.382     -0.822830
   0.385     -0.823111
   0.389     -0.823401
   0.392     -0.823699
   0.396     -0.824009
   0.399     -0.824331
   0.403     -0.824663
   0.406     -0.825006
   0.410     -0.825362
   0.413     -0.825731
   0.417     -0.826111
   0.420     -0.826506
   0.424     -0.826915
   0.427     -0.827338
   0.431     -0.827775
   0.434     -0.828229
   0.438     -0.828698
   0.441     -0.829183
   0.445     -0.829685
   0.448     -0.830203
   0.451     -0.830736
   0.455     -0.831289
   0.458     -0.831860
   0.462     -0.832449
   0.465     -0.833056
   0.469     -0.833681
   0.472     -0.834326
   0.476     -0.834991
   0.479     -0.835675
   0.483     -0.836378
   0.486     -0.837102
   0.490     -0.837847
   0.493     -0.838611
   0.497     -0.839396
   0.500     -0.840202
   0.504     -0.841028
   0.507     -0.841876
   0.510     -0.842745
   0.514     -0.843634
   0.517     -0.844545
   0.521     -0.845477
   0.524     -0.846430
   0.528     -0.847405
   0.531     -0.848399
   0.535     -0.849415
   0.538     -0.850451
   0.542     -0.851507
   0.545     -0.852584
   0.549     -0.853680
   0.552     -0.854795
   0.556     -0.855930
   0.559     -0.857084
   0.563     -0.858256
   0.566     -0.859446
   0.570     -0.860652
   0.573     -0.861876
   0.576     -0.863116
   0.580     -0.864372
   0.583     -0.865642
   0.587     -0.866928
   0.590     -0.868225
   0.594     -0.869536
   0.597     -0.870858
   0.601     -0.872191
   0.604     -0.873536
   0.608     -0.874888
   0.611     -0.876249
   0.615     -0.877616
   0.618     -0.878990
   0.622     -0.880370
   0.625     -0.881753
   0.629     -0.883138
   0.632     -0.884525
   0.636     -0.885913
   0.639     -0.887300
   0.642     -0.888685
   0.646     -0.890066
   0.649     -0.891442
   0.653     -0.892811
   0.656     -0.894174
   0.660     -0.895527
   0.663     -0.896871
   0.667     -0.898205
   0.670     -0.899527
   0.674     -0.900837
   0.677     -0.902132
   0.681     -0.903411
   0.684     -0.904671
   0.688     -0.905909
   0.691     -0.907124
   0.695     -0.908315
   0.698     -0.909481
   0.701     -0.910622
   0.705     -0.911735
   0.708     -0.912818
   0.712     -0.913871
   0.715     -0.914892
   0.719     -0.915881
   0.722     -0.916833
   0.726     -0.917749
   0.729     -0.918626
   0.733     -0.919465
   0.736     -0.920263
   0.740     -0.921019
   0.743     -0.921732
   0.747     -0.922398
   0.750     -0.923019
   0.754     -0.923592
   0.757     -0.924116
   0.761     -0.924591
   0.764     -0.925015
   0.767     -0.925384
   0.771     -0.925700
   0.774     -0.925961
   0.778     -0.926166
   0.781     -0.926315
   0.785     -0.926404
   0.788     -0.926432
   0.792     -0.926400
   0.795     -0.926307
   0.799     -0.926152
   0.802     -0.925933
   0.806     -0.925647
   0.809     -0.925296
   0.813     -0.924879
   0.816     -0.924395
   0.820     -0.923844
   0.823     -0.923223
   0.827     -0.922531
   0.830     -0.921768
   0.833     -0.920935
   0.837     -0.920030
   0.840     -0.919053
   0.844     -0.918002
   0.847     -0.916876
   0.851     -0.915677
   0.854     -0.914403
   0.858     -0.913054
   0.861     -0.911630
   0.865     -0.910127
   0.868     -0.908549
   0.872     -0.906894
   0.875     -0.905162
   0.879     -0.903353
   0.882     -0.901466
   0.886     -0.899499
   0.889     -0.897456
   0.892     -0.895334
   0.896     -0.893134
   0.899     -0.890856
   0.903     -0.888498
   0.906     -0.886062
   0.910     -0.883547
   0.913     -0.880954
   0.917     -0.878284
   0.920     -0.875536
   0.924     -0.872707
   0.927     -0.869802
   0.931     -0.866819
   0.934     -0.863760
   0.938     -0.860623
   0.941     -0.857409
   0.945     -0.854118
   0.948     -0.850752
   0.952     -0.847310
   0.955     -0.843794
   0.958     -0.840204
   0.962     -0.836537
   0.965     -0.832798
   0.969     -0.828986
   0.972     -0.825102
   0.976     -0.821147
   0.979     -0.817120
   0.983     -0.813022
   0.986     -0.808855
   0.990     -0.804619
   0.993     -0.800316
   0.997     -0.795946
   1.000     -0.791509
   1.004     -0.787005
   1.007     -0.782438
   1.011     -0.777807
   1.014     -0.773114
   1.018     -0.768359
   1.021     -0.763543
   1.024     -0.758667
   1.028     -0.753732
   1.031     -0.748740
   1.035     -0.743693
   1.038     -0.738589
   1.042     -0.733431
   1.045     -0.728220
   1.049     -0.722957
   1.052     -0.717644
   1.056     -0.712282
   1.059     -0.706871
   1.063     -0.701412
   1.066     -0.695909
   1.070     -0.690362
   1.073     -0.684772
   1.077     -0.679140
   1.080     -0.673467
   1.083     -0.667755
   1.087     -0.662007
   1.090     -0.656223
   1.094     -0.650403
   1.097     -0.644551
   1.101     -0.638665
   1.104     -0.632751
   1.108     -0.626807
   1.111     -0.620835
   1.115     -0.614839
   1.118     -0.608817
   1.122     -0.602772
   1.125     -0.596706
   1.129     -0.590621
   1.132     -0.584516
   1.136     -0.578395
   1.139     -0.572258
   1.143     -0.566107
   1.146     -0.559944
   1.149     -0.553771
   1.153     -0.547588
   1.156     -0.541397
   1.160     -0.535199
   1.163     -0.528997
   1.167     -0.522792
   1.170     -0.516586
   1.174     -0.510379
   1.177     -0.504173
   1.181     -0.497970
   1.184     -0.491772
   1.188     -0.485580
   1.191     -0.479394
   1.195     -0.473217
   1.198     -0.467051
   1.202     -0.460897
   1.205     -0.454756
   1.209     -0.448630
   1.212     -0.442519
   1.215     -0.436426
   1.219     -0.430352
   1.222     -0.424297
   1.226     -0.418264
   1.229     -0.412255
   1.233     -0.406270
   1.236     -0.400309
   1.240     -0.394376
   1.243     -0.388472
   1.247     -0.382596
   1.250     -0.376751
   1.254     -0.370937
   1.257     -0.365157
   1.261     -0.359411
   1.264     -0.353700
   1.268     -0.348026
   1.271     -0.342389
   1.274     -0.336790
   1.278     -0.331232
   1.281     -0.325714
   1.285     -0.320237
   1.288     -0.314804
   1.292     -0.309414
   1.295     -0.304068
   1.299     -0.298767
   1.302     -0.293513
   1.306     -0.288306
   1.309     -0.283147
   1.313     -0.278037
   1.316     -0.272976
   1.320     -0.267965
   1.323     -0.263005
   1.327     -0.258096
   1.330     -0.253239
   1.334     -0.248436
   1.337     -0.243686
   1.340     -0.238989
   1.344     -0.234346
   1.347     -0.229759
   1.351     -0.225226
   1.354     -0.220750
   1.358     -0.216329
   1.361     -0.211965
   1.365     -0.207657
   1.368     -0.203406
   1.372     -0.199213
   1.375     -0.195078
   1.379     -0.191000
   1.382     -0.186980
   1.386     -0.183018
   1.389     -0.179114
   1.393     -0.175269
   1.396     -0.171482
   1.400     -0.167753
   1.403     -0.164082
   1.406     -0.160470
   1.410     -0.156916
   1.413     -0.153421
   1.417     -0.149984
   1.420     -0.146604
   1.424     -0.143283
   1.427     -0.140018
   1.431     -0.136812
   1.434     -0.133663
   1.438     -0.130571
   1.441     -0.127535
   1.445     -0.124556
   1.448     -0.121633
   1.452     -0.118766
   1.455     -0.115954
   1.459     -0.113197
   1.462     -0.110495
   1.465     -0.107846
   1.469     -0.105252
   1.472     -0.102711
   1.476     -0.100222
   1.479     -0.097786
   1.483     -0.095402
   1.486     -0.093069
   1.490     -0.090787
   1.493     -0.088555
   1.497     -0.086373
   1.500     -0.084239
   1.504     -0.082154
   1.507     -0.080116
   1.511     -0.078126
   1.514     -0.076183
   1.518     -0.074286
   1.521     -0.072434
   1.525     -0.070626
   1.528     -0.068863
   1.531     -0.067143
   1.535     -0.065466
   1.538     -0.063830
   1.542     -0.062236
   1.545     -0.060682
   1.549     -0.059168
   1.552     -0.057694
   1.556     -0.056258
   1.559     -0.054860
   1.563     -0.053499
   1.566     -0.052175
   1.570     -0.050886
   1.573     -0.049631
   1.577     -0.048412
   1.580     -0.047225
   1.584     -0.046072
   1.587     -0.044951
   1.591     -0.043861
   1.594     -0.042803
   1.597     -0.041774
   1.601     -0.040775
   1.604     -0.039805
   1.608     -0.038862
   1.611     -0.037947
   1.615     -0.037058
   1.618     -0.036196
   1.622     -0.035358
   1.625     -0.034546
   1.629     -0.033758
   1.632     -0.032993
   1.636     -0.032252
   1.639     -0.031532
   1.643     -0.030834
   1.646     -0.030157
   1.650     -0.029500
   1.653     -0.028864
   1.656     -0.028246
   1.660     -0.027647
   1.663     -0.027066
   1.667     -0.026503
   1.670     -0.025957
   1.674     -0.025427
   1.677     -0.024913
   1.681     -0.024415
   1.684     -0.023931
   1.688     -0.023463
   1.691     -0.023008
   1.695     -0.022566
   1.698     -0.022138
   1.702     -0.021722
   1.705     -0.021319
   1.709     -0.020927
   1.712     -0.020547
   1.716     -0.020177
   1.719     -0.019818
   1.722     -0.019469
   1.726     -0.019130
   1.729     -0.018801
   1.733     -0.018480
   1.736     -0.018168
   1.740     -0.017865
   1.743     -0.017569
   1.747     -0.017282
   1.750     -0.017002
   1.754     -0.016728
   1.757     -0.016462
   1.761     -0.016202
   1.764     -0.015948
   1.768     -0.015701
   1.771     -0.015459
   1.775     -0.015223
   1.778     -0.014993
   1.782     -0.014767
   1.785     -0.014546
   1.788     -0.014330
   1.792     -0.014119
   1.795     -0.013911
   1.799     -0.013708
   1.802     -0.013509
   1.806     -0.013313
   1.809     -0.013121
   1.813     -0.012932
   1.816     -0.012747
   1.820     -0.012565
   1.823     -0.012386
   1.827     -0.012210
   1.830     -0.012036
   1.834     -0.011866
   1.837     -0.011697
   1.841     -0.011532
   1.844     -0.011368
   1.847     -0.011207
   1.851     -0.011048
   1.854     -0.010891
   1.858     -0.010736
   1.861     -0.010583
   1.865     -0.010432
   1.868     -0.010283
   1.872     -0.010135
   1.875     -0.009990
   1.879     -0.009845
   1.882     -0.009703
   1.886     -0.009562
   1.889     -0.009422
   1.893     -0.009284
   1.896     -0.009147
   1.900     -0.009011
   1.903     -0.008877
   1.907     -0.008744
   1.910     -0.008613
   1.913     -0.008483
   1.917     -0.008354
   1.920     -0.008226
   1.924     -0.008099
   1.927     -0.007974
   1.931     -0.007850
   1.934     -0.007727
   1.938     -0.007605
   1.941     -0.007484
   1.945     -0.007364
   1.948     -0.007246
   1.952     -0.007128
   1.955     -0.007012
   1.959     -0.006897
   1.962     -0.006783
   1.966     -0.006670
   1.969     -0.006558
   1.973     -0.006447
   1.976     -0.006338
   1.979     -0.006229
   1.983     -0.006122
   1.986     -0.006015
   1.990     -0.005910
   1.993     -0.005805
   1.997     -0.005702
   2.000     -0.005600
   2.004     -0.005499
   2.007     -0.005399
   2.011     -0.005301
   2.014     -0.005203
   2.018     -0.005107
   2.021     -0.005011
   2.025     -0.004917
   2.028     -0.004824
   2.032     -0.004732
   2.035     -0.004641
   2.038     -0.004551
   2.042     -0.004462
   2.045     -0.004375
   2.049     -0.004288
   2.052     -0.004203
   2.056     -0.004119
   2.059     -0.004035
   2.063     -0.003953
   2.066     -0.003872
   2.070     -0.003793
   2.073     -0.003714
   2.077     -0.003637
   2.080     -0.003560
   2.084     -0.003485
   2.087     -0.003411
   2.091     -0.003337
   2.094     -0.003265
   2.098     -0.003194
   2.101     -0.003124
   2.104     -0.003055
   2.108     -0.002988
   2.111     -0.002921
   2.115     -0.002855
   2.118     -0.002791
   2.122     -0.002727
   2.125     -0.002665
   2.129     -0.002603
   2.132     -0.002543
   2.136     -0.002484
   2.139     -0.002425
   2.143     -0.002368
   2.146     -0.002312
   2.150     -0.002256
   2.153     -0.002202
   2.157     -0.002149
   2.160     -0.002096
   2.164     -0.002045
   2.167     -0.001994
   2.170     -0.001945
   2.174     -0.001896
   2.177     -0.001848
   2.181     -0.001802
   2.184     -0.001755
   2.188     -0.001710
   2.191     -0.001666
   2.195     -0.001623
   2.198     -0.001581
   2.202     -0.001539
   2.205     -0.001499
   2.209     -0.001459
   2.212     -0.001420
   2.216     -0.001382
   2.219     -0.001344
   2.223     -0.001307
   2.226     -0.001272
   2.229     -0.001237
   2.233     -0.001202
   2.236     -0.001169
   2.240     -0.001136
   2.243     -0.001104
   2.247     -0.001072
   2.250     -0.001042
   2.254     -0.001012
   2.257     -0.000982
   2.261     -0.000954
   2.264     -0.000926
   2.268     -0.000898
   2.271     -0.000872
   2.275     -0.000846
   2.278     -0.000820
   2.282     -0.000795
   2.285     -0.000771
   2.289     -0.000748
   2.292     -0.000724
   2.295     -0.000702
   2.299     -0.000680
   2.302     -0.000659
   2.306     -0.000638
   2.309     -0.000617
   2.313     -0.000598
   2.316     -0.000578
   2.320     -0.000560
   2.323     -0.000541
   2.327     -0.000523
   2.330     -0.000506
   2.334     -0.000489
   2.337     -0.000473
   2.341     -0.000457
   2.344     -0.000441
   2.348     -0.000426
   2.351     -0.000411
   2.355     -0.000397
   2.358     -0.000383
   2.361     -0.000369
   2.365     -0.000356
   2.368     -0.000343
   2.372     -0.000331
   2.375     -0.000319
   2.379     -0.000307
   2.382     -0.000296
   2.386     -0.000284
   2.389     -0.000274
   2.393     -0.000263
   2.396     -0.000253
   2.400     -0.000243
   2.403     -0.000234
   2.407     -0.000225
   2.410     -0.000216
   2.414     -0.000207
   2.417     -0.000199
   2.420     -0.000191
   2.424     -0.000183
   2.427     -0.000175
   2.431     -0.000168
   2.434     -0.000161
   2.438     -0.000154
   2.441     -0.000148
   2.445     -0.000141
   2.448     -0.000135
   2.452     -0.000129
   2.455     -0.000123
   2.459     -0.000118
   2.462     -0.000112
   2.466     -0.000107
   2.469     -0.000102
   2.473     -0.000098
   2.476     -0.000093
   2.480     -0.000089
   2.483     -0.000084
   2.486     -0.000080
   2.490     -0.000076
   2.493     -0.000072
   2.497     -0.000069
   2.500     -0.000065
   2.504     -0.000062
   2.507     -0.000059
   2.511     -0.000056
   2.514     -0.000053
   2.518     -0.000050
   2.521     -0.000047
   2.525     -0.000045
   2.528     -0.000042
   2.532     -0.000040
   2.535     -0.000037
   2.539     -0.000035
   2.542     -0.000033
   2.546     -0.000031
   2.549     -0.000029
   2.552     -0.000027
   2.556     -0.000026
   2.559     -0.000024
   2.563     -0.000023
   2.566     -0.000021
   2.570     -0.000020
   2.573     -0.000018
   2.577     -0.000017
   2.580     -0.000016
   2.584     -0.000015
   2.587     -0.000014
   2.591     -0.000013
   2.594     -0.000012
   2.598     -0.000011
   2.601     -0.000010
   2.605     -0.000009
   2.608     -0.000009
   2.611     -0.000008
   2.615     -0.000007
   2.618     -0.000007
   2.622     -0.000006
   2.625     -0.000006
   2.629     -0.000005
   2.632     -0.000005
   2.636     -0.000004
   2.639     -0.000004
   2.643     -0.000003
   2.646     -0.000003
   2.650     -0.000003
   2.653     -0.000002
   2.657     -0.000002
   2.660     -0.000002
   2.664     -0.000002
   2.667     -0.000002
   2.671     -0.000001
   2.674     -0.000001
   2.677     -0.000001
   2.681     -0.000001
   2.684     -0.000001
   2.688     -0.000001
   2.691     -0.000001
   2.695     -0.000001
   2.698      0.000000
   2.702      0.000000
   2.705      0.000000
   2.709      0.000000
   2.712      0.000000
   2.716      0.000000
   2.719      0.000000
   2.723      0.000000
   2.726      0.000000
   2.730      0.000000
   2.733      0.000000
   2.737      0.000000
   2.740      0.000000
   2.743      0.000000
   2.747      0.000000
   2.750      0.000000
   2.754      0.000000
   2.757      0.000000
   2.761      0.000000
   2.764      0.000000
   2.768      0.000000
   2.771      0.000000
   2.775      0.000000
   2.778      0.000000
