   0.000      1.152258
   0.003      1.152257
   0.007      1.152254
   0.010      1.152248
   0.014      1.152241
   0.017      1.152231
   0.021      1.152219
   0.024      1.152204
   0.028      1.152188
   0.031      1.152169
   0.035      1.152148
   0.038      1.152125
   0.042      1.152100
   0.045      1.152072
   0.049      1.152042
   0.052      1.152010
   0.056      1.151975
   0.059      1.151938
   0.063      1.151898
   0.066      1.151856
   0.069      1.151811
   0.073      1.151764
   0.076      1.151715
   0.080      1.151663
   0.083      1.151608
   0.087      1.151550
   0.090      1.151490
   0.094      1.151427
   0.097      1.151361
   0.101      1.151292
   0.104      1.151220
   0.108      1.151146
   0.111      1.151068
   0.115      1.150987
   0.118      1.150903
   0.122      1.150816
   0.125      1.150725
   0.128      1.150631
   0.132      1.150534
   0.135      1.150433
   0.139      1.150328
   0.142      1.150220
   0.146      1.150108
   0.149      1.149992
   0.153      1.149872
   0.156      1.149748
   0.160      1.149620
   0.163      1.149488
   0.167      1.149351
   0.170      1.149210
   0.174      1.149064
   0.177      1.148914
   0.181      1.148759
   0.184      1.148599
   0.188      1.148434
   0.191      1.148263
   0.194      1.148088
   0.198      1.147907
   0.201      1.147720
   0.205      1.147528
   0.208      1.147330
   0.212      1.147126
   0.215      1.146916
   0.219      1.146699
   0.222      1.146476
   0.226      1.146247
   0.229      1.146010
   0.233      1.145767
   0.236      1.145516
   0.240      1.145258
   0.243      1.144993
   0.247      1.144720
   0.250      1.144439
   0.254      1.144150
   0.257      1.143852
   0.260      1.143547
   0.264      1.143232
   0.267      1.142909
   0.271      1.142576
   0.274      1.142234
   0.278      1.141883
   0.281      1.141521
   0.285      1.141150
   0.288      1.140768
   0.292      1.140376
   0.295      1.139973
   0.299      1.139560
   0.302      1.139134
   0.306      1.138698
   0.309      1.138249
   0.313      1.137789
   0.316      1.137316
   0.319      1.136831
   0.323      1.136333
   0.326      1.135821
   0.330      1.135297
   0.333      1.134759
   0.337      1.134207
   0.340      1.133640
   0.344      1.133059
   0.347      1.132464
   0.351      1.131853
   0.354      1.131227
   0.358      1.130586
   0.361      1.129928
   0.365      1.129255
   0.368      1.128564
   0.372      1.127858
   0.375      1.127134
   0.379      1.126393
   0.382      1.125634
   0.385      1.124857
   0.389      1.124063
   0.392      1.123250
   0.396      1.122418
   0.399      1.121568
   0.403      1.120698
   0.406      1.119809
   0.410      1.118900
   0.413      1.117972
   0.417      1.117023
   0.420      1.116054
   0.424      1.115064
   0.427      1.114054
   0.431      1.113023
   0.434      1.111970
   0.438      1.110896
   0.441      1.109801
   0.445      1.108684
   0.448      1.107545
   0.451      1.106384
   0.455      1.105201
   0.458      1.103996
   0.462      1.102769
   0.465      1.101519
   0.469      1.100246
   0.472      1.098951
   0.476      1.097634
   0.479      1.096293
   0.483      1.094930
   0.486      1.093545
   0.490      1.092136
   0.493      1.090705
   0.497      1.089251
   0.500      1.087774
   0.504      1.086275
   0.507      1.084754
   0.510      1.083210
   0.514      1.081643
   0.517      1.080055
   0.521      1.078444
   0.524      1.076812
   0.528      1.075157
   0.531      1.073482
   0.535      1.071785
   0.538      1.070066
   0.542      1.068327
   0.545      1.066568
   0.549      1.064788
   0.552      1.062987
   0.556      1.061167
   0.559      1.059328
   0.563      1.057469
   0.566      1.055592
   0.570      1.053696
   0.573      1.051782
   0.576      1.049850
   0.580      1.047900
   0.583      1.045934
   0.587      1.043951
   0.590      1.041952
   0.594      1.039938
   0.597      1.037908
   0.601      1.035863
   0.604      1.033804
   0.608      1.031730
   0.611      1.029644
   0.615      1.027544
   0.618      1.025432
   0.622      1.023308
   0.625      1.021173
   0.629      1.019027
   0.632      1.016870
   0.636      1.014703
   0.639      1.012527
   0.642      1.010342
   0.646      1.008148
   0.649      1.005947
   0.653      1.003739
   0.656      1.001523
   0.660      0.999301
   0.663      0.997074
   0.667      0.994841
   0.670      0.992604
   0.674      0.990362
   0.677      0.988117
   0.681      0.985869
   0.684      0.983618
   0.688      0.981365
   0.691      0.979110
   0.695      0.976854
   0.698      0.974598
   0.701      0.972341
   0.705      0.970085
   0.708      0.967829
   0.712      0.965575
   0.715      0.963323
   0.719      0.961073
   0.722      0.958825
   0.726      0.956581
   0.729      0.954340
   0.733      0.952103
   0.736      0.949871
   0.740      0.947643
   0.743      0.945421
   0.747      0.943204
   0.750      0.940993
   0.754      0.938788
   0.757      0.936590
   0.761      0.934399
   0.764      0.932215
   0.767      0.930039
   0.771      0.927871
   0.774      0.925711
   0.778      0.923560
   0.781      0.921418
   0.785      0.919285
   0.788      0.917162
   0.792      0.915048
   0.795      0.912944
   0.799      0.910850
   0.802      0.908766
   0.806      0.906694
   0.809      0.904632
   0.813      0.902581
   0.816      0.900541
   0.820      0.898512
   0.823      0.896495
   0.827      0.894490
   0.830      0.892496
   0.833      0.890515
   0.837      0.888545
   0.840      0.886588
   0.844      0.884642
   0.847      0.882710
   0.851      0.880789
   0.854      0.878881
   0.858      0.876986
   0.861      0.875103
   0.865      0.873233
   0.868      0.871376
   0.872      0.869531
   0.875      0.867699
   0.879      0.865880
   0.882      0.864074
   0.886      0.862280
   0.889      0.860499
   0.892      0.858731
   0.896      0.856976
   0.899      0.855233
   0.903      0.853503
   0.906      0.851786
   0.910      0.850081
   0.913      0.848388
   0.917      0.846708
   0.920      0.845040
   0.924      0.843385
   0.927      0.841742
   0.931      0.840110
   0.934      0.838491
   0.938      0.836884
   0.941      0.835289
   0.945      0.833705
   0.948      0.832133
   0.952      0.830572
   0.955      0.829022
   0.958      0.827484
   0.962      0.825957
   0.965      0.824441
   0.969      0.822936
   0.972      0.821441
   0.976      0.819957
   0.979      0.818484
   0.983      0.817020
   0.986      0.815567
   0.990      0.814124
   0.993      0.812691
   0.997      0.811267
   1.000      0.809853
   1.004      0.808448
   1.007      0.807052
   1.011      0.805666
   1.014      0.804288
   1.018      0.802919
   1.021      0.801559
   1.024      0.800207
   1.028      0.798863
   1.031      0.797527
   1.035      0.796200
   1.038      0.794880
   1.042      0.793567
   1.045      0.792262
   1.049      0.790964
   1.052      0.789674
   1.056      0.788390
   1.059      0.787113
   1.063      0.785842
   1.066      0.784578
   1.070      0.783321
   1.073      0.782069
   1.077      0.780823
   1.080      0.779584
   1.083      0.778349
   1.087      0.777121
   1.090      0.775897
   1.094      0.774679
   1.097      0.773466
   1.101      0.772258
   1.104      0.771055
   1.108      0.769856
   1.111      0.768661
   1.115      0.767471
   1.118      0.766285
   1.122      0.765103
   1.125      0.763925
   1.129      0.762751
   1.132      0.761580
   1.136      0.760413
   1.139      0.759249
   1.143      0.758089
   1.146      0.756932
   1.149      0.755777
   1.153      0.754626
   1.156      0.753477
   1.160      0.752331
   1.163      0.751187
   1.167      0.750046
   1.170      0.748907
   1.174      0.747770
   1.177      0.746636
   1.181      0.745503
   1.184      0.744373
   1.188      0.743244
   1.191      0.742117
   1.195      0.740991
   1.198      0.739868
   1.202      0.738745
   1.205      0.737624
   1.209      0.736504
   1.212      0.735386
   1.215      0.734268
   1.219      0.733152
   1.222      0.732036
   1.226      0.730922
   1.229      0.729808
   1.233      0.728695
   1.236      0.727583
   1.240      0.726471
   1.243      0.725360
   1.247      0.724250
   1.250      0.723140
   1.254      0.722030
   1.257      0.720921
   1.261      0.719813
   1.264      0.718704
   1.268      0.717596
   1.271      0.716488
   1.274      0.715380
   1.278      0.714272
   1.281      0.713164
   1.285      0.712057
   1.288      0.710949
   1.292      0.709842
   1.295      0.708734
   1.299      0.707626
   1.302      0.706518
   1.306      0.705411
   1.309      0.704303
   1.313      0.703194
   1.316      0.702086
   1.320      0.700978
   1.323      0.699869
   1.327      0.698760
   1.330      0.697651
   1.334      0.696541
   1.337      0.695432
   1.340      0.694322
   1.344      0.693212
   1.347      0.692101
   1.351      0.690991
   1.354      0.689880
   1.358      0.688769
   1.361      0.687657
   1.365      0.686546
   1.368      0.685434
   1.372      0.684322
   1.375      0.683209
   1.379      0.682097
   1.382      0.680984
   1.386      0.679871
   1.389      0.678757
   1.393      0.677644
   1.396      0.676530
   1.400      0.675416
   1.403      0.674302
   1.406      0.673188
   1.410      0.672074
   1.413      0.670960
   1.417      0.669845
   1.420      0.668730
   1.424      0.667616
   1.427      0.666501
   1.431      0.665386
   1.434      0.664272
   1.438      0.663157
   1.441      0.662042
   1.445      0.660927
   1.448      0.659813
   1.452      0.658698
   1.455      0.657584
   1.459      0.656470
   1.462      0.655356
   1.465      0.654242
   1.469      0.653128
   1.472      0.652015
   1.476      0.650902
   1.479      0.649789
   1.483      0.648676
   1.486      0.647564
   1.490      0.646453
   1.493      0.645341
   1.497      0.644230
   1.500      0.643120
   1.504      0.642010
   1.507      0.640900
   1.511      0.639791
   1.514      0.638683
   1.518      0.637575
   1.521      0.636468
   1.525      0.635361
   1.528      0.634255
   1.531      0.633150
   1.535      0.632045
   1.538      0.630941
   1.542      0.629838
   1.545      0.628736
   1.549      0.627635
   1.552      0.626534
   1.556      0.625435
   1.559      0.624336
   1.563      0.623238
   1.566      0.622142
   1.570      0.621046
   1.573      0.619951
   1.577      0.618858
   1.580      0.617765
   1.584      0.616673
   1.587      0.615583
   1.591      0.614494
   1.594      0.613406
   1.597      0.612319
   1.601      0.611233
   1.604      0.610149
   1.608      0.609066
   1.611      0.607984
   1.615      0.606904
   1.618      0.605825
   1.622      0.604747
   1.625      0.603671
   1.629      0.602596
   1.632      0.601522
   1.636      0.600450
   1.639      0.599380
   1.643      0.598311
   1.646      0.597244
   1.650      0.596178
   1.653      0.595114
   1.656      0.594051
   1.660      0.592990
   1.663      0.591931
   1.667      0.590873
   1.670      0.589817
   1.674      0.588763
   1.677      0.587710
   1.681      0.586659
   1.684      0.585610
   1.688      0.584563
   1.691      0.583518
   1.695      0.582474
   1.698      0.581432
   1.702      0.580392
   1.705      0.579354
   1.709      0.578318
   1.712      0.577284
   1.716      0.576252
   1.719      0.575221
   1.722      0.574193
   1.726      0.573167
   1.729      0.572142
   1.733      0.571120
   1.736      0.570099
   1.740      0.569081
   1.743      0.568065
   1.747      0.567050
   1.750      0.566038
   1.754      0.565028
   1.757      0.564020
   1.761      0.563014
   1.764      0.562010
   1.768      0.561009
   1.771      0.560009
   1.775      0.559012
   1.778      0.558017
   1.782      0.557024
   1.785      0.556033
   1.788      0.555045
   1.792      0.554058
   1.795      0.553074
   1.799      0.552092
   1.802      0.551113
   1.806      0.550135
   1.809      0.549160
   1.813      0.548187
   1.816      0.547216
   1.820      0.546248
   1.823      0.545282
   1.827      0.544318
   1.830      0.543357
   1.834      0.542398
   1.837      0.541441
   1.841      0.540486
   1.844      0.539534
   1.847      0.538584
   1.851      0.537637
   1.854      0.536692
   1.858      0.535749
   1.861      0.534808
   1.865      0.533870
   1.868      0.532935
   1.872      0.532001
   1.875      0.531070
   1.879      0.530142
   1.882      0.529215
   1.886      0.528291
   1.889      0.527370
   1.893      0.526451
   1.896      0.525534
   1.900      0.524620
   1.903      0.523708
   1.907      0.522798
   1.910      0.521891
   1.913      0.520987
   1.917      0.520084
   1.920      0.519184
   1.924      0.518287
   1.927      0.517392
   1.931      0.516499
   1.934      0.515609
   1.938      0.514721
   1.941      0.513835
   1.945      0.512952
   1.948      0.512071
   1.952      0.511193
   1.955      0.510317
   1.959      0.509444
   1.962      0.508573
   1.966      0.507704
   1.969      0.506838
   1.973      0.505974
   1.976      0.505112
   1.979      0.504253
   1.983      0.503397
   1.986      0.502542
   1.990      0.501690
   1.993      0.500841
   1.997      0.499994
   2.000      0.499149
   2.004      0.498307
   2.007      0.497467
   2.011      0.496629
   2.014      0.495794
   2.018      0.494961
   2.021      0.494131
   2.025      0.493302
   2.028      0.492477
   2.032      0.491653
   2.035      0.490832
   2.038      0.490014
   2.042      0.489197
   2.045      0.488383
   2.049      0.487572
   2.052      0.486762
   2.056      0.485955
   2.059      0.485151
   2.063      0.484348
   2.066      0.483548
   2.070      0.482751
   2.073      0.481955
   2.077      0.481162
   2.080      0.480372
   2.084      0.479583
   2.087      0.478797
   2.091      0.478013
   2.094      0.477232
   2.098      0.476452
   2.101      0.475675
   2.104      0.474901
   2.108      0.474128
   2.111      0.473358
   2.115      0.472590
   2.118      0.471824
   2.122      0.471061
   2.125      0.470300
   2.129      0.469541
   2.132      0.468784
   2.136      0.468029
   2.139      0.467277
   2.143      0.466527
   2.146      0.465779
   2.150      0.465033
   2.153      0.464290
   2.157      0.463549
   2.160      0.462809
   2.164      0.462073
   2.167      0.461338
   2.170      0.460605
   2.174      0.459875
   2.177      0.459146
   2.181      0.458420
   2.184      0.457696
   2.188      0.456974
   2.191      0.456255
   2.195      0.455537
   2.198      0.454822
   2.202      0.454108
   2.205      0.453397
   2.209      0.452688
   2.212      0.451981
   2.216      0.451276
   2.219      0.450573
   2.223      0.449872
   2.226      0.449173
   2.229      0.448476
   2.233      0.447782
   2.236      0.447089
   2.240      0.446399
   2.243      0.445710
   2.247      0.445024
   2.250      0.444339
   2.254      0.443657
   2.257      0.442976
   2.261      0.442298
   2.264      0.441621
   2.268      0.440947
   2.271      0.440274
   2.275      0.439604
   2.278      0.438935
   2.282      0.438269
   2.285      0.437604
   2.289      0.436941
   2.292      0.436281
   2.295      0.435622
   2.299      0.434965
   2.302      0.434310
   2.306      0.433657
   2.309      0.433006
   2.313      0.432357
   2.316      0.431709
   2.320      0.431064
   2.323      0.430420
   2.327      0.429779
   2.330      0.429139
   2.334      0.428501
   2.337      0.427865
   2.341      0.427231
   2.344      0.426598
   2.348      0.425968
   2.351      0.425339
   2.355      0.424712
   2.358      0.424087
   2.361      0.423464
   2.365      0.422843
   2.368      0.422223
   2.372      0.421605
   2.375      0.420989
   2.379      0.420375
   2.382      0.419762
   2.386      0.419151
   2.389      0.418542
   2.393      0.417935
   2.396      0.417329
   2.400      0.416726
   2.403      0.416124
   2.407      0.415523
   2.410      0.414925
   2.414      0.414328
   2.417      0.413733
   2.420      0.413139
   2.424      0.412547
   2.427      0.411957
   2.431      0.411369
   2.434      0.410782
   2.438      0.410197
   2.441      0.409613
   2.445      0.409032
   2.448      0.408451
   2.452      0.407873
   2.455      0.407296
   2.459      0.406721
   2.462      0.406147
   2.466      0.405575
   2.469      0.405005
   2.473      0.404436
   2.476      0.403869
   2.480      0.403303
   2.483      0.402739
   2.486      0.402176
   2.490      0.401615
   2.493      0.401056
   2.497      0.400498
   2.500      0.399942
   2.504      0.399387
   2.507      0.398834
   2.511      0.398283
   2.514      0.397732
   2.518      0.397184
   2.521      0.396637
   2.525      0.396091
   2.528      0.395547
   2.532      0.395005
   2.535      0.394463
   2.539      0.393924
   2.542      0.393386
   2.546      0.392849
   2.549      0.392314
   2.552      0.391780
   2.556      0.391248
   2.559      0.390717
   2.563      0.390187
   2.566      0.389659
   2.570      0.389133
   2.573      0.388608
   2.577      0.388084
   2.580      0.387562
   2.584      0.387041
   2.587      0.386521
   2.591      0.386003
   2.594      0.385486
   2.598      0.384971
   2.601      0.384457
   2.605      0.383944
   2.608      0.383433
   2.611      0.382923
   2.615      0.382415
   2.618      0.381908
   2.622      0.381402
   2.625      0.380897
   2.629      0.380394
   2.632      0.379892
   2.636      0.379392
   2.639      0.378893
   2.643      0.378395
   2.646      0.377898
   2.650      0.377403
   2.653      0.376909
   2.657      0.376416
   2.660      0.375925
   2.664      0.375435
   2.667      0.374946
   2.671      0.374458
   2.674      0.373972
   2.677      0.373487
   2.681      0.373003
   2.684      0.372520
   2.688      0.372039
   2.691      0.371559
   2.695      0.371080
   2.698      0.370603
   2.702      0.370126
   2.705      0.369651
   2.709      0.369177
   2.712      0.368705
   2.716      0.368233
   2.719      0.367763
   2.723      0.367294
   2.726      0.366826
   2.730      0.366359
   2.733      0.365894
   2.737      0.365429
   2.740      0.364966
   2.743      0.364504
   2.747      0.364043
   2.750      0.363584
   2.754      0.363125
   2.757      0.362668
   2.761      0.362212
   2.764      0.361757
   2.768      0.361303
   2.771      0.360850
   2.775      0.360398
   2.778      0.359948
