   0.000      0.444816
   0.004      0.444862
   0.007      0.444909
   0.011      0.444987
   0.014      0.445097
   0.018      0.445237
   0.021      0.445409
   0.025      0.445612
   0.028      0.445846
   0.032      0.446112
   0.035      0.446409
   0.039      0.446738
   0.042      0.447097
   0.046      0.447489
   0.049      0.447911
   0.053      0.448366
   0.056      0.448851
   0.060      0.449369
   0.063      0.449918
   0.067      0.450498
   0.070      0.451111
   0.074      0.451755
   0.077      0.452430
   0.081      0.453138
   0.084      0.453877
   0.088      0.454648
   0.091      0.455451
   0.095      0.456286
   0.098      0.457153
   0.102      0.458053
   0.105      0.458984
   0.109      0.459947
   0.112      0.460942
   0.116      0.461970
   0.119      0.463030
   0.123      0.464122
   0.126      0.465247
   0.130      0.466404
   0.133      0.467594
   0.137      0.468816
   0.140      0.470070
   0.144      0.471357
   0.147      0.472677
   0.151      0.474030
   0.154      0.475415
   0.158      0.476833
   0.161      0.478284
   0.165      0.479768
   0.168      0.481285
   0.172      0.482835
   0.175      0.484418
   0.179      0.486034
   0.182      0.487684
   0.186      0.489366
   0.189      0.491082
   0.193      0.492831
   0.196      0.494614
   0.200      0.496430
   0.203      0.498280
   0.207      0.500163
   0.210      0.502079
   0.214      0.504030
   0.217      0.506014
   0.221      0.508032
   0.224      0.510083
   0.228      0.512169
   0.231      0.514289
   0.235      0.516442
   0.238      0.518629
   0.242      0.520851
   0.245      0.523106
   0.249      0.525396
   0.252      0.527720
   0.256      0.530078
   0.259      0.532471
   0.263      0.534898
   0.266      0.537359
   0.270      0.539854
   0.273      0.542384
   0.277      0.544949
   0.280      0.547548
   0.284      0.550181
   0.287      0.552850
   0.291      0.555552
   0.294      0.558290
   0.298      0.561062
   0.301      0.563869
   0.305      0.566710
   0.308      0.569587
   0.312      0.572498
   0.315      0.575444
   0.319      0.578425
   0.322      0.581440
   0.326      0.584490
   0.329      0.587576
   0.333      0.590696
   0.336      0.593851
   0.340      0.597041
   0.343      0.600265
   0.347      0.603525
   0.350      0.606819
   0.354      0.610149
   0.357      0.613513
   0.361      0.616912
   0.364      0.620346
   0.368      0.623814
   0.371      0.627318
   0.375      0.630856
   0.378      0.634429
   0.382      0.638036
   0.385      0.641678
   0.389      0.645355
   0.392      0.649066
   0.396      0.652812
   0.399      0.656593
   0.403      0.660407
   0.406      0.664257
   0.410      0.668140
   0.413      0.672058
   0.417      0.676009
   0.420      0.679995
   0.424      0.684015
   0.427      0.688069
   0.431      0.692156
   0.434      0.696278
   0.438      0.700433
   0.441      0.704621
   0.445      0.708843
   0.448      0.713098
   0.452      0.717386
   0.455      0.721707
   0.459      0.726061
   0.462      0.730448
   0.466      0.734868
   0.469      0.739320
   0.473      0.743804
   0.476      0.748321
   0.480      0.752869
   0.483      0.757449
   0.487      0.762061
   0.490      0.766704
   0.494      0.771379
   0.497      0.776084
   0.501      0.780820
   0.504      0.785587
   0.508      0.790385
   0.511      0.795212
   0.515      0.800069
   0.518      0.804956
   0.522      0.809873
   0.525      0.814818
   0.528      0.819792
   0.532      0.824795
   0.535      0.829827
   0.539      0.834886
   0.542      0.839973
   0.546      0.845087
   0.549      0.850229
   0.553      0.855397
   0.556      0.860592
   0.560      0.865812
   0.563      0.871059
   0.567      0.876331
   0.570      0.881628
   0.574      0.886949
   0.577      0.892295
   0.581      0.897665
   0.584      0.903058
   0.588      0.908474
   0.591      0.913912
   0.595      0.919373
   0.598      0.924856
   0.602      0.930360
   0.605      0.935885
   0.609      0.941430
   0.612      0.946995
   0.616      0.952580
   0.619      0.958183
   0.623      0.963805
   0.626      0.969445
   0.630      0.975102
   0.633      0.980776
   0.637      0.986466
   0.640      0.992173
   0.644      0.997894
   0.647      1.003630
   0.651      1.009380
   0.654      1.015144
   0.658      1.020920
   0.661      1.026709
   0.665      1.032510
   0.668      1.038322
   0.672      1.044144
   0.675      1.049976
   0.679      1.055817
   0.682      1.061667
   0.686      1.067525
   0.689      1.073390
   0.693      1.079261
   0.696      1.085139
   0.700      1.091021
   0.703      1.096908
   0.707      1.102799
   0.710      1.108693
   0.714      1.114589
   0.717      1.120487
   0.721      1.126386
   0.724      1.132285
   0.728      1.138183
   0.731      1.144080
   0.735      1.149975
   0.738      1.155868
   0.742      1.161756
   0.745      1.167640
   0.749      1.173519
   0.752      1.179392
   0.756      1.185259
   0.759      1.191117
   0.763      1.196968
   0.766      1.202809
   0.770      1.208641
   0.773      1.214462
   0.777      1.220271
   0.780      1.226068
   0.784      1.231851
   0.787      1.237621
   0.791      1.243376
   0.794      1.249115
   0.798      1.254838
   0.801      1.260543
   0.805      1.266231
   0.808      1.271899
   0.812      1.277548
   0.815      1.283176
   0.819      1.288783
   0.822      1.294367
   0.826      1.299928
   0.829      1.305466
   0.833      1.310978
   0.836      1.316465
   0.840      1.321926
   0.843      1.327359
   0.847      1.332765
   0.850      1.338141
   0.854      1.343488
   0.857      1.348805
   0.861      1.354090
   0.864      1.359343
   0.868      1.364563
   0.871      1.369750
   0.875      1.374902
   0.878      1.380018
   0.882      1.385099
   0.885      1.390143
   0.889      1.395150
   0.892      1.400118
   0.896      1.405047
   0.899      1.409936
   0.903      1.414784
   0.906      1.419592
   0.910      1.424357
   0.913      1.429080
   0.917      1.433759
   0.920      1.438394
   0.924      1.442984
   0.927      1.447529
   0.931      1.452027
   0.934      1.456479
   0.938      1.460883
   0.941      1.465239
   0.945      1.469547
   0.948      1.473805
   0.952      1.478013
   0.955      1.482170
   0.959      1.486276
   0.962      1.490331
   0.966      1.494333
   0.969      1.498283
   0.973      1.502179
   0.976      1.506021
   0.980      1.509809
   0.983      1.513541
   0.987      1.517219
   0.990      1.520840
   0.994      1.524406
   0.997      1.527914
   1.001      1.531366
   1.004      1.534759
   1.008      1.538095
   1.011      1.541372
   1.015      1.544591
   1.018      1.547750
   1.022      1.550850
   1.025      1.553890
   1.029      1.556870
   1.032      1.559790
   1.036      1.562649
   1.039      1.565446
   1.043      1.568183
   1.046      1.570858
   1.050      1.573471
   1.053      1.576023
   1.057      1.578512
   1.060      1.580939
   1.064      1.583304
   1.067      1.585606
   1.071      1.587845
   1.074      1.590021
   1.078      1.592134
   1.081      1.594184
   1.085      1.596171
   1.088      1.598095
   1.092      1.599955
   1.095      1.601752
   1.099      1.603486
   1.102      1.605156
   1.106      1.606763
   1.109      1.608307
   1.113      1.609787
   1.116      1.611204
   1.120      1.612558
   1.123      1.613849
   1.127      1.615077
   1.130      1.616242
   1.134      1.617344
   1.137      1.618384
   1.141      1.619361
   1.144      1.620275
   1.148      1.621128
   1.151      1.621918
   1.155      1.622646
   1.158      1.623313
   1.162      1.623919
   1.165      1.624463
   1.169      1.624947
   1.172      1.625369
   1.176      1.625732
   1.179      1.626034
   1.183      1.626276
   1.186      1.626459
   1.190      1.626582
   1.193      1.626647
   1.197      1.626653
   1.200      1.626600
   1.204      1.626490
   1.207      1.626322
   1.211      1.626096
   1.214      1.625814
   1.218      1.625476
   1.221      1.625081
   1.225      1.624630
   1.228      1.624124
   1.232      1.623564
   1.235      1.622948
   1.239      1.622279
   1.242      1.621556
   1.246      1.620779
   1.249      1.619950
   1.253      1.619069
   1.256      1.618136
   1.260      1.617151
   1.263      1.616115
   1.267      1.615029
   1.270      1.613892
   1.274      1.612706
   1.277      1.611471
   1.281      1.610188
   1.284      1.608856
   1.288      1.607477
   1.291      1.606050
   1.295      1.604577
   1.298      1.603058
   1.302      1.601493
   1.305      1.599883
   1.309      1.598228
   1.312      1.596529
   1.316      1.594787
   1.319      1.593002
   1.323      1.591173
   1.326      1.589303
   1.330      1.587391
   1.333      1.585439
   1.337      1.583445
   1.340      1.581412
   1.344      1.579339
   1.347      1.577228
   1.351      1.575077
   1.354      1.572889
   1.358      1.570664
   1.361      1.568401
   1.365      1.566102
   1.368      1.563767
   1.372      1.561397
   1.375      1.558992
   1.379      1.556553
   1.382      1.554080
   1.386      1.551573
   1.389      1.549034
   1.393      1.546462
   1.396      1.543859
   1.400      1.541224
   1.403      1.538559
   1.407      1.535863
   1.410      1.533137
   1.414      1.530382
   1.417      1.527598
   1.421      1.524786
   1.425      1.521946
   1.428      1.519078
   1.432      1.516184
   1.435      1.513263
   1.439      1.510316
   1.442      1.507344
   1.446      1.504346
   1.449      1.501324
   1.453      1.498278
   1.456      1.495208
   1.460      1.492115
   1.463      1.488999
   1.467      1.485861
   1.470      1.482701
   1.474      1.479520
   1.477      1.476317
   1.481      1.473094
   1.484      1.469851
   1.488      1.466588
   1.491      1.463305
   1.495      1.460004
   1.498      1.456684
   1.502      1.453347
   1.505      1.449991
   1.509      1.446618
   1.512      1.443228
   1.516      1.439822
   1.519      1.436400
   1.523      1.432961
   1.526      1.429508
   1.530      1.426039
   1.533      1.422556
   1.537      1.419059
   1.540      1.415547
   1.544      1.412022
   1.547      1.408484
   1.551      1.404933
   1.554      1.401370
   1.558      1.397794
   1.561      1.394207
   1.565      1.390608
   1.568      1.386998
   1.572      1.383378
   1.575      1.379746
   1.579      1.376105
   1.582      1.372453
   1.586      1.368793
   1.589      1.365123
   1.593      1.361443
   1.596      1.357756
   1.600      1.354060
   1.603      1.350356
   1.607      1.346644
   1.610      1.342925
   1.614      1.339198
   1.617      1.335465
   1.621      1.331725
   1.624      1.327978
   1.628      1.324226
   1.631      1.320467
   1.635      1.316703
   1.638      1.312934
   1.642      1.309160
   1.645      1.305380
   1.649      1.301597
   1.652      1.297809
   1.656      1.294016
   1.659      1.290220
   1.663      1.286421
   1.666      1.282618
   1.670      1.278811
   1.673      1.275002
   1.677      1.271190
   1.680      1.267376
   1.684      1.263559
   1.687      1.259741
   1.691      1.255920
   1.694      1.252098
   1.698      1.248274
   1.701      1.244449
   1.705      1.240623
   1.708      1.236796
   1.712      1.232969
   1.715      1.229141
   1.719      1.225312
   1.722      1.221484
   1.726      1.217655
   1.729      1.213827
   1.733      1.209999
   1.736      1.206172
   1.740      1.202346
   1.743      1.198520
   1.747      1.194696
   1.750      1.190872
   1.754      1.187051
   1.757      1.183230
   1.761      1.179412
   1.764      1.175595
   1.768      1.171780
   1.771      1.167968
   1.775      1.164158
   1.778      1.160350
   1.782      1.156545
   1.785      1.152743
   1.789      1.148943
   1.792      1.145147
   1.796      1.141353
   1.799      1.137563
   1.803      1.133777
   1.806      1.129993
   1.810      1.126214
   1.813      1.122438
   1.817      1.118666
   1.820      1.114898
   1.824      1.111135
   1.827      1.107375
   1.831      1.103620
   1.834      1.099869
   1.838      1.096123
   1.841      1.092382
   1.845      1.088645
   1.848      1.084913
   1.852      1.081186
   1.855      1.077465
   1.859      1.073748
   1.862      1.070037
   1.866      1.066331
   1.869      1.062630
   1.873      1.058935
   1.876      1.055246
   1.880      1.051562
   1.883      1.047885
   1.887      1.044213
   1.890      1.040547
   1.894      1.036887
   1.897      1.033233
   1.901      1.029586
   1.904      1.025945
   1.908      1.022310
   1.911      1.018682
   1.915      1.015060
   1.918      1.011444
   1.922      1.007836
   1.925      1.004234
   1.929      1.000639
   1.932      0.997051
   1.936      0.993469
   1.939      0.989895
   1.943      0.986328
   1.946      0.982768
   1.950      0.979215
   1.953      0.975669
   1.957      0.972130
   1.960      0.968599
   1.964      0.965075
   1.967      0.961559
   1.971      0.958050
   1.974      0.954549
   1.978      0.951055
   1.981      0.947569
   1.985      0.944091
   1.988      0.940620
   1.992      0.937158
   1.995      0.933703
   1.999      0.930256
   2.002      0.926816
   2.006      0.923385
   2.009      0.919962
   2.013      0.916547
   2.016      0.913140
   2.020      0.909741
   2.023      0.906350
   2.027      0.902967
   2.030      0.899593
   2.034      0.896227
   2.037      0.892869
   2.041      0.889519
   2.044      0.886178
   2.048      0.882845
   2.051      0.879521
   2.055      0.876205
   2.058      0.872897
   2.062      0.869598
   2.065      0.866308
   2.069      0.863026
   2.072      0.859753
   2.076      0.856488
   2.079      0.853232
   2.083      0.849984
   2.086      0.846745
   2.090      0.843515
   2.093      0.840294
   2.097      0.837081
   2.100      0.833877
   2.104      0.830682
   2.107      0.827495
   2.111      0.824317
   2.114      0.821148
   2.118      0.817988
   2.121      0.814837
   2.125      0.811695
   2.128      0.808561
   2.132      0.805436
   2.135      0.802321
   2.139      0.799214
   2.142      0.796116
   2.146      0.793027
   2.149      0.789946
   2.153      0.786875
   2.156      0.783813
   2.160      0.780760
   2.163      0.777715
   2.167      0.774680
   2.170      0.771653
   2.174      0.768636
   2.177      0.765628
   2.181      0.762628
   2.184      0.759638
   2.188      0.756656
   2.191      0.753684
   2.195      0.750720
   2.198      0.747766
   2.202      0.744820
   2.205      0.741884
   2.208      0.738956
   2.212      0.736038
   2.215      0.733129
   2.219      0.730228
   2.222      0.727337
   2.226      0.724454
   2.229      0.721581
   2.233      0.718717
   2.236      0.715861
   2.240      0.713015
   2.243      0.710177
   2.247      0.707349
   2.250      0.704530
   2.254      0.701719
   2.257      0.698918
   2.261      0.696125
   2.264      0.693342
   2.268      0.690567
   2.271      0.687801
   2.275      0.685045
   2.278      0.682297
   2.282      0.679558
   2.285      0.676829
   2.289      0.674108
   2.292      0.671396
   2.296      0.668692
   2.299      0.665998
   2.303      0.663313
   2.306      0.660637
   2.310      0.657969
   2.313      0.655310
   2.317      0.652660
   2.320      0.650019
   2.324      0.647387
   2.327      0.644764
   2.331      0.642149
   2.334      0.639543
   2.338      0.636946
   2.341      0.634358
   2.345      0.631779
   2.348      0.629208
   2.352      0.626646
   2.355      0.624093
   2.359      0.621548
   2.362      0.619012
   2.366      0.616485
   2.369      0.613966
   2.373      0.611457
   2.376      0.608955
   2.380      0.606463
   2.383      0.603979
   2.387      0.601503
   2.390      0.599037
   2.394      0.596578
   2.397      0.594129
   2.401      0.591687
   2.404      0.589255
   2.408      0.586831
   2.411      0.584415
   2.415      0.582008
   2.418      0.579609
   2.422      0.577219
   2.425      0.574837
   2.429      0.572463
   2.432      0.570098
   2.436      0.567742
   2.439      0.565393
   2.443      0.563053
   2.446      0.560722
   2.450      0.558398
   2.453      0.556083
   2.457      0.553776
   2.460      0.551478
   2.464      0.549187
   2.467      0.546905
   2.471      0.544631
   2.474      0.542365
   2.478      0.540108
   2.481      0.537858
   2.485      0.535617
   2.488      0.533384
   2.492      0.531159
   2.495      0.528942
   2.499      0.526733
   2.502      0.524531
   2.506      0.522338
   2.509      0.520153
   2.513      0.517976
   2.516      0.515807
   2.520      0.513646
   2.523      0.511493
   2.527      0.509347
   2.530      0.507210
   2.534      0.505080
   2.537      0.502958
   2.541      0.500844
   2.544      0.498738
   2.548      0.496640
   2.551      0.494549
   2.555      0.492466
   2.558      0.490391
   2.562      0.488323
   2.565      0.486263
   2.569      0.484211
   2.572      0.482166
   2.576      0.480129
   2.579      0.478100
   2.583      0.476078
   2.586      0.474063
   2.590      0.472056
   2.593      0.470057
   2.597      0.468065
   2.600      0.466081
   2.604      0.464104
   2.607      0.462134
   2.611      0.460172
   2.614      0.458217
   2.618      0.456270
   2.621      0.454330
   2.625      0.452397
   2.628      0.450471
   2.632      0.448553
   2.635      0.446642
   2.639      0.444738
   2.642      0.442842
   2.646      0.440952
   2.649      0.439070
   2.653      0.437195
   2.656      0.435327
   2.660      0.433466
   2.663      0.431613
   2.667      0.429766
   2.670      0.427926
   2.674      0.426093
   2.677      0.424268
   2.681      0.422449
   2.684      0.420637
   2.688      0.418832
   2.691      0.417034
   2.695      0.415243
   2.698      0.413459
   2.702      0.411682
   2.705      0.409911
   2.709      0.408147
   2.712      0.406390
   2.716      0.404640
   2.719      0.402897
   2.723      0.401160
   2.726      0.399430
   2.730      0.397706
   2.733      0.395989
   2.737      0.394279
   2.740      0.392576
   2.744      0.390879
   2.747      0.389188
   2.751      0.387504
   2.754      0.385827
   2.758      0.384156
   2.761      0.382491
   2.765      0.380834
   2.768      0.379182
   2.772      0.377537
   2.775      0.375898
   2.779      0.374266
   2.782      0.372640
   2.786      0.371020
   2.789      0.369407
   2.793      0.367799
   2.796      0.366199
   2.800      0.364604
   2.803      0.363015
   2.807      0.361433
   2.810      0.359857
   2.814      0.358287
   2.817      0.356724
   2.821      0.355166
   2.824      0.353614
   2.828      0.352069
   2.831      0.350529
   2.835      0.348996
   2.838      0.347469
   2.842      0.345947
   2.845      0.344432
   2.849      0.342922
   2.852      0.341419
   2.856      0.339921
   2.859      0.338429
   2.863      0.336943
   2.866      0.335463
   2.870      0.333989
   2.873      0.332520
   2.877      0.331058
   2.880      0.329601
   2.884      0.328150
   2.887      0.326704
   2.891      0.325264
   2.894      0.323830
   2.898      0.322402
   2.901      0.320979
   2.905      0.319562
   2.908      0.318150
   2.912      0.316744
   2.915      0.315344
   2.919      0.313949
   2.922      0.312559
   2.926      0.311175
   2.929      0.309797
   2.933      0.308424
   2.936      0.307056
   2.940      0.305694
   2.943      0.304337
   2.947      0.302986
   2.950      0.301640
   2.954      0.300299
   2.957      0.298964
   2.961      0.297634
   2.964      0.296309
   2.968      0.294989
   2.971      0.293675
   2.975      0.292366
   2.978      0.291062
   2.982      0.289763
   2.985      0.288470
   2.989      0.287181
   2.992      0.285898
   2.996      0.284620
   2.999      0.283347
   3.003      0.282079
   3.006      0.280816
   3.010      0.279558
   3.013      0.278305
   3.017      0.277057
   3.020      0.275814
   3.024      0.274576
   3.027      0.273342
   3.031      0.272114
   3.034      0.270891
   3.038      0.269672
   3.041      0.268459
   3.045      0.267250
   3.048      0.266046
   3.052      0.264847
   3.055      0.263653
   3.059      0.262463
   3.062      0.261278
   3.066      0.260098
   3.069      0.258923
   3.073      0.257752
   3.076      0.256586
   3.080      0.255424
   3.083      0.254268
   3.087      0.253116
   3.090      0.251968
   3.094      0.250825
   3.097      0.249687
   3.101      0.248553
   3.104      0.247424
   3.108      0.246299
   3.111      0.245179
   3.115      0.244063
   3.118      0.242951
   3.122      0.241844
   3.125      0.240742
   3.129      0.239644
   3.132      0.238550
   3.136      0.237461
   3.139      0.236376
   3.143      0.235295
   3.146      0.234219
   3.150      0.233147
   3.153      0.232079
   3.157      0.231016
   3.160      0.229957
   3.164      0.228902
   3.167      0.227851
   3.171      0.226804
   3.174      0.225762
   3.178      0.224724
   3.181      0.223690
   3.185      0.222660
   3.188      0.221634
   3.192      0.220613
   3.195      0.219595
   3.199      0.218582
   3.202      0.217572
   3.206      0.216567
   3.209      0.215565
   3.213      0.214568
   3.216      0.213575
   3.220      0.212585
   3.223      0.211600
   3.227      0.210618
   3.230      0.209641
   3.234      0.208667
   3.237      0.207697
   3.241      0.206731
   3.244      0.205769
   3.248      0.204811
   3.251      0.203857
   3.255      0.202906
   3.258      0.201959
   3.262      0.201016
   3.265      0.200077
   3.269      0.199142
   3.272      0.198210
   3.276      0.197282
   3.279      0.196358
   3.283      0.195437
   3.286      0.194520
   3.290      0.193607
   3.293      0.192697
   3.297      0.191791
   3.300      0.190889
   3.304      0.189990
   3.307      0.189095
   3.311      0.188204
   3.314      0.187315
   3.318      0.186431
   3.321      0.185550
   3.325      0.184673
   3.328      0.183799
   3.332      0.182928
   3.335      0.182061
   3.339      0.181198
   3.342      0.180338
   3.346      0.179481
   3.349      0.178628
   3.353      0.177778
   3.356      0.176931
   3.360      0.176088
   3.363      0.175249
   3.367      0.174412
   3.370      0.173579
   3.374      0.172749
   3.377      0.171923
   3.381      0.171100
   3.384      0.170280
   3.388      0.169463
   3.391      0.168650
   3.395      0.167840
   3.398      0.167033
   3.402      0.166229
   3.405      0.165429
   3.409      0.164631
   3.412      0.163837
   3.416      0.163046
   3.419      0.162258
   3.423      0.161473
   3.426      0.160692
   3.430      0.159913
   3.433      0.159138
   3.437      0.158365
   3.440      0.157596
   3.444      0.156829
   3.447      0.156066
   3.451      0.155306
   3.454      0.154549
   3.458      0.153794
   3.461      0.153043
   3.465      0.152295
   3.468      0.151550
   3.472      0.150807
   3.475      0.150068
   3.479      0.149331
   3.482      0.148598
   3.486      0.147867
   3.489      0.147139
   3.493      0.146414
   3.496      0.145692
   3.500      0.144973
   3.503      0.144256
   3.507      0.143542
   3.510      0.142832
   3.514      0.142124
   3.517      0.141418
   3.521      0.140716
   3.524      0.140016
   3.528      0.139319
   3.531      0.138625
   3.535      0.137933
   3.538      0.137245
   3.542      0.136558
   3.545      0.135875
   3.549      0.135194
   3.552      0.134516
   3.556      0.133841
   3.559      0.133168
   3.563      0.132498
   3.566      0.131830
   3.570      0.131165
   3.573      0.130503
   3.577      0.129843
   3.580      0.129186
   3.584      0.128532
   3.587      0.127879
   3.591      0.127230
   3.594      0.126583
   3.598      0.125938
   3.601      0.125296
   3.605      0.124657
   3.608      0.124020
   3.612      0.123386
   3.615      0.122753
   3.619      0.122124
   3.622      0.121497
   3.626      0.120872
   3.629      0.120250
   3.633      0.119630
   3.636      0.119012
   3.640      0.118397
   3.643      0.117784
   3.647      0.117174
   3.650      0.116566
   3.654      0.115960
   3.657      0.115357
   3.661      0.114756
   3.664      0.114157
   3.668      0.113561
   3.671      0.112967
   3.675      0.112375
   3.678      0.111785
   3.682      0.111198
   3.685      0.110613
   3.689      0.110030
   3.692      0.109450
   3.696      0.108871
   3.699      0.108295
   3.703      0.107721
   3.706      0.107150
   3.710      0.106580
   3.713      0.106013
   3.717      0.105447
   3.720      0.104884
   3.724      0.104323
   3.727      0.103765
   3.731      0.103208
   3.734      0.102653
   3.738      0.102101
   3.741      0.101551
   3.745      0.101002
   3.748      0.100456
   3.752      0.099912
   3.755      0.099370
   3.759      0.098830
   3.762      0.098292
   3.766      0.097756
   3.769      0.097222
   3.773      0.096690
   3.776      0.096160
   3.780      0.095632
   3.783      0.095106
   3.787      0.094582
   3.790      0.094060
   3.794      0.093540
   3.797      0.093022
   3.801      0.092506
   3.804      0.091992
   3.808      0.091479
   3.811      0.090969
   3.815      0.090461
   3.818      0.089954
   3.822      0.089449
   3.825      0.088946
   3.829      0.088445
   3.832      0.087946
   3.836      0.087449
   3.839      0.086953
   3.843      0.086460
   3.846      0.085968
   3.850      0.085478
   3.853      0.084990
   3.857      0.084503
   3.860      0.084019
   3.864      0.083536
   3.867      0.083055
   3.871      0.082576
   3.874      0.082098
   3.878      0.081622
   3.881      0.081148
   3.885      0.080676
   3.888      0.080206
   3.892      0.079737
   3.895      0.079270
   3.899      0.078804
   3.902      0.078340
   3.906      0.077878
   3.909      0.077418
   3.913      0.076959
   3.916      0.076502
   3.920      0.076047
   3.923      0.075593
   3.927      0.075141
   3.930      0.074690
   3.934      0.074241
   3.937      0.073794
   3.941      0.073348
   3.944      0.072904
   3.948      0.072462
   3.951      0.072021
   3.955      0.071581
   3.958      0.071143
   3.962      0.070707
   3.965      0.070272
   3.969      0.069839
   3.972      0.069408
   3.976      0.068978
   3.979      0.068549
   3.983      0.068122
   3.986      0.067696
   3.990      0.067272
   3.993      0.066850
   3.997      0.066429
   4.000      0.066009
   4.004      0.065591
   4.007      0.065174
   4.011      0.064759
   4.014      0.064345
   4.018      0.063933
   4.021      0.063522
   4.025      0.063112
   4.028      0.062704
   4.032      0.062298
   4.035      0.061892
   4.039      0.061489
   4.042      0.061086
   4.046      0.060685
   4.049      0.060285
   4.053      0.059887
   4.056      0.059490
   4.060      0.059094
   4.063      0.058700
   4.067      0.058307
   4.070      0.057915
   4.074      0.057525
   4.077      0.057136
   4.081      0.056749
   4.084      0.056362
   4.088      0.055977
   4.091      0.055593
   4.095      0.055211
   4.098      0.054830
   4.102      0.054450
   4.105      0.054071
   4.109      0.053694
   4.112      0.053318
   4.116      0.052943
   4.119      0.052569
   4.123      0.052197
   4.126      0.051826
   4.130      0.051456
   4.133      0.051087
   4.137      0.050719
   4.140      0.050353
   4.144      0.049988
   4.147      0.049624
   4.151      0.049261
   4.154      0.048900
   4.158      0.048539
   4.161      0.048180
   4.165      0.047822
   4.168      0.047465
   4.172      0.047109
   4.175      0.046755
   4.179      0.046401
   4.182      0.046049
   4.186      0.045698
   4.189      0.045347
   4.193      0.044998
   4.196      0.044650
   4.200      0.044304
   4.203      0.043958
   4.207      0.043613
   4.210      0.043270
   4.214      0.042927
   4.217      0.042586
   4.221      0.042245
   4.224      0.041906
   4.228      0.041568
   4.231      0.041231
   4.235      0.040894
   4.238      0.040559
   4.242      0.040225
   4.245      0.039892
   4.249      0.039560
   4.252      0.039229
   4.256      0.038899
   4.259      0.038570
   4.263      0.038242
   4.266      0.037915
   4.270      0.037589
   4.273      0.037264
   4.277      0.036940
   4.280      0.036616
   4.284      0.036294
   4.287      0.035973
   4.291      0.035653
   4.294      0.035333
   4.298      0.035015
   4.301      0.034697
   4.305      0.034381
   4.308      0.034065
   4.312      0.033750
   4.315      0.033437
   4.319      0.033124
   4.322      0.032812
   4.326      0.032501
   4.329      0.032190
   4.333      0.031881
   4.336      0.031573
   4.340      0.031265
   4.343      0.030958
   4.347      0.030652
   4.350      0.030347
   4.354      0.030043
   4.357      0.029740
   4.361      0.029438
   4.364      0.029136
   4.368      0.028835
   4.371      0.028535
   4.375      0.028236
   4.378      0.027938
   4.382      0.027640
   4.385      0.027344
   4.389      0.027048
   4.392      0.026753
   4.396      0.026459
   4.399      0.026165
   4.403      0.025872
   4.406      0.025580
   4.410      0.025289
   4.413      0.024999
   4.417      0.024709
   4.420      0.024420
   4.424      0.024132
   4.427      0.023845
   4.431      0.023558
   4.434      0.023272
   4.438      0.022987
   4.441      0.022703
   4.445      0.022419
   4.448      0.022136
   4.452      0.021854
   4.455      0.021572
   4.459      0.021291
   4.462      0.021011
   4.466      0.020732
   4.469      0.020453
   4.473      0.020175
   4.476      0.019898
   4.480      0.019621
   4.483      0.019345
   4.487      0.019069
   4.490      0.018795
   4.494      0.018521
   4.497      0.018247
   4.501      0.017975
   4.504      0.017702
   4.508      0.017431
   4.511      0.017160
   4.515      0.016890
   4.518      0.016620
   4.522      0.016351
   4.525      0.016083
   4.529      0.015815
   4.532      0.015548
   4.536      0.015282
   4.539      0.015016
   4.543      0.014751
   4.546      0.014486
   4.550      0.014222
   4.553      0.013958
   4.557      0.013695
   4.560      0.013433
   4.564      0.013171
   4.567      0.012910
   4.571      0.012649
   4.574      0.012389
   4.578      0.012129
   4.581      0.011870
   4.585      0.011612
   4.588      0.011354
   4.592      0.011097
   4.595      0.010840
   4.599      0.010583
   4.602      0.010328
   4.606      0.010072
   4.609      0.009817
   4.613      0.009563
   4.616      0.009309
   4.620      0.009056
   4.623      0.008803
   4.627      0.008551
   4.630      0.008299
   4.634      0.008048
   4.637      0.007797
   4.641      0.007547
   4.644      0.007297
   4.648      0.007047
   4.651      0.006798
   4.655      0.006550
   4.658      0.006302
   4.662      0.006054
   4.665      0.005807
   4.669      0.005560
   4.672      0.005314
   4.676      0.005068
   4.679      0.004823
   4.683      0.004578
   4.686      0.004334
   4.690      0.004089
   4.693      0.003846
   4.697      0.003602
   4.700      0.003360
   4.704      0.003117
   4.707      0.002875
   4.711      0.002633
   4.714      0.002392
   4.718      0.002151
   4.721      0.001911
   4.725      0.001671
   4.728      0.001431
   4.732      0.001191
   4.735      0.000952
   4.739      0.000714
   4.742      0.000475
   4.746      0.000238
   4.749      0.000000
