   0.000      1.086430
   0.003      1.086430
   0.007      1.086430
   0.010      1.086430
   0.014      1.086430
   0.017      1.086430
   0.021      1.086430
   0.024      1.086430
   0.028      1.086430
   0.031      1.086430
   0.035      1.086430
   0.038      1.086430
   0.042      1.086430
   0.045      1.086430
   0.049      1.086430
   0.052      1.086430
   0.056      1.086430
   0.059      1.086430
   0.063      1.086430
   0.066      1.086430
   0.069      1.086430
   0.073      1.086430
   0.076      1.086430
   0.080      1.086430
   0.083      1.086430
   0.087      1.086430
   0.090      1.086430
   0.094      1.086430
   0.097      1.086430
   0.101      1.086430
   0.104      1.086430
   0.108      1.086429
   0.111      1.086429
   0.115      1.086429
   0.118      1.086429
   0.122      1.086428
   0.125      1.086428
   0.128      1.086427
   0.132      1.086427
   0.135      1.086426
   0.139      1.086426
   0.142      1.086425
   0.146      1.086424
   0.149      1.086423
   0.153      1.086422
   0.156      1.086421
   0.160      1.086420
   0.163      1.086418
   0.167      1.086417
   0.170      1.086415
   0.174      1.086413
   0.177      1.086410
   0.181      1.086408
   0.184      1.086405
   0.188      1.086402
   0.191      1.086399
   0.194      1.086396
   0.198      1.086392
   0.201      1.086388
   0.205      1.086383
   0.208      1.086378
   0.212      1.086373
   0.215      1.086367
   0.219      1.086361
   0.222      1.086354
   0.226      1.086347
   0.229      1.086339
   0.233      1.086331
   0.236      1.086322
   0.240      1.086312
   0.243      1.086302
   0.247      1.086291
   0.250      1.086279
   0.254      1.086266
   0.257      1.086253
   0.260      1.086239
   0.264      1.086223
   0.267      1.086207
   0.271      1.086189
   0.274      1.086171
   0.278      1.086151
   0.281      1.086131
   0.285      1.086108
   0.288      1.086085
   0.292      1.086060
   0.295      1.086034
   0.299      1.086007
   0.302      1.085978
   0.306      1.085947
   0.309      1.085914
   0.313      1.085880
   0.316      1.085844
   0.319      1.085807
   0.323      1.085767
   0.326      1.085725
   0.330      1.085681
   0.333      1.085635
   0.337      1.085587
   0.340      1.085536
   0.344      1.085483
   0.347      1.085428
   0.351      1.085370
   0.354      1.085309
   0.358      1.085245
   0.361      1.085179
   0.365      1.085109
   0.368      1.085037
   0.372      1.084962
   0.375      1.084883
   0.379      1.084801
   0.382      1.084716
   0.385      1.084627
   0.389      1.084534
   0.392      1.084438
   0.396      1.084338
   0.399      1.084234
   0.403      1.084126
   0.406      1.084013
   0.410      1.083897
   0.413      1.083776
   0.417      1.083651
   0.420      1.083521
   0.424      1.083386
   0.427      1.083246
   0.431      1.083102
   0.434      1.082952
   0.438      1.082798
   0.441      1.082638
   0.445      1.082472
   0.448      1.082301
   0.451      1.082125
   0.455      1.081942
   0.458      1.081754
   0.462      1.081559
   0.465      1.081359
   0.469      1.081152
   0.472      1.080938
   0.476      1.080719
   0.479      1.080492
   0.483      1.080259
   0.486      1.080018
   0.490      1.079771
   0.493      1.079516
   0.497      1.079254
   0.500      1.078985
   0.504      1.078708
   0.507      1.078423
   0.510      1.078131
   0.514      1.077830
   0.517      1.077522
   0.521      1.077205
   0.524      1.076880
   0.528      1.076546
   0.531      1.076203
   0.535      1.075852
   0.538      1.075492
   0.542      1.075123
   0.545      1.074745
   0.549      1.074358
   0.552      1.073961
   0.556      1.073555
   0.559      1.073139
   0.563      1.072714
   0.566      1.072278
   0.570      1.071833
   0.573      1.071377
   0.576      1.070912
   0.580      1.070436
   0.583      1.069949
   0.587      1.069452
   0.590      1.068944
   0.594      1.068426
   0.597      1.067896
   0.601      1.067356
   0.604      1.066804
   0.608      1.066242
   0.611      1.065668
   0.615      1.065082
   0.618      1.064485
   0.622      1.063877
   0.625      1.063257
   0.629      1.062625
   0.632      1.061981
   0.636      1.061325
   0.639      1.060658
   0.642      1.059978
   0.646      1.059286
   0.649      1.058581
   0.653      1.057865
   0.656      1.057135
   0.660      1.056394
   0.663      1.055640
   0.667      1.054873
   0.670      1.054094
   0.674      1.053301
   0.677      1.052496
   0.681      1.051679
   0.684      1.050848
   0.688      1.050004
   0.691      1.049148
   0.695      1.048278
   0.698      1.047395
   0.701      1.046500
   0.705      1.045591
   0.708      1.044669
   0.712      1.043733
   0.715      1.042785
   0.719      1.041823
   0.722      1.040848
   0.726      1.039860
   0.729      1.038859
   0.733      1.037844
   0.736      1.036816
   0.740      1.035775
   0.743      1.034720
   0.747      1.033652
   0.750      1.032571
   0.754      1.031477
   0.757      1.030369
   0.761      1.029249
   0.764      1.028115
   0.767      1.026967
   0.771      1.025807
   0.774      1.024634
   0.778      1.023447
   0.781      1.022248
   0.785      1.021035
   0.788      1.019810
   0.792      1.018572
   0.795      1.017321
   0.799      1.016057
   0.802      1.014780
   0.806      1.013490
   0.809      1.012188
   0.813      1.010874
   0.816      1.009547
   0.820      1.008207
   0.823      1.006856
   0.827      1.005492
   0.830      1.004115
   0.833      1.002727
   0.837      1.001327
   0.840      0.999914
   0.844      0.998490
   0.847      0.997054
   0.851      0.995607
   0.854      0.994148
   0.858      0.992677
   0.861      0.991195
   0.865      0.989702
   0.868      0.988198
   0.872      0.986683
   0.875      0.985157
   0.879      0.983620
   0.882      0.982072
   0.886      0.980514
   0.889      0.978946
   0.892      0.977367
   0.896      0.975778
   0.899      0.974179
   0.903      0.972570
   0.906      0.970951
   0.910      0.969322
   0.913      0.967684
   0.917      0.966037
   0.920      0.964381
   0.924      0.962715
   0.927      0.961040
   0.931      0.959357
   0.934      0.957665
   0.938      0.955964
   0.941      0.954255
   0.945      0.952537
   0.948      0.950812
   0.952      0.949079
   0.955      0.947338
   0.958      0.945589
   0.962      0.943833
   0.965      0.942069
   0.969      0.940298
   0.972      0.938520
   0.976      0.936736
   0.979      0.934944
   0.983      0.933147
   0.986      0.931342
   0.990      0.929532
   0.993      0.927715
   0.997      0.925893
   1.000      0.924064
   1.004      0.922230
   1.007      0.920391
   1.011      0.918546
   1.014      0.916697
   1.018      0.914842
   1.021      0.912982
   1.024      0.911118
   1.028      0.909250
   1.031      0.907377
   1.035      0.905499
   1.038      0.903618
   1.042      0.901733
   1.045      0.899844
   1.049      0.897952
   1.052      0.896056
   1.056      0.894158
   1.059      0.892256
   1.063      0.890351
   1.066      0.888443
   1.070      0.886533
   1.073      0.884620
   1.077      0.882705
   1.080      0.880787
   1.083      0.878868
   1.087      0.876947
   1.090      0.875024
   1.094      0.873099
   1.097      0.871173
   1.101      0.869246
   1.104      0.867318
   1.108      0.865388
   1.111      0.863458
   1.115      0.861527
   1.118      0.859596
   1.122      0.857664
   1.125      0.855731
   1.129      0.853799
   1.132      0.851866
   1.136      0.849934
   1.139      0.848002
   1.143      0.846070
   1.146      0.844138
   1.149      0.842207
   1.153      0.840277
   1.156      0.838348
   1.160      0.836420
   1.163      0.834492
   1.167      0.832566
   1.170      0.830641
   1.174      0.828718
   1.177      0.826796
   1.181      0.824876
   1.184      0.822958
   1.188      0.821041
   1.191      0.819127
   1.195      0.817214
   1.198      0.815304
   1.202      0.813396
   1.205      0.811491
   1.209      0.809588
   1.212      0.807687
   1.215      0.805789
   1.219      0.803894
   1.222      0.802002
   1.226      0.800113
   1.229      0.798227
   1.233      0.796344
   1.236      0.794464
   1.240      0.792588
   1.243      0.790714
   1.247      0.788845
   1.250      0.786979
   1.254      0.785116
   1.257      0.783257
   1.261      0.781402
   1.264      0.779551
   1.268      0.777704
   1.271      0.775861
   1.274      0.774021
   1.278      0.772186
   1.281      0.770355
   1.285      0.768529
   1.288      0.766706
   1.292      0.764888
   1.295      0.763075
   1.299      0.761265
   1.302      0.759461
   1.306      0.757661
   1.309      0.755865
   1.313      0.754075
   1.316      0.752289
   1.320      0.750507
   1.323      0.748731
   1.327      0.746959
   1.330      0.745193
   1.334      0.743431
   1.337      0.741675
   1.340      0.739923
   1.344      0.738176
   1.347      0.736435
   1.351      0.734699
   1.354      0.732968
   1.358      0.731242
   1.361      0.729521
   1.365      0.727806
   1.368      0.726095
   1.372      0.724391
   1.375      0.722691
   1.379      0.720997
   1.382      0.719309
   1.386      0.717625
   1.389      0.715948
   1.393      0.714275
   1.396      0.712609
   1.400      0.710947
   1.403      0.709291
   1.406      0.707641
   1.410      0.705996
   1.413      0.704357
   1.417      0.702724
   1.420      0.701096
   1.424      0.699473
   1.427      0.697857
   1.431      0.696245
   1.434      0.694640
   1.438      0.693040
   1.441      0.691446
   1.445      0.689857
   1.448      0.688274
   1.452      0.686697
   1.455      0.685125
   1.459      0.683559
   1.462      0.681999
   1.465      0.680444
   1.469      0.678896
   1.472      0.677352
   1.476      0.675815
   1.479      0.674283
   1.483      0.672756
   1.486      0.671236
   1.490      0.669721
   1.493      0.668211
   1.497      0.666707
   1.500      0.665209
   1.504      0.663717
   1.507      0.662230
   1.511      0.660749
   1.514      0.659273
   1.518      0.657803
   1.521      0.656339
   1.525      0.654880
   1.528      0.653427
   1.531      0.651979
   1.535      0.650537
   1.538      0.649100
   1.542      0.647669
   1.545      0.646243
   1.549      0.644823
   1.552      0.643408
   1.556      0.641999
   1.559      0.640595
   1.563      0.639197
   1.566      0.637804
   1.570      0.636417
   1.573      0.635035
   1.577      0.633658
   1.580      0.632287
   1.584      0.630921
   1.587      0.629560
   1.591      0.628205
   1.594      0.626854
   1.597      0.625510
   1.601      0.624170
   1.604      0.622836
   1.608      0.621507
   1.611      0.620183
   1.615      0.618864
   1.618      0.617551
   1.622      0.616242
   1.625      0.614939
   1.629      0.613641
   1.632      0.612348
   1.636      0.611060
   1.639      0.609777
   1.643      0.608499
   1.646      0.607227
   1.650      0.605959
   1.653      0.604696
   1.656      0.603438
   1.660      0.602185
   1.663      0.600937
   1.667      0.599694
   1.670      0.598455
   1.674      0.597222
   1.677      0.595993
   1.681      0.594769
   1.684      0.593550
   1.688      0.592336
   1.691      0.591126
   1.695      0.589921
   1.698      0.588721
   1.702      0.587526
   1.705      0.586335
   1.709      0.585149
   1.712      0.583967
   1.716      0.582790
   1.719      0.581617
   1.722      0.580450
   1.726      0.579286
   1.729      0.578127
   1.733      0.576973
   1.736      0.575823
   1.740      0.574678
   1.743      0.573536
   1.747      0.572400
   1.750      0.571268
   1.754      0.570140
   1.757      0.569016
   1.761      0.567897
   1.764      0.566782
   1.768      0.565671
   1.771      0.564564
   1.775      0.563462
   1.778      0.562364
   1.782      0.561270
   1.785      0.560181
   1.788      0.559095
   1.792      0.558014
   1.795      0.556936
   1.799      0.555863
   1.802      0.554794
   1.806      0.553729
   1.809      0.552667
   1.813      0.551610
   1.816      0.550557
   1.820      0.549508
   1.823      0.548463
   1.827      0.547421
   1.830      0.546384
   1.834      0.545350
   1.837      0.544320
   1.841      0.543295
   1.844      0.542272
   1.847      0.541254
   1.851      0.540240
   1.854      0.539229
   1.858      0.538222
   1.861      0.537219
   1.865      0.536219
   1.868      0.535223
   1.872      0.534231
   1.875      0.533242
   1.879      0.532257
   1.882      0.531276
   1.886      0.530298
   1.889      0.529324
   1.893      0.528353
   1.896      0.527386
   1.900      0.526422
   1.903      0.525462
   1.907      0.524506
   1.910      0.523552
   1.913      0.522603
   1.917      0.521656
   1.920      0.520713
   1.924      0.519774
   1.927      0.518838
   1.931      0.517905
   1.934      0.516975
   1.938      0.516049
   1.941      0.515126
   1.945      0.514207
   1.948      0.513290
   1.952      0.512377
   1.955      0.511467
   1.959      0.510561
   1.962      0.509657
   1.966      0.508757
   1.969      0.507860
   1.973      0.506966
   1.976      0.506075
   1.979      0.505187
   1.983      0.504303
   1.986      0.503421
   1.990      0.502543
   1.993      0.501667
   1.997      0.500795
   2.000      0.499926
   2.004      0.499059
   2.007      0.498196
   2.011      0.497336
   2.014      0.496478
   2.018      0.495624
   2.021      0.494772
   2.025      0.493924
   2.028      0.493078
   2.032      0.492235
   2.035      0.491395
   2.038      0.490558
   2.042      0.489724
   2.045      0.488893
   2.049      0.488064
   2.052      0.487238
   2.056      0.486415
   2.059      0.485595
   2.063      0.484778
   2.066      0.483963
   2.070      0.483151
   2.073      0.482342
   2.077      0.481535
   2.080      0.480731
   2.084      0.479930
   2.087      0.479132
   2.091      0.478336
   2.094      0.477543
   2.098      0.476752
   2.101      0.475964
   2.104      0.475179
   2.108      0.474396
   2.111      0.473615
   2.115      0.472838
   2.118      0.472063
   2.122      0.471290
   2.125      0.470520
   2.129      0.469752
   2.132      0.468987
   2.136      0.468225
   2.139      0.467465
   2.143      0.466707
   2.146      0.465952
   2.150      0.465199
   2.153      0.464449
   2.157      0.463701
   2.160      0.462955
   2.164      0.462212
   2.167      0.461472
   2.170      0.460733
   2.174      0.459997
   2.177      0.459264
   2.181      0.458532
   2.184      0.457803
   2.188      0.457077
   2.191      0.456352
   2.195      0.455630
   2.198      0.454910
   2.202      0.454193
   2.205      0.453478
   2.209      0.452765
   2.212      0.452054
   2.216      0.451345
   2.219      0.450639
   2.223      0.449935
   2.226      0.449233
   2.229      0.448533
   2.233      0.447836
   2.236      0.447140
   2.240      0.446447
   2.243      0.445756
   2.247      0.445067
   2.250      0.444380
   2.254      0.443695
   2.257      0.443013
   2.261      0.442332
   2.264      0.441654
   2.268      0.440978
   2.271      0.440303
   2.275      0.439631
   2.278      0.438961
   2.282      0.438293
   2.285      0.437627
   2.289      0.436963
   2.292      0.436301
   2.295      0.435640
   2.299      0.434982
   2.302      0.434326
   2.306      0.433672
   2.309      0.433020
   2.313      0.432370
   2.316      0.431722
   2.320      0.431075
   2.323      0.430431
   2.327      0.429789
   2.330      0.429148
   2.334      0.428509
   2.337      0.427873
   2.341      0.427238
   2.344      0.426605
   2.348      0.425974
   2.351      0.425345
   2.355      0.424717
   2.358      0.424092
   2.361      0.423468
   2.365      0.422846
   2.368      0.422226
   2.372      0.421608
   2.375      0.420992
   2.379      0.420377
   2.382      0.419764
   2.386      0.419153
   2.389      0.418544
   2.393      0.417937
   2.396      0.417331
   2.400      0.416727
   2.403      0.416125
   2.407      0.415524
   2.410      0.414926
   2.414      0.414329
   2.417      0.413733
   2.420      0.413140
   2.424      0.412548
   2.427      0.411958
   2.431      0.411369
   2.434      0.410782
   2.438      0.410197
   2.441      0.409614
   2.445      0.409032
   2.448      0.408452
   2.452      0.407873
   2.455      0.407296
   2.459      0.406721
   2.462      0.406147
   2.466      0.405575
   2.469      0.405005
   2.473      0.404436
   2.476      0.403869
   2.480      0.403303
   2.483      0.402739
   2.486      0.402176
   2.490      0.401616
   2.493      0.401056
   2.497      0.400498
   2.500      0.399942
   2.504      0.399387
   2.507      0.398834
   2.511      0.398283
   2.514      0.397733
   2.518      0.397184
   2.521      0.396637
   2.525      0.396091
   2.528      0.395547
   2.532      0.395005
   2.535      0.394464
   2.539      0.393924
   2.542      0.393386
   2.546      0.392849
   2.549      0.392314
   2.552      0.391780
   2.556      0.391248
   2.559      0.390717
   2.563      0.390187
   2.566      0.389659
   2.570      0.389133
   2.573      0.388608
   2.577      0.388084
   2.580      0.387562
   2.584      0.387041
   2.587      0.386521
   2.591      0.386003
   2.594      0.385486
   2.598      0.384971
   2.601      0.384457
   2.605      0.383944
   2.608      0.383433
   2.611      0.382923
   2.615      0.382415
   2.618      0.381908
   2.622      0.381402
   2.625      0.380897
   2.629      0.380394
   2.632      0.379892
   2.636      0.379392
   2.639      0.378893
   2.643      0.378395
   2.646      0.377898
   2.650      0.377403
   2.653      0.376909
   2.657      0.376416
   2.660      0.375925
   2.664      0.375435
   2.667      0.374946
   2.671      0.374458
   2.674      0.373972
   2.677      0.373487
   2.681      0.373003
   2.684      0.372521
   2.688      0.372039
   2.691      0.371559
   2.695      0.371080
   2.698      0.370603
   2.702      0.370126
   2.705      0.369651
   2.709      0.369177
   2.712      0.368705
   2.716      0.368233
   2.719      0.367763
   2.723      0.367294
   2.726      0.366826
   2.730      0.366359
   2.733      0.365894
   2.737      0.365429
   2.740      0.364966
   2.743      0.364504
   2.747      0.364043
   2.750      0.363584
   2.754      0.363125
   2.757      0.362668
   2.761      0.362212
   2.764      0.361757
   2.768      0.361303
   2.771      0.360850
   2.775      0.360398
   2.778      0.359948
