   0.000     -0.000036
   0.004      0.000018
   0.007      0.000073
   0.011      0.000164
   0.014      0.000292
   0.018      0.000456
   0.021      0.000656
   0.025      0.000893
   0.028      0.001166
   0.032      0.001476
   0.035      0.001822
   0.039      0.002204
   0.042      0.002623
   0.046      0.003078
   0.049      0.003570
   0.053      0.004097
   0.056      0.004661
   0.060      0.005261
   0.063      0.005898
   0.067      0.006570
   0.070      0.007279
   0.074      0.008024
   0.077      0.008805
   0.081      0.009622
   0.084      0.010475
   0.088      0.011364
   0.091      0.012289
   0.095      0.013250
   0.098      0.014246
   0.102      0.015279
   0.105      0.016347
   0.109      0.017451
   0.112      0.018590
   0.116      0.019765
   0.119      0.020976
   0.123      0.022222
   0.126      0.023503
   0.130      0.024820
   0.133      0.026172
   0.137      0.027560
   0.140      0.028982
   0.144      0.030440
   0.147      0.031933
   0.151      0.033460
   0.154      0.035023
   0.158      0.036620
   0.161      0.038253
   0.165      0.039919
   0.168      0.041621
   0.172      0.043357
   0.175      0.045127
   0.179      0.046932
   0.182      0.048771
   0.186      0.050644
   0.189      0.052551
   0.193      0.054492
   0.196      0.056468
   0.200      0.058476
   0.203      0.060519
   0.207      0.062595
   0.210      0.064705
   0.214      0.066848
   0.217      0.069025
   0.221      0.071235
   0.224      0.073477
   0.228      0.075753
   0.231      0.078062
   0.235      0.080404
   0.238      0.082778
   0.242      0.085184
   0.245      0.087624
   0.249      0.090095
   0.252      0.092599
   0.256      0.095135
   0.259      0.097702
   0.263      0.100302
   0.266      0.102933
   0.270      0.105596
   0.273      0.108290
   0.277      0.111016
   0.280      0.113773
   0.284      0.116561
   0.287      0.119380
   0.291      0.122229
   0.294      0.125109
   0.298      0.128020
   0.301      0.130961
   0.305      0.133932
   0.308      0.136934
   0.312      0.139965
   0.315      0.143026
   0.319      0.146117
   0.322      0.149237
   0.326      0.152387
   0.329      0.155565
   0.333      0.158773
   0.336      0.162010
   0.340      0.165275
   0.343      0.168569
   0.347      0.171891
   0.350      0.175241
   0.354      0.178619
   0.357      0.182026
   0.361      0.185460
   0.364      0.188921
   0.368      0.192410
   0.371      0.195926
   0.375      0.199469
   0.378      0.203039
   0.382      0.206635
   0.385      0.210258
   0.389      0.213907
   0.392      0.217583
   0.396      0.221284
   0.399      0.225011
   0.403      0.228764
   0.406      0.232542
   0.410      0.236345
   0.413      0.240173
   0.417      0.244025
   0.420      0.247903
   0.424      0.251805
   0.427      0.255731
   0.431      0.259681
   0.434      0.263654
   0.438      0.267652
   0.441      0.271672
   0.445      0.275716
   0.448      0.279783
   0.452      0.283873
   0.455      0.287985
   0.459      0.292120
   0.462      0.296276
   0.466      0.300455
   0.469      0.304655
   0.473      0.308877
   0.476      0.313120
   0.480      0.317384
   0.483      0.321669
   0.487      0.325975
   0.490      0.330301
   0.494      0.334647
   0.497      0.339013
   0.501      0.343398
   0.504      0.347804
   0.508      0.352228
   0.511      0.356672
   0.515      0.361134
   0.518      0.365615
   0.522      0.370114
   0.525      0.374631
   0.528      0.379167
   0.532      0.383719
   0.535      0.388289
   0.539      0.392877
   0.542      0.397481
   0.546      0.402102
   0.549      0.406739
   0.553      0.411393
   0.556      0.416062
   0.560      0.420747
   0.563      0.425447
   0.567      0.430163
   0.570      0.434894
   0.574      0.439639
   0.577      0.444399
   0.581      0.449173
   0.584      0.453961
   0.588      0.458762
   0.591      0.463577
   0.595      0.468405
   0.598      0.473246
   0.602      0.478100
   0.605      0.482966
   0.609      0.487844
   0.612      0.492734
   0.616      0.497636
   0.619      0.502549
   0.623      0.507473
   0.626      0.512407
   0.630      0.517353
   0.633      0.522309
   0.637      0.527274
   0.640      0.532250
   0.644      0.537235
   0.647      0.542229
   0.651      0.547232
   0.654      0.552244
   0.658      0.557264
   0.661      0.562292
   0.665      0.567329
   0.668      0.572372
   0.672      0.577423
   0.675      0.582482
   0.679      0.587546
   0.682      0.592618
   0.686      0.597695
   0.689      0.602779
   0.693      0.607868
   0.696      0.612963
   0.700      0.618062
   0.703      0.623167
   0.707      0.628276
   0.710      0.633389
   0.714      0.638507
   0.717      0.643628
   0.721      0.648752
   0.724      0.653880
   0.728      0.659010
   0.731      0.664143
   0.735      0.669279
   0.738      0.674416
   0.742      0.679555
   0.745      0.684696
   0.749      0.689837
   0.752      0.694980
   0.756      0.700123
   0.759      0.705267
   0.763      0.710410
   0.766      0.715554
   0.770      0.720696
   0.773      0.725838
   0.777      0.730979
   0.780      0.736119
   0.784      0.741257
   0.787      0.746393
   0.791      0.751526
   0.794      0.756657
   0.798      0.761786
   0.801      0.766911
   0.805      0.772033
   0.808      0.777151
   0.812      0.782265
   0.815      0.787376
   0.819      0.792481
   0.822      0.797582
   0.826      0.802678
   0.829      0.807768
   0.833      0.812853
   0.836      0.817932
   0.840      0.823004
   0.843      0.828070
   0.847      0.833130
   0.850      0.838182
   0.854      0.843227
   0.857      0.848264
   0.861      0.853294
   0.864      0.858315
   0.868      0.863328
   0.871      0.868332
   0.875      0.873327
   0.878      0.878313
   0.882      0.883289
   0.885      0.888256
   0.889      0.893212
   0.892      0.898158
   0.896      0.903093
   0.899      0.908018
   0.903      0.912931
   0.906      0.917833
   0.910      0.922723
   0.913      0.927600
   0.917      0.932466
   0.920      0.937319
   0.924      0.942159
   0.927      0.946986
   0.931      0.951800
   0.934      0.956600
   0.938      0.961386
   0.941      0.966158
   0.945      0.970916
   0.948      0.975658
   0.952      0.980386
   0.955      0.985099
   0.959      0.989796
   0.962      0.994478
   0.966      0.999143
   0.969      1.003792
   0.973      1.008425
   0.976      1.013041
   0.980      1.017639
   0.983      1.022221
   0.987      1.026785
   0.990      1.031331
   0.994      1.035859
   0.997      1.040369
   1.001      1.044861
   1.004      1.049333
   1.008      1.053787
   1.011      1.058221
   1.015      1.062636
   1.018      1.067031
   1.022      1.071406
   1.025      1.075761
   1.029      1.080096
   1.032      1.084409
   1.036      1.088702
   1.039      1.092974
   1.043      1.097224
   1.046      1.101453
   1.050      1.105659
   1.053      1.109844
   1.057      1.114006
   1.060      1.118146
   1.064      1.122263
   1.067      1.126357
   1.071      1.130428
   1.074      1.134476
   1.078      1.138500
   1.081      1.142500
   1.085      1.146476
   1.088      1.150427
   1.092      1.154355
   1.095      1.158257
   1.099      1.162135
   1.102      1.165987
   1.106      1.169815
   1.109      1.173616
   1.113      1.177393
   1.116      1.181143
   1.120      1.184867
   1.123      1.188565
   1.127      1.192236
   1.130      1.195881
   1.134      1.199498
   1.137      1.203089
   1.141      1.206653
   1.144      1.210189
   1.148      1.213698
   1.151      1.217178
   1.155      1.220631
   1.158      1.224056
   1.162      1.227452
   1.165      1.230820
   1.169      1.234160
   1.172      1.237470
   1.176      1.240752
   1.179      1.244004
   1.183      1.247228
   1.186      1.250421
   1.190      1.253585
   1.193      1.256720
   1.197      1.259824
   1.200      1.262899
   1.204      1.265943
   1.207      1.268957
   1.211      1.271940
   1.214      1.274893
   1.218      1.277815
   1.221      1.280706
   1.225      1.283566
   1.228      1.286394
   1.232      1.289192
   1.235      1.291958
   1.239      1.294692
   1.242      1.297395
   1.246      1.300066
   1.249      1.302705
   1.253      1.305312
   1.256      1.307886
   1.260      1.310429
   1.263      1.312939
   1.267      1.315416
   1.270      1.317861
   1.274      1.320273
   1.277      1.322652
   1.281      1.324999
   1.284      1.327312
   1.288      1.329592
   1.291      1.331839
   1.295      1.334053
   1.298      1.336233
   1.302      1.338380
   1.305      1.340494
   1.309      1.342573
   1.312      1.344619
   1.316      1.346631
   1.319      1.348610
   1.323      1.350554
   1.326      1.352464
   1.330      1.354340
   1.333      1.356182
   1.337      1.357990
   1.340      1.359764
   1.344      1.361503
   1.347      1.363208
   1.351      1.364878
   1.354      1.366514
   1.358      1.368116
   1.361      1.369683
   1.365      1.371215
   1.368      1.372712
   1.372      1.374175
   1.375      1.375603
   1.379      1.376997
   1.382      1.378355
   1.386      1.379679
   1.389      1.380968
   1.393      1.382221
   1.396      1.383440
   1.400      1.384624
   1.403      1.385774
   1.407      1.386888
   1.410      1.387967
   1.414      1.389011
   1.417      1.390020
   1.421      1.390994
   1.425      1.391934
   1.428      1.392838
   1.432      1.393707
   1.435      1.394541
   1.439      1.395340
   1.442      1.396104
   1.446      1.396834
   1.449      1.397528
   1.453      1.398187
   1.456      1.398811
   1.460      1.399401
   1.463      1.399955
   1.467      1.400475
   1.470      1.400960
   1.474      1.401410
   1.477      1.401825
   1.481      1.402206
   1.484      1.402552
   1.488      1.402863
   1.491      1.403139
   1.495      1.403381
   1.498      1.403588
   1.502      1.403761
   1.505      1.403900
   1.509      1.404004
   1.512      1.404074
   1.516      1.404109
   1.519      1.404110
   1.523      1.404077
   1.526      1.404010
   1.530      1.403909
   1.533      1.403774
   1.537      1.403605
   1.540      1.403402
   1.544      1.403165
   1.547      1.402895
   1.551      1.402591
   1.554      1.402253
   1.558      1.401883
   1.561      1.401478
   1.565      1.401041
   1.568      1.400570
   1.572      1.400066
   1.575      1.399529
   1.579      1.398959
   1.582      1.398357
   1.586      1.397721
   1.589      1.397053
   1.593      1.396353
   1.596      1.395620
   1.600      1.394855
   1.603      1.394057
   1.607      1.393228
   1.610      1.392366
   1.614      1.391473
   1.617      1.390547
   1.621      1.389591
   1.624      1.388602
   1.628      1.387582
   1.631      1.386531
   1.635      1.385449
   1.638      1.384335
   1.642      1.383191
   1.645      1.382016
   1.649      1.380810
   1.652      1.379574
   1.656      1.378307
   1.659      1.377010
   1.663      1.375683
   1.666      1.374326
   1.670      1.372939
   1.673      1.371523
   1.677      1.370077
   1.680      1.368601
   1.684      1.367096
   1.687      1.365562
   1.691      1.363999
   1.694      1.362407
   1.698      1.360787
   1.701      1.359138
   1.705      1.357460
   1.708      1.355755
   1.712      1.354021
   1.715      1.352259
   1.719      1.350470
   1.722      1.348653
   1.726      1.346809
   1.729      1.344937
   1.733      1.343039
   1.736      1.341113
   1.740      1.339161
   1.743      1.337182
   1.747      1.335176
   1.750      1.333145
   1.754      1.331087
   1.757      1.329003
   1.761      1.326894
   1.764      1.324759
   1.768      1.322599
   1.771      1.320414
   1.775      1.318203
   1.778      1.315968
   1.782      1.313708
   1.785      1.311423
   1.789      1.309115
   1.792      1.306782
   1.796      1.304425
   1.799      1.302044
   1.803      1.299640
   1.806      1.297213
   1.810      1.294762
   1.813      1.292289
   1.817      1.289792
   1.820      1.287273
   1.824      1.284732
   1.827      1.282168
   1.831      1.279582
   1.834      1.276975
   1.838      1.274345
   1.841      1.271694
   1.845      1.269022
   1.848      1.266329
   1.852      1.263615
   1.855      1.260881
   1.859      1.258126
   1.862      1.255350
   1.866      1.252555
   1.869      1.249739
   1.873      1.246904
   1.876      1.244050
   1.880      1.241176
   1.883      1.238283
   1.887      1.235371
   1.890      1.232441
   1.894      1.229492
   1.897      1.226524
   1.901      1.223539
   1.904      1.220536
   1.908      1.217515
   1.911      1.214476
   1.915      1.211421
   1.918      1.208348
   1.922      1.205258
   1.925      1.202152
   1.929      1.199029
   1.932      1.195890
   1.936      1.192735
   1.939      1.189564
   1.943      1.186378
   1.946      1.183176
   1.950      1.179958
   1.953      1.176726
   1.957      1.173479
   1.960      1.170217
   1.964      1.166941
   1.967      1.163651
   1.971      1.160346
   1.974      1.157028
   1.978      1.153696
   1.981      1.150351
   1.985      1.146993
   1.988      1.143621
   1.992      1.140237
   1.995      1.136840
   1.999      1.133431
   2.002      1.130010
   2.006      1.126576
   2.009      1.123131
   2.013      1.119675
   2.016      1.116207
   2.020      1.112727
   2.023      1.109237
   2.027      1.105736
   2.030      1.102225
   2.034      1.098703
   2.037      1.095171
   2.041      1.091629
   2.044      1.088077
   2.048      1.084515
   2.051      1.080945
   2.055      1.077365
   2.058      1.073776
   2.062      1.070178
   2.065      1.066572
   2.069      1.062957
   2.072      1.059334
   2.076      1.055703
   2.079      1.052064
   2.083      1.048418
   2.086      1.044764
   2.090      1.041103
   2.093      1.037435
   2.097      1.033760
   2.100      1.030079
   2.104      1.026391
   2.107      1.022696
   2.111      1.018996
   2.114      1.015289
   2.118      1.011577
   2.121      1.007860
   2.125      1.004137
   2.128      1.000409
   2.132      0.996676
   2.135      0.992938
   2.139      0.989195
   2.142      0.985448
   2.146      0.981697
   2.149      0.977941
   2.153      0.974182
   2.156      0.970419
   2.160      0.966653
   2.163      0.962883
   2.167      0.959110
   2.170      0.955334
   2.174      0.951555
   2.177      0.947773
   2.181      0.943989
   2.184      0.940203
   2.188      0.936414
   2.191      0.932624
   2.195      0.928832
   2.198      0.925038
   2.202      0.921242
   2.205      0.917445
   2.208      0.913647
   2.212      0.909848
   2.215      0.906049
   2.219      0.902248
   2.222      0.898447
   2.226      0.894646
   2.229      0.890844
   2.233      0.887043
   2.236      0.883242
   2.240      0.879441
   2.243      0.875640
   2.247      0.871840
   2.250      0.868041
   2.254      0.864242
   2.257      0.860445
   2.261      0.856649
   2.264      0.852854
   2.268      0.849060
   2.271      0.845269
   2.275      0.841479
   2.278      0.837691
   2.282      0.833905
   2.285      0.830121
   2.289      0.826340
   2.292      0.822561
   2.296      0.818785
   2.299      0.815012
   2.303      0.811241
   2.306      0.807474
   2.310      0.803709
   2.313      0.799948
   2.317      0.796191
   2.320      0.792437
   2.324      0.788687
   2.327      0.784940
   2.331      0.781198
   2.334      0.777459
   2.338      0.773725
   2.341      0.769995
   2.345      0.766270
   2.348      0.762549
   2.352      0.758833
   2.355      0.755122
   2.359      0.751415
   2.362      0.747714
   2.366      0.744018
   2.369      0.740327
   2.373      0.736642
   2.376      0.732962
   2.380      0.729288
   2.383      0.725619
   2.387      0.721956
   2.390      0.718300
   2.394      0.714649
   2.397      0.711005
   2.401      0.707366
   2.404      0.703734
   2.408      0.700109
   2.411      0.696490
   2.415      0.692878
   2.418      0.689273
   2.422      0.685675
   2.425      0.682083
   2.429      0.678499
   2.432      0.674921
   2.436      0.671352
   2.439      0.667789
   2.443      0.664234
   2.446      0.660686
   2.450      0.657146
   2.453      0.653614
   2.457      0.650089
   2.460      0.646573
   2.464      0.643064
   2.467      0.639564
   2.471      0.636071
   2.474      0.632587
   2.478      0.629111
   2.481      0.625644
   2.485      0.622185
   2.488      0.618734
   2.492      0.615292
   2.495      0.611859
   2.499      0.608434
   2.502      0.605019
   2.506      0.601612
   2.509      0.598214
   2.513      0.594825
   2.516      0.591446
   2.520      0.588075
   2.523      0.584714
   2.527      0.581362
   2.530      0.578020
   2.534      0.574687
   2.537      0.571363
   2.541      0.568049
   2.544      0.564744
   2.548      0.561450
   2.551      0.558165
   2.555      0.554890
   2.558      0.551624
   2.562      0.548369
   2.565      0.545123
   2.569      0.541888
   2.572      0.538662
   2.576      0.535447
   2.579      0.532242
   2.583      0.529047
   2.586      0.525863
   2.590      0.522688
   2.593      0.519524
   2.597      0.516371
   2.600      0.513228
   2.604      0.510095
   2.607      0.506973
   2.611      0.503862
   2.614      0.500761
   2.618      0.497670
   2.621      0.494591
   2.625      0.491522
   2.628      0.488464
   2.632      0.485417
   2.635      0.482381
   2.639      0.479355
   2.642      0.476341
   2.646      0.473337
   2.649      0.470344
   2.653      0.467363
   2.656      0.464392
   2.660      0.461433
   2.663      0.458484
   2.667      0.455547
   2.670      0.452621
   2.674      0.449706
   2.677      0.446802
   2.681      0.443910
   2.684      0.441028
   2.688      0.438159
   2.691      0.435300
   2.695      0.432452
   2.698      0.429616
   2.702      0.426792
   2.705      0.423978
   2.709      0.421177
   2.712      0.418386
   2.716      0.415607
   2.719      0.412839
   2.723      0.410083
   2.726      0.407339
   2.730      0.404605
   2.733      0.401884
   2.737      0.399173
   2.740      0.396475
   2.744      0.393788
   2.747      0.391112
   2.751      0.388448
   2.754      0.385796
   2.758      0.383155
   2.761      0.380526
   2.765      0.377908
   2.768      0.375302
   2.772      0.372707
   2.775      0.370124
   2.779      0.367553
   2.782      0.364993
   2.786      0.362445
   2.789      0.359909
   2.793      0.357384
   2.796      0.354871
   2.800      0.352369
   2.803      0.349879
   2.807      0.347401
   2.810      0.344934
   2.814      0.342479
   2.817      0.340035
   2.821      0.337604
   2.824      0.335183
   2.828      0.332775
   2.831      0.330377
   2.835      0.327992
   2.838      0.325618
   2.842      0.323256
   2.845      0.320905
   2.849      0.318566
   2.852      0.316238
   2.856      0.313922
   2.859      0.311618
   2.863      0.309325
   2.866      0.307043
   2.870      0.304773
   2.873      0.302515
   2.877      0.300268
   2.880      0.298032
   2.884      0.295808
   2.887      0.293595
   2.891      0.291394
   2.894      0.289204
   2.898      0.287026
   2.901      0.284859
   2.905      0.282704
   2.908      0.280559
   2.912      0.278427
   2.915      0.276305
   2.919      0.274195
   2.922      0.272096
   2.926      0.270008
   2.929      0.267932
   2.933      0.265867
   2.936      0.263813
   2.940      0.261770
   2.943      0.259739
   2.947      0.257718
   2.950      0.255709
   2.954      0.253711
   2.957      0.251724
   2.961      0.249748
   2.964      0.247783
   2.968      0.245829
   2.971      0.243887
   2.975      0.241955
   2.978      0.240034
   2.982      0.238124
   2.985      0.236225
   2.989      0.234337
   2.992      0.232460
   2.996      0.230593
   2.999      0.228738
   3.003      0.226893
   3.006      0.225059
   3.010      0.223236
   3.013      0.221423
   3.017      0.219622
   3.020      0.217830
   3.024      0.216050
   3.027      0.214280
   3.031      0.212521
   3.034      0.210772
   3.038      0.209034
   3.041      0.207306
   3.045      0.205589
   3.048      0.203882
   3.052      0.202185
   3.055      0.200499
   3.059      0.198824
   3.062      0.197158
   3.066      0.195503
   3.069      0.193858
   3.073      0.192224
   3.076      0.190599
   3.080      0.188985
   3.083      0.187381
   3.087      0.185787
   3.090      0.184203
   3.094      0.182629
   3.097      0.181065
   3.101      0.179511
   3.104      0.177967
   3.108      0.176433
   3.111      0.174909
   3.115      0.173395
   3.118      0.171890
   3.122      0.170396
   3.125      0.168911
   3.129      0.167435
   3.132      0.165970
   3.136      0.164514
   3.139      0.163067
   3.143      0.161631
   3.146      0.160203
   3.150      0.158786
   3.153      0.157377
   3.157      0.155978
   3.160      0.154589
   3.164      0.153209
   3.167      0.151838
   3.171      0.150477
   3.174      0.149125
   3.178      0.147782
   3.181      0.146448
   3.185      0.145123
   3.188      0.143808
   3.192      0.142501
   3.195      0.141204
   3.199      0.139916
   3.202      0.138636
   3.206      0.137366
   3.209      0.136104
   3.213      0.134851
   3.216      0.133608
   3.220      0.132373
   3.223      0.131146
   3.227      0.129929
   3.230      0.128720
   3.234      0.127519
   3.237      0.126328
   3.241      0.125144
   3.244      0.123970
   3.248      0.122804
   3.251      0.121646
   3.255      0.120497
   3.258      0.119356
   3.262      0.118223
   3.265      0.117099
   3.269      0.115983
   3.272      0.114876
   3.276      0.113776
   3.279      0.112685
   3.283      0.111601
   3.286      0.110526
   3.290      0.109459
   3.293      0.108400
   3.297      0.107349
   3.300      0.106305
   3.304      0.105270
   3.307      0.104243
   3.311      0.103223
   3.314      0.102211
   3.318      0.101207
   3.321      0.100210
   3.325      0.099221
   3.328      0.098240
   3.332      0.097266
   3.335      0.096300
   3.339      0.095342
   3.342      0.094391
   3.346      0.093447
   3.349      0.092511
   3.353      0.091582
   3.356      0.090660
   3.360      0.089746
   3.363      0.088839
   3.367      0.087939
   3.370      0.087046
   3.374      0.086161
   3.377      0.085282
   3.381      0.084411
   3.384      0.083546
   3.388      0.082689
   3.391      0.081838
   3.395      0.080995
   3.398      0.080158
   3.402      0.079328
   3.405      0.078505
   3.409      0.077688
   3.412      0.076879
   3.416      0.076076
   3.419      0.075279
   3.423      0.074490
   3.426      0.073707
   3.430      0.072930
   3.433      0.072160
   3.437      0.071396
   3.440      0.070639
   3.444      0.069888
   3.447      0.069143
   3.451      0.068405
   3.454      0.067673
   3.458      0.066947
   3.461      0.066228
   3.465      0.065514
   3.468      0.064807
   3.472      0.064106
   3.475      0.063410
   3.479      0.062721
   3.482      0.062038
   3.486      0.061361
   3.489      0.060690
   3.493      0.060024
   3.496      0.059364
   3.500      0.058711
   3.503      0.058062
   3.507      0.057420
   3.510      0.056783
   3.514      0.056152
   3.517      0.055527
   3.521      0.054907
   3.524      0.054293
   3.528      0.053684
   3.531      0.053081
   3.535      0.052483
   3.538      0.051890
   3.542      0.051303
   3.545      0.050722
   3.549      0.050145
   3.552      0.049574
   3.556      0.049008
   3.559      0.048447
   3.563      0.047892
   3.566      0.047341
   3.570      0.046796
   3.573      0.046256
   3.577      0.045720
   3.580      0.045190
   3.584      0.044665
   3.587      0.044144
   3.591      0.043629
   3.594      0.043118
   3.598      0.042612
   3.601      0.042111
   3.605      0.041615
   3.608      0.041123
   3.612      0.040636
   3.615      0.040154
   3.619      0.039677
   3.622      0.039204
   3.626      0.038735
   3.629      0.038271
   3.633      0.037812
   3.636      0.037357
   3.640      0.036906
   3.643      0.036460
   3.647      0.036019
   3.650      0.035581
   3.654      0.035148
   3.657      0.034719
   3.661      0.034295
   3.664      0.033874
   3.668      0.033458
   3.671      0.033046
   3.675      0.032638
   3.678      0.032234
   3.682      0.031835
   3.685      0.031439
   3.689      0.031047
   3.692      0.030659
   3.696      0.030276
   3.699      0.029896
   3.703      0.029520
   3.706      0.029147
   3.710      0.028779
   3.713      0.028415
   3.717      0.028054
   3.720      0.027697
   3.724      0.027343
   3.727      0.026994
   3.731      0.026647
   3.734      0.026305
   3.738      0.025966
   3.741      0.025631
   3.745      0.025299
   3.748      0.024971
   3.752      0.024646
   3.755      0.024325
   3.759      0.024007
   3.762      0.023692
   3.766      0.023381
   3.769      0.023073
   3.773      0.022769
   3.776      0.022468
   3.780      0.022170
   3.783      0.021875
   3.787      0.021583
   3.790      0.021295
   3.794      0.021010
   3.797      0.020728
   3.801      0.020449
   3.804      0.020173
   3.808      0.019900
   3.811      0.019630
   3.815      0.019363
   3.818      0.019099
   3.822      0.018838
   3.825      0.018580
   3.829      0.018325
   3.832      0.018073
   3.836      0.017824
   3.839      0.017577
   3.843      0.017333
   3.846      0.017092
   3.850      0.016854
   3.853      0.016618
   3.857      0.016386
   3.860      0.016155
   3.864      0.015928
   3.867      0.015703
   3.871      0.015481
   3.874      0.015261
   3.878      0.015044
   3.881      0.014829
   3.885      0.014617
   3.888      0.014407
   3.892      0.014200
   3.895      0.013996
   3.899      0.013793
   3.902      0.013593
   3.906      0.013396
   3.909      0.013201
   3.913      0.013008
   3.916      0.012818
   3.920      0.012629
   3.923      0.012443
   3.927      0.012260
   3.930      0.012078
   3.934      0.011899
   3.937      0.011722
   3.941      0.011547
   3.944      0.011374
   3.948      0.011204
   3.951      0.011035
   3.955      0.010869
   3.958      0.010704
   3.962      0.010542
   3.965      0.010382
   3.969      0.010223
   3.972      0.010067
   3.976      0.009913
   3.979      0.009760
   3.983      0.009610
   3.986      0.009461
   3.990      0.009314
   3.993      0.009170
   3.997      0.009027
   4.000      0.008886
   4.004      0.008746
   4.007      0.008609
   4.011      0.008473
   4.014      0.008339
   4.018      0.008207
   4.021      0.008076
   4.025      0.007947
   4.028      0.007820
   4.032      0.007695
   4.035      0.007571
   4.039      0.007449
   4.042      0.007328
   4.046      0.007209
   4.049      0.007092
   4.053      0.006976
   4.056      0.006862
   4.060      0.006749
   4.063      0.006638
   4.067      0.006529
   4.070      0.006420
   4.074      0.006314
   4.077      0.006208
   4.081      0.006105
   4.084      0.006002
   4.088      0.005901
   4.091      0.005802
   4.095      0.005704
   4.098      0.005607
   4.102      0.005511
   4.105      0.005417
   4.109      0.005324
   4.112      0.005233
   4.116      0.005143
   4.119      0.005054
   4.123      0.004966
   4.126      0.004880
   4.130      0.004794
   4.133      0.004710
   4.137      0.004628
   4.140      0.004546
   4.144      0.004466
   4.147      0.004386
   4.151      0.004308
   4.154      0.004231
   4.158      0.004156
   4.161      0.004081
   4.165      0.004007
   4.168      0.003935
   4.172      0.003863
   4.175      0.003793
   4.179      0.003724
   4.182      0.003655
   4.186      0.003588
   4.189      0.003522
   4.193      0.003457
   4.196      0.003393
   4.200      0.003329
   4.203      0.003267
   4.207      0.003206
   4.210      0.003145
   4.214      0.003086
   4.217      0.003027
   4.221      0.002970
   4.224      0.002913
   4.228      0.002857
   4.231      0.002802
   4.235      0.002748
   4.238      0.002695
   4.242      0.002642
   4.245      0.002591
   4.249      0.002540
   4.252      0.002490
   4.256      0.002441
   4.259      0.002392
   4.263      0.002345
   4.266      0.002298
   4.270      0.002252
   4.273      0.002207
   4.277      0.002162
   4.280      0.002118
   4.284      0.002075
   4.287      0.002033
   4.291      0.001991
   4.294      0.001950
   4.298      0.001910
   4.301      0.001870
   4.305      0.001831
   4.308      0.001793
   4.312      0.001755
   4.315      0.001718
   4.319      0.001682
   4.322      0.001646
   4.326      0.001611
   4.329      0.001577
   4.333      0.001543
   4.336      0.001509
   4.340      0.001477
   4.343      0.001444
   4.347      0.001413
   4.350      0.001382
   4.354      0.001351
   4.357      0.001321
   4.361      0.001292
   4.364      0.001263
   4.368      0.001235
   4.371      0.001207
   4.375      0.001180
   4.378      0.001153
   4.382      0.001126
   4.385      0.001100
   4.389      0.001075
   4.392      0.001050
   4.396      0.001026
   4.399      0.001002
   4.403      0.000978
   4.406      0.000955
   4.410      0.000932
   4.413      0.000910
   4.417      0.000888
   4.420      0.000867
   4.424      0.000846
   4.427      0.000825
   4.431      0.000805
   4.434      0.000786
   4.438      0.000766
   4.441      0.000747
   4.445      0.000729
   4.448      0.000710
   4.452      0.000692
   4.455      0.000675
   4.459      0.000658
   4.462      0.000641
   4.466      0.000624
   4.469      0.000608
   4.473      0.000592
   4.476      0.000577
   4.480      0.000562
   4.483      0.000547
   4.487      0.000532
   4.490      0.000518
   4.494      0.000504
   4.497      0.000490
   4.501      0.000477
   4.504      0.000464
   4.508      0.000451
   4.511      0.000439
   4.515      0.000426
   4.518      0.000414
   4.522      0.000403
   4.525      0.000391
   4.529      0.000380
   4.532      0.000369
   4.536      0.000358
   4.539      0.000348
   4.543      0.000338
   4.546      0.000328
   4.550      0.000318
   4.553      0.000308
   4.557      0.000299
   4.560      0.000290
   4.564      0.000281
   4.567      0.000272
   4.571      0.000264
   4.574      0.000256
   4.578      0.000248
   4.581      0.000240
   4.585      0.000232
   4.588      0.000225
   4.592      0.000217
   4.595      0.000210
   4.599      0.000203
   4.602      0.000196
   4.606      0.000190
   4.609      0.000183
   4.613      0.000177
   4.616      0.000171
   4.620      0.000165
   4.623      0.000159
   4.627      0.000154
   4.630      0.000148
   4.634      0.000143
   4.637      0.000138
   4.641      0.000132
   4.644      0.000128
   4.648      0.000123
   4.651      0.000118
   4.655      0.000114
   4.658      0.000109
   4.662      0.000105
   4.665      0.000101
   4.669      0.000097
   4.672      0.000093
   4.676      0.000089
   4.679      0.000085
   4.683      0.000082
   4.686      0.000078
   4.690      0.000075
   4.693      0.000072
   4.697      0.000068
   4.700      0.000065
   4.704      0.000062
   4.707      0.000059
   4.711      0.000057
   4.714      0.000054
   4.718      0.000051
   4.721      0.000049
   4.725      0.000046
   4.728      0.000044
   4.732      0.000042
   4.735      0.000040
   4.739      0.000037
   4.742      0.000035
   4.746      0.000033
   4.749      0.000031
   4.753      0.000030
   4.756      0.000028
   4.760      0.000026
   4.763      0.000024
   4.767      0.000023
   4.770      0.000021
   4.774      0.000020
   4.777      0.000019
   4.781      0.000017
   4.784      0.000016
   4.788      0.000015
   4.791      0.000013
   4.795      0.000012
   4.798      0.000011
   4.802      0.000010
   4.805      0.000009
   4.809      0.000008
   4.812      0.000007
   4.816      0.000007
   4.819      0.000006
   4.823      0.000005
   4.826      0.000004
   4.830      0.000003
   4.833      0.000003
   4.837      0.000002
   4.840      0.000002
   4.844      0.000001
   4.847      0.000001
   4.851      0.000000
