   0.000      1.194819
   0.003      1.194819
   0.007      1.194819
   0.010      1.194819
   0.014      1.194819
   0.017      1.194819
   0.021      1.194819
   0.024      1.194819
   0.028      1.194819
   0.031      1.194819
   0.035      1.194818
   0.038      1.194818
   0.042      1.194817
   0.045      1.194816
   0.049      1.194815
   0.052      1.194814
   0.056      1.194813
   0.059      1.194811
   0.063      1.194809
   0.066      1.194807
   0.069      1.194804
   0.073      1.194800
   0.076      1.194796
   0.080      1.194792
   0.083      1.194787
   0.087      1.194781
   0.090      1.194774
   0.094      1.194767
   0.097      1.194759
   0.101      1.194750
   0.104      1.194740
   0.108      1.194728
   0.111      1.194716
   0.115      1.194702
   0.118      1.194687
   0.122      1.194671
   0.125      1.194653
   0.128      1.194633
   0.132      1.194612
   0.135      1.194589
   0.139      1.194564
   0.142      1.194537
   0.146      1.194508
   0.149      1.194476
   0.153      1.194443
   0.156      1.194407
   0.160      1.194368
   0.163      1.194326
   0.167      1.194282
   0.170      1.194235
   0.174      1.194184
   0.177      1.194131
   0.181      1.194074
   0.184      1.194013
   0.188      1.193949
   0.191      1.193880
   0.194      1.193808
   0.198      1.193732
   0.201      1.193651
   0.205      1.193565
   0.208      1.193475
   0.212      1.193380
   0.215      1.193280
   0.219      1.193175
   0.222      1.193064
   0.226      1.192948
   0.229      1.192826
   0.233      1.192698
   0.236      1.192563
   0.240      1.192422
   0.243      1.192274
   0.247      1.192120
   0.250      1.191958
   0.254      1.191789
   0.257      1.191612
   0.260      1.191428
   0.264      1.191235
   0.267      1.191034
   0.271      1.190825
   0.274      1.190607
   0.278      1.190380
   0.281      1.190143
   0.285      1.189897
   0.288      1.189641
   0.292      1.189375
   0.295      1.189099
   0.299      1.188812
   0.302      1.188514
   0.306      1.188205
   0.309      1.187885
   0.313      1.187552
   0.316      1.187208
   0.319      1.186852
   0.323      1.186482
   0.326      1.186100
   0.330      1.185705
   0.333      1.185297
   0.337      1.184874
   0.340      1.184438
   0.344      1.183987
   0.347      1.183521
   0.351      1.183041
   0.354      1.182545
   0.358      1.182034
   0.361      1.181507
   0.365      1.180964
   0.368      1.180404
   0.372      1.179828
   0.375      1.179235
   0.379      1.178624
   0.382      1.177996
   0.385      1.177349
   0.389      1.176685
   0.392      1.176002
   0.396      1.175301
   0.399      1.174580
   0.403      1.173840
   0.406      1.173081
   0.410      1.172301
   0.413      1.171502
   0.417      1.170682
   0.420      1.169842
   0.424      1.168981
   0.427      1.168098
   0.431      1.167195
   0.434      1.166270
   0.438      1.165323
   0.441      1.164354
   0.445      1.163362
   0.448      1.162349
   0.451      1.161312
   0.455      1.160253
   0.458      1.159171
   0.462      1.158066
   0.465      1.156938
   0.469      1.155786
   0.472      1.154610
   0.476      1.153411
   0.479      1.152188
   0.483      1.150941
   0.486      1.149670
   0.490      1.148374
   0.493      1.147055
   0.497      1.145711
   0.500      1.144343
   0.504      1.142950
   0.507      1.141533
   0.510      1.140092
   0.514      1.138626
   0.517      1.137136
   0.521      1.135621
   0.524      1.134082
   0.528      1.132518
   0.531      1.130930
   0.535      1.129318
   0.538      1.127682
   0.542      1.126022
   0.545      1.124337
   0.549      1.122629
   0.552      1.120897
   0.556      1.119142
   0.559      1.117363
   0.563      1.115561
   0.566      1.113736
   0.570      1.111887
   0.573      1.110017
   0.576      1.108124
   0.580      1.106208
   0.583      1.104271
   0.587      1.102312
   0.590      1.100331
   0.594      1.098329
   0.597      1.096307
   0.601      1.094264
   0.604      1.092200
   0.608      1.090117
   0.611      1.088014
   0.615      1.085892
   0.618      1.083750
   0.622      1.081591
   0.625      1.079413
   0.629      1.077217
   0.632      1.075004
   0.636      1.072774
   0.639      1.070527
   0.642      1.068264
   0.646      1.065985
   0.649      1.063691
   0.653      1.061382
   0.656      1.059059
   0.660      1.056721
   0.663      1.054370
   0.667      1.052005
   0.670      1.049628
   0.674      1.047239
   0.677      1.044838
   0.681      1.042426
   0.684      1.040003
   0.688      1.037569
   0.691      1.035126
   0.695      1.032673
   0.698      1.030211
   0.701      1.027741
   0.705      1.025263
   0.708      1.022777
   0.712      1.020285
   0.715      1.017786
   0.719      1.015281
   0.722      1.012770
   0.726      1.010254
   0.729      1.007734
   0.733      1.005209
   0.736      1.002681
   0.740      1.000149
   0.743      0.997615
   0.747      0.995078
   0.750      0.992540
   0.754      0.990000
   0.757      0.987459
   0.761      0.984918
   0.764      0.982377
   0.767      0.979836
   0.771      0.977296
   0.774      0.974757
   0.778      0.972219
   0.781      0.969684
   0.785      0.967151
   0.788      0.964621
   0.792      0.962094
   0.795      0.959571
   0.799      0.957052
   0.802      0.954537
   0.806      0.952026
   0.809      0.949521
   0.813      0.947021
   0.816      0.944527
   0.820      0.942039
   0.823      0.939557
   0.827      0.937082
   0.830      0.934614
   0.833      0.932153
   0.837      0.929700
   0.840      0.927255
   0.844      0.924818
   0.847      0.922389
   0.851      0.919969
   0.854      0.917558
   0.858      0.915156
   0.861      0.912763
   0.865      0.910380
   0.868      0.908006
   0.872      0.905643
   0.875      0.903290
   0.879      0.900947
   0.882      0.898615
   0.886      0.896294
   0.889      0.893984
   0.892      0.891684
   0.896      0.889396
   0.899      0.887120
   0.903      0.884855
   0.906      0.882601
   0.910      0.880359
   0.913      0.878130
   0.917      0.875912
   0.920      0.873706
   0.924      0.871512
   0.927      0.869331
   0.931      0.867162
   0.934      0.865005
   0.938      0.862861
   0.941      0.860729
   0.945      0.858610
   0.948      0.856503
   0.952      0.854409
   0.955      0.852328
   0.958      0.850259
   0.962      0.848203
   0.965      0.846160
   0.969      0.844130
   0.972      0.842112
   0.976      0.840107
   0.979      0.838115
   0.983      0.836135
   0.986      0.834168
   0.990      0.832214
   0.993      0.830272
   0.997      0.828343
   1.000      0.826426
   1.004      0.824522
   1.007      0.822630
   1.011      0.820751
   1.014      0.818884
   1.018      0.817029
   1.021      0.815187
   1.024      0.813356
   1.028      0.811538
   1.031      0.809732
   1.035      0.807937
   1.038      0.806155
   1.042      0.804384
   1.045      0.802625
   1.049      0.800877
   1.052      0.799141
   1.056      0.797416
   1.059      0.795703
   1.063      0.794001
   1.066      0.792309
   1.070      0.790629
   1.073      0.788960
   1.077      0.787301
   1.080      0.785653
   1.083      0.784016
   1.087      0.782389
   1.090      0.780772
   1.094      0.779166
   1.097      0.777570
   1.101      0.775983
   1.104      0.774407
   1.108      0.772840
   1.111      0.771283
   1.115      0.769735
   1.118      0.768197
   1.122      0.766668
   1.125      0.765149
   1.129      0.763638
   1.132      0.762136
   1.136      0.760643
   1.139      0.759158
   1.143      0.757682
   1.146      0.756215
   1.149      0.754756
   1.153      0.753305
   1.156      0.751862
   1.160      0.750427
   1.163      0.748999
   1.167      0.747580
   1.170      0.746168
   1.174      0.744763
   1.177      0.743366
   1.181      0.741976
   1.184      0.740593
   1.188      0.739217
   1.191      0.737848
   1.195      0.736486
   1.198      0.735130
   1.202      0.733781
   1.205      0.732438
   1.209      0.731102
   1.212      0.729771
   1.215      0.728447
   1.219      0.727129
   1.222      0.725817
   1.226      0.724510
   1.229      0.723209
   1.233      0.721914
   1.236      0.720624
   1.240      0.719340
   1.243      0.718061
   1.247      0.716787
   1.250      0.715518
   1.254      0.714254
   1.257      0.712995
   1.261      0.711740
   1.264      0.710491
   1.268      0.709246
   1.271      0.708005
   1.274      0.706769
   1.278      0.705538
   1.281      0.704310
   1.285      0.703087
   1.288      0.701868
   1.292      0.700653
   1.295      0.699442
   1.299      0.698235
   1.302      0.697032
   1.306      0.695832
   1.309      0.694636
   1.313      0.693444
   1.316      0.692255
   1.320      0.691070
   1.323      0.689888
   1.327      0.688710
   1.330      0.687534
   1.334      0.686362
   1.337      0.685193
   1.340      0.684027
   1.344      0.682864
   1.347      0.681705
   1.351      0.680548
   1.354      0.679394
   1.358      0.678242
   1.361      0.677094
   1.365      0.675948
   1.368      0.674805
   1.372      0.673665
   1.375      0.672527
   1.379      0.671392
   1.382      0.670259
   1.386      0.669128
   1.389      0.668000
   1.393      0.666875
   1.396      0.665752
   1.400      0.664631
   1.403      0.663512
   1.406      0.662396
   1.410      0.661281
   1.413      0.660169
   1.417      0.659059
   1.420      0.657952
   1.424      0.656846
   1.427      0.655742
   1.431      0.654640
   1.434      0.653541
   1.438      0.652443
   1.441      0.651347
   1.445      0.650253
   1.448      0.649161
   1.452      0.648071
   1.455      0.646983
   1.459      0.645897
   1.462      0.644812
   1.465      0.643729
   1.469      0.642648
   1.472      0.641569
   1.476      0.640492
   1.479      0.639416
   1.483      0.638342
   1.486      0.637269
   1.490      0.636199
   1.493      0.635130
   1.497      0.634063
   1.500      0.632997
   1.504      0.631933
   1.507      0.630871
   1.511      0.629810
   1.514      0.628751
   1.518      0.627694
   1.521      0.626638
   1.525      0.625584
   1.528      0.624531
   1.531      0.623480
   1.535      0.622431
   1.538      0.621383
   1.542      0.620337
   1.545      0.619292
   1.549      0.618249
   1.552      0.617208
   1.556      0.616168
   1.559      0.615129
   1.563      0.614092
   1.566      0.613057
   1.570      0.612024
   1.573      0.610991
   1.577      0.609961
   1.580      0.608932
   1.584      0.607905
   1.587      0.606879
   1.591      0.605854
   1.594      0.604832
   1.597      0.603811
   1.601      0.602791
   1.604      0.601773
   1.608      0.600757
   1.611      0.599742
   1.615      0.598728
   1.618      0.597717
   1.622      0.596707
   1.625      0.595698
   1.629      0.594691
   1.632      0.593686
   1.636      0.592682
   1.639      0.591680
   1.643      0.590680
   1.646      0.589681
   1.650      0.588684
   1.653      0.587688
   1.656      0.586694
   1.660      0.585702
   1.663      0.584711
   1.667      0.583722
   1.670      0.582735
   1.674      0.581749
   1.677      0.580765
   1.681      0.579782
   1.684      0.578802
   1.688      0.577823
   1.691      0.576845
   1.695      0.575870
   1.698      0.574896
   1.702      0.573923
   1.705      0.572953
   1.709      0.571984
   1.712      0.571017
   1.716      0.570051
   1.719      0.569087
   1.722      0.568125
   1.726      0.567165
   1.729      0.566207
   1.733      0.565250
   1.736      0.564295
   1.740      0.563342
   1.743      0.562390
   1.747      0.561440
   1.750      0.560492
   1.754      0.559546
   1.757      0.558602
   1.761      0.557659
   1.764      0.556718
   1.768      0.555780
   1.771      0.554842
   1.775      0.553907
   1.778      0.552973
   1.782      0.552042
   1.785      0.551112
   1.788      0.550184
   1.792      0.549258
   1.795      0.548333
   1.799      0.547411
   1.802      0.546490
   1.806      0.545571
   1.809      0.544654
   1.813      0.543739
   1.816      0.542826
   1.820      0.541914
   1.823      0.541005
   1.827      0.540097
   1.830      0.539192
   1.834      0.538288
   1.837      0.537386
   1.841      0.536486
   1.844      0.535588
   1.847      0.534691
   1.851      0.533797
   1.854      0.532905
   1.858      0.532014
   1.861      0.531125
   1.865      0.530239
   1.868      0.529354
   1.872      0.528471
   1.875      0.527590
   1.879      0.526711
   1.882      0.525834
   1.886      0.524959
   1.889      0.524086
   1.893      0.523215
   1.896      0.522346
   1.900      0.521478
   1.903      0.520613
   1.907      0.519749
   1.910      0.518888
   1.913      0.518028
   1.917      0.517171
   1.920      0.516315
   1.924      0.515462
   1.927      0.514610
   1.931      0.513760
   1.934      0.512912
   1.938      0.512067
   1.941      0.511223
   1.945      0.510381
   1.948      0.509541
   1.952      0.508703
   1.955      0.507867
   1.959      0.507033
   1.962      0.506201
   1.966      0.505371
   1.969      0.504543
   1.973      0.503717
   1.976      0.502892
   1.979      0.502070
   1.983      0.501250
   1.986      0.500432
   1.990      0.499616
   1.993      0.498801
   1.997      0.497989
   2.000      0.497179
   2.004      0.496370
   2.007      0.495564
   2.011      0.494759
   2.014      0.493957
   2.018      0.493156
   2.021      0.492358
   2.025      0.491561
   2.028      0.490767
   2.032      0.489974
   2.035      0.489183
   2.038      0.488395
   2.042      0.487608
   2.045      0.486823
   2.049      0.486040
   2.052      0.485260
   2.056      0.484481
   2.059      0.483704
   2.063      0.482929
   2.066      0.482156
   2.070      0.481385
   2.073      0.480615
   2.077      0.479848
   2.080      0.479083
   2.084      0.478320
   2.087      0.477558
   2.091      0.476799
   2.094      0.476041
   2.098      0.475286
   2.101      0.474532
   2.104      0.473781
   2.108      0.473031
   2.111      0.472283
   2.115      0.471537
   2.118      0.470793
   2.122      0.470051
   2.125      0.469311
   2.129      0.468573
   2.132      0.467837
   2.136      0.467102
   2.139      0.466370
   2.143      0.465639
   2.146      0.464910
   2.150      0.464184
   2.153      0.463459
   2.157      0.462736
   2.160      0.462015
   2.164      0.461295
   2.167      0.460578
   2.170      0.459863
   2.174      0.459149
   2.177      0.458437
   2.181      0.457728
   2.184      0.457020
   2.188      0.456313
   2.191      0.455609
   2.195      0.454907
   2.198      0.454206
   2.202      0.453508
   2.205      0.452811
   2.209      0.452116
   2.212      0.451423
   2.216      0.450731
   2.219      0.450042
   2.223      0.449354
   2.226      0.448668
   2.229      0.447985
   2.233      0.447302
   2.236      0.446622
   2.240      0.445943
   2.243      0.445267
   2.247      0.444592
   2.250      0.443919
   2.254      0.443247
   2.257      0.442578
   2.261      0.441910
   2.264      0.441244
   2.268      0.440580
   2.271      0.439917
   2.275      0.439257
   2.278      0.438598
   2.282      0.437941
   2.285      0.437285
   2.289      0.436632
   2.292      0.435980
   2.295      0.435330
   2.299      0.434682
   2.302      0.434035
   2.306      0.433390
   2.309      0.432747
   2.313      0.432106
   2.316      0.431466
   2.320      0.430828
   2.323      0.430192
   2.327      0.429557
   2.330      0.428924
   2.334      0.428293
   2.337      0.427664
   2.341      0.427036
   2.344      0.426410
   2.348      0.425786
   2.351      0.425163
   2.355      0.424542
   2.358      0.423923
   2.361      0.423305
   2.365      0.422689
   2.368      0.422074
   2.372      0.421462
   2.375      0.420851
   2.379      0.420241
   2.382      0.419634
   2.386      0.419027
   2.389      0.418423
   2.393      0.417820
   2.396      0.417219
   2.400      0.416619
   2.403      0.416021
   2.407      0.415425
   2.410      0.414830
   2.414      0.414237
   2.417      0.413645
   2.420      0.413055
   2.424      0.412467
   2.427      0.411880
   2.431      0.411295
   2.434      0.410711
   2.438      0.410129
   2.441      0.409548
   2.445      0.408969
   2.448      0.408392
   2.452      0.407816
   2.455      0.407241
   2.459      0.406669
   2.462      0.406097
   2.466      0.405527
   2.469      0.404959
   2.473      0.404393
   2.476      0.403827
   2.480      0.403264
   2.483      0.402702
   2.486      0.402141
   2.490      0.401582
   2.493      0.401024
   2.497      0.400468
   2.500      0.399913
   2.504      0.399360
   2.507      0.398808
   2.511      0.398258
   2.514      0.397709
   2.518      0.397162
   2.521      0.396616
   2.525      0.396071
   2.528      0.395529
   2.532      0.394987
   2.535      0.394447
   2.539      0.393908
   2.542      0.393371
   2.546      0.392835
   2.549      0.392301
   2.552      0.391768
   2.556      0.391236
   2.559      0.390706
   2.563      0.390177
   2.566      0.389650
   2.570      0.389124
   2.573      0.388600
   2.577      0.388076
   2.580      0.387555
   2.584      0.387034
   2.587      0.386515
   2.591      0.385997
   2.594      0.385481
   2.598      0.384966
   2.601      0.384453
   2.605      0.383940
   2.608      0.383429
   2.611      0.382920
   2.615      0.382412
   2.618      0.381905
   2.622      0.381399
   2.625      0.380895
   2.629      0.380392
   2.632      0.379890
   2.636      0.379390
   2.639      0.378891
   2.643      0.378393
   2.646      0.377897
   2.650      0.377402
   2.653      0.376908
   2.657      0.376415
   2.660      0.375924
   2.664      0.375434
   2.667      0.374945
   2.671      0.374458
   2.674      0.373971
   2.677      0.373486
   2.681      0.373003
   2.684      0.372520
   2.688      0.372039
   2.691      0.371559
   2.695      0.371080
   2.698      0.370603
   2.702      0.370126
   2.705      0.369651
   2.709      0.369177
   2.712      0.368705
   2.716      0.368233
   2.719      0.367763
   2.723      0.367294
   2.726      0.366826
   2.730      0.366359
   2.733      0.365894
   2.737      0.365429
   2.740      0.364966
   2.743      0.364504
   2.747      0.364043
   2.750      0.363584
   2.754      0.363125
   2.757      0.362668
   2.761      0.362212
   2.764      0.361757
   2.768      0.361303
   2.771      0.360850
   2.775      0.360398
   2.778      0.359948
