   0.000      0.763852
   0.003      0.763852
   0.007      0.763852
   0.010      0.763852
   0.013      0.763852
   0.017      0.763852
   0.020      0.763852
   0.023      0.763852
   0.026      0.763852
   0.030      0.763852
   0.033      0.763852
   0.036      0.763852
   0.040      0.763852
   0.043      0.763852
   0.046      0.763852
   0.050      0.763852
   0.053      0.763852
   0.056      0.763852
   0.060      0.763852
   0.063      0.763852
   0.066      0.763852
   0.069      0.763852
   0.073      0.763852
   0.076      0.763852
   0.079      0.763852
   0.083      0.763851
   0.086      0.763851
   0.089      0.763851
   0.093      0.763851
   0.096      0.763850
   0.099      0.763850
   0.103      0.763850
   0.106      0.763849
   0.109      0.763848
   0.112      0.763848
   0.116      0.763847
   0.119      0.763846
   0.122      0.763845
   0.126      0.763843
   0.129      0.763842
   0.132      0.763840
   0.136      0.763838
   0.139      0.763836
   0.142      0.763834
   0.146      0.763831
   0.149      0.763828
   0.152      0.763825
   0.155      0.763821
   0.159      0.763817
   0.162      0.763813
   0.165      0.763808
   0.169      0.763802
   0.172      0.763796
   0.175      0.763790
   0.179      0.763782
   0.182      0.763775
   0.185      0.763766
   0.189      0.763757
   0.192      0.763747
   0.195      0.763736
   0.198      0.763724
   0.202      0.763711
   0.205      0.763697
   0.208      0.763682
   0.212      0.763666
   0.215      0.763649
   0.218      0.763631
   0.222      0.763611
   0.225      0.763590
   0.228      0.763567
   0.232      0.763543
   0.235      0.763517
   0.238      0.763489
   0.241      0.763460
   0.245      0.763429
   0.248      0.763395
   0.251      0.763360
   0.255      0.763323
   0.258      0.763283
   0.261      0.763241
   0.265      0.763197
   0.268      0.763150
   0.271      0.763101
   0.275      0.763049
   0.278      0.762994
   0.281      0.762936
   0.284      0.762875
   0.288      0.762811
   0.291      0.762744
   0.294      0.762673
   0.298      0.762599
   0.301      0.762522
   0.304      0.762441
   0.308      0.762356
   0.311      0.762267
   0.314      0.762174
   0.318      0.762077
   0.321      0.761976
   0.324      0.761870
   0.327      0.761760
   0.331      0.761645
   0.334      0.761526
   0.337      0.761402
   0.341      0.761272
   0.344      0.761138
   0.347      0.760998
   0.351      0.760854
   0.354      0.760703
   0.357      0.760548
   0.361      0.760386
   0.364      0.760219
   0.367      0.760046
   0.370      0.759867
   0.374      0.759682
   0.377      0.759491
   0.380      0.759293
   0.384      0.759089
   0.387      0.758878
   0.390      0.758661
   0.394      0.758437
   0.397      0.758206
   0.400      0.757968
   0.403      0.757724
   0.407      0.757472
   0.410      0.757213
   0.413      0.756947
   0.417      0.756673
   0.420      0.756392
   0.423      0.756103
   0.427      0.755807
   0.430      0.755503
   0.433      0.755192
   0.437      0.754873
   0.440      0.754546
   0.443      0.754211
   0.446      0.753868
   0.450      0.753517
   0.453      0.753159
   0.456      0.752792
   0.460      0.752417
   0.463      0.752034
   0.466      0.751643
   0.470      0.751244
   0.473      0.750837
   0.476      0.750421
   0.480      0.749998
   0.483      0.749566
   0.486      0.749126
   0.489      0.748678
   0.493      0.748222
   0.496      0.747758
   0.499      0.747286
   0.503      0.746806
   0.506      0.746317
   0.509      0.745821
   0.513      0.745317
   0.516      0.744805
   0.519      0.744285
   0.523      0.743758
   0.526      0.743222
   0.529      0.742680
   0.532      0.742129
   0.536      0.741571
   0.539      0.741006
   0.542      0.740433
   0.546      0.739853
   0.549      0.739266
   0.552      0.738672
   0.556      0.738070
   0.559      0.737462
   0.562      0.736848
   0.566      0.736226
   0.569      0.735598
   0.572      0.734964
   0.575      0.734323
   0.579      0.733676
   0.582      0.733023
   0.585      0.732364
   0.589      0.731699
   0.592      0.731029
   0.595      0.730353
   0.599      0.729671
   0.602      0.728984
   0.605      0.728293
   0.609      0.727596
   0.612      0.726894
   0.615      0.726187
   0.618      0.725476
   0.622      0.724761
   0.625      0.724041
   0.628      0.723317
   0.632      0.722588
   0.635      0.721857
   0.638      0.721121
   0.642      0.720382
   0.645      0.719639
   0.648      0.718893
   0.652      0.718144
   0.655      0.717391
   0.658      0.716636
   0.661      0.715879
   0.665      0.715118
   0.668      0.714356
   0.671      0.713591
   0.675      0.712823
   0.678      0.712054
   0.681      0.711283
   0.685      0.710510
   0.688      0.709736
   0.691      0.708960
   0.695      0.708183
   0.698      0.707404
   0.701      0.706625
   0.704      0.705845
   0.708      0.705063
   0.711      0.704281
   0.714      0.703499
   0.718      0.702716
   0.721      0.701933
   0.724      0.701149
   0.728      0.700366
   0.731      0.699582
   0.734      0.698799
   0.738      0.698016
   0.741      0.697233
   0.744      0.696450
   0.747      0.695669
   0.751      0.694888
   0.754      0.694107
   0.757      0.693328
   0.761      0.692549
   0.764      0.691772
   0.767      0.690996
   0.771      0.690221
   0.774      0.689447
   0.777      0.688675
   0.781      0.687904
   0.784      0.687135
   0.787      0.686368
   0.790      0.685602
   0.794      0.684838
   0.797      0.684076
   0.800      0.683316
   0.804      0.682558
   0.807      0.681803
   0.810      0.681049
   0.814      0.680298
   0.817      0.679549
   0.820      0.678802
   0.824      0.678058
   0.827      0.677317
   0.830      0.676578
   0.833      0.675841
   0.837      0.675108
   0.840      0.674377
   0.843      0.673648
   0.847      0.672923
   0.850      0.672201
   0.853      0.671481
   0.857      0.670765
   0.860      0.670051
   0.863      0.669341
   0.867      0.668634
   0.870      0.667930
   0.873      0.667229
   0.876      0.666531
   0.880      0.665837
   0.883      0.665145
   0.886      0.664457
   0.890      0.663773
   0.893      0.663092
   0.896      0.662414
   0.900      0.661740
   0.903      0.661069
   0.906      0.660402
   0.910      0.659738
   0.913      0.659077
   0.916      0.658420
   0.919      0.657767
   0.923      0.657117
   0.926      0.656471
   0.929      0.655829
   0.933      0.655190
   0.936      0.654554
   0.939      0.653923
   0.943      0.653295
   0.946      0.652670
   0.949      0.652049
   0.953      0.651432
   0.956      0.650819
   0.959      0.650209
   0.962      0.649603
   0.966      0.649000
   0.969      0.648401
   0.972      0.647806
   0.976      0.647214
   0.979      0.646626
   0.982      0.646042
   0.986      0.645461
   0.989      0.644884
   0.992      0.644310
   0.996      0.643740
   0.999      0.643173
   1.002      0.642611
   1.005      0.642051
   1.009      0.641495
   1.012      0.640943
   1.015      0.640394
   1.019      0.639849
   1.022      0.639307
   1.025      0.638769
   1.029      0.638234
   1.032      0.637702
   1.035      0.637174
   1.039      0.636649
   1.042      0.636127
   1.045      0.635609
   1.048      0.635094
   1.052      0.634582
   1.055      0.634073
   1.058      0.633568
   1.062      0.633065
   1.065      0.632566
   1.068      0.632070
   1.072      0.631577
   1.075      0.631087
   1.078      0.630600
   1.082      0.630116
   1.085      0.629635
   1.088      0.629156
   1.091      0.628681
   1.095      0.628208
   1.098      0.627738
   1.101      0.627271
   1.105      0.626807
   1.108      0.626345
   1.111      0.625886
   1.115      0.625429
   1.118      0.624975
   1.121      0.624524
   1.125      0.624074
   1.128      0.623628
   1.131      0.623183
   1.134      0.622741
   1.138      0.622302
   1.141      0.621864
   1.144      0.621429
   1.148      0.620995
   1.151      0.620564
   1.154      0.620135
   1.158      0.619708
   1.161      0.619283
   1.164      0.618860
   1.167      0.618438
   1.171      0.618019
   1.174      0.617601
   1.177      0.617185
   1.181      0.616771
   1.184      0.616358
   1.187      0.615947
   1.191      0.615537
   1.194      0.615129
   1.197      0.614722
   1.201      0.614317
   1.204      0.613913
   1.207      0.613510
   1.210      0.613109
   1.214      0.612708
   1.217      0.612309
   1.220      0.611911
   1.224      0.611514
   1.227      0.611118
   1.230      0.610723
   1.234      0.610329
   1.237      0.609935
   1.240      0.609543
   1.244      0.609151
   1.247      0.608760
   1.250      0.608369
   1.253      0.607979
   1.257      0.607590
   1.260      0.607201
   1.263      0.606813
   1.267      0.606425
   1.270      0.606037
   1.273      0.605650
   1.277      0.605263
   1.280      0.604877
   1.283      0.604490
   1.287      0.604104
   1.290      0.603717
   1.293      0.603331
   1.296      0.602945
   1.300      0.602559
   1.303      0.602172
   1.306      0.601786
   1.310      0.601399
   1.313      0.601012
   1.316      0.600625
   1.320      0.600238
   1.323      0.599850
   1.326      0.599462
   1.330      0.599073
   1.333      0.598684
   1.336      0.598295
   1.339      0.597905
   1.343      0.597514
   1.346      0.597123
   1.349      0.596731
   1.353      0.596339
   1.356      0.595946
   1.359      0.595552
   1.363      0.595157
   1.366      0.594762
   1.369      0.594365
   1.373      0.593968
   1.376      0.593570
   1.379      0.593171
   1.382      0.592770
   1.386      0.592369
   1.389      0.591967
   1.392      0.591564
   1.396      0.591160
   1.399      0.590754
   1.402      0.590348
   1.406      0.589940
   1.409      0.589531
   1.412      0.589121
   1.416      0.588709
   1.419      0.588297
   1.422      0.587883
   1.425      0.587467
   1.429      0.587051
   1.432      0.586632
   1.435      0.586213
   1.439      0.585792
   1.442      0.585370
   1.445      0.584946
   1.449      0.584521
   1.452      0.584094
   1.455      0.583666
   1.459      0.583236
   1.462      0.582805
   1.465      0.582372
   1.468      0.581938
   1.472      0.581502
   1.475      0.581064
   1.478      0.580625
   1.482      0.580184
   1.485      0.579741
   1.488      0.579297
   1.492      0.578851
   1.495      0.578404
   1.498      0.577954
   1.502      0.577503
   1.505      0.577051
   1.508      0.576596
   1.511      0.576140
   1.515      0.575682
   1.518      0.575223
   1.521      0.574761
   1.525      0.574298
   1.528      0.573833
   1.531      0.573367
   1.535      0.572898
   1.538      0.572428
   1.541      0.571956
   1.545      0.571482
   1.548      0.571006
   1.551      0.570529
   1.554      0.570049
   1.558      0.569568
   1.561      0.569085
   1.564      0.568600
   1.568      0.568114
   1.571      0.567625
   1.574      0.567135
   1.578      0.566642
   1.581      0.566148
   1.584      0.565653
   1.588      0.565155
   1.591      0.564655
   1.594      0.564154
   1.597      0.563651
   1.601      0.563145
   1.604      0.562639
   1.607      0.562130
   1.611      0.561619
   1.614      0.561107
   1.617      0.560592
   1.621      0.560076
   1.624      0.559558
   1.627      0.559039
   1.631      0.558517
   1.634      0.557994
   1.637      0.557469
   1.640      0.556942
   1.644      0.556413
   1.647      0.555882
   1.650      0.555350
   1.654      0.554816
   1.657      0.554280
   1.660      0.553742
   1.664      0.553203
   1.667      0.552661
   1.670      0.552118
   1.674      0.551574
   1.677      0.551027
   1.680      0.550479
   1.683      0.549929
   1.687      0.549378
   1.690      0.548824
   1.693      0.548269
   1.697      0.547713
   1.700      0.547154
   1.703      0.546594
   1.707      0.546033
   1.710      0.545470
   1.713      0.544905
   1.717      0.544338
   1.720      0.543770
   1.723      0.543200
   1.726      0.542629
   1.730      0.542056
   1.733      0.541482
   1.736      0.540906
   1.740      0.540329
   1.743      0.539750
   1.746      0.539169
   1.750      0.538587
   1.753      0.538004
   1.756      0.537419
   1.760      0.536833
   1.763      0.536245
   1.766      0.535656
   1.769      0.535065
   1.773      0.534474
   1.776      0.533880
   1.779      0.533286
   1.783      0.532690
   1.786      0.532092
   1.789      0.531494
   1.793      0.530894
   1.796      0.530293
   1.799      0.529691
   1.803      0.529087
   1.806      0.528482
   1.809      0.527876
   1.812      0.527269
   1.816      0.526661
   1.819      0.526051
   1.822      0.525441
   1.826      0.524829
   1.829      0.524216
   1.832      0.523602
   1.836      0.522987
   1.839      0.522371
   1.842      0.521754
   1.846      0.521136
   1.849      0.520517
   1.852      0.519897
   1.855      0.519277
   1.859      0.518655
   1.862      0.518032
   1.865      0.517408
   1.869      0.516784
   1.872      0.516158
   1.875      0.515532
   1.879      0.514905
   1.882      0.514277
   1.885      0.513649
   1.889      0.513019
   1.892      0.512389
   1.895      0.511758
   1.898      0.511127
   1.902      0.510494
   1.905      0.509861
   1.908      0.509227
   1.912      0.508593
   1.915      0.507958
   1.918      0.507323
   1.922      0.506686
   1.925      0.506050
   1.928      0.505412
   1.931      0.504774
   1.935      0.504136
   1.938      0.503497
   1.941      0.502858
   1.945      0.502218
   1.948      0.501577
   1.951      0.500936
   1.955      0.500295
   1.958      0.499654
   1.961      0.499011
   1.965      0.498369
   1.968      0.497726
   1.971      0.497083
   1.974      0.496440
   1.978      0.495796
   1.981      0.495152
   1.984      0.494508
   1.988      0.493863
   1.991      0.493218
   1.994      0.492573
   1.998      0.491928
   2.001      0.491283
   2.004      0.490637
   2.008      0.489991
   2.011      0.489345
   2.014      0.488699
   2.017      0.488053
   2.021      0.487407
   2.024      0.486761
   2.027      0.486114
   2.031      0.485468
   2.034      0.484822
   2.037      0.484175
   2.041      0.483529
   2.044      0.482883
   2.047      0.482237
   2.051      0.481590
   2.054      0.480944
   2.057      0.480298
   2.060      0.479652
   2.064      0.479007
   2.067      0.478361
   2.070      0.477716
   2.074      0.477070
   2.077      0.476425
   2.080      0.475780
   2.084      0.475136
   2.087      0.474491
   2.090      0.473847
   2.094      0.473203
   2.097      0.472560
   2.100      0.471916
   2.103      0.471273
   2.107      0.470631
   2.110      0.469988
   2.113      0.469347
   2.117      0.468705
   2.120      0.468064
   2.123      0.467423
   2.127      0.466783
   2.130      0.466143
   2.133      0.465503
   2.137      0.464865
   2.140      0.464226
   2.143      0.463588
   2.146      0.462951
   2.150      0.462314
   2.153      0.461677
   2.156      0.461041
   2.160      0.460406
   2.163      0.459771
   2.166      0.459137
   2.170      0.458504
   2.173      0.457871
   2.176      0.457238
   2.180      0.456607
   2.183      0.455976
   2.186      0.455346
   2.189      0.454716
   2.193      0.454087
   2.196      0.453459
   2.199      0.452831
   2.203      0.452204
   2.206      0.451578
   2.209      0.450953
   2.213      0.450329
   2.216      0.449705
   2.219      0.449082
   2.223      0.448460
   2.226      0.447838
   2.229      0.447218
   2.232      0.446598
   2.236      0.445979
   2.239      0.445361
   2.242      0.444744
   2.246      0.444128
   2.249      0.443513
   2.252      0.442898
   2.256      0.442285
   2.259      0.441672
   2.262      0.441060
   2.266      0.440449
   2.269      0.439840
   2.272      0.439231
   2.275      0.438623
   2.279      0.438016
   2.282      0.437410
   2.285      0.436805
   2.289      0.436201
   2.292      0.435598
   2.295      0.434996
   2.299      0.434395
   2.302      0.433795
   2.305      0.433197
   2.309      0.432599
   2.312      0.432002
   2.315      0.431406
   2.318      0.430812
   2.322      0.430218
   2.325      0.429626
   2.328      0.429034
   2.332      0.428444
   2.335      0.427855
   2.338      0.427267
   2.342      0.426680
   2.345      0.426095
   2.348      0.425510
   2.352      0.424926
   2.355      0.424344
   2.358      0.423763
   2.361      0.423183
   2.365      0.422604
   2.368      0.422026
   2.371      0.421450
   2.375      0.420874
   2.378      0.420300
   2.381      0.419727
   2.385      0.419156
   2.388      0.418585
   2.391      0.418016
   2.395      0.417447
   2.398      0.416881
   2.401      0.416315
   2.404      0.415750
   2.408      0.415187
   2.411      0.414625
   2.414      0.414064
   2.418      0.413505
   2.421      0.412946
   2.424      0.412389
   2.428      0.411833
   2.431      0.411279
   2.434      0.410725
   2.438      0.410173
   2.441      0.409622
   2.444      0.409073
   2.447      0.408524
   2.451      0.407977
   2.454      0.407431
   2.457      0.406887
   2.461      0.406344
   2.464      0.405802
   2.467      0.405261
   2.471      0.404721
   2.474      0.404183
   2.477      0.403646
   2.481      0.403111
   2.484      0.402576
   2.487      0.402043
   2.490      0.401511
   2.494      0.400981
   2.497      0.400452
   2.500      0.399924
   2.504      0.399397
   2.507      0.398872
   2.510      0.398348
   2.514      0.397825
   2.517      0.397303
   2.520      0.396783
   2.524      0.396264
   2.527      0.395746
   2.530      0.395230
   2.533      0.394714
   2.537      0.394201
   2.540      0.393688
   2.543      0.393177
   2.547      0.392667
   2.550      0.392158
   2.553      0.391650
   2.557      0.391144
   2.560      0.390639
   2.563      0.390135
   2.567      0.389633
   2.570      0.389132
   2.573      0.388632
   2.576      0.388133
   2.580      0.387635
   2.583      0.387139
   2.586      0.386644
   2.590      0.386151
   2.593      0.385658
   2.596      0.385167
   2.600      0.384677
   2.603      0.384188
   2.606      0.383701
   2.610      0.383214
   2.613      0.382729
   2.616      0.382246
   2.619      0.381763
   2.623      0.381282
   2.626      0.380801
   2.629      0.380322
   2.633      0.379845
   2.636      0.379368
   2.639      0.378893
   2.643      0.378418
   2.646      0.377945
