   0.000      1.234783
   0.003      1.234783
   0.007      1.234783
   0.010      1.234783
   0.013      1.234783
   0.017      1.234783
   0.020      1.234783
   0.023      1.234783
   0.026      1.234783
   0.030      1.234783
   0.033      1.234783
   0.036      1.234783
   0.040      1.234783
   0.043      1.234783
   0.046      1.234783
   0.050      1.234783
   0.053      1.234783
   0.056      1.234782
   0.060      1.234782
   0.063      1.234782
   0.066      1.234782
   0.069      1.234782
   0.073      1.234782
   0.076      1.234782
   0.079      1.234781
   0.083      1.234781
   0.086      1.234781
   0.089      1.234780
   0.093      1.234779
   0.096      1.234779
   0.099      1.234778
   0.103      1.234777
   0.106      1.234775
   0.109      1.234774
   0.112      1.234772
   0.116      1.234770
   0.119      1.234768
   0.122      1.234765
   0.126      1.234762
   0.129      1.234759
   0.132      1.234755
   0.136      1.234751
   0.139      1.234746
   0.142      1.234740
   0.146      1.234734
   0.149      1.234727
   0.152      1.234720
   0.155      1.234711
   0.159      1.234702
   0.162      1.234692
   0.165      1.234680
   0.169      1.234668
   0.172      1.234654
   0.175      1.234639
   0.179      1.234622
   0.182      1.234604
   0.185      1.234585
   0.189      1.234563
   0.192      1.234540
   0.195      1.234515
   0.198      1.234488
   0.202      1.234458
   0.205      1.234427
   0.208      1.234392
   0.212      1.234356
   0.215      1.234316
   0.218      1.234274
   0.222      1.234228
   0.225      1.234179
   0.228      1.234127
   0.232      1.234072
   0.235      1.234012
   0.238      1.233949
   0.241      1.233882
   0.245      1.233810
   0.248      1.233734
   0.251      1.233653
   0.255      1.233568
   0.258      1.233477
   0.261      1.233382
   0.265      1.233280
   0.268      1.233174
   0.271      1.233061
   0.275      1.232942
   0.278      1.232817
   0.281      1.232685
   0.284      1.232547
   0.288      1.232401
   0.291      1.232248
   0.294      1.232088
   0.298      1.231920
   0.301      1.231744
   0.304      1.231560
   0.308      1.231368
   0.311      1.231167
   0.314      1.230957
   0.318      1.230737
   0.321      1.230509
   0.324      1.230270
   0.327      1.230022
   0.331      1.229764
   0.334      1.229496
   0.337      1.229216
   0.341      1.228926
   0.344      1.228625
   0.347      1.228313
   0.351      1.227989
   0.354      1.227653
   0.357      1.227305
   0.361      1.226945
   0.364      1.226572
   0.367      1.226187
   0.370      1.225789
   0.374      1.225378
   0.377      1.224953
   0.380      1.224515
   0.384      1.224064
   0.387      1.223598
   0.390      1.223118
   0.394      1.222624
   0.397      1.222115
   0.400      1.221592
   0.403      1.221054
   0.407      1.220501
   0.410      1.219933
   0.413      1.219349
   0.417      1.218750
   0.420      1.218136
   0.423      1.217506
   0.427      1.216860
   0.430      1.216198
   0.433      1.215520
   0.437      1.214826
   0.440      1.214115
   0.443      1.213389
   0.446      1.212645
   0.450      1.211886
   0.453      1.211110
   0.456      1.210317
   0.460      1.209507
   0.463      1.208681
   0.466      1.207838
   0.470      1.206978
   0.473      1.206102
   0.476      1.205208
   0.480      1.204298
   0.483      1.203371
   0.486      1.202427
   0.489      1.201466
   0.493      1.200489
   0.496      1.199494
   0.499      1.198483
   0.503      1.197455
   0.506      1.196411
   0.509      1.195350
   0.513      1.194272
   0.516      1.193178
   0.519      1.192068
   0.523      1.190941
   0.526      1.189798
   0.529      1.188638
   0.532      1.187463
   0.536      1.186271
   0.539      1.185064
   0.542      1.183841
   0.546      1.182602
   0.549      1.181348
   0.552      1.180078
   0.556      1.178793
   0.559      1.177493
   0.562      1.176178
   0.566      1.174847
   0.569      1.173502
   0.572      1.172142
   0.575      1.170768
   0.579      1.169379
   0.582      1.167977
   0.585      1.166560
   0.589      1.165129
   0.592      1.163684
   0.595      1.162226
   0.599      1.160754
   0.602      1.159269
   0.605      1.157771
   0.609      1.156260
   0.612      1.154736
   0.615      1.153199
   0.618      1.151650
   0.622      1.150089
   0.625      1.148515
   0.628      1.146930
   0.632      1.145332
   0.635      1.143723
   0.638      1.142103
   0.642      1.140471
   0.645      1.138828
   0.648      1.137174
   0.652      1.135510
   0.655      1.133834
   0.658      1.132149
   0.661      1.130452
   0.665      1.128746
   0.668      1.127030
   0.671      1.125304
   0.675      1.123568
   0.678      1.121823
   0.681      1.120069
   0.685      1.118305
   0.688      1.116533
   0.691      1.114751
   0.695      1.112961
   0.698      1.111163
   0.701      1.109356
   0.704      1.107540
   0.708      1.105717
   0.711      1.103886
   0.714      1.102048
   0.718      1.100201
   0.721      1.098347
   0.724      1.096486
   0.728      1.094618
   0.731      1.092743
   0.734      1.090861
   0.738      1.088973
   0.741      1.087077
   0.744      1.085176
   0.747      1.083268
   0.751      1.081354
   0.754      1.079434
   0.757      1.077509
   0.761      1.075577
   0.764      1.073640
   0.767      1.071698
   0.771      1.069750
   0.774      1.067798
   0.777      1.065840
   0.781      1.063877
   0.784      1.061910
   0.787      1.059938
   0.790      1.057961
   0.794      1.055980
   0.797      1.053995
   0.800      1.052006
   0.804      1.050012
   0.807      1.048015
   0.810      1.046014
   0.814      1.044010
   0.817      1.042002
   0.820      1.039990
   0.824      1.037975
   0.827      1.035958
   0.830      1.033937
   0.833      1.031913
   0.837      1.029886
   0.840      1.027857
   0.843      1.025825
   0.847      1.023791
   0.850      1.021754
   0.853      1.019715
   0.857      1.017674
   0.860      1.015630
   0.863      1.013585
   0.867      1.011538
   0.870      1.009490
   0.873      1.007439
   0.876      1.005387
   0.880      1.003334
   0.883      1.001280
   0.886      0.999224
   0.890      0.997167
   0.893      0.995109
   0.896      0.993050
   0.900      0.990991
   0.903      0.988930
   0.906      0.986869
   0.910      0.984808
   0.913      0.982746
   0.916      0.980683
   0.919      0.978621
   0.923      0.976558
   0.926      0.974495
   0.929      0.972432
   0.933      0.970370
   0.936      0.968307
   0.939      0.966245
   0.943      0.964183
   0.946      0.962121
   0.949      0.960060
   0.953      0.958000
   0.956      0.955940
   0.959      0.953881
   0.962      0.951823
   0.966      0.949766
   0.969      0.947710
   0.972      0.945655
   0.976      0.943601
   0.979      0.941548
   0.982      0.939497
   0.986      0.937447
   0.989      0.935399
   0.992      0.933352
   0.996      0.931306
   0.999      0.929263
   1.002      0.927221
   1.005      0.925181
   1.009      0.923142
   1.012      0.921106
   1.015      0.919072
   1.019      0.917039
   1.022      0.915009
   1.025      0.912981
   1.029      0.910956
   1.032      0.908933
   1.035      0.906912
   1.039      0.904893
   1.042      0.902877
   1.045      0.900864
   1.048      0.898853
   1.052      0.896845
   1.055      0.894840
   1.058      0.892837
   1.062      0.890838
   1.065      0.888841
   1.068      0.886847
   1.072      0.884856
   1.075      0.882869
   1.078      0.880884
   1.082      0.878902
   1.085      0.876924
   1.088      0.874949
   1.091      0.872978
   1.095      0.871009
   1.098      0.869044
   1.101      0.867083
   1.105      0.865125
   1.108      0.863171
   1.111      0.861220
   1.115      0.859272
   1.118      0.857329
   1.121      0.855389
   1.125      0.853453
   1.128      0.851520
   1.131      0.849592
   1.134      0.847667
   1.138      0.845747
   1.141      0.843830
   1.144      0.841917
   1.148      0.840008
   1.151      0.838103
   1.154      0.836202
   1.158      0.834306
   1.161      0.832413
   1.164      0.830525
   1.167      0.828641
   1.171      0.826761
   1.174      0.824885
   1.177      0.823014
   1.181      0.821147
   1.184      0.819284
   1.187      0.817426
   1.191      0.815572
   1.194      0.813722
   1.197      0.811877
   1.201      0.810037
   1.204      0.808201
   1.207      0.806369
   1.210      0.804542
   1.214      0.802720
   1.217      0.800902
   1.220      0.799089
   1.224      0.797280
   1.227      0.795476
   1.230      0.793677
   1.234      0.791882
   1.237      0.790092
   1.240      0.788307
   1.244      0.786527
   1.247      0.784751
   1.250      0.782980
   1.253      0.781214
   1.257      0.779453
   1.260      0.777696
   1.263      0.775945
   1.267      0.774198
   1.270      0.772456
   1.273      0.770719
   1.277      0.768987
   1.280      0.767260
   1.283      0.765537
   1.287      0.763820
   1.290      0.762107
   1.293      0.760400
   1.296      0.758697
   1.300      0.756999
   1.303      0.755307
   1.306      0.753619
   1.310      0.751936
   1.313      0.750258
   1.316      0.748586
   1.320      0.746918
   1.323      0.745255
   1.326      0.743597
   1.330      0.741945
   1.333      0.740297
   1.336      0.738654
   1.339      0.737016
   1.343      0.735384
   1.346      0.733756
   1.349      0.732133
   1.353      0.730516
   1.356      0.728903
   1.359      0.727296
   1.363      0.725693
   1.366      0.724096
   1.369      0.722504
   1.373      0.720916
   1.376      0.719334
   1.379      0.717757
   1.382      0.716185
   1.386      0.714617
   1.389      0.713055
   1.392      0.711498
   1.396      0.709946
   1.399      0.708399
   1.402      0.706857
   1.406      0.705320
   1.409      0.703788
   1.412      0.702261
   1.416      0.700739
   1.419      0.699222
   1.422      0.697710
   1.425      0.696203
   1.429      0.694701
   1.432      0.693204
   1.435      0.691712
   1.439      0.690225
   1.442      0.688743
   1.445      0.687266
   1.449      0.685794
   1.452      0.684326
   1.455      0.682864
   1.459      0.681407
   1.462      0.679954
   1.465      0.678507
   1.468      0.677064
   1.472      0.675626
   1.475      0.674194
   1.478      0.672766
   1.482      0.671343
   1.485      0.669924
   1.488      0.668511
   1.492      0.667102
   1.495      0.665699
   1.498      0.664300
   1.502      0.662906
   1.505      0.661517
   1.508      0.660132
   1.511      0.658753
   1.515      0.657378
   1.518      0.656008
   1.521      0.654642
   1.525      0.653282
   1.528      0.651926
   1.531      0.650574
   1.535      0.649228
   1.538      0.647886
   1.541      0.646549
   1.545      0.645217
   1.548      0.643889
   1.551      0.642566
   1.554      0.641247
   1.558      0.639933
   1.561      0.638624
   1.564      0.637319
   1.568      0.636019
   1.571      0.634724
   1.574      0.633433
   1.578      0.632146
   1.581      0.630864
   1.584      0.629587
   1.588      0.628314
   1.591      0.627046
   1.594      0.625782
   1.597      0.624522
   1.601      0.623267
   1.604      0.622017
   1.607      0.620770
   1.611      0.619529
   1.614      0.618291
   1.617      0.617058
   1.621      0.615830
   1.624      0.614605
   1.627      0.613385
   1.631      0.612170
   1.634      0.610958
   1.637      0.609751
   1.640      0.608548
   1.644      0.607350
   1.647      0.606156
   1.650      0.604966
   1.654      0.603780
   1.657      0.602598
   1.660      0.601421
   1.664      0.600247
   1.667      0.599078
   1.670      0.597913
   1.674      0.596752
   1.677      0.595596
   1.680      0.594443
   1.683      0.593294
   1.687      0.592150
   1.690      0.591009
   1.693      0.589873
   1.697      0.588741
   1.700      0.587612
   1.703      0.586488
   1.707      0.585367
   1.710      0.584251
   1.713      0.583138
   1.717      0.582030
   1.720      0.580925
   1.723      0.579824
   1.726      0.578727
   1.730      0.577634
   1.733      0.576545
   1.736      0.575459
   1.740      0.574378
   1.743      0.573300
   1.746      0.572226
   1.750      0.571156
   1.753      0.570089
   1.756      0.569027
   1.760      0.567968
   1.763      0.566912
   1.766      0.565861
   1.769      0.564813
   1.773      0.563769
   1.776      0.562728
   1.779      0.561691
   1.783      0.560658
   1.786      0.559628
   1.789      0.558602
   1.793      0.557579
   1.796      0.556561
   1.799      0.555545
   1.803      0.554533
   1.806      0.553525
   1.809      0.552520
   1.812      0.551518
   1.816      0.550521
   1.819      0.549526
   1.822      0.548535
   1.826      0.547547
   1.829      0.546563
   1.832      0.545582
   1.836      0.544605
   1.839      0.543631
   1.842      0.542660
   1.846      0.541693
   1.849      0.540729
   1.852      0.539768
   1.855      0.538811
   1.859      0.537856
   1.862      0.536905
   1.865      0.535958
   1.869      0.535013
   1.872      0.534072
   1.875      0.533134
   1.879      0.532199
   1.882      0.531268
   1.885      0.530339
   1.889      0.529414
   1.892      0.528492
   1.895      0.527573
   1.898      0.526657
   1.902      0.525744
   1.905      0.524834
   1.908      0.523928
   1.912      0.523024
   1.915      0.522123
   1.918      0.521226
   1.922      0.520331
   1.925      0.519440
   1.928      0.518551
   1.931      0.517666
   1.935      0.516783
   1.938      0.515903
   1.941      0.515026
   1.945      0.514153
   1.948      0.513282
   1.951      0.512414
   1.955      0.511548
   1.958      0.510686
   1.961      0.509827
   1.965      0.508970
   1.968      0.508116
   1.971      0.507265
   1.974      0.506417
   1.978      0.505572
   1.981      0.504729
   1.984      0.503889
   1.988      0.503052
   1.991      0.502218
   1.994      0.501386
   1.998      0.500557
   2.001      0.499731
   2.004      0.498908
   2.008      0.498087
   2.011      0.497269
   2.014      0.496453
   2.017      0.495640
   2.021      0.494830
   2.024      0.494022
   2.027      0.493217
   2.031      0.492415
   2.034      0.491615
   2.037      0.490818
   2.041      0.490023
   2.044      0.489231
   2.047      0.488441
   2.051      0.487654
   2.054      0.486870
   2.057      0.486087
   2.060      0.485308
   2.064      0.484531
   2.067      0.483756
   2.070      0.482984
   2.074      0.482214
   2.077      0.481447
   2.080      0.480682
   2.084      0.479919
   2.087      0.479159
   2.090      0.478401
   2.094      0.477646
   2.097      0.476893
   2.100      0.476142
   2.103      0.475394
   2.107      0.474648
   2.110      0.473905
   2.113      0.473163
   2.117      0.472424
   2.120      0.471688
   2.123      0.470953
   2.127      0.470221
   2.130      0.469491
   2.133      0.468764
   2.137      0.468038
   2.140      0.467315
   2.143      0.466594
   2.146      0.465875
   2.150      0.465159
   2.153      0.464444
   2.156      0.463732
   2.160      0.463022
   2.163      0.462315
   2.166      0.461609
   2.170      0.460905
   2.173      0.460204
   2.176      0.459505
   2.180      0.458808
   2.183      0.458113
   2.186      0.457420
   2.189      0.456729
   2.193      0.456040
   2.196      0.455353
   2.199      0.454669
   2.203      0.453986
   2.206      0.453306
   2.209      0.452627
   2.213      0.451951
   2.216      0.451276
   2.219      0.450604
   2.223      0.449933
   2.226      0.449265
   2.229      0.448598
   2.232      0.447934
   2.236      0.447271
   2.239      0.446611
   2.242      0.445952
   2.246      0.445295
   2.249      0.444641
   2.252      0.443988
   2.256      0.443337
   2.259      0.442688
   2.262      0.442041
   2.266      0.441395
   2.269      0.440752
   2.272      0.440110
   2.275      0.439471
   2.279      0.438833
   2.282      0.438197
   2.285      0.437563
   2.289      0.436931
   2.292      0.436300
   2.295      0.435671
   2.299      0.435045
   2.302      0.434420
   2.305      0.433796
   2.309      0.433175
   2.312      0.432555
   2.315      0.431937
   2.318      0.431321
   2.322      0.430707
   2.325      0.430094
   2.328      0.429483
   2.332      0.428874
   2.335      0.428266
   2.338      0.427661
   2.342      0.427057
   2.345      0.426454
   2.348      0.425854
   2.352      0.425255
   2.355      0.424658
   2.358      0.424062
   2.361      0.423468
   2.365      0.422876
   2.368      0.422285
   2.371      0.421696
   2.375      0.421109
   2.378      0.420523
   2.381      0.419939
   2.385      0.419357
   2.388      0.418776
   2.391      0.418197
   2.395      0.417619
   2.398      0.417043
   2.401      0.416469
   2.404      0.415896
   2.408      0.415325
   2.411      0.414755
   2.414      0.414187
   2.418      0.413620
   2.421      0.413055
   2.424      0.412491
   2.428      0.411930
   2.431      0.411369
   2.434      0.410810
   2.438      0.410253
   2.441      0.409697
   2.444      0.409142
   2.447      0.408590
   2.451      0.408038
   2.454      0.407488
   2.457      0.406940
   2.461      0.406393
   2.464      0.405847
   2.467      0.405303
   2.471      0.404761
   2.474      0.404220
   2.477      0.403680
   2.481      0.403142
   2.484      0.402605
   2.487      0.402070
   2.490      0.401536
   2.494      0.401003
   2.497      0.400472
   2.500      0.399942
   2.504      0.399414
   2.507      0.398887
   2.510      0.398361
   2.514      0.397837
   2.517      0.397314
   2.520      0.396793
   2.524      0.396273
   2.527      0.395754
   2.530      0.395237
   2.533      0.394721
   2.537      0.394206
   2.540      0.393693
   2.543      0.393181
   2.547      0.392671
   2.550      0.392161
   2.553      0.391653
   2.557      0.391147
   2.560      0.390641
   2.563      0.390137
   2.567      0.389634
   2.570      0.389133
   2.573      0.388633
   2.576      0.388134
   2.580      0.387636
   2.583      0.387140
   2.586      0.386645
   2.590      0.386151
   2.593      0.385659
   2.596      0.385167
   2.600      0.384677
   2.603      0.384188
   2.606      0.383701
   2.610      0.383215
   2.613      0.382729
   2.616      0.382246
   2.619      0.381763
   2.623      0.381282
   2.626      0.380801
   2.629      0.380322
   2.633      0.379845
   2.636      0.379368
   2.639      0.378893
   2.643      0.378418
   2.646      0.377945
