   0.000      0.001093
   0.003      0.012568
   0.007      0.024043
   0.010      0.035911
   0.013      0.047832
   0.017      0.059769
   0.020      0.071712
   0.023      0.083659
   0.027      0.095608
   0.030      0.107559
   0.033      0.119512
   0.037      0.131466
   0.040      0.143422
   0.043      0.155380
   0.047      0.167339
   0.050      0.179300
   0.053      0.191263
   0.057      0.203228
   0.060      0.215194
   0.063      0.227164
   0.067      0.239135
   0.070      0.251109
   0.073      0.263085
   0.077      0.275064
   0.080      0.287046
   0.083      0.299030
   0.087      0.311018
   0.090      0.323008
   0.093      0.335002
   0.097      0.346999
   0.100      0.359000
   0.103      0.371004
   0.107      0.383011
   0.110      0.395022
   0.113      0.407037
   0.117      0.419056
   0.120      0.431078
   0.123      0.443105
   0.127      0.455135
   0.130      0.467169
   0.133      0.479208
   0.137      0.491250
   0.140      0.503297
   0.143      0.515348
   0.147      0.527403
   0.150      0.539462
   0.153      0.551526
   0.157      0.563593
   0.160      0.575665
   0.163      0.587741
   0.167      0.599822
   0.170      0.611906
   0.173      0.623994
   0.177      0.636087
   0.180      0.648183
   0.183      0.660283
   0.187      0.672388
   0.190      0.684495
   0.193      0.696607
   0.197      0.708722
   0.200      0.720840
   0.203      0.732962
   0.207      0.745086
   0.210      0.757214
   0.213      0.769345
   0.217      0.781478
   0.220      0.793614
   0.223      0.805752
   0.227      0.817892
   0.230      0.830035
   0.233      0.842178
   0.237      0.854324
   0.240      0.866470
   0.243      0.878618
   0.247      0.890766
   0.250      0.902915
   0.253      0.915064
   0.257      0.927212
   0.260      0.939361
   0.263      0.951509
   0.267      0.963655
   0.270      0.975800
   0.273      0.987944
   0.277      1.000085
   0.280      1.012225
   0.283      1.024361
   0.287      1.036494
   0.290      1.048623
   0.293      1.060749
   0.297      1.072870
   0.300      1.084986
   0.303      1.097097
   0.307      1.109202
   0.310      1.121301
   0.313      1.133393
   0.317      1.145478
   0.320      1.157556
   0.323      1.169625
   0.327      1.181686
   0.330      1.193737
   0.333      1.205779
   0.337      1.217810
   0.340      1.229830
   0.343      1.241839
   0.347      1.253836
   0.350      1.265821
   0.353      1.277792
   0.357      1.289749
   0.360      1.301692
   0.363      1.313620
   0.367      1.325532
   0.370      1.337427
   0.373      1.349306
   0.377      1.361167
   0.380      1.373009
   0.383      1.384832
   0.387      1.396635
   0.390      1.408418
   0.393      1.420179
   0.397      1.431918
   0.400      1.443634
   0.403      1.455327
   0.407      1.466995
   0.410      1.478639
   0.413      1.490256
   0.417      1.501846
   0.420      1.513409
   0.423      1.524943
   0.427      1.536448
   0.430      1.547923
   0.433      1.559367
   0.437      1.570779
   0.440      1.582159
   0.443      1.593505
   0.447      1.604816
   0.450      1.616092
   0.453      1.627331
   0.457      1.638534
   0.460      1.649698
   0.463      1.660823
   0.467      1.671908
   0.470      1.682953
   0.473      1.693955
   0.477      1.704914
   0.480      1.715829
   0.483      1.726700
   0.487      1.737525
   0.490      1.748302
   0.493      1.759032
   0.497      1.769713
   0.500      1.780345
   0.503      1.790925
   0.507      1.801453
   0.510      1.811929
   0.513      1.822350
   0.517      1.832716
   0.520      1.843026
   0.523      1.853279
   0.527      1.863474
   0.530      1.873610
   0.533      1.883685
   0.537      1.893698
   0.540      1.903650
   0.543      1.913537
   0.547      1.923360
   0.550      1.933118
   0.553      1.942808
   0.557      1.952431
   0.560      1.961985
   0.563      1.971468
   0.567      1.980881
   0.570      1.990221
   0.573      1.999488
   0.577      2.008681
   0.580      2.017798
   0.583      2.026838
   0.587      2.035801
   0.590      2.044685
   0.593      2.053489
   0.597      2.062213
   0.600      2.070854
   0.603      2.079413
   0.607      2.087887
   0.610      2.096276
   0.613      2.104578
   0.617      2.112794
   0.620      2.120921
   0.623      2.128959
   0.627      2.136906
   0.630      2.144762
   0.633      2.152525
   0.637      2.160194
   0.640      2.167769
   0.643      2.175249
   0.647      2.182632
   0.650      2.189917
   0.653      2.197104
   0.657      2.204191
   0.660      2.211177
   0.663      2.218062
   0.667      2.224845
   0.670      2.231524
   0.673      2.238099
   0.677      2.244569
   0.680      2.250933
   0.683      2.257189
   0.687      2.263338
   0.690      2.269378
   0.693      2.275308
   0.697      2.281128
   0.700      2.286836
   0.703      2.292432
   0.707      2.297916
   0.710      2.303285
   0.713      2.308540
   0.717      2.313679
   0.720      2.318703
   0.723      2.323610
   0.727      2.328399
   0.730      2.333070
   0.733      2.337622
   0.737      2.342054
   0.740      2.346366
   0.743      2.350558
   0.747      2.354627
   0.750      2.358575
   0.753      2.362400
   0.757      2.366102
   0.760      2.369679
   0.763      2.373133
   0.767      2.376462
   0.770      2.379665
   0.773      2.382742
   0.777      2.385694
   0.780      2.388518
   0.783      2.391215
   0.787      2.393785
   0.790      2.396227
   0.793      2.398541
   0.797      2.400726
   0.800      2.402782
   0.803      2.404709
   0.807      2.406506
   0.810      2.408174
   0.813      2.409712
   0.817      2.411119
   0.820      2.412397
   0.823      2.413543
   0.827      2.414559
   0.830      2.415445
   0.833      2.416199
   0.837      2.416823
   0.840      2.417315
   0.843      2.417676
   0.847      2.417907
   0.850      2.418006
   0.853      2.417974
   0.857      2.417812
   0.860      2.417518
   0.863      2.417094
   0.867      2.416539
   0.870      2.415854
   0.873      2.415038
   0.877      2.414092
   0.880      2.413017
   0.883      2.411811
   0.887      2.410477
   0.890      2.409013
   0.893      2.407420
   0.897      2.405700
   0.900      2.403850
   0.903      2.401874
   0.907      2.399770
   0.910      2.397539
   0.913      2.395182
   0.917      2.392698
   0.920      2.390090
   0.923      2.387356
   0.927      2.384499
   0.930      2.381517
   0.933      2.378413
   0.937      2.375185
   0.940      2.371836
   0.943      2.368366
   0.947      2.364776
   0.950      2.361065
   0.953      2.357236
   0.957      2.353289
   0.960      2.349224
   0.963      2.345042
   0.967      2.340745
   0.970      2.336332
   0.973      2.331806
   0.977      2.327166
   0.980      2.322414
   0.983      2.317550
   0.987      2.312576
   0.990      2.307493
   0.993      2.302300
   0.997      2.297000
   1.000      2.291594
   1.003      2.286081
   1.007      2.280464
   1.010      2.274743
   1.013      2.268919
   1.017      2.262993
   1.020      2.256966
   1.023      2.250839
   1.027      2.244614
   1.030      2.238291
   1.033      2.231870
   1.037      2.225354
   1.040      2.218744
   1.043      2.212039
   1.047      2.205241
   1.050      2.198352
   1.053      2.191372
   1.057      2.184302
   1.060      2.177144
   1.063      2.169898
   1.067      2.162564
   1.070      2.155146
   1.073      2.147642
   1.077      2.140055
   1.080      2.132385
   1.083      2.124633
   1.087      2.116800
   1.090      2.108888
   1.093      2.100897
   1.097      2.092828
   1.100      2.084682
   1.103      2.076460
   1.107      2.068163
   1.110      2.059793
   1.113      2.051350
   1.117      2.042834
   1.120      2.034248
   1.123      2.025592
   1.127      2.016867
   1.130      2.008074
   1.133      1.999213
   1.137      1.990287
   1.140      1.981296
   1.143      1.972240
   1.147      1.963122
   1.150      1.953942
   1.153      1.944700
   1.157      1.935398
   1.160      1.926037
   1.163      1.916618
   1.167      1.907141
   1.170      1.897609
   1.173      1.888021
   1.177      1.878378
   1.180      1.868683
   1.183      1.858935
   1.187      1.849136
   1.190      1.839286
   1.193      1.829387
   1.197      1.819439
   1.200      1.809444
   1.203      1.799403
   1.207      1.789316
   1.210      1.779184
   1.213      1.769009
   1.217      1.758791
   1.220      1.748531
   1.223      1.738231
   1.227      1.727891
   1.230      1.717512
   1.233      1.707095
   1.237      1.696641
   1.240      1.686151
   1.243      1.675626
   1.247      1.665067
   1.250      1.654475
   1.253      1.643850
   1.257      1.633194
   1.260      1.622508
   1.263      1.611792
   1.267      1.601048
   1.270      1.590276
   1.273      1.579477
   1.277      1.568653
   1.280      1.557803
   1.283      1.546930
   1.287      1.536033
   1.290      1.525115
   1.293      1.514174
   1.297      1.503214
   1.300      1.492234
   1.303      1.481235
   1.307      1.470218
   1.310      1.459185
   1.313      1.448135
   1.317      1.437070
   1.320      1.425991
   1.323      1.414898
   1.327      1.403792
   1.330      1.392675
   1.333      1.381547
   1.337      1.370408
   1.340      1.359260
   1.343      1.348104
   1.347      1.336940
   1.350      1.325769
   1.353      1.314592
   1.357      1.303410
   1.360      1.292223
   1.363      1.281032
   1.367      1.269839
   1.370      1.258643
   1.373      1.247446
   1.377      1.236249
   1.380      1.225051
   1.383      1.213855
   1.387      1.202660
   1.390      1.191468
   1.393      1.180279
   1.397      1.169093
   1.400      1.157913
   1.403      1.146738
   1.407      1.135568
   1.410      1.124406
   1.413      1.113251
   1.417      1.102104
   1.420      1.090967
   1.423      1.079838
   1.427      1.068720
   1.430      1.057613
   1.433      1.046518
   1.437      1.035435
   1.440      1.024365
   1.443      1.013308
   1.447      1.002266
   1.450      0.991238
   1.453      0.980226
   1.457      0.969231
   1.460      0.958252
   1.463      0.947290
   1.467      0.936346
   1.470      0.925421
   1.473      0.914515
   1.477      0.903629
   1.480      0.892763
   1.483      0.881919
   1.487      0.871095
   1.490      0.860294
   1.493      0.849516
   1.497      0.838760
   1.500      0.828029
   1.503      0.817322
   1.507      0.806639
   1.510      0.795982
   1.513      0.785351
   1.517      0.774746
   1.520      0.764168
   1.523      0.753617
   1.527      0.743095
   1.530      0.732601
   1.533      0.722135
   1.537      0.711699
   1.540      0.701293
   1.543      0.690917
   1.547      0.680572
   1.550      0.670258
   1.553      0.659976
   1.557      0.649725
   1.560      0.639508
   1.563      0.629323
   1.567      0.619171
   1.570      0.609054
   1.573      0.598970
   1.577      0.588921
   1.580      0.578907
   1.583      0.568929
   1.587      0.558986
   1.590      0.549079
   1.593      0.539209
   1.597      0.529375
   1.600      0.519579
   1.603      0.509821
   1.607      0.500100
   1.610      0.490417
   1.613      0.480773
   1.617      0.471168
   1.620      0.461603
   1.623      0.452076
   1.627      0.442590
   1.630      0.433144
   1.633      0.423738
   1.637      0.414373
   1.640      0.405049
   1.643      0.395766
   1.647      0.386525
   1.650      0.377325
   1.653      0.368168
   1.657      0.359053
   1.660      0.349980
   1.663      0.340951
   1.667      0.331964
   1.670      0.323021
   1.673      0.314121
   1.677      0.305266
   1.680      0.296454
   1.683      0.287686
   1.687      0.278962
   1.690      0.270283
   1.693      0.261649
   1.697      0.253060
   1.700      0.244516
   1.703      0.236017
   1.707      0.227564
   1.710      0.219156
   1.713      0.210795
   1.717      0.202479
   1.720      0.194209
   1.723      0.185985
   1.727      0.177808
   1.730      0.169678
   1.733      0.161594
   1.737      0.153556
   1.740      0.145566
   1.743      0.137623
   1.747      0.129726
   1.750      0.121877
   1.753      0.114075
   1.757      0.106321
   1.760      0.098614
   1.763      0.090955
   1.767      0.083343
   1.770      0.075780
   1.773      0.068264
   1.777      0.060795
   1.780      0.053375
   1.783      0.046003
   1.787      0.038679
   1.790      0.031402
   1.793      0.024174
   1.797      0.016995
   1.800      0.009863
   1.803      0.002780
   1.807     -0.004255
   1.810     -0.011242
   1.813     -0.018181
   1.817     -0.025071
   1.820     -0.031913
   1.823     -0.038706
   1.827     -0.045452
   1.830     -0.052148
   1.833     -0.058797
   1.837     -0.065397
   1.840     -0.071949
   1.843     -0.078452
   1.847     -0.084908
   1.850     -0.091315
   1.853     -0.097673
   1.857     -0.103984
   1.860     -0.110246
   1.863     -0.116461
   1.867     -0.122627
   1.870     -0.128745
   1.873     -0.134815
   1.877     -0.140837
   1.880     -0.146812
   1.883     -0.152738
   1.887     -0.158617
   1.890     -0.164448
   1.893     -0.170231
   1.897     -0.175967
   1.900     -0.181655
   1.903     -0.187296
   1.907     -0.192890
   1.910     -0.198436
   1.913     -0.203935
   1.917     -0.209387
   1.920     -0.214792
   1.923     -0.220150
   1.927     -0.225462
   1.930     -0.230726
   1.933     -0.235945
   1.937     -0.241116
   1.940     -0.246241
   1.943     -0.251320
   1.947     -0.256353
   1.950     -0.261340
   1.953     -0.266280
   1.957     -0.271175
   1.960     -0.276024
   1.963     -0.280828
   1.967     -0.285586
   1.970     -0.290299
   1.973     -0.294967
   1.977     -0.299589
   1.980     -0.304167
   1.983     -0.308700
   1.987     -0.313188
   1.990     -0.317632
   1.993     -0.322031
   1.997     -0.326386
   2.000     -0.330698
   2.003     -0.334965
   2.007     -0.339188
   2.010     -0.343368
   2.013     -0.347504
   2.017     -0.351597
   2.020     -0.355647
   2.023     -0.359654
   2.027     -0.363618
   2.030     -0.367539
   2.033     -0.371418
   2.037     -0.375255
   2.040     -0.379049
   2.043     -0.382801
   2.047     -0.386512
   2.050     -0.390181
   2.053     -0.393808
   2.057     -0.397394
   2.060     -0.400939
   2.063     -0.404443
   2.067     -0.407906
   2.070     -0.411329
   2.073     -0.414711
   2.077     -0.418053
   2.080     -0.421354
   2.083     -0.424616
   2.087     -0.427839
   2.090     -0.431021
   2.093     -0.434165
   2.097     -0.437269
   2.100     -0.440334
   2.103     -0.443361
   2.107     -0.446349
   2.110     -0.449298
   2.113     -0.452210
   2.117     -0.455083
   2.120     -0.457919
   2.123     -0.460717
   2.127     -0.463478
   2.130     -0.466201
   2.133     -0.468887
   2.137     -0.471537
   2.140     -0.474150
   2.143     -0.476727
   2.147     -0.479267
   2.150     -0.481771
   2.153     -0.484240
   2.157     -0.486673
   2.160     -0.489070
   2.163     -0.491433
   2.167     -0.493760
   2.170     -0.496052
   2.173     -0.498310
   2.177     -0.500534
   2.180     -0.502723
   2.183     -0.504878
   2.187     -0.507000
   2.190     -0.509088
   2.193     -0.511142
   2.197     -0.513164
   2.200     -0.515152
   2.203     -0.517108
   2.207     -0.519031
   2.210     -0.520921
   2.213     -0.522780
   2.217     -0.524607
   2.220     -0.526401
   2.223     -0.528165
   2.227     -0.529897
   2.230     -0.531598
   2.233     -0.533268
   2.237     -0.534907
   2.240     -0.536516
   2.243     -0.538094
   2.247     -0.539643
   2.250     -0.541161
   2.253     -0.542650
   2.257     -0.544110
   2.260     -0.545540
   2.263     -0.546941
   2.267     -0.548313
   2.270     -0.549657
   2.273     -0.550972
   2.277     -0.552259
   2.280     -0.553517
   2.283     -0.554748
   2.287     -0.555952
   2.290     -0.557128
   2.293     -0.558277
   2.297     -0.559398
   2.300     -0.560493
   2.303     -0.561561
   2.307     -0.562603
   2.310     -0.563619
   2.313     -0.564609
   2.317     -0.565572
   2.320     -0.566511
   2.323     -0.567423
   2.327     -0.568311
   2.330     -0.569174
   2.333     -0.570011
   2.337     -0.570824
   2.340     -0.571613
   2.343     -0.572378
   2.347     -0.573118
   2.350     -0.573835
   2.353     -0.574528
   2.357     -0.575197
   2.360     -0.575843
   2.363     -0.576466
   2.367     -0.577067
   2.370     -0.577644
   2.373     -0.578199
   2.377     -0.578732
   2.380     -0.579243
   2.383     -0.579732
   2.387     -0.580199
   2.390     -0.580644
   2.393     -0.581068
   2.397     -0.581471
   2.400     -0.581853
   2.403     -0.582215
   2.407     -0.582555
   2.410     -0.582875
   2.413     -0.583175
   2.417     -0.583455
   2.420     -0.583715
   2.423     -0.583955
   2.427     -0.584176
   2.430     -0.584377
   2.433     -0.584559
   2.437     -0.584723
   2.440     -0.584867
   2.443     -0.584993
   2.447     -0.585100
   2.450     -0.585189
   2.453     -0.585260
   2.457     -0.585312
   2.460     -0.585347
   2.463     -0.585365
   2.467     -0.585365
   2.470     -0.585348
   2.473     -0.585313
   2.477     -0.585262
   2.480     -0.585194
   2.483     -0.585109
   2.487     -0.585008
   2.490     -0.584891
   2.493     -0.584758
   2.497     -0.584608
   2.500     -0.584443
   2.503     -0.584262
   2.507     -0.584066
   2.510     -0.583854
   2.513     -0.583627
   2.517     -0.583386
   2.520     -0.583129
   2.523     -0.582858
   2.527     -0.582572
   2.530     -0.582272
   2.533     -0.581957
   2.537     -0.581629
   2.540     -0.581286
   2.543     -0.580930
   2.547     -0.580560
   2.550     -0.580177
   2.553     -0.579780
   2.557     -0.579371
   2.560     -0.578948
   2.563     -0.578512
   2.567     -0.578064
   2.570     -0.577602
   2.573     -0.577129
   2.577     -0.576643
   2.580     -0.576145
   2.583     -0.575635
   2.587     -0.575113
   2.590     -0.574579
   2.593     -0.574033
   2.597     -0.573476
   2.600     -0.572908
   2.603     -0.572328
   2.607     -0.571738
   2.610     -0.571136
   2.613     -0.570524
   2.617     -0.569900
   2.620     -0.569267
   2.623     -0.568622
   2.627     -0.567968
   2.630     -0.567303
   2.633     -0.566628
   2.637     -0.565944
   2.640     -0.565249
   2.643     -0.564545
   2.647     -0.563831
   2.650     -0.563107
   2.653     -0.562375
   2.657     -0.561633
   2.660     -0.560882
   2.663     -0.560122
   2.667     -0.559353
   2.670     -0.558576
   2.673     -0.557789
   2.677     -0.556995
   2.680     -0.556191
   2.683     -0.555380
   2.687     -0.554560
   2.690     -0.553733
   2.693     -0.552897
   2.697     -0.552054
   2.700     -0.551203
   2.703     -0.550344
   2.707     -0.549477
   2.710     -0.548604
   2.713     -0.547723
   2.717     -0.546834
   2.720     -0.545939
   2.723     -0.545037
   2.727     -0.544128
   2.730     -0.543212
   2.733     -0.542289
   2.737     -0.541360
   2.740     -0.540424
   2.743     -0.539482
   2.747     -0.538533
   2.750     -0.537579
   2.753     -0.536618
   2.757     -0.535651
   2.760     -0.534679
   2.763     -0.533700
   2.767     -0.532716
   2.770     -0.531726
   2.773     -0.530731
   2.777     -0.529730
   2.780     -0.528724
   2.783     -0.527713
   2.787     -0.526697
   2.790     -0.525675
   2.793     -0.524649
   2.797     -0.523617
   2.800     -0.522581
   2.803     -0.521540
   2.807     -0.520495
   2.810     -0.519445
   2.813     -0.518390
   2.817     -0.517331
   2.820     -0.516268
   2.823     -0.515200
   2.827     -0.514129
   2.830     -0.513053
   2.833     -0.511973
   2.837     -0.510890
   2.840     -0.509803
   2.843     -0.508712
   2.847     -0.507617
   2.850     -0.506518
   2.853     -0.505417
   2.857     -0.504311
   2.860     -0.503203
   2.863     -0.502091
   2.867     -0.500976
   2.870     -0.499858
   2.873     -0.498736
   2.877     -0.497612
   2.880     -0.496485
   2.883     -0.495355
   2.887     -0.494222
   2.890     -0.493086
   2.893     -0.491948
   2.897     -0.490808
   2.900     -0.489664
   2.903     -0.488519
   2.907     -0.487371
   2.910     -0.486220
   2.913     -0.485068
   2.917     -0.483913
   2.920     -0.482756
   2.923     -0.481597
   2.927     -0.480436
   2.930     -0.479273
   2.933     -0.478109
   2.937     -0.476942
   2.940     -0.475774
   2.943     -0.474604
   2.947     -0.473432
   2.950     -0.472259
   2.953     -0.471084
   2.957     -0.469908
   2.960     -0.468731
   2.963     -0.467552
   2.967     -0.466372
   2.970     -0.465190
   2.973     -0.464008
   2.977     -0.462824
   2.980     -0.461639
   2.983     -0.460453
   2.987     -0.459266
   2.990     -0.458079
   2.993     -0.456890
   2.997     -0.455701
   3.000     -0.454510
   3.003     -0.453320
   3.007     -0.452128
   3.010     -0.450936
   3.013     -0.449743
   3.017     -0.448550
   3.020     -0.447356
   3.023     -0.446162
   3.027     -0.444967
   3.030     -0.443772
   3.033     -0.442577
   3.037     -0.441381
   3.040     -0.440185
   3.043     -0.438989
   3.047     -0.437793
   3.050     -0.436597
   3.053     -0.435400
   3.057     -0.434204
   3.060     -0.433008
   3.063     -0.431812
   3.067     -0.430615
   3.070     -0.429419
   3.073     -0.428223
   3.077     -0.427028
   3.080     -0.425832
   3.083     -0.424637
   3.087     -0.423443
   3.090     -0.422248
   3.093     -0.421054
   3.097     -0.419860
   3.100     -0.418667
   3.103     -0.417474
   3.107     -0.416282
   3.110     -0.415091
   3.113     -0.413900
   3.117     -0.412709
   3.120     -0.411519
   3.123     -0.410330
   3.127     -0.409142
   3.130     -0.407954
   3.133     -0.406767
   3.137     -0.405581
   3.140     -0.404396
   3.143     -0.403212
   3.147     -0.402028
   3.150     -0.400846
   3.153     -0.399664
   3.157     -0.398483
   3.160     -0.397303
   3.163     -0.396125
   3.167     -0.394947
   3.170     -0.393770
   3.173     -0.392595
   3.177     -0.391420
   3.180     -0.390247
   3.183     -0.389075
   3.187     -0.387904
   3.190     -0.386734
   3.193     -0.385566
   3.197     -0.384398
   3.200     -0.383232
   3.203     -0.382068
   3.207     -0.380904
   3.210     -0.379742
   3.213     -0.378581
   3.217     -0.377422
   3.220     -0.376264
   3.223     -0.375107
   3.227     -0.373952
   3.230     -0.372798
   3.233     -0.371646
   3.237     -0.370495
   3.240     -0.369346
   3.243     -0.368198
   3.247     -0.367052
   3.250     -0.365907
   3.253     -0.364764
   3.257     -0.363623
   3.260     -0.362483
   3.263     -0.361345
   3.267     -0.360208
   3.270     -0.359073
   3.273     -0.357940
   3.277     -0.356808
   3.280     -0.355678
   3.283     -0.354549
   3.287     -0.353423
   3.290     -0.352298
   3.293     -0.351175
   3.297     -0.350053
   3.300     -0.348934
   3.303     -0.347816
   3.307     -0.346700
   3.310     -0.345585
   3.313     -0.344473
   3.317     -0.343362
   3.320     -0.342254
   3.323     -0.341147
   3.327     -0.340041
   3.330     -0.338938
   3.333     -0.337837
   3.337     -0.336737
   3.340     -0.335640
   3.343     -0.334544
   3.347     -0.333450
   3.350     -0.332358
   3.353     -0.331268
   3.357     -0.330180
   3.360     -0.329094
   3.363     -0.328010
   3.367     -0.326928
   3.370     -0.325848
   3.373     -0.324769
   3.377     -0.323693
   3.380     -0.322619
   3.383     -0.321546
   3.387     -0.320476
   3.390     -0.319408
   3.393     -0.318342
   3.397     -0.317277
   3.400     -0.316215
   3.403     -0.315155
   3.407     -0.314097
   3.410     -0.313041
   3.413     -0.311986
   3.417     -0.310934
   3.420     -0.309884
   3.423     -0.308836
   3.427     -0.307791
   3.430     -0.306747
   3.433     -0.305705
   3.437     -0.304665
   3.440     -0.303628
   3.443     -0.302592
   3.447     -0.301559
   3.450     -0.300527
   3.453     -0.299498
   3.457     -0.298471
   3.460     -0.297446
   3.463     -0.296423
   3.467     -0.295402
   3.470     -0.294383
   3.473     -0.293367
   3.477     -0.292352
   3.480     -0.291339
   3.483     -0.290329
   3.487     -0.289321
   3.490     -0.288315
   3.493     -0.287311
   3.497     -0.286309
   3.500     -0.285309
   3.503     -0.284311
   3.507     -0.283316
   3.510     -0.282323
   3.513     -0.281331
   3.517     -0.280342
   3.520     -0.279355
   3.523     -0.278370
   3.527     -0.277387
   3.530     -0.276407
   3.533     -0.275428
   3.537     -0.274452
   3.540     -0.273478
   3.543     -0.272505
   3.547     -0.271535
   3.550     -0.270567
   3.553     -0.269602
   3.557     -0.268638
   3.560     -0.267677
   3.563     -0.266717
   3.567     -0.265760
   3.570     -0.264805
   3.573     -0.263852
   3.577     -0.262901
   3.580     -0.261952
   3.583     -0.261005
   3.587     -0.260061
   3.590     -0.259119
   3.593     -0.258178
   3.597     -0.257240
   3.600     -0.256304
   3.603     -0.255370
   3.607     -0.254438
   3.610     -0.253509
   3.613     -0.252581
   3.617     -0.251655
   3.620     -0.250732
   3.623     -0.249811
   3.627     -0.248892
   3.630     -0.247974
   3.633     -0.247059
   3.637     -0.246146
   3.640     -0.245236
   3.643     -0.244327
   3.647     -0.243420
   3.650     -0.242516
   3.653     -0.241613
   3.657     -0.240713
   3.660     -0.239814
   3.663     -0.238918
   3.667     -0.238024
   3.670     -0.237132
   3.673     -0.236242
   3.677     -0.235354
   3.680     -0.234468
   3.683     -0.233584
   3.687     -0.232702
   3.690     -0.231822
   3.693     -0.230945
   3.697     -0.230069
   3.700     -0.229195
   3.703     -0.228324
   3.707     -0.227454
   3.710     -0.226587
   3.713     -0.225721
   3.717     -0.224858
   3.720     -0.223996
   3.723     -0.223137
   3.727     -0.222279
   3.730     -0.221424
   3.733     -0.220570
   3.737     -0.219719
   3.740     -0.218869
   3.743     -0.218022
   3.747     -0.217176
   3.750     -0.216333
   3.753     -0.215491
   3.757     -0.214652
   3.760     -0.213814
   3.763     -0.212978
   3.767     -0.212145
   3.770     -0.211313
   3.773     -0.210483
   3.777     -0.209656
   3.780     -0.208830
   3.783     -0.208006
   3.787     -0.207184
   3.790     -0.206364
   3.793     -0.205546
   3.797     -0.204730
   3.800     -0.203915
   3.803     -0.203103
   3.807     -0.202293
   3.810     -0.201484
   3.813     -0.200677
   3.817     -0.199873
   3.820     -0.199070
   3.823     -0.198269
   3.827     -0.197470
   3.830     -0.196673
   3.833     -0.195878
   3.837     -0.195084
   3.840     -0.194293
   3.843     -0.193503
   3.847     -0.192715
   3.850     -0.191929
   3.853     -0.191145
   3.857     -0.190363
   3.860     -0.189582
   3.863     -0.188804
   3.867     -0.188027
   3.870     -0.187252
   3.873     -0.186479
   3.877     -0.185707
   3.880     -0.184938
   3.883     -0.184170
   3.887     -0.183404
   3.890     -0.182640
   3.893     -0.181878
   3.897     -0.181117
   3.900     -0.180359
   3.903     -0.179602
   3.907     -0.178846
   3.910     -0.178093
   3.913     -0.177341
   3.917     -0.176591
   3.920     -0.175843
   3.923     -0.175097
   3.927     -0.174352
   3.930     -0.173609
   3.933     -0.172868
   3.937     -0.172129
   3.940     -0.171391
   3.943     -0.170655
   3.947     -0.169920
   3.950     -0.169188
   3.953     -0.168457
   3.957     -0.167728
   3.960     -0.167000
   3.963     -0.166274
   3.967     -0.165550
   3.970     -0.164828
   3.973     -0.164107
   3.977     -0.163388
   3.980     -0.162670
   3.983     -0.161954
   3.987     -0.161240
   3.990     -0.160528
   3.993     -0.159817
   3.997     -0.159108
   4.000     -0.158400
   4.003     -0.157694
   4.007     -0.156990
   4.010     -0.156287
   4.013     -0.155586
   4.017     -0.154887
   4.020     -0.154189
   4.023     -0.153492
   4.027     -0.152798
   4.030     -0.152105
   4.033     -0.151413
   4.037     -0.150723
   4.040     -0.150035
   4.043     -0.149348
   4.047     -0.148663
   4.050     -0.147979
   4.053     -0.147297
   4.057     -0.146616
   4.060     -0.145937
   4.063     -0.145260
   4.067     -0.144584
   4.070     -0.143909
   4.073     -0.143236
   4.077     -0.142565
   4.080     -0.141895
   4.083     -0.141227
   4.087     -0.140560
   4.090     -0.139895
   4.093     -0.139231
   4.097     -0.138568
   4.100     -0.137908
   4.103     -0.137248
   4.107     -0.136590
   4.110     -0.135934
   4.113     -0.135279
   4.117     -0.134625
   4.120     -0.133973
   4.123     -0.133323
   4.127     -0.132673
   4.130     -0.132026
   4.133     -0.131379
   4.137     -0.130734
   4.140     -0.130091
   4.143     -0.129449
   4.147     -0.128808
   4.150     -0.128169
   4.153     -0.127532
   4.157     -0.126895
   4.160     -0.126260
   4.163     -0.125627
   4.167     -0.124994
   4.170     -0.124364
   4.173     -0.123734
   4.177     -0.123106
   4.180     -0.122479
   4.183     -0.121854
   4.187     -0.121230
   4.190     -0.120608
   4.193     -0.119986
   4.197     -0.119367
   4.200     -0.118748
   4.203     -0.118131
   4.207     -0.117515
   4.210     -0.116900
   4.213     -0.116287
   4.217     -0.115675
   4.220     -0.115065
   4.223     -0.114455
   4.227     -0.113847
   4.230     -0.113241
   4.233     -0.112635
   4.237     -0.112031
   4.240     -0.111428
   4.243     -0.110827
   4.247     -0.110227
   4.250     -0.109628
   4.253     -0.109030
   4.257     -0.108434
   4.260     -0.107838
   4.263     -0.107244
   4.267     -0.106652
   4.270     -0.106060
   4.273     -0.105470
   4.277     -0.104881
   4.280     -0.104294
   4.283     -0.103707
   4.287     -0.103122
   4.290     -0.102538
   4.293     -0.101955
   4.297     -0.101373
   4.300     -0.100793
   4.303     -0.100214
   4.307     -0.099636
   4.310     -0.099059
   4.313     -0.098483
   4.317     -0.097909
   4.320     -0.097336
   4.323     -0.096764
   4.327     -0.096193
   4.330     -0.095623
   4.333     -0.095054
   4.337     -0.094487
   4.340     -0.093921
   4.343     -0.093356
   4.347     -0.092792
   4.350     -0.092229
   4.353     -0.091667
   4.357     -0.091107
   4.360     -0.090547
   4.363     -0.089989
   4.367     -0.089432
   4.370     -0.088876
   4.373     -0.088321
   4.377     -0.087767
   4.380     -0.087214
   4.383     -0.086663
   4.387     -0.086112
   4.390     -0.085563
   4.393     -0.085014
   4.397     -0.084467
   4.400     -0.083921
   4.403     -0.083376
   4.407     -0.082832
   4.410     -0.082289
   4.413     -0.081747
   4.417     -0.081206
   4.420     -0.080666
   4.423     -0.080128
   4.427     -0.079590
   4.430     -0.079053
   4.433     -0.078518
   4.437     -0.077983
   4.440     -0.077450
   4.443     -0.076917
   4.447     -0.076386
   4.450     -0.075855
   4.453     -0.075326
   4.457     -0.074798
   4.460     -0.074270
   4.463     -0.073744
   4.467     -0.073219
   4.470     -0.072694
   4.473     -0.072171
   4.477     -0.071649
   4.480     -0.071127
   4.483     -0.070607
   4.487     -0.070087
   4.490     -0.069569
   4.493     -0.069052
   4.497     -0.068535
   4.500     -0.068020
   4.503     -0.067505
   4.507     -0.066991
   4.510     -0.066479
   4.513     -0.065967
   4.517     -0.065457
   4.520     -0.064947
   4.523     -0.064438
   4.527     -0.063930
   4.530     -0.063424
   4.533     -0.062918
   4.537     -0.062413
   4.540     -0.061909
   4.543     -0.061406
   4.547     -0.060904
   4.550     -0.060402
   4.553     -0.059902
   4.557     -0.059403
   4.560     -0.058904
   4.563     -0.058407
   4.567     -0.057910
   4.570     -0.057415
   4.573     -0.056920
   4.577     -0.056426
   4.580     -0.055933
   4.583     -0.055441
   4.587     -0.054950
   4.590     -0.054459
   4.593     -0.053970
   4.597     -0.053481
   4.600     -0.052994
   4.603     -0.052507
   4.607     -0.052021
   4.610     -0.051536
   4.613     -0.051052
   4.617     -0.050568
   4.620     -0.050086
   4.623     -0.049604
   4.627     -0.049124
   4.630     -0.048644
   4.633     -0.048165
   4.637     -0.047687
   4.640     -0.047209
   4.643     -0.046733
   4.647     -0.046257
   4.650     -0.045782
   4.653     -0.045308
   4.657     -0.044835
   4.660     -0.044363
   4.663     -0.043891
   4.667     -0.043420
   4.670     -0.042951
   4.673     -0.042481
   4.677     -0.042013
   4.680     -0.041546
   4.683     -0.041079
   4.687     -0.040613
   4.690     -0.040148
   4.693     -0.039684
   4.697     -0.039220
   4.700     -0.038758
   4.703     -0.038296
   4.707     -0.037835
   4.710     -0.037374
   4.713     -0.036915
   4.717     -0.036456
   4.720     -0.035998
   4.723     -0.035541
   4.727     -0.035084
   4.730     -0.034628
   4.733     -0.034173
   4.737     -0.033719
   4.740     -0.033266
   4.743     -0.032813
   4.747     -0.032361
   4.750     -0.031910
   4.753     -0.031460
   4.757     -0.031010
   4.760     -0.030561
   4.763     -0.030113
   4.767     -0.029665
   4.770     -0.029219
   4.773     -0.028773
   4.777     -0.028327
   4.780     -0.027883
   4.783     -0.027439
   4.787     -0.026996
   4.790     -0.026553
   4.793     -0.026112
   4.797     -0.025671
   4.800     -0.025230
   4.803     -0.024791
   4.807     -0.024352
   4.810     -0.023914
   4.813     -0.023476
   4.817     -0.023039
   4.820     -0.022603
   4.823     -0.022168
   4.827     -0.021733
   4.830     -0.021299
   4.833     -0.020866
   4.837     -0.020433
   4.840     -0.020001
   4.843     -0.019570
   4.847     -0.019139
   4.850     -0.018709
   4.853     -0.018280
   4.857     -0.017851
   4.860     -0.017423
   4.863     -0.016996
   4.867     -0.016569
   4.870     -0.016143
   4.873     -0.015718
   4.877     -0.015293
   4.880     -0.014869
   4.883     -0.014445
   4.887     -0.014022
   4.890     -0.013600
   4.893     -0.013178
   4.897     -0.012757
   4.900     -0.012337
   4.903     -0.011917
   4.907     -0.011498
   4.910     -0.011080
   4.913     -0.010662
   4.917     -0.010245
   4.920     -0.009828
   4.923     -0.009412
   4.927     -0.008996
   4.930     -0.008581
   4.933     -0.008167
   4.937     -0.007753
   4.940     -0.007340
   4.943     -0.006928
   4.947     -0.006516
   4.950     -0.006104
   4.953     -0.005693
   4.957     -0.005283
   4.960     -0.004873
   4.963     -0.004464
   4.967     -0.004056
   4.970     -0.003648
   4.973     -0.003240
   4.977     -0.002833
   4.980     -0.002427
   4.983     -0.002021
   4.987     -0.001616
   4.990     -0.001211
   4.993     -0.000807
   4.997     -0.000403
   5.000      0.000000
