   0.000      1.123033
   0.003      1.123033
   0.007      1.123033
   0.010      1.123033
   0.013      1.123033
   0.017      1.123033
   0.020      1.123033
   0.023      1.123032
   0.026      1.123032
   0.030      1.123032
   0.033      1.123032
   0.036      1.123032
   0.040      1.123031
   0.043      1.123031
   0.046      1.123030
   0.050      1.123029
   0.053      1.123029
   0.056      1.123027
   0.060      1.123026
   0.063      1.123024
   0.066      1.123023
   0.069      1.123020
   0.073      1.123018
   0.076      1.123015
   0.079      1.123012
   0.083      1.123008
   0.086      1.123004
   0.089      1.122999
   0.093      1.122994
   0.096      1.122988
   0.099      1.122982
   0.103      1.122974
   0.106      1.122967
   0.109      1.122958
   0.112      1.122948
   0.116      1.122938
   0.119      1.122927
   0.122      1.122914
   0.126      1.122901
   0.129      1.122887
   0.132      1.122871
   0.136      1.122854
   0.139      1.122836
   0.142      1.122817
   0.146      1.122796
   0.149      1.122773
   0.152      1.122749
   0.155      1.122724
   0.159      1.122697
   0.162      1.122668
   0.165      1.122637
   0.169      1.122604
   0.172      1.122570
   0.175      1.122533
   0.179      1.122494
   0.182      1.122453
   0.185      1.122409
   0.189      1.122363
   0.192      1.122315
   0.195      1.122264
   0.198      1.122211
   0.202      1.122154
   0.205      1.122095
   0.208      1.122033
   0.212      1.121968
   0.215      1.121899
   0.218      1.121828
   0.222      1.121753
   0.225      1.121675
   0.228      1.121593
   0.232      1.121508
   0.235      1.121418
   0.238      1.121325
   0.241      1.121229
   0.245      1.121128
   0.248      1.121022
   0.251      1.120913
   0.255      1.120799
   0.258      1.120681
   0.261      1.120558
   0.265      1.120431
   0.268      1.120298
   0.271      1.120161
   0.275      1.120018
   0.278      1.119871
   0.281      1.119718
   0.284      1.119560
   0.288      1.119396
   0.291      1.119227
   0.294      1.119051
   0.298      1.118870
   0.301      1.118683
   0.304      1.118490
   0.308      1.118291
   0.311      1.118085
   0.314      1.117873
   0.318      1.117654
   0.321      1.117429
   0.324      1.117197
   0.327      1.116957
   0.331      1.116711
   0.334      1.116458
   0.337      1.116197
   0.341      1.115929
   0.344      1.115653
   0.347      1.115370
   0.351      1.115078
   0.354      1.114779
   0.357      1.114472
   0.361      1.114157
   0.364      1.113834
   0.367      1.113502
   0.370      1.113162
   0.374      1.112813
   0.377      1.112456
   0.380      1.112089
   0.384      1.111714
   0.387      1.111330
   0.390      1.110937
   0.394      1.110535
   0.397      1.110123
   0.400      1.109702
   0.403      1.109271
   0.407      1.108831
   0.410      1.108381
   0.413      1.107922
   0.417      1.107452
   0.420      1.106973
   0.423      1.106483
   0.427      1.105984
   0.430      1.105474
   0.433      1.104954
   0.437      1.104423
   0.440      1.103882
   0.443      1.103331
   0.446      1.102769
   0.450      1.102196
   0.453      1.101613
   0.456      1.101018
   0.460      1.100413
   0.463      1.099797
   0.466      1.099171
   0.470      1.098533
   0.473      1.097884
   0.476      1.097224
   0.480      1.096553
   0.483      1.095870
   0.486      1.095177
   0.489      1.094472
   0.493      1.093756
   0.496      1.093028
   0.499      1.092289
   0.503      1.091539
   0.506      1.090778
   0.509      1.090005
   0.513      1.089220
   0.516      1.088424
   0.519      1.087617
   0.523      1.086798
   0.526      1.085968
   0.529      1.085127
   0.532      1.084273
   0.536      1.083409
   0.539      1.082533
   0.542      1.081645
   0.546      1.080747
   0.549      1.079836
   0.552      1.078915
   0.556      1.077982
   0.559      1.077037
   0.562      1.076082
   0.566      1.075115
   0.569      1.074137
   0.572      1.073147
   0.575      1.072147
   0.579      1.071135
   0.582      1.070112
   0.585      1.069078
   0.589      1.068033
   0.592      1.066978
   0.595      1.065911
   0.599      1.064833
   0.602      1.063745
   0.605      1.062646
   0.609      1.061536
   0.612      1.060416
   0.615      1.059285
   0.618      1.058144
   0.622      1.056992
   0.625      1.055830
   0.628      1.054658
   0.632      1.053475
   0.635      1.052283
   0.638      1.051080
   0.642      1.049868
   0.645      1.048645
   0.648      1.047413
   0.652      1.046172
   0.655      1.044920
   0.658      1.043659
   0.661      1.042389
   0.665      1.041109
   0.668      1.039821
   0.671      1.038523
   0.675      1.037216
   0.678      1.035900
   0.681      1.034575
   0.685      1.033241
   0.688      1.031899
   0.691      1.030549
   0.695      1.029190
   0.698      1.027822
   0.701      1.026447
   0.704      1.025063
   0.708      1.023671
   0.711      1.022271
   0.714      1.020864
   0.718      1.019449
   0.721      1.018026
   0.724      1.016596
   0.728      1.015158
   0.731      1.013714
   0.734      1.012262
   0.738      1.010803
   0.741      1.009337
   0.744      1.007864
   0.747      1.006385
   0.751      1.004899
   0.754      1.003407
   0.757      1.001908
   0.761      1.000403
   0.764      0.998892
   0.767      0.997375
   0.771      0.995852
   0.774      0.994323
   0.777      0.992788
   0.781      0.991248
   0.784      0.989703
   0.787      0.988152
   0.790      0.986596
   0.794      0.985034
   0.797      0.983468
   0.800      0.981897
   0.804      0.980321
   0.807      0.978740
   0.810      0.977155
   0.814      0.975565
   0.817      0.973971
   0.820      0.972372
   0.824      0.970770
   0.827      0.969163
   0.830      0.967553
   0.833      0.965938
   0.837      0.964320
   0.840      0.962698
   0.843      0.961073
   0.847      0.959444
   0.850      0.957812
   0.853      0.956177
   0.857      0.954539
   0.860      0.952897
   0.863      0.951253
   0.867      0.949606
   0.870      0.947956
   0.873      0.946303
   0.876      0.944648
   0.880      0.942991
   0.883      0.941331
   0.886      0.939669
   0.890      0.938004
   0.893      0.936338
   0.896      0.934670
   0.900      0.933000
   0.903      0.931328
   0.906      0.929654
   0.910      0.927978
   0.913      0.926302
   0.916      0.924623
   0.919      0.922944
   0.923      0.921263
   0.926      0.919580
   0.929      0.917897
   0.933      0.916213
   0.936      0.914527
   0.939      0.912841
   0.943      0.911154
   0.946      0.909467
   0.949      0.907778
   0.953      0.906089
   0.956      0.904400
   0.959      0.902710
   0.962      0.901020
   0.966      0.899330
   0.969      0.897639
   0.972      0.895948
   0.976      0.894258
   0.979      0.892567
   0.982      0.890876
   0.986      0.889186
   0.989      0.887496
   0.992      0.885806
   0.996      0.884116
   0.999      0.882427
   1.002      0.880738
   1.005      0.879050
   1.009      0.877362
   1.012      0.875675
   1.015      0.873989
   1.019      0.872304
   1.022      0.870619
   1.025      0.868935
   1.029      0.867252
   1.032      0.865571
   1.035      0.863890
   1.039      0.862211
   1.042      0.860532
   1.045      0.858855
   1.048      0.857179
   1.052      0.855505
   1.055      0.853831
   1.058      0.852160
   1.062      0.850490
   1.065      0.848821
   1.068      0.847154
   1.072      0.845488
   1.075      0.843824
   1.078      0.842162
   1.082      0.840502
   1.085      0.838843
   1.088      0.837186
   1.091      0.835532
   1.095      0.833879
   1.098      0.832228
   1.101      0.830579
   1.105      0.828932
   1.108      0.827287
   1.111      0.825644
   1.115      0.824004
   1.118      0.822365
   1.121      0.820729
   1.125      0.819095
   1.128      0.817464
   1.131      0.815835
   1.134      0.814208
   1.138      0.812583
   1.141      0.810961
   1.144      0.809342
   1.148      0.807725
   1.151      0.806110
   1.154      0.804499
   1.158      0.802889
   1.161      0.801283
   1.164      0.799679
   1.167      0.798077
   1.171      0.796479
   1.174      0.794883
   1.177      0.793289
   1.181      0.791699
   1.184      0.790111
   1.187      0.788527
   1.191      0.786945
   1.194      0.785366
   1.197      0.783790
   1.201      0.782216
   1.204      0.780646
   1.207      0.779079
   1.210      0.777515
   1.214      0.775953
   1.217      0.774395
   1.220      0.772840
   1.224      0.771288
   1.227      0.769739
   1.230      0.768193
   1.234      0.766650
   1.237      0.765110
   1.240      0.763574
   1.244      0.762040
   1.247      0.760510
   1.250      0.758983
   1.253      0.757459
   1.257      0.755939
   1.260      0.754422
   1.263      0.752908
   1.267      0.751397
   1.270      0.749890
   1.273      0.748385
   1.277      0.746885
   1.280      0.745387
   1.283      0.743893
   1.287      0.742402
   1.290      0.740915
   1.293      0.739431
   1.296      0.737950
   1.300      0.736473
   1.303      0.734999
   1.306      0.733528
   1.310      0.732061
   1.313      0.730598
   1.316      0.729137
   1.320      0.727681
   1.323      0.726227
   1.326      0.724778
   1.330      0.723331
   1.333      0.721888
   1.336      0.720449
   1.339      0.719013
   1.343      0.717581
   1.346      0.716152
   1.349      0.714726
   1.353      0.713304
   1.356      0.711886
   1.359      0.710471
   1.363      0.709060
   1.366      0.707652
   1.369      0.706247
   1.373      0.704847
   1.376      0.703449
   1.379      0.702056
   1.382      0.700666
   1.386      0.699279
   1.389      0.697896
   1.392      0.696516
   1.396      0.695140
   1.399      0.693768
   1.402      0.692399
   1.406      0.691034
   1.409      0.689672
   1.412      0.688314
   1.416      0.686959
   1.419      0.685608
   1.422      0.684261
   1.425      0.682917
   1.429      0.681577
   1.432      0.680240
   1.435      0.678907
   1.439      0.677577
   1.442      0.676251
   1.445      0.674928
   1.449      0.673609
   1.452      0.672294
   1.455      0.670982
   1.459      0.669673
   1.462      0.668369
   1.465      0.667067
   1.468      0.665770
   1.472      0.664476
   1.475      0.663185
   1.478      0.661898
   1.482      0.660614
   1.485      0.659334
   1.488      0.658058
   1.492      0.656785
   1.495      0.655515
   1.498      0.654250
   1.502      0.652987
   1.505      0.651728
   1.508      0.650473
   1.511      0.649221
   1.515      0.647973
   1.518      0.646728
   1.521      0.645487
   1.525      0.644249
   1.528      0.643014
   1.531      0.641783
   1.535      0.640556
   1.538      0.639332
   1.541      0.638112
   1.545      0.636895
   1.548      0.635681
   1.551      0.634471
   1.554      0.633264
   1.558      0.632061
   1.561      0.630861
   1.564      0.629665
   1.568      0.628472
   1.571      0.627282
   1.574      0.626096
   1.578      0.624914
   1.581      0.623734
   1.584      0.622558
   1.588      0.621386
   1.591      0.620217
   1.594      0.619051
   1.597      0.617889
   1.601      0.616730
   1.604      0.615574
   1.607      0.614422
   1.611      0.613273
   1.614      0.612127
   1.617      0.610985
   1.621      0.609846
   1.624      0.608710
   1.627      0.607578
   1.631      0.606449
   1.634      0.605323
   1.637      0.604201
   1.640      0.603082
   1.644      0.601966
   1.647      0.600853
   1.650      0.599744
   1.654      0.598638
   1.657      0.597535
   1.660      0.596435
   1.664      0.595339
   1.667      0.594246
   1.670      0.593156
   1.674      0.592069
   1.677      0.590986
   1.680      0.589905
   1.683      0.588828
   1.687      0.587754
   1.690      0.586683
   1.693      0.585616
   1.697      0.584551
   1.700      0.583490
   1.703      0.582432
   1.707      0.581377
   1.710      0.580325
   1.713      0.579276
   1.717      0.578230
   1.720      0.577188
   1.723      0.576148
   1.726      0.575112
   1.730      0.574078
   1.733      0.573048
   1.736      0.572021
   1.740      0.570997
   1.743      0.569975
   1.746      0.568957
   1.750      0.567942
   1.753      0.566930
   1.756      0.565921
   1.760      0.564915
   1.763      0.563912
   1.766      0.562912
   1.769      0.561915
   1.773      0.560921
   1.776      0.559930
   1.779      0.558941
   1.783      0.557956
   1.786      0.556974
   1.789      0.555994
   1.793      0.555018
   1.796      0.554044
   1.799      0.553074
   1.803      0.552106
   1.806      0.551141
   1.809      0.550179
   1.812      0.549220
   1.816      0.548263
   1.819      0.547310
   1.822      0.546359
   1.826      0.545412
   1.829      0.544467
   1.832      0.543525
   1.836      0.542585
   1.839      0.541649
   1.842      0.540715
   1.846      0.539784
   1.849      0.538856
   1.852      0.537931
   1.855      0.537008
   1.859      0.536088
   1.862      0.535171
   1.865      0.534257
   1.869      0.533345
   1.872      0.532436
   1.875      0.531530
   1.879      0.530626
   1.882      0.529725
   1.885      0.528827
   1.889      0.527931
   1.892      0.527039
   1.895      0.526148
   1.898      0.525261
   1.902      0.524376
   1.905      0.523494
   1.908      0.522614
   1.912      0.521737
   1.915      0.520863
   1.918      0.519991
   1.922      0.519122
   1.925      0.518255
   1.928      0.517391
   1.931      0.516529
   1.935      0.515670
   1.938      0.514814
   1.941      0.513960
   1.945      0.513109
   1.948      0.512260
   1.951      0.511414
   1.955      0.510570
   1.958      0.509728
   1.961      0.508890
   1.965      0.508053
   1.968      0.507219
   1.971      0.506388
   1.974      0.505559
   1.978      0.504733
   1.981      0.503909
   1.984      0.503087
   1.988      0.502268
   1.991      0.501451
   1.994      0.500637
   1.998      0.499825
   2.001      0.499015
   2.004      0.498208
   2.008      0.497403
   2.011      0.496601
   2.014      0.495801
   2.017      0.495003
   2.021      0.494208
   2.024      0.493415
   2.027      0.492624
   2.031      0.491836
   2.034      0.491050
   2.037      0.490266
   2.041      0.489484
   2.044      0.488705
   2.047      0.487928
   2.051      0.487154
   2.054      0.486381
   2.057      0.485611
   2.060      0.484843
   2.064      0.484078
   2.067      0.483315
   2.070      0.482553
   2.074      0.481795
   2.077      0.481038
   2.080      0.480283
   2.084      0.479531
   2.087      0.478781
   2.090      0.478033
   2.094      0.477287
   2.097      0.476544
   2.100      0.475802
   2.103      0.475063
   2.107      0.474326
   2.110      0.473591
   2.113      0.472858
   2.117      0.472127
   2.120      0.471399
   2.123      0.470672
   2.127      0.469948
   2.130      0.469225
   2.133      0.468505
   2.137      0.467787
   2.140      0.467071
   2.143      0.466357
   2.146      0.465645
   2.150      0.464935
   2.153      0.464227
   2.156      0.463521
   2.160      0.462818
   2.163      0.462116
   2.166      0.461416
   2.170      0.460718
   2.173      0.460023
   2.176      0.459329
   2.180      0.458637
   2.183      0.457947
   2.186      0.457259
   2.189      0.456573
   2.193      0.455890
   2.196      0.455208
   2.199      0.454527
   2.203      0.453849
   2.206      0.453173
   2.209      0.452499
   2.213      0.451827
   2.216      0.451156
   2.219      0.450488
   2.223      0.449821
   2.226      0.449156
   2.229      0.448494
   2.232      0.447833
   2.236      0.447173
   2.239      0.446516
   2.242      0.445861
   2.246      0.445207
   2.249      0.444556
   2.252      0.443906
   2.256      0.443258
   2.259      0.442611
   2.262      0.441967
   2.266      0.441324
   2.269      0.440684
   2.272      0.440045
   2.275      0.439407
   2.279      0.438772
   2.282      0.438138
   2.285      0.437506
   2.289      0.436876
   2.292      0.436248
   2.295      0.435621
   2.299      0.434997
   2.302      0.434373
   2.305      0.433752
   2.309      0.433132
   2.312      0.432514
   2.315      0.431898
   2.318      0.431284
   2.322      0.430671
   2.325      0.430060
   2.328      0.429450
   2.332      0.428843
   2.335      0.428236
   2.338      0.427632
   2.342      0.427029
   2.345      0.426428
   2.348      0.425829
   2.352      0.425231
   2.355      0.424635
   2.358      0.424040
   2.361      0.423447
   2.365      0.422856
   2.368      0.422267
   2.371      0.421678
   2.375      0.421092
   2.378      0.420507
   2.381      0.419924
   2.385      0.419342
   2.388      0.418762
   2.391      0.418184
   2.395      0.417607
   2.398      0.417031
   2.401      0.416458
   2.404      0.415885
   2.408      0.415315
   2.411      0.414746
   2.414      0.414178
   2.418      0.413612
   2.421      0.413047
   2.424      0.412484
   2.428      0.411923
   2.431      0.411363
   2.434      0.410804
   2.438      0.410247
   2.441      0.409692
   2.444      0.409138
   2.447      0.408585
   2.451      0.408034
   2.454      0.407484
   2.457      0.406936
   2.461      0.406389
   2.464      0.405844
   2.467      0.405300
   2.471      0.404758
   2.474      0.404217
   2.477      0.403678
   2.481      0.403140
   2.484      0.402603
   2.487      0.402068
   2.490      0.401534
   2.494      0.401001
   2.497      0.400471
   2.500      0.399941
   2.504      0.399413
   2.507      0.398886
   2.510      0.398360
   2.514      0.397836
   2.517      0.397314
   2.520      0.396792
   2.524      0.396272
   2.527      0.395754
   2.530      0.395236
   2.533      0.394721
   2.537      0.394206
   2.540      0.393693
   2.543      0.393181
   2.547      0.392670
   2.550      0.392161
   2.553      0.391653
   2.557      0.391146
   2.560      0.390641
   2.563      0.390137
   2.567      0.389634
   2.570      0.389133
   2.573      0.388633
   2.576      0.388134
   2.580      0.387636
   2.583      0.387140
   2.586      0.386645
   2.590      0.386151
   2.593      0.385659
   2.596      0.385167
   2.600      0.384677
   2.603      0.384188
   2.606      0.383701
   2.610      0.383215
   2.613      0.382729
   2.616      0.382246
   2.619      0.381763
   2.623      0.381282
   2.626      0.380801
   2.629      0.380322
   2.633      0.379845
   2.636      0.379368
   2.639      0.378893
   2.643      0.378418
   2.646      0.377945
