   0.000      1.149426
   0.003      1.149503
   0.007      1.149581
   0.010      1.149711
   0.013      1.149895
   0.017      1.150130
   0.020      1.150416
   0.023      1.150755
   0.027      1.151144
   0.030      1.151586
   0.033      1.152078
   0.037      1.152623
   0.040      1.153219
   0.043      1.153867
   0.047      1.154567
   0.050      1.155319
   0.053      1.156123
   0.057      1.156979
   0.060      1.157888
   0.063      1.158849
   0.067      1.159863
   0.070      1.160930
   0.073      1.162050
   0.077      1.163223
   0.080      1.164448
   0.083      1.165727
   0.087      1.167060
   0.090      1.168445
   0.093      1.169884
   0.097      1.171377
   0.100      1.172924
   0.103      1.174524
   0.107      1.176177
   0.110      1.177885
   0.113      1.179646
   0.117      1.181462
   0.120      1.183331
   0.123      1.185254
   0.127      1.187231
   0.130      1.189263
   0.133      1.191348
   0.137      1.193487
   0.140      1.195681
   0.143      1.197928
   0.147      1.200230
   0.150      1.202585
   0.153      1.204995
   0.157      1.207458
   0.160      1.209976
   0.163      1.212547
   0.167      1.215172
   0.170      1.217851
   0.173      1.220584
   0.177      1.223370
   0.180      1.226210
   0.183      1.229104
   0.187      1.232051
   0.190      1.235052
   0.193      1.238106
   0.197      1.241213
   0.200      1.244373
   0.203      1.247586
   0.207      1.250852
   0.210      1.254171
   0.213      1.257542
   0.217      1.260966
   0.220      1.264442
   0.223      1.267971
   0.227      1.271552
   0.230      1.275184
   0.233      1.278868
   0.237      1.282604
   0.240      1.286392
   0.243      1.290230
   0.247      1.294120
   0.250      1.298060
   0.253      1.302051
   0.257      1.306093
   0.260      1.310185
   0.263      1.314327
   0.267      1.318519
   0.270      1.322760
   0.273      1.327051
   0.277      1.331391
   0.280      1.335780
   0.283      1.340217
   0.287      1.344703
   0.290      1.349237
   0.293      1.353819
   0.297      1.358448
   0.300      1.363125
   0.303      1.367848
   0.307      1.372618
   0.310      1.377435
   0.313      1.382298
   0.317      1.387206
   0.320      1.392160
   0.323      1.397158
   0.327      1.402202
   0.330      1.407290
   0.333      1.412421
   0.337      1.417596
   0.340      1.422815
   0.343      1.428076
   0.347      1.433379
   0.350      1.438725
   0.353      1.444112
   0.357      1.449540
   0.360      1.455008
   0.363      1.460517
   0.367      1.466066
   0.370      1.471653
   0.373      1.477280
   0.377      1.482944
   0.380      1.488647
   0.383      1.494386
   0.387      1.500162
   0.390      1.505974
   0.393      1.511822
   0.397      1.517704
   0.400      1.523621
   0.403      1.529572
   0.407      1.535555
   0.410      1.541571
   0.413      1.547620
   0.417      1.553699
   0.420      1.559808
   0.423      1.565948
   0.427      1.572117
   0.430      1.578314
   0.433      1.584539
   0.437      1.590791
   0.440      1.597069
   0.443      1.603372
   0.447      1.609701
   0.450      1.616053
   0.453      1.622428
   0.457      1.628826
   0.460      1.635244
   0.463      1.641684
   0.467      1.648143
   0.470      1.654621
   0.473      1.661117
   0.477      1.667630
   0.480      1.674159
   0.483      1.680703
   0.487      1.687262
   0.490      1.693833
   0.493      1.700417
   0.497      1.707012
   0.500      1.713617
   0.503      1.720232
   0.507      1.726854
   0.510      1.733484
   0.513      1.740120
   0.517      1.746760
   0.520      1.753404
   0.523      1.760051
   0.527      1.766700
   0.530      1.773349
   0.533      1.779997
   0.537      1.786643
   0.540      1.793286
   0.543      1.799925
   0.547      1.806557
   0.550      1.813184
   0.553      1.819802
   0.557      1.826410
   0.560      1.833009
   0.563      1.839595
   0.567      1.846168
   0.570      1.852726
   0.573      1.859269
   0.577      1.865794
   0.580      1.872301
   0.583      1.878788
   0.587      1.885254
   0.590      1.891697
   0.593      1.898116
   0.597      1.904509
   0.600      1.910876
   0.603      1.917214
   0.607      1.923522
   0.610      1.929800
   0.613      1.936045
   0.617      1.942255
   0.620      1.948430
   0.623      1.954568
   0.627      1.960668
   0.630      1.966727
   0.633      1.972745
   0.637      1.978720
   0.640      1.984650
   0.643      1.990534
   0.647      1.996371
   0.650      2.002159
   0.653      2.007896
   0.657      2.013581
   0.660      2.019212
   0.663      2.024788
   0.667      2.030308
   0.670      2.035769
   0.673      2.041170
   0.677      2.046510
   0.680      2.051787
   0.683      2.057000
   0.687      2.062147
   0.690      2.067226
   0.693      2.072237
   0.697      2.077177
   0.700      2.082045
   0.703      2.086839
   0.707      2.091559
   0.710      2.096202
   0.713      2.100767
   0.717      2.105252
   0.720      2.109657
   0.723      2.113979
   0.727      2.118217
   0.730      2.122370
   0.733      2.126436
   0.737      2.130414
   0.740      2.134302
   0.743      2.138099
   0.747      2.141804
   0.750      2.145415
   0.753      2.148931
   0.757      2.152351
   0.760      2.155672
   0.763      2.158894
   0.767      2.162016
   0.770      2.165037
   0.773      2.167954
   0.777      2.170767
   0.780      2.173474
   0.783      2.176075
   0.787      2.178568
   0.790      2.180952
   0.793      2.183226
   0.797      2.185388
   0.800      2.187438
   0.803      2.189375
   0.807      2.191197
   0.810      2.192904
   0.813      2.194494
   0.817      2.195966
   0.820      2.197320
   0.823      2.198555
   0.827      2.199669
   0.830      2.200662
   0.833      2.201534
   0.837      2.202282
   0.840      2.202907
   0.843      2.203407
   0.847      2.203782
   0.850      2.204032
   0.853      2.204155
   0.857      2.204151
   0.860      2.204020
   0.863      2.203760
   0.867      2.203371
   0.870      2.202853
   0.873      2.202205
   0.877      2.201428
   0.880      2.200519
   0.883      2.199480
   0.887      2.198309
   0.890      2.197007
   0.893      2.195573
   0.897      2.194006
   0.900      2.192308
   0.903      2.190477
   0.907      2.188514
   0.910      2.186418
   0.913      2.184189
   0.917      2.181828
   0.920      2.179335
   0.923      2.176708
   0.927      2.173950
   0.930      2.171059
   0.933      2.168036
   0.937      2.164882
   0.940      2.161596
   0.943      2.158179
   0.947      2.154631
   0.950      2.150953
   0.953      2.147146
   0.957      2.143208
   0.960      2.139142
   0.963      2.134948
   0.967      2.130626
   0.970      2.126177
   0.973      2.121602
   0.977      2.116900
   0.980      2.112074
   0.983      2.107124
   0.987      2.102050
   0.990      2.096854
   0.993      2.091536
   0.997      2.086096
   1.000      2.080537
   1.003      2.074859
   1.007      2.069062
   1.010      2.063148
   1.013      2.057118
   1.017      2.050973
   1.020      2.044713
   1.023      2.038339
   1.027      2.031854
   1.030      2.025257
   1.033      2.018550
   1.037      2.011733
   1.040      2.004809
   1.043      1.997777
   1.047      1.990640
   1.050      1.983397
   1.053      1.976051
   1.057      1.968603
   1.060      1.961053
   1.063      1.953402
   1.067      1.945652
   1.070      1.937804
   1.073      1.929860
   1.077      1.921819
   1.080      1.913684
   1.083      1.905455
   1.087      1.897134
   1.090      1.888721
   1.093      1.880219
   1.097      1.871627
   1.100      1.862948
   1.103      1.854183
   1.107      1.845332
   1.110      1.836397
   1.113      1.827379
   1.117      1.818279
   1.120      1.809098
   1.123      1.799838
   1.127      1.790501
   1.130      1.781086
   1.133      1.771595
   1.137      1.762030
   1.140      1.752391
   1.143      1.742680
   1.147      1.732899
   1.150      1.723048
   1.153      1.713128
   1.157      1.703141
   1.160      1.693088
   1.163      1.682971
   1.167      1.672790
   1.170      1.662547
   1.173      1.652243
   1.177      1.641879
   1.180      1.631456
   1.183      1.620976
   1.187      1.610440
   1.190      1.599850
   1.193      1.589205
   1.197      1.578509
   1.200      1.567761
   1.203      1.556963
   1.207      1.546117
   1.210      1.535223
   1.213      1.524283
   1.217      1.513298
   1.220      1.502270
   1.223      1.491198
   1.227      1.480086
   1.230      1.468933
   1.233      1.457741
   1.237      1.446512
   1.240      1.435245
   1.243      1.423944
   1.247      1.412608
   1.250      1.401240
   1.253      1.389839
   1.257      1.378408
   1.260      1.366947
   1.263      1.355458
   1.267      1.343942
   1.270      1.332400
   1.273      1.320833
   1.277      1.309242
   1.280      1.297628
   1.283      1.285993
   1.287      1.274337
   1.290      1.262662
   1.293      1.250969
   1.297      1.239259
   1.300      1.227532
   1.303      1.215791
   1.307      1.204035
   1.310      1.192267
   1.313      1.180487
   1.317      1.168696
   1.320      1.156895
   1.323      1.145086
   1.327      1.133268
   1.330      1.121444
   1.333      1.109615
   1.337      1.097781
   1.340      1.085942
   1.343      1.074102
   1.347      1.062259
   1.350      1.050415
   1.353      1.038572
   1.357      1.026730
   1.360      1.014889
   1.363      1.003052
   1.367      0.991218
   1.370      0.979389
   1.373      0.967566
   1.377      0.955749
   1.380      0.943939
   1.383      0.932138
   1.387      0.920346
   1.390      0.908563
   1.393      0.896792
   1.397      0.885032
   1.400      0.873285
   1.403      0.861550
   1.407      0.849830
   1.410      0.838125
   1.413      0.826435
   1.417      0.814762
   1.420      0.803105
   1.423      0.791467
   1.427      0.779847
   1.430      0.768247
   1.433      0.756667
   1.437      0.745108
   1.440      0.733570
   1.443      0.722055
   1.447      0.710563
   1.450      0.699094
   1.453      0.687650
   1.457      0.676231
   1.460      0.664837
   1.463      0.653470
   1.467      0.642129
   1.470      0.630817
   1.473      0.619532
   1.477      0.608276
   1.480      0.597050
   1.483      0.585854
   1.487      0.574688
   1.490      0.563554
   1.493      0.552452
   1.497      0.541382
   1.500      0.530344
   1.503      0.519341
   1.507      0.508371
   1.510      0.497436
   1.513      0.486535
   1.517      0.475671
   1.520      0.464842
   1.523      0.454051
   1.527      0.443296
   1.530      0.432579
   1.533      0.421899
   1.537      0.411259
   1.540      0.400657
   1.543      0.390094
   1.547      0.379572
   1.550      0.369090
   1.553      0.358648
   1.557      0.348248
   1.560      0.337889
   1.563      0.327572
   1.567      0.317298
   1.570      0.307066
   1.573      0.296877
   1.577      0.286732
   1.580      0.276631
   1.583      0.266574
   1.587      0.256561
   1.590      0.246594
   1.593      0.236671
   1.597      0.226795
   1.600      0.216964
   1.603      0.207179
   1.607      0.197441
   1.610      0.187750
   1.613      0.178106
   1.617      0.168509
   1.620      0.158960
   1.623      0.149459
   1.627      0.140006
   1.630      0.130602
   1.633      0.121246
   1.637      0.111940
   1.640      0.102683
   1.643      0.093475
   1.647      0.084317
   1.650      0.075208
   1.653      0.066150
   1.657      0.057143
   1.660      0.048186
   1.663      0.039279
   1.667      0.030424
   1.670      0.021620
   1.673      0.012867
   1.677      0.004165
   1.680     -0.004484
   1.683     -0.013082
   1.687     -0.021628
   1.690     -0.030122
   1.693     -0.038564
   1.697     -0.046953
   1.700     -0.055290
   1.703     -0.063574
   1.707     -0.071806
   1.710     -0.079984
   1.713     -0.088109
   1.717     -0.096182
   1.720     -0.104201
   1.723     -0.112167
   1.727     -0.120079
   1.730     -0.127938
   1.733     -0.135744
   1.737     -0.143496
   1.740     -0.151194
   1.743     -0.158838
   1.747     -0.166429
   1.750     -0.173966
   1.753     -0.181449
   1.757     -0.188878
   1.760     -0.196253
   1.763     -0.203574
   1.767     -0.210841
   1.770     -0.218053
   1.773     -0.225212
   1.777     -0.232317
   1.780     -0.239368
   1.783     -0.246364
   1.787     -0.253306
   1.790     -0.260195
   1.793     -0.267029
   1.797     -0.273809
   1.800     -0.280535
   1.803     -0.287207
   1.807     -0.293825
   1.810     -0.300389
   1.813     -0.306899
   1.817     -0.313355
   1.820     -0.319757
   1.823     -0.326105
   1.827     -0.332399
   1.830     -0.338640
   1.833     -0.344827
   1.837     -0.350960
   1.840     -0.357040
   1.843     -0.363066
   1.847     -0.369039
   1.850     -0.374959
   1.853     -0.380825
   1.857     -0.386638
   1.860     -0.392398
   1.863     -0.398105
   1.867     -0.403759
   1.870     -0.409360
   1.873     -0.414908
   1.877     -0.420403
   1.880     -0.425847
   1.883     -0.431237
   1.887     -0.436575
   1.890     -0.441862
   1.893     -0.447095
   1.897     -0.452277
   1.900     -0.457408
   1.903     -0.462486
   1.907     -0.467513
   1.910     -0.472488
   1.913     -0.477412
   1.917     -0.482284
   1.920     -0.487106
   1.923     -0.491876
   1.927     -0.496596
   1.930     -0.501265
   1.933     -0.505884
   1.937     -0.510452
   1.940     -0.514970
   1.943     -0.519438
   1.947     -0.523856
   1.950     -0.528225
   1.953     -0.532544
   1.957     -0.536813
   1.960     -0.541033
   1.963     -0.545204
   1.967     -0.549326
   1.970     -0.553399
   1.973     -0.557424
   1.977     -0.561401
   1.980     -0.565329
   1.983     -0.569209
   1.987     -0.573041
   1.990     -0.576826
   1.993     -0.580563
   1.997     -0.584253
   2.000     -0.587895
   2.003     -0.591491
   2.007     -0.595040
   2.010     -0.598542
   2.013     -0.601998
   2.017     -0.605408
   2.020     -0.608772
   2.023     -0.612091
   2.027     -0.615363
   2.030     -0.618591
   2.033     -0.621773
   2.037     -0.624910
   2.040     -0.628003
   2.043     -0.631051
   2.047     -0.634054
   2.050     -0.637014
   2.053     -0.639929
   2.057     -0.642801
   2.060     -0.645630
   2.063     -0.648415
   2.067     -0.651157
   2.070     -0.653856
   2.073     -0.656513
   2.077     -0.659127
   2.080     -0.661699
   2.083     -0.664229
   2.087     -0.666717
   2.090     -0.669164
   2.093     -0.671570
   2.097     -0.673934
   2.100     -0.676258
   2.103     -0.678541
   2.107     -0.680783
   2.110     -0.682986
   2.113     -0.685148
   2.117     -0.687271
   2.120     -0.689354
   2.123     -0.691398
   2.127     -0.693402
   2.130     -0.695368
   2.133     -0.697296
   2.137     -0.699185
   2.140     -0.701036
   2.143     -0.702849
   2.147     -0.704624
   2.150     -0.706362
   2.153     -0.708063
   2.157     -0.709726
   2.160     -0.711353
   2.163     -0.712944
   2.167     -0.714498
   2.170     -0.716016
   2.173     -0.717499
   2.177     -0.718945
   2.180     -0.720357
   2.183     -0.721733
   2.187     -0.723074
   2.190     -0.724381
   2.193     -0.725654
   2.197     -0.726892
   2.200     -0.728096
   2.203     -0.729266
   2.207     -0.730404
   2.210     -0.731507
   2.213     -0.732578
   2.217     -0.733616
   2.220     -0.734622
   2.223     -0.735595
   2.227     -0.736536
   2.230     -0.737445
   2.233     -0.738322
   2.237     -0.739169
   2.240     -0.739984
   2.243     -0.740768
   2.247     -0.741521
   2.250     -0.742244
   2.253     -0.742937
   2.257     -0.743600
   2.260     -0.744233
   2.263     -0.744836
   2.267     -0.745410
   2.270     -0.745955
   2.273     -0.746471
   2.277     -0.746959
   2.280     -0.747418
   2.283     -0.747849
   2.287     -0.748252
   2.290     -0.748627
   2.293     -0.748975
   2.297     -0.749296
   2.300     -0.749589
   2.303     -0.749856
   2.307     -0.750096
   2.310     -0.750309
   2.313     -0.750497
   2.317     -0.750659
   2.320     -0.750794
   2.323     -0.750905
   2.327     -0.750990
   2.330     -0.751050
   2.333     -0.751085
   2.337     -0.751096
   2.340     -0.751082
   2.343     -0.751044
   2.347     -0.750982
   2.350     -0.750897
   2.353     -0.750787
   2.357     -0.750655
   2.360     -0.750499
   2.363     -0.750321
   2.367     -0.750119
   2.370     -0.749896
   2.373     -0.749650
   2.377     -0.749381
   2.380     -0.749092
   2.383     -0.748780
   2.387     -0.748447
   2.390     -0.748093
   2.393     -0.747717
   2.397     -0.747321
   2.400     -0.746904
   2.403     -0.746467
   2.407     -0.746010
   2.410     -0.745532
   2.413     -0.745035
   2.417     -0.744518
   2.420     -0.743982
   2.423     -0.743426
   2.427     -0.742851
   2.430     -0.742258
   2.433     -0.741646
   2.437     -0.741015
   2.440     -0.740366
   2.443     -0.739699
   2.447     -0.739014
   2.450     -0.738312
   2.453     -0.737592
   2.457     -0.736854
   2.460     -0.736100
   2.463     -0.735328
   2.467     -0.734540
   2.470     -0.733735
   2.473     -0.732913
   2.477     -0.732076
   2.480     -0.731222
   2.483     -0.730353
   2.487     -0.729467
   2.490     -0.728567
   2.493     -0.727651
   2.497     -0.726719
   2.500     -0.725773
   2.503     -0.724812
   2.507     -0.723836
   2.510     -0.722846
   2.513     -0.721841
   2.517     -0.720823
   2.520     -0.719790
   2.523     -0.718743
   2.527     -0.717683
   2.530     -0.716609
   2.533     -0.715522
   2.537     -0.714422
   2.540     -0.713309
   2.543     -0.712183
   2.547     -0.711044
   2.550     -0.709893
   2.553     -0.708729
   2.557     -0.707554
   2.560     -0.706366
   2.563     -0.705166
   2.567     -0.703954
   2.570     -0.702731
   2.573     -0.701496
   2.577     -0.700251
   2.580     -0.698993
   2.583     -0.697725
   2.587     -0.696446
   2.590     -0.695157
   2.593     -0.693857
   2.597     -0.692546
   2.600     -0.691225
   2.603     -0.689894
   2.607     -0.688553
   2.610     -0.687202
   2.613     -0.685841
   2.617     -0.684471
   2.620     -0.683091
   2.623     -0.681702
   2.627     -0.680304
   2.630     -0.678897
   2.633     -0.677480
   2.637     -0.676055
   2.640     -0.674622
   2.643     -0.673180
   2.647     -0.671729
   2.650     -0.670270
   2.653     -0.668804
   2.657     -0.667329
   2.660     -0.665846
   2.663     -0.664355
   2.667     -0.662857
   2.670     -0.661351
   2.673     -0.659838
   2.677     -0.658318
   2.680     -0.656791
   2.683     -0.655256
   2.687     -0.653715
   2.690     -0.652167
   2.693     -0.650612
   2.697     -0.649050
   2.700     -0.647482
   2.703     -0.645908
   2.707     -0.644328
   2.710     -0.642741
   2.713     -0.641149
   2.717     -0.639551
   2.720     -0.637947
   2.723     -0.636337
   2.727     -0.634722
   2.730     -0.633101
   2.733     -0.631475
   2.737     -0.629844
   2.740     -0.628207
   2.743     -0.626566
   2.747     -0.624920
   2.750     -0.623269
   2.753     -0.621613
   2.757     -0.619952
   2.760     -0.618288
   2.763     -0.616618
   2.767     -0.614945
   2.770     -0.613267
   2.773     -0.611585
   2.777     -0.609899
   2.780     -0.608210
   2.783     -0.606516
   2.787     -0.604819
   2.790     -0.603118
   2.793     -0.601414
   2.797     -0.599706
   2.800     -0.597995
   2.803     -0.596281
   2.807     -0.594563
   2.810     -0.592843
   2.813     -0.591120
   2.817     -0.589393
   2.820     -0.587664
   2.823     -0.585932
   2.827     -0.584198
   2.830     -0.582461
   2.833     -0.580722
   2.837     -0.578980
   2.840     -0.577236
   2.843     -0.575490
   2.847     -0.573742
   2.850     -0.571992
   2.853     -0.570240
   2.857     -0.568486
   2.860     -0.566730
   2.863     -0.564973
   2.867     -0.563214
   2.870     -0.561453
   2.873     -0.559691
   2.877     -0.557928
   2.880     -0.556163
   2.883     -0.554397
   2.887     -0.552630
   2.890     -0.550862
   2.893     -0.549093
   2.897     -0.547323
   2.900     -0.545553
   2.903     -0.543781
   2.907     -0.542009
   2.910     -0.540236
   2.913     -0.538463
   2.917     -0.536689
   2.920     -0.534915
   2.923     -0.533140
   2.927     -0.531365
   2.930     -0.529590
   2.933     -0.527815
   2.937     -0.526040
   2.940     -0.524264
   2.943     -0.522489
   2.947     -0.520714
   2.950     -0.518939
   2.953     -0.517164
   2.957     -0.515390
   2.960     -0.513616
   2.963     -0.511842
   2.967     -0.510069
   2.970     -0.508297
   2.973     -0.506525
   2.977     -0.504753
   2.980     -0.502983
   2.983     -0.501213
   2.987     -0.499444
   2.990     -0.497676
   2.993     -0.495909
   2.997     -0.494143
   3.000     -0.492378
   3.003     -0.490614
   3.007     -0.488851
   3.010     -0.487090
   3.013     -0.485329
   3.017     -0.483570
   3.020     -0.481813
   3.023     -0.480057
   3.027     -0.478302
   3.030     -0.476549
   3.033     -0.474797
   3.037     -0.473047
   3.040     -0.471298
   3.043     -0.469552
   3.047     -0.467807
   3.050     -0.466064
   3.053     -0.464322
   3.057     -0.462583
   3.060     -0.460845
   3.063     -0.459109
   3.067     -0.457376
   3.070     -0.455644
   3.073     -0.453915
   3.077     -0.452187
   3.080     -0.450462
   3.083     -0.448739
   3.087     -0.447018
   3.090     -0.445300
   3.093     -0.443584
   3.097     -0.441870
   3.100     -0.440158
   3.103     -0.438449
   3.107     -0.436743
   3.110     -0.435039
   3.113     -0.433337
   3.117     -0.431638
   3.120     -0.429942
   3.123     -0.428248
   3.127     -0.426557
   3.130     -0.424868
   3.133     -0.423182
   3.137     -0.421499
   3.140     -0.419819
   3.143     -0.418142
   3.147     -0.416467
   3.150     -0.414795
   3.153     -0.413126
   3.157     -0.411460
   3.160     -0.409797
   3.163     -0.408137
   3.167     -0.406480
   3.170     -0.404826
   3.173     -0.403175
   3.177     -0.401527
   3.180     -0.399882
   3.183     -0.398240
   3.187     -0.396602
   3.190     -0.394966
   3.193     -0.393334
   3.197     -0.391705
   3.200     -0.390079
   3.203     -0.388457
   3.207     -0.386837
   3.210     -0.385221
   3.213     -0.383608
   3.217     -0.381999
   3.220     -0.380393
   3.223     -0.378790
   3.227     -0.377191
   3.230     -0.375595
   3.233     -0.374002
   3.237     -0.372413
   3.240     -0.370827
   3.243     -0.369245
   3.247     -0.367666
   3.250     -0.366091
   3.253     -0.364519
   3.257     -0.362951
   3.260     -0.361387
   3.263     -0.359825
   3.267     -0.358268
   3.270     -0.356714
   3.273     -0.355163
   3.277     -0.353617
   3.280     -0.352073
   3.283     -0.350534
   3.287     -0.348998
   3.290     -0.347466
   3.293     -0.345937
   3.297     -0.344412
   3.300     -0.342891
   3.303     -0.341373
   3.307     -0.339859
   3.310     -0.338349
   3.313     -0.336842
   3.317     -0.335340
   3.320     -0.333841
   3.323     -0.332345
   3.327     -0.330854
   3.330     -0.329366
   3.333     -0.327882
   3.337     -0.326402
   3.340     -0.324925
   3.343     -0.323452
   3.347     -0.321983
   3.350     -0.320518
   3.353     -0.319057
   3.357     -0.317599
   3.360     -0.316145
   3.363     -0.314695
   3.367     -0.313249
   3.370     -0.311807
   3.373     -0.310368
   3.377     -0.308933
   3.380     -0.307503
   3.383     -0.306075
   3.387     -0.304652
   3.390     -0.303233
   3.393     -0.301817
   3.397     -0.300405
   3.400     -0.298997
   3.403     -0.297593
   3.407     -0.296193
   3.410     -0.294796
   3.413     -0.293404
   3.417     -0.292015
   3.420     -0.290630
   3.423     -0.289249
   3.427     -0.287872
   3.430     -0.286498
   3.433     -0.285129
   3.437     -0.283763
   3.440     -0.282401
   3.443     -0.281043
   3.447     -0.279688
   3.450     -0.278338
   3.453     -0.276991
   3.457     -0.275648
   3.460     -0.274309
   3.463     -0.272974
   3.467     -0.271643
   3.470     -0.270315
   3.473     -0.268991
   3.477     -0.267671
   3.480     -0.266355
   3.483     -0.265043
   3.487     -0.263734
   3.490     -0.262430
   3.493     -0.261129
   3.497     -0.259831
   3.500     -0.258538
   3.503     -0.257248
   3.507     -0.255962
   3.510     -0.254680
   3.513     -0.253402
   3.517     -0.252127
   3.520     -0.250857
   3.523     -0.249590
   3.527     -0.248326
   3.530     -0.247067
   3.533     -0.245811
   3.537     -0.244559
   3.540     -0.243310
   3.543     -0.242066
   3.547     -0.240825
   3.550     -0.239587
   3.553     -0.238354
   3.557     -0.237124
   3.560     -0.235898
   3.563     -0.234675
   3.567     -0.233456
   3.570     -0.232241
   3.573     -0.231030
   3.577     -0.229822
   3.580     -0.228618
   3.583     -0.227417
   3.587     -0.226220
   3.590     -0.225027
   3.593     -0.223837
   3.597     -0.222651
   3.600     -0.221469
   3.603     -0.220290
   3.607     -0.219115
   3.610     -0.217943
   3.613     -0.216775
   3.617     -0.215611
   3.620     -0.214450
   3.623     -0.213292
   3.627     -0.212139
   3.630     -0.210988
   3.633     -0.209842
   3.637     -0.208698
   3.640     -0.207559
   3.643     -0.206422
   3.647     -0.205290
   3.650     -0.204160
   3.653     -0.203034
   3.657     -0.201912
   3.660     -0.200793
   3.663     -0.199678
   3.667     -0.198566
   3.670     -0.197457
   3.673     -0.196352
   3.677     -0.195250
   3.680     -0.194152
   3.683     -0.193057
   3.687     -0.191966
   3.690     -0.190877
   3.693     -0.189793
   3.697     -0.188711
   3.700     -0.187633
   3.703     -0.186558
   3.707     -0.185487
   3.710     -0.184419
   3.713     -0.183354
   3.717     -0.182292
   3.720     -0.181234
   3.723     -0.180179
   3.727     -0.179127
   3.730     -0.178079
   3.733     -0.177033
   3.737     -0.175991
   3.740     -0.174952
   3.743     -0.173917
   3.747     -0.172884
   3.750     -0.171855
   3.753     -0.170829
   3.757     -0.169806
   3.760     -0.168786
   3.763     -0.167770
   3.767     -0.166756
   3.770     -0.165746
   3.773     -0.164739
   3.777     -0.163735
   3.780     -0.162734
   3.783     -0.161736
   3.787     -0.160741
   3.790     -0.159749
   3.793     -0.158760
   3.797     -0.157774
   3.800     -0.156791
   3.803     -0.155812
   3.807     -0.154835
   3.810     -0.153861
   3.813     -0.152890
   3.817     -0.151923
   3.820     -0.150958
   3.823     -0.149996
   3.827     -0.149037
   3.830     -0.148081
   3.833     -0.147128
   3.837     -0.146177
   3.840     -0.145230
   3.843     -0.144286
   3.847     -0.143344
   3.850     -0.142405
   3.853     -0.141469
   3.857     -0.140536
   3.860     -0.139606
   3.863     -0.138679
   3.867     -0.137754
   3.870     -0.136832
   3.873     -0.135913
   3.877     -0.134996
   3.880     -0.134083
   3.883     -0.133172
   3.887     -0.132264
   3.890     -0.131358
   3.893     -0.130456
   3.897     -0.129556
   3.900     -0.128658
   3.903     -0.127764
   3.907     -0.126872
   3.910     -0.125982
   3.913     -0.125096
   3.917     -0.124212
   3.920     -0.123330
   3.923     -0.122451
   3.927     -0.121575
   3.930     -0.120701
   3.933     -0.119830
   3.937     -0.118961
   3.940     -0.118095
   3.943     -0.117232
   3.947     -0.116371
   3.950     -0.115512
   3.953     -0.114656
   3.957     -0.113803
   3.960     -0.112952
   3.963     -0.112103
   3.967     -0.111257
   3.970     -0.110414
   3.973     -0.109572
   3.977     -0.108733
   3.980     -0.107897
   3.983     -0.107063
   3.987     -0.106231
   3.990     -0.105402
   3.993     -0.104575
   3.997     -0.103751
   4.000     -0.102929
   4.003     -0.102109
   4.007     -0.101291
   4.010     -0.100476
   4.013     -0.099663
   4.017     -0.098852
   4.020     -0.098044
   4.023     -0.097238
   4.027     -0.096434
   4.030     -0.095632
   4.033     -0.094833
   4.037     -0.094035
   4.040     -0.093240
   4.043     -0.092447
   4.047     -0.091657
   4.050     -0.090868
   4.053     -0.090082
   4.057     -0.089298
   4.060     -0.088516
   4.063     -0.087736
   4.067     -0.086958
   4.070     -0.086182
   4.073     -0.085409
   4.077     -0.084637
   4.080     -0.083868
   4.083     -0.083101
   4.087     -0.082335
   4.090     -0.081572
   4.093     -0.080811
   4.097     -0.080051
   4.100     -0.079294
   4.103     -0.078539
   4.107     -0.077786
   4.110     -0.077034
   4.113     -0.076285
   4.117     -0.075538
   4.120     -0.074792
   4.123     -0.074049
   4.127     -0.073307
   4.130     -0.072568
   4.133     -0.071830
   4.137     -0.071094
   4.140     -0.070360
   4.143     -0.069628
   4.147     -0.068898
   4.150     -0.068169
   4.153     -0.067443
   4.157     -0.066718
   4.160     -0.065995
   4.163     -0.065274
   4.167     -0.064554
   4.170     -0.063837
   4.173     -0.063121
   4.177     -0.062407
   4.180     -0.061695
   4.183     -0.060984
   4.187     -0.060275
   4.190     -0.059568
   4.193     -0.058863
   4.197     -0.058159
   4.200     -0.057457
   4.203     -0.056757
   4.207     -0.056058
   4.210     -0.055361
   4.213     -0.054666
   4.217     -0.053972
   4.220     -0.053280
   4.223     -0.052590
   4.227     -0.051901
   4.230     -0.051214
   4.233     -0.050528
   4.237     -0.049844
   4.240     -0.049162
   4.243     -0.048481
   4.247     -0.047801
   4.250     -0.047124
   4.253     -0.046447
   4.257     -0.045773
   4.260     -0.045099
   4.263     -0.044428
   4.267     -0.043757
   4.270     -0.043088
   4.273     -0.042421
   4.277     -0.041755
   4.280     -0.041091
   4.283     -0.040428
   4.287     -0.039767
   4.290     -0.039106
   4.293     -0.038448
   4.297     -0.037791
   4.300     -0.037135
   4.303     -0.036480
   4.307     -0.035827
   4.310     -0.035175
   4.313     -0.034525
   4.317     -0.033876
   4.320     -0.033228
   4.323     -0.032582
   4.327     -0.031937
   4.330     -0.031293
   4.333     -0.030651
   4.337     -0.030010
   4.340     -0.029370
   4.343     -0.028732
   4.347     -0.028094
   4.350     -0.027458
   4.353     -0.026824
   4.357     -0.026190
   4.360     -0.025558
   4.363     -0.024927
   4.367     -0.024297
   4.370     -0.023668
   4.373     -0.023041
   4.377     -0.022415
   4.380     -0.021789
   4.383     -0.021166
   4.387     -0.020543
   4.390     -0.019921
   4.393     -0.019301
   4.397     -0.018681
   4.400     -0.018063
   4.403     -0.017446
   4.407     -0.016830
   4.410     -0.016215
   4.413     -0.015602
   4.417     -0.014989
   4.420     -0.014377
   4.423     -0.013767
   4.427     -0.013157
   4.430     -0.012549
   4.433     -0.011942
   4.437     -0.011335
   4.440     -0.010730
   4.443     -0.010126
   4.447     -0.009522
   4.450     -0.008920
   4.453     -0.008319
   4.457     -0.007718
   4.460     -0.007119
   4.463     -0.006521
   4.467     -0.005923
   4.470     -0.005327
   4.473     -0.004731
   4.477     -0.004137
   4.480     -0.003543
   4.483     -0.002950
   4.487     -0.002358
   4.490     -0.001767
   4.493     -0.001177
   4.497     -0.000588
   4.500      0.000000
