   0.000     -0.000377
   0.004      0.000188
   0.007      0.000753
   0.011      0.001694
   0.015      0.003011
   0.018      0.004704
   0.022      0.006772
   0.026      0.009214
   0.030      0.012030
   0.033      0.015219
   0.037      0.018780
   0.041      0.022712
   0.044      0.027013
   0.048      0.031682
   0.052      0.036718
   0.056      0.042120
   0.059      0.047885
   0.063      0.054012
   0.067      0.060498
   0.070      0.067343
   0.074      0.074543
   0.078      0.082097
   0.081      0.090002
   0.085      0.098256
   0.089      0.106856
   0.092      0.115800
   0.096      0.125084
   0.100      0.134706
   0.104      0.144664
   0.107      0.154953
   0.111      0.165571
   0.115      0.176514
   0.118      0.187780
   0.122      0.199364
   0.126      0.211263
   0.129      0.223473
   0.133      0.235990
   0.137      0.248811
   0.141      0.261932
   0.144      0.275348
   0.148      0.289056
   0.152      0.303051
   0.155      0.317328
   0.159      0.331884
   0.163      0.346714
   0.167      0.361813
   0.170      0.377176
   0.174      0.392799
   0.178      0.408676
   0.181      0.424804
   0.185      0.441176
   0.189      0.457789
   0.192      0.474635
   0.196      0.491712
   0.200      0.509012
   0.204      0.526530
   0.207      0.544262
   0.211      0.562202
   0.215      0.580343
   0.218      0.598681
   0.222      0.617209
   0.226      0.635922
   0.229      0.654814
   0.233      0.673880
   0.237      0.693112
   0.241      0.712505
   0.244      0.732054
   0.248      0.751751
   0.252      0.771591
   0.255      0.791568
   0.259      0.811675
   0.263      0.831907
   0.266      0.852256
   0.270      0.872716
   0.274      0.893281
   0.278      0.913945
   0.281      0.934701
   0.285      0.955543
   0.289      0.976464
   0.292      0.997457
   0.296      1.018517
   0.300      1.039636
   0.303      1.060808
   0.307      1.082026
   0.311      1.103284
   0.314      1.124575
   0.318      1.145893
   0.322      1.167230
   0.326      1.188581
   0.329      1.209938
   0.333      1.231295
   0.337      1.252646
   0.340      1.273983
   0.344      1.295300
   0.348      1.316591
   0.351      1.337848
   0.355      1.359066
   0.359      1.380238
   0.363      1.401356
   0.366      1.422416
   0.370      1.443410
   0.374      1.464331
   0.377      1.485174
   0.381      1.505932
   0.385      1.526598
   0.388      1.547167
   0.392      1.567632
   0.396      1.587986
   0.400      1.608224
   0.403      1.628339
   0.407      1.648326
   0.411      1.668178
   0.414      1.687888
   0.418      1.707453
   0.422      1.726864
   0.425      1.746117
   0.429      1.765206
   0.433      1.784125
   0.437      1.802868
   0.440      1.821430
   0.444      1.839805
   0.448      1.857989
   0.451      1.875974
   0.455      1.893757
   0.459      1.911331
   0.462      1.928692
   0.466      1.945835
   0.470      1.962755
   0.474      1.979446
   0.477      1.995904
   0.481      2.012125
   0.485      2.028102
   0.488      2.043833
   0.492      2.059313
   0.496      2.074536
   0.499      2.089499
   0.503      2.104198
   0.507      2.118628
   0.511      2.132785
   0.514      2.146666
   0.518      2.160267
   0.522      2.173584
   0.525      2.186613
   0.529      2.199350
   0.533      2.211794
   0.536      2.223939
   0.540      2.235783
   0.544      2.247323
   0.548      2.258555
   0.551      2.269478
   0.555      2.280087
   0.559      2.290381
   0.562      2.300357
   0.566      2.310011
   0.570      2.319343
   0.573      2.328350
   0.577      2.337029
   0.581      2.345378
   0.585      2.353397
   0.588      2.361081
   0.592      2.368431
   0.596      2.375445
   0.599      2.382120
   0.603      2.388456
   0.607      2.394451
   0.611      2.400105
   0.614      2.405415
   0.618      2.410382
   0.622      2.415004
   0.625      2.419280
   0.629      2.423211
   0.633      2.426795
   0.636      2.430032
   0.640      2.432921
   0.644      2.435464
   0.648      2.437658
   0.651      2.439506
   0.655      2.441006
   0.659      2.442158
   0.662      2.442964
   0.666      2.443423
   0.670      2.443537
   0.673      2.443305
   0.677      2.442728
   0.681      2.441808
   0.685      2.440545
   0.688      2.438940
   0.692      2.436995
   0.696      2.434709
   0.699      2.432086
   0.703      2.429126
   0.707      2.425830
   0.710      2.422200
   0.714      2.418238
   0.718      2.413946
   0.722      2.409325
   0.725      2.404377
   0.729      2.399104
   0.733      2.393508
   0.736      2.387592
   0.740      2.381356
   0.744      2.374805
   0.747      2.367940
   0.751      2.360763
   0.755      2.353277
   0.759      2.345485
   0.762      2.337389
   0.766      2.328991
   0.770      2.320295
   0.773      2.311304
   0.777      2.302019
   0.781      2.292445
   0.784      2.282584
   0.788      2.272438
   0.792      2.262012
   0.796      2.251308
   0.799      2.240329
   0.803      2.229080
   0.807      2.217561
   0.810      2.205779
   0.814      2.193734
   0.818      2.181432
   0.821      2.168874
   0.825      2.156066
   0.829      2.143010
   0.833      2.129709
   0.836      2.116168
   0.840      2.102390
   0.844      2.088379
   0.847      2.074137
   0.851      2.059669
   0.855      2.044979
   0.858      2.030070
   0.862      2.014946
   0.866      1.999611
   0.870      1.984068
   0.873      1.968321
   0.877      1.952374
   0.881      1.936231
   0.884      1.919895
   0.888      1.903371
   0.892      1.886662
   0.895      1.869773
   0.899      1.852706
   0.903      1.835466
   0.907      1.818056
   0.910      1.800481
   0.914      1.782744
   0.918      1.764850
   0.921      1.746802
   0.925      1.728603
   0.929      1.710258
   0.932      1.691771
   0.936      1.673145
   0.940      1.654384
   0.944      1.635493
   0.947      1.616474
   0.951      1.597332
   0.955      1.578071
   0.958      1.558694
   0.962      1.539204
   0.966      1.519607
   0.969      1.499906
   0.973      1.480103
   0.977      1.460204
   0.981      1.440211
   0.984      1.420129
   0.988      1.399961
   0.992      1.379711
   0.995      1.359382
   0.999      1.338979
   1.003      1.318504
   1.006      1.297961
   1.010      1.277354
   1.014      1.256686
   1.018      1.235961
   1.021      1.215183
   1.025      1.194354
   1.029      1.173479
   1.032      1.152561
   1.036      1.131602
   1.040      1.110607
   1.043      1.089579
   1.047      1.068521
   1.051      1.047437
   1.055      1.026330
   1.058      1.005202
   1.062      0.984058
   1.066      0.962901
   1.069      0.941733
   1.073      0.920557
   1.077      0.899378
   1.080      0.878198
   1.084      0.857020
   1.088      0.835847
   1.092      0.814682
   1.095      0.793528
   1.099      0.772388
   1.103      0.751266
   1.106      0.730163
   1.110      0.709082
   1.114      0.688027
   1.117      0.667001
   1.121      0.646005
   1.125      0.625044
   1.129      0.604119
   1.132      0.583232
   1.136      0.562388
   1.140      0.541588
   1.143      0.520835
   1.147      0.500132
   1.151      0.479480
   1.154      0.458883
   1.158      0.438342
   1.162      0.417861
   1.166      0.397442
   1.169      0.377086
   1.173      0.356797
   1.177      0.336577
   1.180      0.316427
   1.184      0.296350
   1.188      0.276348
   1.191      0.256423
   1.195      0.236578
   1.199      0.216814
   1.203      0.197133
   1.206      0.177538
   1.210      0.158031
   1.214      0.138612
   1.217      0.119285
   1.221      0.100051
   1.225      0.080912
   1.228      0.061869
   1.232      0.042925
   1.236      0.024080
   1.240      0.005338
   1.243     -0.013301
   1.247     -0.031835
   1.251     -0.050262
   1.254     -0.068581
   1.258     -0.086791
   1.262     -0.104889
   1.265     -0.122875
   1.269     -0.140746
   1.273     -0.158503
   1.277     -0.176142
   1.280     -0.193664
   1.284     -0.211067
   1.288     -0.228348
   1.291     -0.245508
   1.295     -0.262546
   1.299     -0.279459
   1.302     -0.296247
   1.306     -0.312908
   1.310     -0.329443
   1.314     -0.345849
   1.317     -0.362126
   1.321     -0.378272
   1.325     -0.394288
   1.328     -0.410171
   1.332     -0.425922
   1.336     -0.441538
   1.339     -0.457020
   1.343     -0.472367
   1.347     -0.487578
   1.351     -0.502652
   1.354     -0.517589
   1.358     -0.532388
   1.362     -0.547048
   1.365     -0.561568
   1.369     -0.575949
   1.373     -0.590190
   1.376     -0.604289
   1.380     -0.618248
   1.384     -0.632064
   1.388     -0.645738
   1.391     -0.659270
   1.395     -0.672659
   1.399     -0.685904
   1.402     -0.699006
   1.406     -0.711964
   1.410     -0.724778
   1.413     -0.737447
   1.417     -0.749972
   1.421     -0.762351
   1.425     -0.774586
   1.428     -0.786676
   1.432     -0.798621
   1.436     -0.810420
   1.439     -0.822074
   1.443     -0.833582
   1.447     -0.844945
   1.450     -0.856162
   1.454     -0.867234
   1.458     -0.878160
   1.462     -0.888942
   1.465     -0.899578
   1.469     -0.910068
   1.473     -0.920414
   1.476     -0.930615
   1.480     -0.940671
   1.484     -0.950582
   1.487     -0.960349
   1.491     -0.969973
   1.495     -0.979452
   1.499     -0.988787
   1.502     -0.997979
   1.506     -1.007028
   1.510     -1.015935
   1.513     -1.024699
   1.517     -1.033321
   1.521     -1.041801
   1.524     -1.050139
   1.528     -1.058337
   1.532     -1.066395
   1.536     -1.074312
   1.539     -1.082089
   1.543     -1.089727
   1.547     -1.097227
   1.550     -1.104588
   1.554     -1.111811
   1.558     -1.118897
   1.561     -1.125846
   1.565     -1.132659
   1.569     -1.139336
   1.573     -1.145878
   1.576     -1.152286
   1.580     -1.158559
   1.584     -1.164699
   1.587     -1.170706
   1.591     -1.176581
   1.595     -1.182324
   1.598     -1.187937
   1.602     -1.193419
   1.606     -1.198771
   1.610     -1.203994
   1.613     -1.209089
   1.617     -1.214057
   1.621     -1.218897
   1.624     -1.223611
   1.628     -1.228200
   1.632     -1.232663
   1.635     -1.237003
   1.639     -1.241219
   1.643     -1.245312
   1.647     -1.249283
   1.650     -1.253133
   1.654     -1.256863
   1.658     -1.260473
   1.661     -1.263964
   1.665     -1.267337
   1.669     -1.270593
   1.672     -1.273732
   1.676     -1.276755
   1.680     -1.279663
   1.684     -1.282457
   1.687     -1.285138
   1.691     -1.287706
   1.695     -1.290162
   1.698     -1.292507
   1.702     -1.294742
   1.706     -1.296868
   1.709     -1.298886
   1.713     -1.300795
   1.717     -1.302598
   1.721     -1.304295
   1.724     -1.305887
   1.728     -1.307375
   1.732     -1.308759
   1.735     -1.310040
   1.739     -1.311220
   1.743     -1.312299
   1.746     -1.313278
   1.750     -1.314158
   1.754     -1.314940
   1.758     -1.315624
   1.761     -1.316212
   1.765     -1.316704
   1.769     -1.317101
   1.772     -1.317405
   1.776     -1.317615
   1.780     -1.317733
   1.783     -1.317760
   1.787     -1.317696
   1.791     -1.317543
   1.795     -1.317302
   1.798     -1.316972
   1.802     -1.316556
   1.806     -1.316054
   1.809     -1.315466
   1.813     -1.314794
   1.817     -1.314039
   1.820     -1.313202
   1.824     -1.312283
   1.828     -1.311283
   1.832     -1.310204
   1.835     -1.309045
   1.839     -1.307809
   1.843     -1.306495
   1.846     -1.305105
   1.850     -1.303640
   1.854     -1.302101
   1.857     -1.300487
   1.861     -1.298801
   1.865     -1.297044
   1.869     -1.295215
   1.872     -1.293316
   1.876     -1.291348
   1.880     -1.289312
   1.883     -1.287208
   1.887     -1.285038
   1.891     -1.282803
   1.894     -1.280502
   1.898     -1.278138
   1.902     -1.275710
   1.906     -1.273221
   1.909     -1.270670
   1.913     -1.268059
   1.917     -1.265388
   1.920     -1.262659
   1.924     -1.259872
   1.928     -1.257029
   1.931     -1.254129
   1.935     -1.251174
   1.939     -1.248165
   1.943     -1.245102
   1.946     -1.241987
   1.950     -1.238820
   1.954     -1.235602
   1.957     -1.232335
   1.961     -1.229018
   1.965     -1.225653
   1.968     -1.222241
   1.972     -1.218782
   1.976     -1.215277
   1.980     -1.211728
   1.983     -1.208134
   1.987     -1.204498
   1.991     -1.200819
   1.994     -1.197099
   1.998     -1.193338
   2.002     -1.189537
   2.005     -1.185697
   2.009     -1.181819
   2.013     -1.177904
   2.017     -1.173953
   2.020     -1.169965
   2.024     -1.165943
   2.028     -1.161887
   2.031     -1.157797
   2.035     -1.153675
   2.039     -1.149522
   2.042     -1.145338
   2.046     -1.141123
   2.050     -1.136880
   2.054     -1.132608
   2.057     -1.128308
   2.061     -1.123982
   2.065     -1.119629
   2.068     -1.115251
   2.072     -1.110849
   2.076     -1.106423
   2.079     -1.101973
   2.083     -1.097502
   2.087     -1.093009
   2.091     -1.088495
   2.094     -1.083962
   2.098     -1.079409
   2.102     -1.074837
   2.105     -1.070248
   2.109     -1.065641
   2.113     -1.061018
   2.116     -1.056379
   2.120     -1.051726
   2.124     -1.047058
   2.128     -1.042377
   2.131     -1.037682
   2.135     -1.032976
   2.139     -1.028257
   2.142     -1.023528
   2.146     -1.018789
   2.150     -1.014040
   2.153     -1.009282
   2.157     -1.004516
   2.161     -0.999741
   2.165     -0.994960
   2.168     -0.990173
   2.172     -0.985379
   2.176     -0.980580
   2.179     -0.975777
   2.183     -0.970969
   2.187     -0.966158
   2.190     -0.961343
   2.194     -0.956527
   2.198     -0.951708
   2.202     -0.946888
   2.205     -0.942067
   2.209     -0.937245
   2.213     -0.932424
   2.216     -0.927603
   2.220     -0.922783
   2.224     -0.917965
   2.227     -0.913149
   2.231     -0.908335
   2.235     -0.903525
   2.239     -0.898717
   2.242     -0.893914
   2.246     -0.889114
   2.250     -0.884319
   2.253     -0.879530
   2.257     -0.874745
   2.261     -0.869967
   2.264     -0.865195
   2.268     -0.860429
   2.272     -0.855670
   2.276     -0.850919
   2.279     -0.846175
   2.283     -0.841439
   2.287     -0.836712
   2.290     -0.831993
   2.294     -0.827283
   2.298     -0.822583
   2.301     -0.817892
   2.305     -0.813211
   2.309     -0.808541
   2.312     -0.803880
   2.316     -0.799231
   2.320     -0.794593
   2.324     -0.789966
   2.327     -0.785350
   2.331     -0.780747
   2.335     -0.776155
   2.338     -0.771576
   2.342     -0.767009
   2.346     -0.762455
   2.349     -0.757914
   2.353     -0.753387
   2.357     -0.748873
   2.361     -0.744372
   2.364     -0.739885
   2.368     -0.735413
   2.372     -0.730954
   2.375     -0.726510
   2.379     -0.722081
   2.383     -0.717666
   2.386     -0.713266
   2.390     -0.708881
   2.394     -0.704512
   2.398     -0.700158
   2.401     -0.695819
   2.405     -0.691496
   2.409     -0.687189
   2.412     -0.682898
   2.416     -0.678623
   2.420     -0.674365
   2.423     -0.670122
   2.427     -0.665896
   2.431     -0.661686
   2.435     -0.657494
   2.438     -0.653317
   2.442     -0.649158
   2.446     -0.645016
   2.449     -0.640890
   2.453     -0.636782
   2.457     -0.632691
   2.460     -0.628617
   2.464     -0.624561
   2.468     -0.620522
   2.472     -0.616500
   2.475     -0.612496
   2.479     -0.608510
   2.483     -0.604541
   2.486     -0.600590
   2.490     -0.596657
   2.494     -0.592741
   2.497     -0.588844
   2.501     -0.584964
   2.505     -0.581102
   2.509     -0.577258
   2.512     -0.573433
   2.516     -0.569625
   2.520     -0.565835
   2.523     -0.562063
   2.527     -0.558309
   2.531     -0.554574
   2.534     -0.550856
   2.538     -0.547157
   2.542     -0.543476
   2.546     -0.539813
   2.549     -0.536168
   2.553     -0.532541
   2.557     -0.528933
   2.560     -0.525343
   2.564     -0.521770
   2.568     -0.518216
   2.571     -0.514680
   2.575     -0.511163
   2.579     -0.507663
   2.583     -0.504181
   2.586     -0.500718
   2.590     -0.497273
   2.594     -0.493845
   2.597     -0.490436
   2.601     -0.487045
   2.605     -0.483671
   2.608     -0.480316
   2.612     -0.476979
   2.616     -0.473659
   2.620     -0.470358
   2.623     -0.467074
   2.627     -0.463808
   2.631     -0.460560
   2.634     -0.457330
   2.638     -0.454117
   2.642     -0.450922
   2.645     -0.447745
   2.649     -0.444585
   2.653     -0.441443
   2.657     -0.438319
   2.660     -0.435211
   2.664     -0.432122
   2.668     -0.429049
   2.671     -0.425994
   2.675     -0.422957
   2.679     -0.419936
   2.682     -0.416933
   2.686     -0.413947
   2.690     -0.410978
   2.694     -0.408026
   2.697     -0.405091
   2.701     -0.402173
   2.705     -0.399272
   2.708     -0.396388
   2.712     -0.393520
   2.716     -0.390669
   2.719     -0.387835
   2.723     -0.385018
   2.727     -0.382217
   2.731     -0.379432
   2.734     -0.376664
   2.738     -0.373912
   2.742     -0.371177
   2.745     -0.368458
   2.749     -0.365755
   2.753     -0.363068
   2.756     -0.360397
   2.760     -0.357743
   2.764     -0.355104
   2.768     -0.352481
   2.771     -0.349874
   2.775     -0.347283
   2.779     -0.344707
   2.782     -0.342147
   2.786     -0.339603
   2.790     -0.337074
   2.793     -0.334561
   2.797     -0.332062
   2.801     -0.329580
   2.805     -0.327112
   2.808     -0.324660
   2.812     -0.322223
   2.816     -0.319801
   2.819     -0.317393
   2.823     -0.315001
   2.827     -0.312624
   2.830     -0.310261
   2.834     -0.307913
   2.838     -0.305580
   2.842     -0.303261
   2.845     -0.300957
   2.849     -0.298668
   2.853     -0.296392
   2.856     -0.294131
   2.860     -0.291885
   2.864     -0.289652
   2.867     -0.287434
   2.871     -0.285230
   2.875     -0.283039
   2.879     -0.280863
   2.882     -0.278700
   2.886     -0.276551
   2.890     -0.274416
   2.893     -0.272295
   2.897     -0.270187
   2.901     -0.268093
   2.904     -0.266012
   2.908     -0.263945
   2.912     -0.261891
   2.916     -0.259850
   2.919     -0.257822
   2.923     -0.255808
   2.927     -0.253806
   2.930     -0.251818
   2.934     -0.249842
   2.938     -0.247880
   2.941     -0.245930
   2.945     -0.243993
   2.949     -0.242068
   2.953     -0.240156
   2.956     -0.238257
   2.960     -0.236370
   2.964     -0.234496
   2.967     -0.232634
   2.971     -0.230784
   2.975     -0.228946
   2.978     -0.227121
   2.982     -0.225308
   2.986     -0.223506
   2.990     -0.221717
   2.993     -0.219940
   2.997     -0.218174
   3.001     -0.216420
   3.004     -0.214678
   3.008     -0.212948
   3.012     -0.211229
   3.015     -0.209522
   3.019     -0.207826
   3.023     -0.206141
   3.027     -0.204468
   3.030     -0.202807
   3.034     -0.201156
   3.038     -0.199517
   3.041     -0.197888
   3.045     -0.196271
   3.049     -0.194665
   3.052     -0.193069
   3.056     -0.191485
   3.060     -0.189911
   3.064     -0.188348
   3.067     -0.186796
   3.071     -0.185254
   3.075     -0.183723
   3.078     -0.182203
   3.082     -0.180692
   3.086     -0.179193
   3.089     -0.177703
   3.093     -0.176224
   3.097     -0.174755
   3.101     -0.173297
   3.104     -0.171848
   3.108     -0.170409
   3.112     -0.168981
   3.115     -0.167562
   3.119     -0.166153
   3.123     -0.164754
   3.126     -0.163365
   3.130     -0.161986
   3.134     -0.160616
   3.138     -0.159256
   3.141     -0.157905
   3.145     -0.156564
   3.149     -0.155232
   3.152     -0.153910
   3.156     -0.152597
   3.160     -0.151293
   3.163     -0.149999
   3.167     -0.148713
   3.171     -0.147437
   3.175     -0.146170
   3.178     -0.144912
   3.182     -0.143663
   3.186     -0.142423
   3.189     -0.141191
   3.193     -0.139969
   3.197     -0.138755
   3.200     -0.137550
   3.204     -0.136353
   3.208     -0.135166
   3.212     -0.133986
   3.215     -0.132816
   3.219     -0.131653
   3.223     -0.130499
   3.226     -0.129354
   3.230     -0.128217
   3.234     -0.127088
   3.237     -0.125967
   3.241     -0.124854
   3.245     -0.123750
   3.249     -0.122654
   3.252     -0.121565
   3.256     -0.120485
   3.260     -0.119412
   3.263     -0.118348
   3.267     -0.117291
   3.271     -0.116242
   3.274     -0.115201
   3.278     -0.114167
   3.282     -0.113141
   3.286     -0.112123
   3.289     -0.111112
   3.293     -0.110109
   3.297     -0.109114
   3.300     -0.108125
   3.304     -0.107144
   3.308     -0.106171
   3.311     -0.105204
   3.315     -0.104245
   3.319     -0.103293
   3.323     -0.102349
   3.326     -0.101411
   3.330     -0.100480
   3.334     -0.099557
   3.337     -0.098640
   3.341     -0.097731
   3.345     -0.096828
   3.348     -0.095932
   3.352     -0.095043
   3.356     -0.094161
   3.360     -0.093285
   3.363     -0.092416
   3.367     -0.091554
   3.371     -0.090698
   3.374     -0.089849
   3.378     -0.089007
   3.382     -0.088171
   3.385     -0.087341
   3.389     -0.086518
   3.393     -0.085701
   3.397     -0.084891
   3.400     -0.084087
   3.404     -0.083289
   3.408     -0.082497
   3.411     -0.081711
   3.415     -0.080932
   3.419     -0.080158
   3.422     -0.079391
   3.426     -0.078630
   3.430     -0.077874
   3.434     -0.077125
   3.437     -0.076382
   3.441     -0.075644
   3.445     -0.074912
   3.448     -0.074186
   3.452     -0.073466
   3.456     -0.072751
   3.459     -0.072042
   3.463     -0.071339
   3.467     -0.070642
   3.471     -0.069950
   3.474     -0.069263
   3.478     -0.068582
   3.482     -0.067907
   3.485     -0.067236
   3.489     -0.066572
   3.493     -0.065912
   3.496     -0.065258
   3.500     -0.064610
   3.504     -0.063966
   3.508     -0.063328
   3.511     -0.062695
   3.515     -0.062067
   3.519     -0.061444
   3.522     -0.060827
   3.526     -0.060214
   3.530     -0.059606
   3.533     -0.059004
   3.537     -0.058406
   3.541     -0.057813
   3.545     -0.057225
   3.548     -0.056642
   3.552     -0.056064
   3.556     -0.055491
   3.559     -0.054922
   3.563     -0.054358
   3.567     -0.053799
   3.570     -0.053245
   3.574     -0.052695
   3.578     -0.052149
   3.582     -0.051609
   3.585     -0.051073
   3.589     -0.050541
   3.593     -0.050014
   3.596     -0.049491
   3.600     -0.048973
   3.604     -0.048459
   3.607     -0.047949
   3.611     -0.047444
   3.615     -0.046943
   3.619     -0.046447
   3.622     -0.045955
   3.626     -0.045466
   3.630     -0.044982
   3.633     -0.044503
   3.637     -0.044027
   3.641     -0.043556
   3.644     -0.043088
   3.648     -0.042625
   3.652     -0.042165
   3.656     -0.041710
   3.659     -0.041258
   3.663     -0.040811
   3.667     -0.040367
   3.670     -0.039928
   3.674     -0.039492
   3.678     -0.039060
   3.681     -0.038632
   3.685     -0.038207
   3.689     -0.037787
   3.693     -0.037370
   3.696     -0.036956
   3.700     -0.036547
   3.704     -0.036141
   3.707     -0.035739
   3.711     -0.035340
   3.715     -0.034945
   3.718     -0.034553
   3.722     -0.034165
   3.726     -0.033781
   3.730     -0.033399
   3.733     -0.033022
   3.737     -0.032648
   3.741     -0.032277
   3.744     -0.031909
   3.748     -0.031545
   3.752     -0.031184
   3.755     -0.030827
   3.759     -0.030473
   3.763     -0.030122
   3.767     -0.029774
   3.770     -0.029429
   3.774     -0.029088
   3.778     -0.028750
   3.781     -0.028415
   3.785     -0.028083
   3.789     -0.027754
   3.792     -0.027428
   3.796     -0.027105
   3.800     -0.026786
   3.804     -0.026469
   3.807     -0.026155
   3.811     -0.025845
   3.815     -0.025537
   3.818     -0.025232
   3.822     -0.024930
   3.826     -0.024631
   3.829     -0.024334
   3.833     -0.024041
   3.837     -0.023750
   3.841     -0.023462
   3.844     -0.023177
   3.848     -0.022895
   3.852     -0.022615
   3.855     -0.022338
   3.859     -0.022064
   3.863     -0.021792
   3.866     -0.021523
   3.870     -0.021257
   3.874     -0.020993
   3.878     -0.020732
   3.881     -0.020473
   3.885     -0.020217
   3.889     -0.019964
   3.892     -0.019713
   3.896     -0.019464
   3.900     -0.019218
   3.903     -0.018974
   3.907     -0.018733
   3.911     -0.018494
   3.915     -0.018258
   3.918     -0.018024
   3.922     -0.017792
   3.926     -0.017563
   3.929     -0.017336
   3.933     -0.017111
   3.937     -0.016889
   3.940     -0.016669
   3.944     -0.016451
   3.948     -0.016235
   3.952     -0.016021
   3.955     -0.015810
   3.959     -0.015601
   3.963     -0.015394
   3.966     -0.015189
   3.970     -0.014986
   3.974     -0.014786
   3.977     -0.014587
   3.981     -0.014391
   3.985     -0.014196
   3.989     -0.014004
   3.992     -0.013814
   3.996     -0.013625
   4.000     -0.013439
   4.003     -0.013255
   4.007     -0.013072
   4.011     -0.012892
   4.014     -0.012713
   4.018     -0.012537
   4.022     -0.012362
   4.026     -0.012189
   4.029     -0.012018
   4.033     -0.011849
   4.037     -0.011682
   4.040     -0.011516
   4.044     -0.011352
   4.048     -0.011191
   4.051     -0.011030
   4.055     -0.010872
   4.059     -0.010715
   4.063     -0.010561
   4.066     -0.010407
   4.070     -0.010256
   4.074     -0.010106
   4.077     -0.009958
   4.081     -0.009812
   4.085     -0.009667
   4.088     -0.009523
   4.092     -0.009382
   4.096     -0.009242
   4.100     -0.009104
   4.103     -0.008967
   4.107     -0.008831
   4.111     -0.008698
   4.114     -0.008566
   4.118     -0.008435
   4.122     -0.008306
   4.125     -0.008178
   4.129     -0.008052
   4.133     -0.007927
   4.137     -0.007804
   4.140     -0.007682
   4.144     -0.007562
   4.148     -0.007443
   4.151     -0.007325
   4.155     -0.007209
   4.159     -0.007094
   4.162     -0.006981
   4.166     -0.006869
   4.170     -0.006758
   4.174     -0.006649
   4.177     -0.006540
   4.181     -0.006434
   4.185     -0.006328
   4.188     -0.006224
   4.192     -0.006121
   4.196     -0.006019
   4.199     -0.005919
   4.203     -0.005820
   4.207     -0.005722
   4.211     -0.005625
   4.214     -0.005530
   4.218     -0.005435
   4.222     -0.005342
   4.225     -0.005250
   4.229     -0.005159
   4.233     -0.005070
   4.236     -0.004981
   4.240     -0.004894
   4.244     -0.004807
   4.248     -0.004722
   4.251     -0.004638
   4.255     -0.004555
   4.259     -0.004473
   4.262     -0.004392
   4.266     -0.004313
   4.270     -0.004234
   4.273     -0.004156
   4.277     -0.004079
   4.281     -0.004004
   4.285     -0.003929
   4.288     -0.003855
   4.292     -0.003783
   4.296     -0.003711
   4.299     -0.003640
   4.303     -0.003570
   4.307     -0.003501
   4.310     -0.003433
   4.314     -0.003366
   4.318     -0.003300
   4.322     -0.003235
   4.325     -0.003171
   4.329     -0.003108
   4.333     -0.003045
   4.336     -0.002984
   4.340     -0.002923
   4.344     -0.002863
   4.347     -0.002804
   4.351     -0.002746
   4.355     -0.002688
   4.359     -0.002632
   4.362     -0.002576
   4.366     -0.002521
   4.370     -0.002467
   4.373     -0.002414
   4.377     -0.002361
   4.381     -0.002310
   4.384     -0.002259
   4.388     -0.002208
   4.392     -0.002159
   4.396     -0.002110
   4.399     -0.002062
   4.403     -0.002015
   4.407     -0.001968
   4.410     -0.001922
   4.414     -0.001877
   4.418     -0.001833
   4.421     -0.001789
   4.425     -0.001746
   4.429     -0.001704
   4.433     -0.001662
   4.436     -0.001621
   4.440     -0.001580
   4.444     -0.001541
   4.447     -0.001501
   4.451     -0.001463
   4.455     -0.001425
   4.458     -0.001388
   4.462     -0.001351
   4.466     -0.001315
   4.470     -0.001280
   4.473     -0.001245
   4.477     -0.001210
   4.481     -0.001177
   4.484     -0.001144
   4.488     -0.001111
   4.492     -0.001079
   4.495     -0.001048
   4.499     -0.001017
   4.503     -0.000986
   4.507     -0.000956
   4.510     -0.000927
   4.514     -0.000898
   4.518     -0.000870
   4.521     -0.000842
   4.525     -0.000815
   4.529     -0.000788
   4.532     -0.000762
   4.536     -0.000736
   4.540     -0.000711
   4.544     -0.000686
   4.547     -0.000662
   4.551     -0.000638
   4.555     -0.000614
   4.558     -0.000591
   4.562     -0.000569
   4.566     -0.000547
   4.569     -0.000525
   4.573     -0.000504
   4.577     -0.000483
   4.581     -0.000462
   4.584     -0.000442
   4.588     -0.000423
   4.592     -0.000404
   4.595     -0.000385
   4.599     -0.000366
   4.603     -0.000348
   4.606     -0.000331
   4.610     -0.000314
   4.614     -0.000297
   4.618     -0.000280
   4.621     -0.000264
   4.625     -0.000248
   4.629     -0.000233
   4.632     -0.000218
   4.636     -0.000203
   4.640     -0.000188
   4.643     -0.000174
   4.647     -0.000161
   4.651     -0.000147
   4.655     -0.000134
   4.658     -0.000121
   4.662     -0.000109
   4.666     -0.000097
   4.669     -0.000085
   4.673     -0.000073
   4.677     -0.000062
   4.680     -0.000051
   4.684     -0.000040
   4.688     -0.000030
   4.692     -0.000020
   4.695     -0.000010
   4.699      0.000000
