   0.000      1.947021
   0.004      1.947021
   0.007      1.947021
   0.011      1.947021
   0.015      1.947021
   0.018      1.947021
   0.022      1.947021
   0.026      1.947021
   0.029      1.947021
   0.033      1.947021
   0.037      1.947021
   0.040      1.947020
   0.044      1.947020
   0.048      1.947020
   0.051      1.947019
   0.055      1.947019
   0.059      1.947018
   0.062      1.947016
   0.066      1.947014
   0.070      1.947012
   0.073      1.947008
   0.077      1.947004
   0.081      1.946999
   0.084      1.946992
   0.088      1.946984
   0.092      1.946974
   0.095      1.946962
   0.099      1.946948
   0.103      1.946930
   0.106      1.946910
   0.110      1.946886
   0.114      1.946857
   0.117      1.946824
   0.121      1.946785
   0.125      1.946741
   0.128      1.946690
   0.132      1.946632
   0.136      1.946565
   0.140      1.946490
   0.143      1.946405
   0.147      1.946309
   0.151      1.946201
   0.154      1.946081
   0.158      1.945948
   0.162      1.945799
   0.165      1.945634
   0.169      1.945452
   0.173      1.945251
   0.176      1.945031
   0.180      1.944789
   0.184      1.944525
   0.187      1.944236
   0.191      1.943922
   0.195      1.943581
   0.198      1.943211
   0.202      1.942811
   0.206      1.942379
   0.209      1.941913
   0.213      1.941412
   0.217      1.940873
   0.220      1.940296
   0.224      1.939678
   0.228      1.939017
   0.231      1.938313
   0.235      1.937562
   0.239      1.936764
   0.242      1.935915
   0.246      1.935016
   0.250      1.934063
   0.253      1.933054
   0.257      1.931989
   0.261      1.930866
   0.264      1.929682
   0.268      1.928436
   0.272      1.927126
   0.275      1.925750
   0.279      1.924308
   0.283      1.922797
   0.286      1.921216
   0.290      1.919563
   0.294      1.917838
   0.297      1.916037
   0.301      1.914162
   0.305      1.912209
   0.308      1.910178
   0.312      1.908068
   0.316      1.905877
   0.319      1.903606
   0.323      1.901252
   0.327      1.898815
   0.330      1.896294
   0.334      1.893689
   0.338      1.891000
   0.341      1.888224
   0.345      1.885363
   0.349      1.882416
   0.352      1.879382
   0.356      1.876262
   0.360      1.873055
   0.363      1.869762
   0.367      1.866382
   0.371      1.862916
   0.374      1.859364
   0.378      1.855726
   0.382      1.852003
   0.385      1.848195
   0.389      1.844304
   0.393      1.840329
   0.396      1.836272
   0.400      1.832132
   0.404      1.827912
   0.407      1.823613
   0.411      1.819234
   0.415      1.814778
   0.419      1.810246
   0.422      1.805638
   0.426      1.800957
   0.430      1.796203
   0.433      1.791378
   0.437      1.786484
   0.441      1.781522
   0.444      1.776493
   0.448      1.771399
   0.452      1.766243
   0.455      1.761025
   0.459      1.755747
   0.463      1.750411
   0.466      1.745019
   0.470      1.739573
   0.474      1.734074
   0.477      1.728525
   0.481      1.722926
   0.485      1.717281
   0.488      1.711591
   0.492      1.705857
   0.496      1.700083
   0.499      1.694269
   0.503      1.688417
   0.507      1.682530
   0.510      1.676609
   0.514      1.670656
   0.518      1.664673
   0.521      1.658662
   0.525      1.652625
   0.529      1.646563
   0.532      1.640479
   0.536      1.634374
   0.540      1.628250
   0.543      1.622108
   0.547      1.615950
   0.551      1.609779
   0.554      1.603595
   0.558      1.597401
   0.562      1.591197
   0.565      1.584986
   0.569      1.578769
   0.573      1.572547
   0.576      1.566322
   0.580      1.560096
   0.584      1.553869
   0.587      1.547644
   0.591      1.541421
   0.595      1.535201
   0.598      1.528987
   0.602      1.522779
   0.606      1.516579
   0.609      1.510387
   0.613      1.504205
   0.617      1.498033
   0.620      1.491874
   0.624      1.485727
   0.628      1.479594
   0.631      1.473476
   0.635      1.467374
   0.639      1.461288
   0.642      1.455220
   0.646      1.449169
   0.650      1.443138
   0.653      1.437126
   0.657      1.431135
   0.661      1.425165
   0.664      1.419217
   0.668      1.413291
   0.672      1.407387
   0.675      1.401508
   0.679      1.395652
   0.683      1.389821
   0.687      1.384015
   0.690      1.378234
   0.694      1.372479
   0.698      1.366751
   0.701      1.361049
   0.705      1.355374
   0.709      1.349726
   0.712      1.344106
   0.716      1.338514
   0.720      1.332950
   0.723      1.327415
   0.727      1.321908
   0.731      1.316430
   0.734      1.310981
   0.738      1.305561
   0.742      1.300171
   0.745      1.294810
   0.749      1.289478
   0.753      1.284177
   0.756      1.278905
   0.760      1.273663
   0.764      1.268451
   0.767      1.263269
   0.771      1.258117
   0.775      1.252995
   0.778      1.247903
   0.782      1.242841
   0.786      1.237810
   0.789      1.232808
   0.793      1.227836
   0.797      1.222895
   0.800      1.217983
   0.804      1.213101
   0.808      1.208249
   0.811      1.203427
   0.815      1.198634
   0.819      1.193871
   0.822      1.189137
   0.826      1.184433
   0.830      1.179758
   0.833      1.175113
   0.837      1.170496
   0.841      1.165908
   0.844      1.161349
   0.848      1.156819
   0.852      1.152318
   0.855      1.147845
   0.859      1.143400
   0.863      1.138983
   0.866      1.134594
   0.870      1.130234
   0.874      1.125900
   0.877      1.121595
   0.881      1.117317
   0.885      1.113066
   0.888      1.108842
   0.892      1.104645
   0.896      1.100475
   0.899      1.096332
   0.903      1.092215
   0.907      1.088124
   0.910      1.084059
   0.914      1.080020
   0.918      1.076007
   0.921      1.072020
   0.925      1.068058
   0.929      1.064121
   0.932      1.060209
   0.936      1.056322
   0.940      1.052460
   0.943      1.048623
   0.947      1.044810
   0.951      1.041021
   0.955      1.037256
   0.958      1.033515
   0.962      1.029797
   0.966      1.026103
   0.969      1.022433
   0.973      1.018786
   0.977      1.015161
   0.980      1.011560
   0.984      1.007981
   0.988      1.004425
   0.991      1.000891
   0.995      0.997379
   0.999      0.993889
   1.002      0.990421
   1.006      0.986975
   1.010      0.983550
   1.013      0.980146
   1.017      0.976764
   1.021      0.973403
   1.024      0.970062
   1.028      0.966743
   1.032      0.963444
   1.035      0.960165
   1.039      0.956906
   1.043      0.953668
   1.046      0.950449
   1.050      0.947250
   1.054      0.944071
   1.057      0.940911
   1.061      0.937771
   1.065      0.934650
   1.068      0.931547
   1.072      0.928464
   1.076      0.925399
   1.079      0.922353
   1.083      0.919326
   1.087      0.916316
   1.090      0.913325
   1.094      0.910352
   1.098      0.907396
   1.101      0.904459
   1.105      0.901539
   1.109      0.898636
   1.112      0.895751
   1.116      0.892883
   1.120      0.890032
   1.123      0.887198
   1.127      0.884381
   1.131      0.881580
   1.134      0.878796
   1.138      0.876028
   1.142      0.873277
   1.145      0.870542
   1.149      0.867823
   1.153      0.865119
   1.156      0.862432
   1.160      0.859760
   1.164      0.857104
   1.167      0.854463
   1.171      0.851837
   1.175      0.849227
   1.178      0.846632
   1.182      0.844052
   1.186      0.841486
   1.189      0.838935
   1.193      0.836399
   1.197      0.833878
   1.200      0.831371
   1.204      0.828878
   1.208      0.826399
   1.211      0.823934
   1.215      0.821483
   1.219      0.819047
   1.222      0.816624
   1.226      0.814214
   1.230      0.811818
   1.234      0.809436
   1.237      0.807067
   1.241      0.804711
   1.245      0.802368
   1.248      0.800038
   1.252      0.797721
   1.256      0.795417
   1.259      0.793126
   1.263      0.790848
   1.267      0.788582
   1.270      0.786328
   1.274      0.784087
   1.278      0.781858
   1.281      0.779641
   1.285      0.777437
   1.289      0.775244
   1.292      0.773063
   1.296      0.770894
   1.300      0.768737
   1.303      0.766592
   1.307      0.764458
   1.311      0.762335
   1.314      0.760224
   1.318      0.758124
   1.322      0.756036
   1.325      0.753958
   1.329      0.751892
   1.333      0.749836
   1.336      0.747792
   1.340      0.745758
   1.344      0.743735
   1.347      0.741723
   1.351      0.739721
   1.355      0.737730
   1.358      0.735749
   1.362      0.733778
   1.366      0.731818
   1.369      0.729868
   1.373      0.727928
   1.377      0.725998
   1.380      0.724078
   1.384      0.722168
   1.388      0.720268
   1.391      0.718378
   1.395      0.716497
   1.399      0.714626
   1.402      0.712764
   1.406      0.710912
   1.410      0.709070
   1.413      0.707236
   1.417      0.705412
   1.421      0.703597
   1.424      0.701792
   1.428      0.699995
   1.432      0.698207
   1.435      0.696429
   1.439      0.694659
   1.443      0.692898
   1.446      0.691146
   1.450      0.689402
   1.454      0.687667
   1.457      0.685941
   1.461      0.684223
   1.465      0.682514
   1.468      0.680813
   1.472      0.679120
   1.476      0.677436
   1.479      0.675760
   1.483      0.674092
   1.487      0.672432
   1.490      0.670780
   1.494      0.669136
   1.498      0.667500
   1.502      0.665872
   1.505      0.664252
   1.509      0.662640
   1.513      0.661035
   1.516      0.659438
   1.520      0.657849
   1.524      0.656267
   1.527      0.654692
   1.531      0.653126
   1.535      0.651566
   1.538      0.650014
   1.542      0.648469
   1.546      0.646932
   1.549      0.645401
   1.553      0.643878
   1.557      0.642362
   1.560      0.640853
   1.564      0.639351
   1.568      0.637856
   1.571      0.636368
   1.575      0.634887
   1.579      0.633412
   1.582      0.631944
   1.586      0.630484
   1.590      0.629029
   1.593      0.627582
   1.597      0.626141
   1.601      0.624706
   1.604      0.623278
   1.608      0.621857
   1.612      0.620442
   1.615      0.619033
   1.619      0.617631
   1.623      0.616235
   1.626      0.614845
   1.630      0.613462
   1.634      0.612085
   1.637      0.610713
   1.641      0.609348
   1.645      0.607989
   1.648      0.606636
   1.652      0.605289
   1.656      0.603948
   1.659      0.602613
   1.663      0.601284
   1.667      0.599960
   1.670      0.598642
   1.674      0.597330
   1.678      0.596024
   1.681      0.594724
   1.685      0.593429
   1.689      0.592139
   1.692      0.590855
   1.696      0.589577
   1.700      0.588305
   1.703      0.587037
   1.707      0.585775
   1.711      0.584519
   1.714      0.583268
   1.718      0.582022
   1.722      0.580782
   1.725      0.579547
   1.729      0.578317
   1.733      0.577092
   1.736      0.575872
   1.740      0.574658
   1.744      0.573448
   1.747      0.572244
   1.751      0.571045
   1.755      0.569850
   1.758      0.568661
   1.762      0.567477
   1.766      0.566297
   1.770      0.565123
   1.773      0.563953
   1.777      0.562788
   1.781      0.561628
   1.784      0.560473
   1.788      0.559322
   1.792      0.558176
   1.795      0.557035
   1.799      0.555898
   1.803      0.554766
   1.806      0.553639
   1.810      0.552516
   1.814      0.551398
   1.817      0.550284
   1.821      0.549175
   1.825      0.548070
   1.828      0.546970
   1.832      0.545874
   1.836      0.544782
   1.839      0.543695
   1.843      0.542612
   1.847      0.541534
   1.850      0.540459
   1.854      0.539389
   1.858      0.538323
   1.861      0.537262
   1.865      0.536204
   1.869      0.535151
   1.872      0.534102
   1.876      0.533057
   1.880      0.532016
   1.883      0.530979
   1.887      0.529946
   1.891      0.528917
   1.894      0.527892
   1.898      0.526871
   1.902      0.525854
   1.905      0.524841
   1.909      0.523831
   1.913      0.522826
   1.916      0.521824
   1.920      0.520827
   1.924      0.519833
   1.927      0.518843
   1.931      0.517856
   1.935      0.516874
   1.938      0.515895
   1.942      0.514920
   1.946      0.513948
   1.949      0.512980
   1.953      0.512016
   1.957      0.511056
   1.960      0.510099
   1.964      0.509145
   1.968      0.508195
   1.971      0.507249
   1.975      0.506306
   1.979      0.505367
   1.982      0.504431
   1.986      0.503499
   1.990      0.502570
   1.993      0.501644
   1.997      0.500722
   2.001      0.499803
   2.004      0.498888
   2.008      0.497976
   2.012      0.497067
   2.015      0.496162
   2.019      0.495260
   2.023      0.494361
   2.026      0.493465
   2.030      0.492573
   2.034      0.491684
   2.037      0.490798
   2.041      0.489915
   2.045      0.489036
   2.049      0.488159
   2.052      0.487286
   2.056      0.486416
   2.060      0.485549
   2.063      0.484685
   2.067      0.483824
   2.071      0.482966
   2.074      0.482111
   2.078      0.481260
   2.082      0.480411
   2.085      0.479565
   2.089      0.478722
   2.093      0.477882
   2.096      0.477045
   2.100      0.476211
   2.104      0.475380
   2.107      0.474552
   2.111      0.473727
   2.115      0.472904
   2.118      0.472085
   2.122      0.471268
   2.126      0.470454
   2.129      0.469643
   2.133      0.468835
   2.137      0.468029
   2.140      0.467226
   2.144      0.466426
   2.148      0.465629
   2.151      0.464834
   2.155      0.464043
   2.159      0.463253
   2.162      0.462467
   2.166      0.461683
   2.170      0.460902
   2.173      0.460123
   2.177      0.459347
   2.181      0.458574
   2.184      0.457803
   2.188      0.457035
   2.192      0.456270
   2.195      0.455507
   2.199      0.454746
   2.203      0.453988
   2.206      0.453233
   2.210      0.452480
   2.214      0.451730
   2.217      0.450982
   2.221      0.450236
   2.225      0.449493
   2.228      0.448753
   2.232      0.448015
   2.236      0.447279
   2.239      0.446546
   2.243      0.445815
   2.247      0.445087
   2.250      0.444361
   2.254      0.443637
   2.258      0.442915
   2.261      0.442196
   2.265      0.441480
   2.269      0.440765
   2.272      0.440053
   2.276      0.439344
   2.280      0.438636
   2.283      0.437931
   2.287      0.437228
   2.291      0.436527
   2.294      0.435829
   2.298      0.435133
   2.302      0.434439
   2.305      0.433747
   2.309      0.433057
   2.313      0.432370
   2.317      0.431685
   2.320      0.431002
   2.324      0.430321
   2.328      0.429642
   2.331      0.428965
   2.335      0.428291
   2.339      0.427619
   2.342      0.426948
   2.346      0.426280
   2.350      0.425614
   2.353      0.424950
   2.357      0.424288
   2.361      0.423628
   2.364      0.422971
   2.368      0.422315
   2.372      0.421661
   2.375      0.421009
   2.379      0.420360
   2.383      0.419712
   2.386      0.419066
   2.390      0.418422
   2.394      0.417781
   2.397      0.417141
   2.401      0.416503
   2.405      0.415867
   2.408      0.415233
   2.412      0.414601
   2.416      0.413971
   2.419      0.413343
   2.423      0.412717
   2.427      0.412092
   2.430      0.411470
   2.434      0.410849
   2.438      0.410230
   2.441      0.409614
   2.445      0.408999
   2.449      0.408385
   2.452      0.407774
   2.456      0.407164
   2.460      0.406557
   2.463      0.405951
   2.467      0.405347
   2.471      0.404744
   2.474      0.404144
   2.478      0.403545
   2.482      0.402948
   2.485      0.402353
   2.489      0.401760
   2.493      0.401168
   2.496      0.400578
   2.500      0.399990
   2.504      0.399403
   2.507      0.398818
   2.511      0.398235
   2.515      0.397654
   2.518      0.397074
   2.522      0.396496
   2.526      0.395920
   2.529      0.395345
   2.533      0.394772
   2.537      0.394201
   2.540      0.393632
   2.544      0.393064
   2.548      0.392497
   2.551      0.391932
   2.555      0.391369
   2.559      0.390808
   2.562      0.390248
   2.566      0.389690
   2.570      0.389133
   2.573      0.388578
   2.577      0.388024
   2.581      0.387472
   2.585      0.386922
   2.588      0.386373
   2.592      0.385826
   2.596      0.385280
   2.599      0.384736
   2.603      0.384193
   2.607      0.383652
   2.610      0.383113
   2.614      0.382574
   2.618      0.382038
   2.621      0.381503
   2.625      0.380969
   2.629      0.380437
   2.632      0.379907
   2.636      0.379377
   2.640      0.378850
   2.643      0.378324
   2.647      0.377799
   2.651      0.377276
   2.654      0.376754
   2.658      0.376233
   2.662      0.375715
   2.665      0.375197
   2.669      0.374681
   2.673      0.374166
   2.676      0.373653
   2.680      0.373141
   2.684      0.372631
   2.687      0.372122
   2.691      0.371614
   2.695      0.371108
   2.698      0.370603
   2.702      0.370099
   2.706      0.369597
   2.709      0.369096
   2.713      0.368597
   2.717      0.368099
   2.720      0.367602
   2.724      0.367106
   2.728      0.366612
   2.731      0.366120
   2.735      0.365628
   2.739      0.365138
   2.742      0.364649
   2.746      0.364162
   2.750      0.363676
   2.753      0.363191
   2.757      0.362707
   2.761      0.362225
   2.764      0.361744
   2.768      0.361264
   2.772      0.360785
   2.775      0.360308
   2.779      0.359832
   2.783      0.359358
   2.786      0.358884
   2.790      0.358412
   2.794      0.357941
   2.797      0.357471
   2.801      0.357003
   2.805      0.356535
   2.808      0.356069
   2.812      0.355604
   2.816      0.355141
   2.819      0.354678
   2.823      0.354217
   2.827      0.353757
   2.830      0.353298
   2.834      0.352841
   2.838      0.352384
   2.841      0.351929
   2.845      0.351475
   2.849      0.351022
   2.852      0.350570
   2.856      0.350120
   2.860      0.349670
   2.864      0.349222
   2.867      0.348775
   2.871      0.348329
   2.875      0.347884
   2.878      0.347440
   2.882      0.346997
   2.886      0.346556
   2.889      0.346116
   2.893      0.345676
   2.897      0.345238
   2.900      0.344801
   2.904      0.344365
   2.908      0.343931
   2.911      0.343497
   2.915      0.343064
   2.919      0.342633
   2.922      0.342202
   2.926      0.341773
   2.930      0.341345
   2.933      0.340917
   2.937      0.340491
