   0.000      0.900956
   0.004      0.900955
   0.007      0.900954
   0.011      0.900952
   0.015      0.900949
   0.018      0.900946
   0.022      0.900941
   0.026      0.900936
   0.029      0.900930
   0.033      0.900923
   0.037      0.900915
   0.040      0.900907
   0.044      0.900897
   0.048      0.900887
   0.051      0.900876
   0.055      0.900864
   0.059      0.900852
   0.062      0.900838
   0.066      0.900824
   0.070      0.900809
   0.073      0.900793
   0.077      0.900776
   0.081      0.900758
   0.084      0.900739
   0.088      0.900720
   0.092      0.900700
   0.095      0.900679
   0.099      0.900656
   0.103      0.900634
   0.106      0.900610
   0.110      0.900585
   0.114      0.900560
   0.117      0.900533
   0.121      0.900506
   0.125      0.900478
   0.128      0.900448
   0.132      0.900418
   0.136      0.900387
   0.140      0.900355
   0.143      0.900322
   0.147      0.900289
   0.151      0.900254
   0.154      0.900218
   0.158      0.900181
   0.162      0.900143
   0.165      0.900105
   0.169      0.900065
   0.173      0.900024
   0.176      0.899983
   0.180      0.899940
   0.184      0.899896
   0.187      0.899851
   0.191      0.899805
   0.195      0.899758
   0.198      0.899710
   0.202      0.899661
   0.206      0.899611
   0.209      0.899560
   0.213      0.899507
   0.217      0.899454
   0.220      0.899399
   0.224      0.899343
   0.228      0.899286
   0.231      0.899228
   0.235      0.899169
   0.239      0.899108
   0.242      0.899046
   0.246      0.898983
   0.250      0.898919
   0.253      0.898853
   0.257      0.898786
   0.261      0.898718
   0.264      0.898649
   0.268      0.898578
   0.272      0.898506
   0.275      0.898432
   0.279      0.898357
   0.283      0.898281
   0.286      0.898203
   0.290      0.898124
   0.294      0.898043
   0.297      0.897961
   0.301      0.897878
   0.305      0.897793
   0.308      0.897706
   0.312      0.897618
   0.316      0.897528
   0.319      0.897437
   0.323      0.897344
   0.327      0.897249
   0.330      0.897153
   0.334      0.897055
   0.338      0.896956
   0.341      0.896854
   0.345      0.896751
   0.349      0.896647
   0.352      0.896540
   0.356      0.896432
   0.360      0.896321
   0.363      0.896209
   0.367      0.896095
   0.371      0.895979
   0.374      0.895861
   0.378      0.895741
   0.382      0.895619
   0.385      0.895495
   0.389      0.895369
   0.393      0.895241
   0.396      0.895111
   0.400      0.894978
   0.404      0.894843
   0.407      0.894707
   0.411      0.894567
   0.415      0.894426
   0.419      0.894282
   0.422      0.894136
   0.426      0.893988
   0.430      0.893837
   0.433      0.893683
   0.437      0.893528
   0.441      0.893369
   0.444      0.893208
   0.448      0.893045
   0.452      0.892879
   0.455      0.892710
   0.459      0.892538
   0.463      0.892364
   0.466      0.892187
   0.470      0.892007
   0.474      0.891824
   0.477      0.891638
   0.481      0.891450
   0.485      0.891258
   0.488      0.891063
   0.492      0.890865
   0.496      0.890664
   0.499      0.890460
   0.503      0.890253
   0.507      0.890042
   0.510      0.889828
   0.514      0.889611
   0.518      0.889391
   0.521      0.889167
   0.525      0.888939
   0.529      0.888708
   0.532      0.888473
   0.536      0.888235
   0.540      0.887993
   0.543      0.887747
   0.547      0.887498
   0.551      0.887244
   0.554      0.886987
   0.558      0.886726
   0.562      0.886461
   0.565      0.886192
   0.569      0.885918
   0.573      0.885641
   0.576      0.885359
   0.580      0.885074
   0.584      0.884784
   0.587      0.884489
   0.591      0.884190
   0.595      0.883887
   0.598      0.883579
   0.602      0.883267
   0.606      0.882950
   0.609      0.882628
   0.613      0.882302
   0.617      0.881971
   0.620      0.881635
   0.624      0.881294
   0.628      0.880948
   0.631      0.880597
   0.635      0.880242
   0.639      0.879881
   0.642      0.879515
   0.646      0.879143
   0.650      0.878767
   0.653      0.878385
   0.657      0.877998
   0.661      0.877605
   0.664      0.877207
   0.668      0.876803
   0.672      0.876394
   0.675      0.875979
   0.679      0.875559
   0.683      0.875132
   0.687      0.874700
   0.690      0.874263
   0.694      0.873819
   0.698      0.873369
   0.701      0.872913
   0.705      0.872452
   0.709      0.871984
   0.712      0.871510
   0.716      0.871030
   0.720      0.870543
   0.723      0.870051
   0.727      0.869552
   0.731      0.869046
   0.734      0.868535
   0.738      0.868016
   0.742      0.867492
   0.745      0.866961
   0.749      0.866423
   0.753      0.865878
   0.756      0.865327
   0.760      0.864770
   0.764      0.864205
   0.767      0.863634
   0.771      0.863056
   0.775      0.862472
   0.778      0.861880
   0.782      0.861282
   0.786      0.860676
   0.789      0.860064
   0.793      0.859445
   0.797      0.858818
   0.800      0.858185
   0.804      0.857545
   0.808      0.856897
   0.811      0.856243
   0.815      0.855582
   0.819      0.854913
   0.822      0.854237
   0.826      0.853554
   0.830      0.852864
   0.833      0.852167
   0.837      0.851463
   0.841      0.850751
   0.844      0.850033
   0.848      0.849307
   0.852      0.848573
   0.855      0.847833
   0.859      0.847086
   0.863      0.846331
   0.866      0.845569
   0.870      0.844800
   0.874      0.844024
   0.877      0.843240
   0.881      0.842450
   0.885      0.841652
   0.888      0.840847
   0.892      0.840035
   0.896      0.839216
   0.899      0.838390
   0.903      0.837556
   0.907      0.836716
   0.910      0.835868
   0.914      0.835014
   0.918      0.834152
   0.921      0.833284
   0.925      0.832409
   0.929      0.831526
   0.932      0.830637
   0.936      0.829741
   0.940      0.828838
   0.943      0.827929
   0.947      0.827013
   0.951      0.826089
   0.955      0.825160
   0.958      0.824223
   0.962      0.823280
   0.966      0.822331
   0.969      0.821375
   0.973      0.820413
   0.977      0.819444
   0.980      0.818468
   0.984      0.817487
   0.988      0.816499
   0.991      0.815505
   0.995      0.814505
   0.999      0.813499
   1.002      0.812486
   1.006      0.811468
   1.010      0.810444
   1.013      0.809413
   1.017      0.808377
   1.021      0.807336
   1.024      0.806288
   1.028      0.805235
   1.032      0.804176
   1.035      0.803112
   1.039      0.802042
   1.043      0.800967
   1.046      0.799886
   1.050      0.798801
   1.054      0.797710
   1.057      0.796613
   1.061      0.795512
   1.065      0.794406
   1.068      0.793295
   1.072      0.792179
   1.076      0.791058
   1.079      0.789932
   1.083      0.788802
   1.087      0.787667
   1.090      0.786527
   1.094      0.785383
   1.098      0.784235
   1.101      0.783082
   1.105      0.781925
   1.109      0.780764
   1.112      0.779599
   1.116      0.778429
   1.120      0.777256
   1.123      0.776079
   1.127      0.774898
   1.131      0.773713
   1.134      0.772524
   1.138      0.771332
   1.142      0.770136
   1.145      0.768937
   1.149      0.767734
   1.153      0.766529
   1.156      0.765319
   1.160      0.764107
   1.164      0.762891
   1.167      0.761673
   1.171      0.760451
   1.175      0.759226
   1.178      0.757999
   1.182      0.756769
   1.186      0.755536
   1.189      0.754300
   1.193      0.753062
   1.197      0.751821
   1.200      0.750578
   1.204      0.749332
   1.208      0.748085
   1.211      0.746834
   1.215      0.745582
   1.219      0.744328
   1.222      0.743071
   1.226      0.741813
   1.230      0.740553
   1.234      0.739291
   1.237      0.738027
   1.241      0.736761
   1.245      0.735494
   1.248      0.734225
   1.252      0.732954
   1.256      0.731682
   1.259      0.730409
   1.263      0.729134
   1.267      0.727859
   1.270      0.726581
   1.274      0.725303
   1.278      0.724024
   1.281      0.722743
   1.285      0.721462
   1.289      0.720180
   1.292      0.718896
   1.296      0.717612
   1.300      0.716328
   1.303      0.715042
   1.307      0.713756
   1.311      0.712470
   1.314      0.711183
   1.318      0.709895
   1.322      0.708607
   1.325      0.707319
   1.329      0.706030
   1.333      0.704741
   1.336      0.703452
   1.340      0.702163
   1.344      0.700874
   1.347      0.699584
   1.351      0.698295
   1.355      0.697006
   1.358      0.695717
   1.362      0.694428
   1.366      0.693139
   1.369      0.691850
   1.373      0.690562
   1.377      0.689274
   1.380      0.687987
   1.384      0.686700
   1.388      0.685414
   1.391      0.684128
   1.395      0.682842
   1.399      0.681558
   1.402      0.680274
   1.406      0.678990
   1.410      0.677708
   1.413      0.676426
   1.417      0.675145
   1.421      0.673865
   1.424      0.672586
   1.428      0.671308
   1.432      0.670031
   1.435      0.668755
   1.439      0.667480
   1.443      0.666206
   1.446      0.664933
   1.450      0.663662
   1.454      0.662392
   1.457      0.661123
   1.461      0.659855
   1.465      0.658589
   1.468      0.657324
   1.472      0.656061
   1.476      0.654799
   1.479      0.653538
   1.483      0.652279
   1.487      0.651022
   1.490      0.649766
   1.494      0.648512
   1.498      0.647259
   1.502      0.646008
   1.505      0.644759
   1.509      0.643511
   1.513      0.642266
   1.516      0.641022
   1.520      0.639780
   1.524      0.638539
   1.527      0.637301
   1.531      0.636065
   1.535      0.634830
   1.538      0.633597
   1.542      0.632367
   1.546      0.631138
   1.549      0.629912
   1.553      0.628687
   1.557      0.627465
   1.560      0.626245
   1.564      0.625027
   1.568      0.623811
   1.571      0.622597
   1.575      0.621385
   1.579      0.620176
   1.582      0.618969
   1.586      0.617764
   1.590      0.616561
   1.593      0.615361
   1.597      0.614163
   1.601      0.612967
   1.604      0.611774
   1.608      0.610583
   1.612      0.609394
   1.615      0.608208
   1.619      0.607025
   1.623      0.605843
   1.626      0.604665
   1.630      0.603488
   1.634      0.602315
   1.637      0.601143
   1.641      0.599975
   1.645      0.598808
   1.648      0.597645
   1.652      0.596484
   1.656      0.595325
   1.659      0.594169
   1.663      0.593016
   1.667      0.591865
   1.670      0.590717
   1.674      0.589572
   1.678      0.588429
   1.681      0.587289
   1.685      0.586152
   1.689      0.585017
   1.692      0.583885
   1.696      0.582756
   1.700      0.581629
   1.703      0.580506
   1.707      0.579385
   1.711      0.578266
   1.714      0.577151
   1.718      0.576038
   1.722      0.574928
   1.725      0.573821
   1.729      0.572716
   1.733      0.571614
   1.736      0.570516
   1.740      0.569419
   1.744      0.568326
   1.747      0.567236
   1.751      0.566148
   1.755      0.565063
   1.758      0.563982
   1.762      0.562902
   1.766      0.561826
   1.770      0.560753
   1.773      0.559682
   1.777      0.558615
   1.781      0.557550
   1.784      0.556488
   1.788      0.555429
   1.792      0.554373
   1.795      0.553319
   1.799      0.552269
   1.803      0.551221
   1.806      0.550177
   1.810      0.549135
   1.814      0.548096
   1.817      0.547060
   1.821      0.546027
   1.825      0.544996
   1.828      0.543969
   1.832      0.542945
   1.836      0.541923
   1.839      0.540904
   1.843      0.539889
   1.847      0.538876
   1.850      0.537866
   1.854      0.536859
   1.858      0.535855
   1.861      0.534853
   1.865      0.533855
   1.869      0.532859
   1.872      0.531867
   1.876      0.530877
   1.880      0.529890
   1.883      0.528906
   1.887      0.527925
   1.891      0.526947
   1.894      0.525971
   1.898      0.524999
   1.902      0.524029
   1.905      0.523063
   1.909      0.522099
   1.913      0.521138
   1.916      0.520180
   1.920      0.519224
   1.924      0.518272
   1.927      0.517322
   1.931      0.516376
   1.935      0.515432
   1.938      0.514491
   1.942      0.513553
   1.946      0.512617
   1.949      0.511685
   1.953      0.510755
   1.957      0.509828
   1.960      0.508904
   1.964      0.507983
   1.968      0.507064
   1.971      0.506149
   1.975      0.505236
   1.979      0.504326
   1.982      0.503419
   1.986      0.502514
   1.990      0.501612
   1.993      0.500713
   1.997      0.499817
   2.001      0.498924
   2.004      0.498033
   2.008      0.497145
   2.012      0.496260
   2.015      0.495378
   2.019      0.494498
   2.023      0.493621
   2.026      0.492746
   2.030      0.491875
   2.034      0.491006
   2.037      0.490140
   2.041      0.489276
   2.045      0.488416
   2.049      0.487557
   2.052      0.486702
   2.056      0.485849
   2.060      0.484999
   2.063      0.484152
   2.067      0.483307
   2.071      0.482465
   2.074      0.481625
   2.078      0.480788
   2.082      0.479954
   2.085      0.479122
   2.089      0.478293
   2.093      0.477466
   2.096      0.476642
   2.100      0.475821
   2.104      0.475002
   2.107      0.474186
   2.111      0.473372
   2.115      0.472561
   2.118      0.471753
   2.122      0.470946
   2.126      0.470143
   2.129      0.469342
   2.133      0.468543
   2.137      0.467747
   2.140      0.466954
   2.144      0.466163
   2.148      0.465374
   2.151      0.464588
   2.155      0.463805
   2.159      0.463024
   2.162      0.462245
   2.166      0.461469
   2.170      0.460695
   2.173      0.459923
   2.177      0.459154
   2.181      0.458388
   2.184      0.457624
   2.188      0.456862
   2.192      0.456102
   2.195      0.455345
   2.199      0.454591
   2.203      0.453838
   2.206      0.453088
   2.210      0.452341
   2.214      0.451595
   2.217      0.450853
   2.221      0.450112
   2.225      0.449374
   2.228      0.448638
   2.232      0.447904
   2.236      0.447172
   2.239      0.446443
   2.243      0.445716
   2.247      0.444992
   2.250      0.444269
   2.254      0.443549
   2.258      0.442831
   2.261      0.442115
   2.265      0.441402
   2.269      0.440691
   2.272      0.439982
   2.276      0.439275
   2.280      0.438570
   2.283      0.437868
   2.287      0.437167
   2.291      0.436469
   2.294      0.435773
   2.298      0.435079
   2.302      0.434388
   2.305      0.433698
   2.309      0.433011
   2.313      0.432325
   2.317      0.431642
   2.320      0.430961
   2.324      0.430282
   2.328      0.429605
   2.331      0.428930
   2.335      0.428257
   2.339      0.427586
   2.342      0.426917
   2.346      0.426251
   2.350      0.425586
   2.353      0.424923
   2.357      0.424263
   2.361      0.423604
   2.364      0.422947
   2.368      0.422293
   2.372      0.421640
   2.375      0.420989
   2.379      0.420341
   2.383      0.419694
   2.386      0.419049
   2.390      0.418406
   2.394      0.417765
   2.397      0.417126
   2.401      0.416489
   2.405      0.415854
   2.408      0.415221
   2.412      0.414590
   2.416      0.413960
   2.419      0.413333
   2.423      0.412707
   2.427      0.412083
   2.430      0.411461
   2.434      0.410841
   2.438      0.410223
   2.441      0.409606
   2.445      0.408992
   2.449      0.408379
   2.452      0.407768
   2.456      0.407159
   2.460      0.406551
   2.463      0.405946
   2.467      0.405342
   2.471      0.404740
   2.474      0.404140
   2.478      0.403541
   2.482      0.402945
   2.485      0.402350
   2.489      0.401757
   2.493      0.401165
   2.496      0.400575
   2.500      0.399987
   2.504      0.399401
   2.507      0.398816
   2.511      0.398233
   2.515      0.397652
   2.518      0.397073
   2.522      0.396495
   2.526      0.395919
   2.529      0.395344
   2.533      0.394771
   2.537      0.394200
   2.540      0.393631
   2.544      0.393063
   2.548      0.392496
   2.551      0.391932
   2.555      0.391369
   2.559      0.390807
   2.562      0.390247
   2.566      0.389689
   2.570      0.389132
   2.573      0.388577
   2.577      0.388024
   2.581      0.387472
   2.585      0.386922
   2.588      0.386373
   2.592      0.385826
   2.596      0.385280
   2.599      0.384736
   2.603      0.384193
   2.607      0.383652
   2.610      0.383112
   2.614      0.382574
   2.618      0.382038
   2.621      0.381503
   2.625      0.380969
   2.629      0.380437
   2.632      0.379907
   2.636      0.379377
   2.640      0.378850
   2.643      0.378324
   2.647      0.377799
   2.651      0.377276
   2.654      0.376754
   2.658      0.376233
   2.662      0.375715
   2.665      0.375197
   2.669      0.374681
   2.673      0.374166
   2.676      0.373653
   2.680      0.373141
   2.684      0.372631
   2.687      0.372122
   2.691      0.371614
   2.695      0.371108
   2.698      0.370603
   2.702      0.370099
   2.706      0.369597
   2.709      0.369096
   2.713      0.368597
   2.717      0.368099
   2.720      0.367602
   2.724      0.367107
   2.728      0.366612
   2.731      0.366120
   2.735      0.365628
   2.739      0.365138
   2.742      0.364649
   2.746      0.364162
   2.750      0.363676
   2.753      0.363191
   2.757      0.362707
   2.761      0.362225
   2.764      0.361744
   2.768      0.361264
   2.772      0.360786
   2.775      0.360308
   2.779      0.359832
   2.783      0.359358
   2.786      0.358884
   2.790      0.358412
   2.794      0.357941
   2.797      0.357471
   2.801      0.357003
   2.805      0.356535
   2.808      0.356069
   2.812      0.355605
   2.816      0.355141
   2.819      0.354678
   2.823      0.354217
   2.827      0.353757
   2.830      0.353298
   2.834      0.352841
   2.838      0.352384
   2.841      0.351929
   2.845      0.351475
   2.849      0.351022
   2.852      0.350570
   2.856      0.350120
   2.860      0.349670
   2.864      0.349222
   2.867      0.348775
   2.871      0.348329
   2.875      0.347884
   2.878      0.347440
   2.882      0.346998
   2.886      0.346556
   2.889      0.346116
   2.893      0.345676
   2.897      0.345238
   2.900      0.344801
   2.904      0.344365
   2.908      0.343931
   2.911      0.343497
   2.915      0.343064
   2.919      0.342633
   2.922      0.342202
   2.926      0.341773
   2.930      0.341345
   2.933      0.340917
   2.937      0.340491
