   0.000      0.424704
   0.004      0.424714
   0.007      0.424725
   0.011      0.424743
   0.015      0.424768
   0.018      0.424801
   0.022      0.424840
   0.026      0.424887
   0.030      0.424941
   0.033      0.425002
   0.037      0.425070
   0.041      0.425145
   0.044      0.425228
   0.048      0.425318
   0.052      0.425415
   0.056      0.425519
   0.059      0.425631
   0.063      0.425749
   0.067      0.425875
   0.070      0.426008
   0.074      0.426148
   0.078      0.426296
   0.081      0.426451
   0.085      0.426613
   0.089      0.426782
   0.092      0.426959
   0.096      0.427143
   0.100      0.427334
   0.104      0.427532
   0.107      0.427738
   0.111      0.427951
   0.115      0.428171
   0.118      0.428399
   0.122      0.428634
   0.126      0.428876
   0.129      0.429126
   0.133      0.429383
   0.137      0.429647
   0.141      0.429919
   0.144      0.430198
   0.148      0.430484
   0.152      0.430778
   0.155      0.431080
   0.159      0.431388
   0.163      0.431704
   0.167      0.432028
   0.170      0.432359
   0.174      0.432698
   0.178      0.433044
   0.181      0.433397
   0.185      0.433758
   0.189      0.434126
   0.192      0.434502
   0.196      0.434886
   0.200      0.435277
   0.204      0.435675
   0.207      0.436081
   0.211      0.436495
   0.215      0.436916
   0.218      0.437345
   0.222      0.437781
   0.226      0.438225
   0.229      0.438676
   0.233      0.439135
   0.237      0.439602
   0.241      0.440077
   0.244      0.440559
   0.248      0.441048
   0.252      0.441546
   0.255      0.442051
   0.259      0.442564
   0.263      0.443084
   0.266      0.443612
   0.270      0.444148
   0.274      0.444692
   0.278      0.445243
   0.281      0.445803
   0.285      0.446370
   0.289      0.446945
   0.292      0.447527
   0.296      0.448118
   0.300      0.448716
   0.303      0.449322
   0.307      0.449936
   0.311      0.450558
   0.314      0.451188
   0.318      0.451826
   0.322      0.452471
   0.326      0.453125
   0.329      0.453787
   0.333      0.454456
   0.337      0.455134
   0.340      0.455819
   0.344      0.456513
   0.348      0.457214
   0.351      0.457924
   0.355      0.458641
   0.359      0.459367
   0.363      0.460101
   0.366      0.460843
   0.370      0.461593
   0.374      0.462351
   0.377      0.463117
   0.381      0.463891
   0.385      0.464674
   0.388      0.465465
   0.392      0.466264
   0.396      0.467071
   0.400      0.467886
   0.403      0.468710
   0.407      0.469542
   0.411      0.470382
   0.414      0.471230
   0.418      0.472087
   0.422      0.472952
   0.425      0.473825
   0.429      0.474707
   0.433      0.475597
   0.437      0.476496
   0.440      0.477402
   0.444      0.478318
   0.448      0.479241
   0.451      0.480173
   0.455      0.481114
   0.459      0.482063
   0.462      0.483020
   0.466      0.483986
   0.470      0.484960
   0.474      0.485943
   0.477      0.486935
   0.481      0.487935
   0.485      0.488943
   0.488      0.489960
   0.492      0.490986
   0.496      0.492020
   0.499      0.493063
   0.503      0.494114
   0.507      0.495175
   0.511      0.496243
   0.514      0.497321
   0.518      0.498406
   0.522      0.499501
   0.525      0.500604
   0.529      0.501716
   0.533      0.502837
   0.536      0.503966
   0.540      0.505105
   0.544      0.506251
   0.548      0.507407
   0.551      0.508571
   0.555      0.509744
   0.559      0.510926
   0.562      0.512116
   0.566      0.513316
   0.570      0.514524
   0.573      0.515741
   0.577      0.516966
   0.581      0.518201
   0.585      0.519444
   0.588      0.520696
   0.592      0.521957
   0.596      0.523226
   0.599      0.524505
   0.603      0.525792
   0.607      0.527088
   0.611      0.528393
   0.614      0.529707
   0.618      0.531029
   0.622      0.532361
   0.625      0.533701
   0.629      0.535050
   0.633      0.536408
   0.636      0.537775
   0.640      0.539150
   0.644      0.540534
   0.648      0.541927
   0.651      0.543329
   0.655      0.544740
   0.659      0.546160
   0.662      0.547588
   0.666      0.549025
   0.670      0.550471
   0.673      0.551926
   0.677      0.553389
   0.681      0.554861
   0.685      0.556342
   0.688      0.557832
   0.692      0.559331
   0.696      0.560838
   0.699      0.562354
   0.703      0.563878
   0.707      0.565411
   0.710      0.566953
   0.714      0.568504
   0.718      0.570063
   0.722      0.571631
   0.725      0.573207
   0.729      0.574792
   0.733      0.576386
   0.736      0.577988
   0.740      0.579598
   0.744      0.581217
   0.747      0.582845
   0.751      0.584481
   0.755      0.586126
   0.759      0.587778
   0.762      0.589440
   0.766      0.591109
   0.770      0.592787
   0.773      0.594473
   0.777      0.596168
   0.781      0.597871
   0.784      0.599581
   0.788      0.601301
   0.792      0.603028
   0.796      0.604763
   0.799      0.606506
   0.803      0.608258
   0.807      0.610017
   0.810      0.611784
   0.814      0.613560
   0.818      0.615343
   0.821      0.617134
   0.825      0.618932
   0.829      0.620739
   0.833      0.622553
   0.836      0.624375
   0.840      0.626204
   0.844      0.628041
   0.847      0.629886
   0.851      0.631737
   0.855      0.633597
   0.858      0.635463
   0.862      0.637337
   0.866      0.639218
   0.870      0.641106
   0.873      0.643002
   0.877      0.644904
   0.881      0.646814
   0.884      0.648730
   0.888      0.650653
   0.892      0.652583
   0.895      0.654520
   0.899      0.656463
   0.903      0.658413
   0.907      0.660370
   0.910      0.662333
   0.914      0.664302
   0.918      0.666278
   0.921      0.668260
   0.925      0.670248
   0.929      0.672242
   0.932      0.674242
   0.936      0.676248
   0.940      0.678260
   0.944      0.680277
   0.947      0.682300
   0.951      0.684329
   0.955      0.686363
   0.958      0.688403
   0.962      0.690448
   0.966      0.692498
   0.969      0.694554
   0.973      0.696614
   0.977      0.698679
   0.981      0.700750
   0.984      0.702824
   0.988      0.704904
   0.992      0.706988
   0.995      0.709076
   0.999      0.711169
   1.003      0.713266
   1.006      0.715367
   1.010      0.717472
   1.014      0.719581
   1.018      0.721694
   1.021      0.723811
   1.025      0.725931
   1.029      0.728054
   1.032      0.730181
   1.036      0.732311
   1.040      0.734444
   1.043      0.736580
   1.047      0.738718
   1.051      0.740860
   1.055      0.743004
   1.058      0.745151
   1.062      0.747300
   1.066      0.749451
   1.069      0.751604
   1.073      0.753759
   1.077      0.755916
   1.080      0.758074
   1.084      0.760234
   1.088      0.762396
   1.092      0.764558
   1.095      0.766722
   1.099      0.768887
   1.103      0.771052
   1.106      0.773219
   1.110      0.775385
   1.114      0.777553
   1.117      0.779720
   1.121      0.781887
   1.125      0.784055
   1.129      0.786222
   1.132      0.788389
   1.136      0.790555
   1.140      0.792721
   1.143      0.794886
   1.147      0.797050
   1.151      0.799212
   1.154      0.801373
   1.158      0.803533
   1.162      0.805692
   1.166      0.807848
   1.169      0.810002
   1.173      0.812155
   1.177      0.814305
   1.180      0.816452
   1.184      0.818597
   1.188      0.820740
   1.191      0.822879
   1.195      0.825015
   1.199      0.827148
   1.203      0.829277
   1.206      0.831403
   1.210      0.833524
   1.214      0.835642
   1.217      0.837756
   1.221      0.839865
   1.225      0.841970
   1.228      0.844070
   1.232      0.846165
   1.236      0.848255
   1.240      0.850340
   1.243      0.852419
   1.247      0.854493
   1.251      0.856561
   1.254      0.858623
   1.258      0.860679
   1.262      0.862729
   1.265      0.864772
   1.269      0.866808
   1.273      0.868838
   1.277      0.870861
   1.280      0.872876
   1.284      0.874884
   1.288      0.876884
   1.291      0.878876
   1.295      0.880861
   1.299      0.882837
   1.302      0.884805
   1.306      0.886765
   1.310      0.888716
   1.314      0.890658
   1.317      0.892591
   1.321      0.894514
   1.325      0.896429
   1.328      0.898333
   1.332      0.900228
   1.336      0.902113
   1.339      0.903988
   1.343      0.905852
   1.347      0.907706
   1.351      0.909549
   1.354      0.911381
   1.358      0.913203
   1.362      0.915013
   1.365      0.916811
   1.369      0.918598
   1.373      0.920374
   1.376      0.922137
   1.380      0.923888
   1.384      0.925627
   1.388      0.927354
   1.391      0.929068
   1.395      0.930769
   1.399      0.932457
   1.402      0.934132
   1.406      0.935794
   1.410      0.937442
   1.413      0.939076
   1.417      0.940697
   1.421      0.942304
   1.425      0.943897
   1.428      0.945475
   1.432      0.947039
   1.436      0.948589
   1.439      0.950123
   1.443      0.951643
   1.447      0.953148
   1.450      0.954637
   1.454      0.956112
   1.458      0.957570
   1.462      0.959013
   1.465      0.960440
   1.469      0.961852
   1.473      0.963247
   1.476      0.964626
   1.480      0.965988
   1.484      0.967334
   1.487      0.968664
   1.491      0.969976
   1.495      0.971272
   1.499      0.972551
   1.502      0.973813
   1.506      0.975057
   1.510      0.976284
   1.513      0.977494
   1.517      0.978685
   1.521      0.979860
   1.524      0.981016
   1.528      0.982154
   1.532      0.983274
   1.536      0.984376
   1.539      0.985460
   1.543      0.986526
   1.547      0.987572
   1.550      0.988601
   1.554      0.989610
   1.558      0.990601
   1.561      0.991573
   1.565      0.992527
   1.569      0.993461
   1.573      0.994376
   1.576      0.995271
   1.580      0.996148
   1.584      0.997005
   1.587      0.997843
   1.591      0.998661
   1.595      0.999460
   1.598      1.000239
   1.602      1.000999
   1.606      1.001739
   1.610      1.002459
   1.613      1.003159
   1.617      1.003839
   1.621      1.004500
   1.624      1.005140
   1.628      1.005761
   1.632      1.006361
   1.635      1.006941
   1.639      1.007502
   1.643      1.008042
   1.647      1.008562
   1.650      1.009061
   1.654      1.009541
   1.658      1.010000
   1.661      1.010439
   1.665      1.010858
   1.669      1.011256
   1.672      1.011634
   1.676      1.011992
   1.680      1.012330
   1.684      1.012647
   1.687      1.012944
   1.691      1.013221
   1.695      1.013477
   1.698      1.013714
   1.702      1.013930
   1.706      1.014125
   1.709      1.014301
   1.713      1.014456
   1.717      1.014591
   1.721      1.014706
   1.724      1.014801
   1.728      1.014876
   1.732      1.014931
   1.735      1.014966
   1.739      1.014981
   1.743      1.014976
   1.746      1.014951
   1.750      1.014906
   1.754      1.014842
   1.758      1.014757
   1.761      1.014653
   1.765      1.014530
   1.769      1.014387
   1.772      1.014225
   1.776      1.014043
   1.780      1.013841
   1.783      1.013621
   1.787      1.013381
   1.791      1.013122
   1.795      1.012844
   1.798      1.012547
   1.802      1.012232
   1.806      1.011897
   1.809      1.011544
   1.813      1.011172
   1.817      1.010781
   1.820      1.010372
   1.824      1.009945
   1.828      1.009499
   1.832      1.009036
   1.835      1.008554
   1.839      1.008054
   1.843      1.007536
   1.846      1.007001
   1.850      1.006448
   1.854      1.005877
   1.857      1.005289
   1.861      1.004683
   1.865      1.004061
   1.869      1.003421
   1.872      1.002764
   1.876      1.002090
   1.880      1.001400
   1.883      1.000693
   1.887      0.999969
   1.891      0.999229
   1.894      0.998473
   1.898      0.997700
   1.902      0.996911
   1.906      0.996107
   1.909      0.995287
   1.913      0.994451
   1.917      0.993599
   1.920      0.992732
   1.924      0.991850
   1.928      0.990953
   1.931      0.990040
   1.935      0.989113
   1.939      0.988171
   1.943      0.987214
   1.946      0.986243
   1.950      0.985258
   1.954      0.984258
   1.957      0.983244
   1.961      0.982217
   1.965      0.981175
   1.968      0.980120
   1.972      0.979051
   1.976      0.977969
   1.980      0.976874
   1.983      0.975765
   1.987      0.974644
   1.991      0.973509
   1.994      0.972362
   1.998      0.971202
   2.002      0.970030
   2.005      0.968846
   2.009      0.967649
   2.013      0.966441
   2.017      0.965220
   2.020      0.963988
   2.024      0.962744
   2.028      0.961488
   2.031      0.960221
   2.035      0.958943
   2.039      0.957654
   2.042      0.956354
   2.046      0.955043
   2.050      0.953722
   2.054      0.952389
   2.057      0.951047
   2.061      0.949694
   2.065      0.948331
   2.068      0.946958
   2.072      0.945575
   2.076      0.944182
   2.079      0.942779
   2.083      0.941367
   2.087      0.939946
   2.091      0.938515
   2.094      0.937075
   2.098      0.935626
   2.102      0.934169
   2.105      0.932702
   2.109      0.931227
   2.113      0.929743
   2.116      0.928251
   2.120      0.926750
   2.124      0.925241
   2.128      0.923724
   2.131      0.922199
   2.135      0.920667
   2.139      0.919126
   2.142      0.917578
   2.146      0.916022
   2.150      0.914459
   2.153      0.912889
   2.157      0.911311
   2.161      0.909727
   2.165      0.908135
   2.168      0.906536
   2.172      0.904931
   2.176      0.903319
   2.179      0.901700
   2.183      0.900075
   2.187      0.898443
   2.190      0.896805
   2.194      0.895161
   2.198      0.893511
   2.202      0.891855
   2.205      0.890193
   2.209      0.888524
   2.213      0.886851
   2.216      0.885171
   2.220      0.883486
   2.224      0.881795
   2.227      0.880099
   2.231      0.878398
   2.235      0.876691
   2.239      0.874980
   2.242      0.873263
   2.246      0.871541
   2.250      0.869814
   2.253      0.868083
   2.257      0.866346
   2.261      0.864605
   2.264      0.862859
   2.268      0.861109
   2.272      0.859354
   2.276      0.857595
   2.279      0.855831
   2.283      0.854064
   2.287      0.852292
   2.290      0.850515
   2.294      0.848735
   2.298      0.846951
   2.301      0.845163
   2.305      0.843371
   2.309      0.841575
   2.312      0.839776
   2.316      0.837973
   2.320      0.836166
   2.324      0.834356
   2.327      0.832542
   2.331      0.830725
   2.335      0.828905
   2.338      0.827081
   2.342      0.825254
   2.346      0.823424
   2.349      0.821591
   2.353      0.819755
   2.357      0.817916
   2.361      0.816074
   2.364      0.814230
   2.368      0.812382
   2.372      0.810532
   2.375      0.808679
   2.379      0.806823
   2.383      0.804965
   2.386      0.803105
   2.390      0.801242
   2.394      0.799376
   2.398      0.797509
   2.401      0.795639
   2.405      0.793766
   2.409      0.791892
   2.412      0.790016
   2.416      0.788137
   2.420      0.786257
   2.423      0.784374
   2.427      0.782490
   2.431      0.780604
   2.435      0.778716
   2.438      0.776826
   2.442      0.774935
   2.446      0.773042
   2.449      0.771148
   2.453      0.769252
   2.457      0.767354
   2.460      0.765455
   2.464      0.763555
   2.468      0.761653
   2.472      0.759750
   2.475      0.757846
   2.479      0.755940
   2.483      0.754033
   2.486      0.752126
   2.490      0.750217
   2.494      0.748307
   2.497      0.746396
   2.501      0.744485
   2.505      0.742572
   2.509      0.740659
   2.512      0.738745
   2.516      0.736830
   2.520      0.734914
   2.523      0.732998
   2.527      0.731081
   2.531      0.729163
   2.534      0.727245
   2.538      0.725327
   2.542      0.723408
   2.546      0.721488
   2.549      0.719569
   2.553      0.717649
   2.557      0.715728
   2.560      0.713808
   2.564      0.711887
   2.568      0.709966
   2.571      0.708044
   2.575      0.706123
   2.579      0.704202
   2.583      0.702280
   2.586      0.700359
   2.590      0.698438
   2.594      0.696517
   2.597      0.694595
   2.601      0.692675
   2.605      0.690754
   2.608      0.688833
   2.612      0.686913
   2.616      0.684993
   2.620      0.683074
   2.623      0.681154
   2.627      0.679235
   2.631      0.677317
   2.634      0.675399
   2.638      0.673482
   2.642      0.671565
   2.645      0.669649
   2.649      0.667733
   2.653      0.665818
   2.657      0.663903
   2.660      0.661990
   2.664      0.660077
   2.668      0.658164
   2.671      0.656253
   2.675      0.654342
   2.679      0.652433
   2.682      0.650524
   2.686      0.648616
   2.690      0.646709
   2.694      0.644803
   2.697      0.642898
   2.701      0.640994
   2.705      0.639091
   2.708      0.637189
   2.712      0.635288
   2.716      0.633388
   2.719      0.631490
   2.723      0.629593
   2.727      0.627697
   2.731      0.625802
   2.734      0.623908
   2.738      0.622016
   2.742      0.620125
   2.745      0.618236
   2.749      0.616348
   2.753      0.614461
   2.756      0.612576
   2.760      0.610692
   2.764      0.608809
   2.768      0.606929
   2.771      0.605049
   2.775      0.603172
   2.779      0.601295
   2.782      0.599421
   2.786      0.597548
   2.790      0.595677
   2.793      0.593807
   2.797      0.591939
   2.801      0.590073
   2.805      0.588209
   2.808      0.586346
   2.812      0.584485
   2.816      0.582626
   2.819      0.580769
   2.823      0.578913
   2.827      0.577060
   2.830      0.575208
   2.834      0.573359
   2.838      0.571511
   2.842      0.569665
   2.845      0.567821
   2.849      0.565980
   2.853      0.564140
   2.856      0.562302
   2.860      0.560466
   2.864      0.558633
   2.867      0.556801
   2.871      0.554972
   2.875      0.553145
   2.879      0.551320
   2.882      0.549497
   2.886      0.547676
   2.890      0.545858
   2.893      0.544042
   2.897      0.542228
   2.901      0.540416
   2.904      0.538606
   2.908      0.536799
   2.912      0.534994
   2.916      0.533192
   2.919      0.531392
   2.923      0.529594
   2.927      0.527799
   2.930      0.526006
   2.934      0.524215
   2.938      0.522427
   2.941      0.520642
   2.945      0.518858
   2.949      0.517078
   2.953      0.515299
   2.956      0.513524
   2.960      0.511751
   2.964      0.509980
   2.967      0.508212
   2.971      0.506447
   2.975      0.504684
   2.978      0.502923
   2.982      0.501166
   2.986      0.499411
   2.990      0.497658
   2.993      0.495909
   2.997      0.494162
   3.001      0.492417
   3.004      0.490676
   3.008      0.488937
   3.012      0.487201
   3.015      0.485467
   3.019      0.483737
   3.023      0.482009
   3.027      0.480284
   3.030      0.478561
   3.034      0.476842
   3.038      0.475125
   3.041      0.473411
   3.045      0.471700
   3.049      0.469992
   3.052      0.468287
   3.056      0.466584
   3.060      0.464885
   3.064      0.463188
   3.067      0.461494
   3.071      0.459804
   3.075      0.458116
   3.078      0.456431
   3.082      0.454749
   3.086      0.453070
   3.089      0.451394
   3.093      0.449721
   3.097      0.448051
   3.101      0.446384
   3.104      0.444720
   3.108      0.443059
   3.112      0.441401
   3.115      0.439746
   3.119      0.438094
   3.123      0.436445
   3.126      0.434799
   3.130      0.433157
   3.134      0.431517
   3.138      0.429881
   3.141      0.428247
   3.145      0.426617
   3.149      0.424990
   3.152      0.423366
   3.156      0.421745
   3.160      0.420127
   3.163      0.418513
   3.167      0.416902
   3.171      0.415293
   3.175      0.413688
   3.178      0.412087
   3.182      0.410488
   3.186      0.408893
   3.189      0.407301
   3.193      0.405712
   3.197      0.404126
   3.200      0.402543
   3.204      0.400964
   3.208      0.399388
   3.212      0.397815
   3.215      0.396246
   3.219      0.394680
   3.223      0.393117
   3.226      0.391557
   3.230      0.390001
   3.234      0.388448
   3.237      0.386898
   3.241      0.385351
   3.245      0.383808
   3.249      0.382268
   3.252      0.380732
   3.256      0.379199
   3.260      0.377669
   3.263      0.376142
   3.267      0.374619
   3.271      0.373099
   3.274      0.371583
   3.278      0.370070
   3.282      0.368560
   3.286      0.367054
   3.289      0.365551
   3.293      0.364051
   3.297      0.362555
   3.300      0.361062
   3.304      0.359572
   3.308      0.358086
   3.311      0.356604
   3.315      0.355124
   3.319      0.353649
   3.323      0.352176
   3.326      0.350707
   3.330      0.349242
   3.334      0.347779
   3.337      0.346321
   3.341      0.344865
   3.345      0.343413
   3.348      0.341965
   3.352      0.340520
   3.356      0.339078
   3.360      0.337640
   3.363      0.336206
   3.367      0.334774
   3.371      0.333347
   3.374      0.331922
   3.378      0.330501
   3.382      0.329084
   3.385      0.327670
   3.389      0.326260
   3.393      0.324853
   3.397      0.323449
   3.400      0.322049
   3.404      0.320653
   3.408      0.319260
   3.411      0.317870
   3.415      0.316484
   3.419      0.315101
   3.422      0.313722
   3.426      0.312347
   3.430      0.310975
   3.434      0.309606
   3.437      0.308241
   3.441      0.306879
   3.445      0.305521
   3.448      0.304166
   3.452      0.302815
   3.456      0.301468
   3.459      0.300124
   3.463      0.298783
   3.467      0.297446
   3.471      0.296112
   3.474      0.294782
   3.478      0.293455
   3.482      0.292132
   3.485      0.290813
   3.489      0.289497
   3.493      0.288184
   3.496      0.286875
   3.500      0.285570
   3.504      0.284268
   3.508      0.282969
   3.511      0.281674
   3.515      0.280383
   3.519      0.279095
   3.522      0.277810
   3.526      0.276529
   3.530      0.275252
   3.533      0.273978
   3.537      0.272707
   3.541      0.271441
   3.545      0.270177
   3.548      0.268917
   3.552      0.267661
   3.556      0.266408
   3.559      0.265159
   3.563      0.263913
   3.567      0.262671
   3.570      0.261432
   3.574      0.260196
   3.578      0.258965
   3.582      0.257736
   3.585      0.256512
   3.589      0.255290
   3.593      0.254073
   3.596      0.252858
   3.600      0.251647
   3.604      0.250440
   3.607      0.249236
   3.611      0.248036
   3.615      0.246839
   3.619      0.245646
   3.622      0.244456
   3.626      0.243270
   3.630      0.242087
   3.633      0.240908
   3.637      0.239732
   3.641      0.238560
   3.644      0.237391
   3.648      0.236226
   3.652      0.235064
   3.656      0.233905
   3.659      0.232750
   3.663      0.231599
   3.667      0.230451
   3.670      0.229306
   3.674      0.228165
   3.678      0.227028
   3.681      0.225894
   3.685      0.224763
   3.689      0.223636
   3.693      0.222512
   3.696      0.221392
   3.700      0.220275
   3.704      0.219161
   3.707      0.218052
   3.711      0.216945
   3.715      0.215842
   3.718      0.214742
   3.722      0.213646
   3.726      0.212554
   3.730      0.211464
   3.733      0.210378
   3.737      0.209296
   3.741      0.208217
   3.744      0.207141
   3.748      0.206069
   3.752      0.205000
   3.755      0.203935
   3.759      0.202873
   3.763      0.201815
   3.767      0.200759
   3.770      0.199708
   3.774      0.198659
   3.778      0.197614
   3.781      0.196573
   3.785      0.195535
   3.789      0.194500
   3.792      0.193469
   3.796      0.192441
   3.800      0.191416
   3.804      0.190395
   3.807      0.189377
   3.811      0.188362
   3.815      0.187351
   3.818      0.186343
   3.822      0.185339
   3.826      0.184338
   3.829      0.183340
   3.833      0.182345
   3.837      0.181354
   3.841      0.180366
   3.844      0.179382
   3.848      0.178401
   3.852      0.177423
   3.855      0.176449
   3.859      0.175477
   3.863      0.174510
   3.866      0.173545
   3.870      0.172584
   3.874      0.171626
   3.878      0.170671
   3.881      0.169720
   3.885      0.168772
   3.889      0.167827
   3.892      0.166885
   3.896      0.165947
   3.900      0.165012
   3.903      0.164081
   3.907      0.163152
   3.911      0.162227
   3.915      0.161305
   3.918      0.160386
   3.922      0.159471
   3.926      0.158559
   3.929      0.157650
   3.933      0.156744
   3.937      0.155841
   3.940      0.154942
   3.944      0.154046
   3.948      0.153153
   3.952      0.152263
   3.955      0.151377
   3.959      0.150493
   3.963      0.149613
   3.966      0.148736
   3.970      0.147863
   3.974      0.146992
   3.977      0.146125
   3.981      0.145261
   3.985      0.144400
   3.989      0.143542
   3.992      0.142687
   3.996      0.141835
   4.000      0.140987
   4.003      0.140142
   4.007      0.139299
   4.011      0.138460
   4.014      0.137624
   4.018      0.136792
   4.022      0.135962
   4.026      0.135135
   4.029      0.134312
   4.033      0.133491
   4.037      0.132674
   4.040      0.131860
   4.044      0.131049
   4.048      0.130241
   4.051      0.129436
   4.055      0.128634
   4.059      0.127835
   4.063      0.127039
   4.066      0.126246
   4.070      0.125457
   4.074      0.124670
   4.077      0.123886
   4.081      0.123106
   4.085      0.122328
   4.088      0.121554
   4.092      0.120782
   4.096      0.120014
   4.100      0.119248
   4.103      0.118485
   4.107      0.117726
   4.111      0.116969
   4.114      0.116216
   4.118      0.115465
   4.122      0.114717
   4.125      0.113973
   4.129      0.113231
   4.133      0.112492
   4.137      0.111756
   4.140      0.111023
   4.144      0.110294
   4.148      0.109566
   4.151      0.108842
   4.155      0.108121
   4.159      0.107403
   4.162      0.106688
   4.166      0.105975
   4.170      0.105265
   4.174      0.104559
   4.177      0.103855
   4.181      0.103154
   4.185      0.102456
   4.188      0.101761
   4.192      0.101068
   4.196      0.100379
   4.199      0.099692
   4.203      0.099008
   4.207      0.098328
   4.211      0.097649
   4.214      0.096974
   4.218      0.096302
   4.222      0.095632
   4.225      0.094965
   4.229      0.094301
   4.233      0.093640
   4.236      0.092981
   4.240      0.092326
   4.244      0.091673
   4.248      0.091022
   4.251      0.090375
   4.255      0.089730
   4.259      0.089089
   4.262      0.088449
   4.266      0.087813
   4.270      0.087179
   4.273      0.086548
   4.277      0.085920
   4.281      0.085295
   4.285      0.084672
   4.288      0.084052
   4.292      0.083434
   4.296      0.082820
   4.299      0.082208
   4.303      0.081598
   4.307      0.080992
   4.310      0.080388
   4.314      0.079787
   4.318      0.079188
   4.322      0.078592
   4.325      0.077998
   4.329      0.077408
   4.333      0.076820
   4.336      0.076234
   4.340      0.075651
   4.344      0.075071
   4.347      0.074493
   4.351      0.073918
   4.355      0.073346
   4.359      0.072776
   4.362      0.072209
   4.366      0.071644
   4.370      0.071082
   4.373      0.070522
   4.377      0.069965
   4.381      0.069411
   4.384      0.068859
   4.388      0.068310
   4.392      0.067763
   4.396      0.067218
   4.399      0.066677
   4.403      0.066137
   4.407      0.065600
   4.410      0.065066
   4.414      0.064534
   4.418      0.064005
   4.421      0.063478
   4.425      0.062954
   4.429      0.062432
   4.433      0.061913
   4.436      0.061396
   4.440      0.060881
   4.444      0.060369
   4.447      0.059859
   4.451      0.059352
   4.455      0.058847
   4.458      0.058345
   4.462      0.057845
   4.466      0.057347
   4.470      0.056852
   4.473      0.056360
   4.477      0.055869
   4.481      0.055381
   4.484      0.054896
   4.488      0.054412
   4.492      0.053931
   4.495      0.053453
   4.499      0.052977
   4.503      0.052503
   4.507      0.052031
   4.510      0.051562
   4.514      0.051095
   4.518      0.050631
   4.521      0.050169
   4.525      0.049709
   4.529      0.049251
   4.532      0.048796
   4.536      0.048343
   4.540      0.047892
   4.544      0.047443
   4.547      0.046997
   4.551      0.046553
   4.555      0.046111
   4.558      0.045672
   4.562      0.045235
   4.566      0.044800
   4.569      0.044367
   4.573      0.043937
   4.577      0.043508
   4.581      0.043082
   4.584      0.042658
   4.588      0.042236
   4.592      0.041817
   4.595      0.041400
   4.599      0.040984
   4.603      0.040571
   4.606      0.040161
   4.610      0.039752
   4.614      0.039345
   4.618      0.038941
   4.621      0.038539
   4.625      0.038139
   4.629      0.037741
   4.632      0.037345
   4.636      0.036951
   4.640      0.036560
   4.643      0.036170
   4.647      0.035783
   4.651      0.035397
   4.655      0.035014
   4.658      0.034633
   4.662      0.034254
   4.666      0.033877
   4.669      0.033502
   4.673      0.033129
   4.677      0.032758
   4.680      0.032389
   4.684      0.032023
   4.688      0.031658
   4.692      0.031295
   4.695      0.030934
   4.699      0.030576
   4.703      0.030219
   4.706      0.029864
   4.710      0.029512
   4.714      0.029161
   4.717      0.028812
   4.721      0.028465
   4.725      0.028120
   4.729      0.027778
   4.732      0.027437
   4.736      0.027098
   4.740      0.026761
   4.743      0.026426
   4.747      0.026092
   4.751      0.025761
   4.754      0.025432
   4.758      0.025104
   4.762      0.024779
   4.766      0.024455
   4.769      0.024134
   4.773      0.023814
   4.777      0.023496
   4.780      0.023180
   4.784      0.022866
   4.788      0.022553
   4.791      0.022243
   4.795      0.021934
   4.799      0.021627
   4.803      0.021322
   4.806      0.021019
   4.810      0.020718
   4.814      0.020418
   4.817      0.020121
   4.821      0.019825
   4.825      0.019531
   4.828      0.019239
   4.832      0.018948
   4.836      0.018659
   4.840      0.018372
   4.843      0.018087
   4.847      0.017804
   4.851      0.017522
   4.854      0.017242
   4.858      0.016964
   4.862      0.016688
   4.865      0.016413
   4.869      0.016140
   4.873      0.015869
   4.877      0.015600
   4.880      0.015332
   4.884      0.015066
   4.888      0.014801
   4.891      0.014539
   4.895      0.014278
   4.899      0.014018
   4.902      0.013761
   4.906      0.013505
   4.910      0.013250
   4.914      0.012998
   4.917      0.012747
   4.921      0.012497
   4.925      0.012249
   4.928      0.012003
   4.932      0.011759
   4.936      0.011516
   4.939      0.011275
   4.943      0.011035
   4.947      0.010797
   4.951      0.010560
   4.954      0.010326
   4.958      0.010092
   4.962      0.009861
   4.965      0.009631
   4.969      0.009402
   4.973      0.009175
   4.976      0.008950
   4.980      0.008726
   4.984      0.008503
   4.988      0.008282
   4.991      0.008063
   4.995      0.007845
   4.999      0.007629
   5.002      0.007414
   5.006      0.007201
   5.010      0.006990
   5.013      0.006779
   5.017      0.006571
   5.021      0.006363
   5.025      0.006158
   5.028      0.005953
   5.032      0.005751
   5.036      0.005549
   5.039      0.005349
   5.043      0.005151
   5.047      0.004954
   5.050      0.004758
   5.054      0.004564
   5.058      0.004372
   5.062      0.004180
   5.065      0.003991
   5.069      0.003802
   5.073      0.003615
   5.076      0.003429
   5.080      0.003245
   5.084      0.003062
   5.087      0.002881
   5.091      0.002701
   5.095      0.002522
   5.099      0.002345
   5.102      0.002169
   5.106      0.001994
   5.110      0.001821
   5.113      0.001649
   5.117      0.001478
   5.121      0.001309
   5.124      0.001141
   5.128      0.000974
   5.132      0.000809
   5.136      0.000644
   5.139      0.000482
   5.143      0.000320
   5.147      0.000159
   5.150      0.000000
