   0.000      1.064315
   0.004      1.064315
   0.007      1.064315
   0.011      1.064315
   0.014      1.064315
   0.018      1.064315
   0.021      1.064315
   0.025      1.064315
   0.028      1.064315
   0.032      1.064315
   0.035      1.064315
   0.039      1.064315
   0.042      1.064315
   0.046      1.064315
   0.050      1.064315
   0.053      1.064315
   0.057      1.064315
   0.060      1.064315
   0.064      1.064315
   0.067      1.064315
   0.071      1.064315
   0.074      1.064315
   0.078      1.064315
   0.081      1.064315
   0.085      1.064315
   0.088      1.064315
   0.092      1.064314
   0.096      1.064314
   0.099      1.064314
   0.103      1.064314
   0.106      1.064313
   0.110      1.064313
   0.113      1.064312
   0.117      1.064312
   0.120      1.064311
   0.124      1.064310
   0.127      1.064309
   0.131      1.064308
   0.134      1.064307
   0.138      1.064305
   0.142      1.064304
   0.145      1.064302
   0.149      1.064300
   0.152      1.064297
   0.156      1.064295
   0.159      1.064292
   0.163      1.064288
   0.166      1.064285
   0.170      1.064281
   0.173      1.064276
   0.177      1.064271
   0.180      1.064266
   0.184      1.064260
   0.188      1.064254
   0.191      1.064246
   0.195      1.064239
   0.198      1.064230
   0.202      1.064221
   0.205      1.064211
   0.209      1.064200
   0.212      1.064188
   0.216      1.064175
   0.219      1.064161
   0.223      1.064146
   0.226      1.064130
   0.230      1.064113
   0.234      1.064094
   0.237      1.064074
   0.241      1.064053
   0.244      1.064030
   0.248      1.064005
   0.251      1.063979
   0.255      1.063951
   0.258      1.063921
   0.262      1.063889
   0.265      1.063855
   0.269      1.063819
   0.272      1.063780
   0.276      1.063740
   0.280      1.063697
   0.283      1.063651
   0.287      1.063603
   0.290      1.063552
   0.294      1.063498
   0.297      1.063441
   0.301      1.063381
   0.304      1.063317
   0.308      1.063251
   0.311      1.063181
   0.315      1.063107
   0.318      1.063030
   0.322      1.062948
   0.326      1.062863
   0.329      1.062774
   0.333      1.062680
   0.336      1.062582
   0.340      1.062480
   0.343      1.062373
   0.347      1.062261
   0.350      1.062144
   0.354      1.062022
   0.357      1.061894
   0.361      1.061762
   0.365      1.061623
   0.368      1.061479
   0.372      1.061330
   0.375      1.061174
   0.379      1.061012
   0.382      1.060844
   0.386      1.060669
   0.389      1.060488
   0.393      1.060300
   0.396      1.060106
   0.400      1.059904
   0.403      1.059695
   0.407      1.059478
   0.411      1.059254
   0.414      1.059023
   0.418      1.058784
   0.421      1.058536
   0.425      1.058281
   0.428      1.058018
   0.432      1.057746
   0.435      1.057465
   0.439      1.057176
   0.442      1.056879
   0.446      1.056572
   0.449      1.056256
   0.453      1.055931
   0.457      1.055597
   0.460      1.055253
   0.464      1.054899
   0.467      1.054536
   0.471      1.054163
   0.474      1.053780
   0.478      1.053387
   0.481      1.052984
   0.485      1.052571
   0.488      1.052147
   0.492      1.051712
   0.495      1.051267
   0.499      1.050812
   0.503      1.050345
   0.506      1.049868
   0.510      1.049379
   0.513      1.048880
   0.517      1.048369
   0.520      1.047847
   0.524      1.047314
   0.527      1.046769
   0.531      1.046213
   0.534      1.045646
   0.538      1.045066
   0.541      1.044476
   0.545      1.043873
   0.549      1.043259
   0.552      1.042633
   0.556      1.041995
   0.559      1.041346
   0.563      1.040684
   0.566      1.040011
   0.570      1.039326
   0.573      1.038628
   0.577      1.037919
   0.580      1.037198
   0.584      1.036465
   0.587      1.035720
   0.591      1.034962
   0.595      1.034193
   0.598      1.033412
   0.602      1.032619
   0.605      1.031814
   0.609      1.030997
   0.612      1.030168
   0.616      1.029327
   0.619      1.028474
   0.623      1.027609
   0.626      1.026733
   0.630      1.025844
   0.633      1.024944
   0.637      1.024033
   0.641      1.023109
   0.644      1.022174
   0.648      1.021228
   0.651      1.020270
   0.655      1.019301
   0.658      1.018320
   0.662      1.017328
   0.665      1.016324
   0.669      1.015310
   0.672      1.014284
   0.676      1.013247
   0.679      1.012200
   0.683      1.011141
   0.687      1.010072
   0.690      1.008992
   0.694      1.007901
   0.697      1.006799
   0.701      1.005688
   0.704      1.004565
   0.708      1.003433
   0.711      1.002290
   0.715      1.001137
   0.718      0.999974
   0.722      0.998801
   0.725      0.997619
   0.729      0.996426
   0.733      0.995224
   0.736      0.994012
   0.740      0.992791
   0.743      0.991561
   0.747      0.990321
   0.750      0.989072
   0.754      0.987814
   0.757      0.986547
   0.761      0.985271
   0.764      0.983987
   0.768      0.982693
   0.771      0.981391
   0.775      0.980081
   0.779      0.978763
   0.782      0.977436
   0.786      0.976101
   0.789      0.974758
   0.793      0.973407
   0.796      0.972048
   0.800      0.970682
   0.803      0.969308
   0.807      0.967926
   0.810      0.966537
   0.814      0.965141
   0.817      0.963738
   0.821      0.962327
   0.825      0.960910
   0.828      0.959485
   0.832      0.958054
   0.835      0.956616
   0.839      0.955172
   0.842      0.953721
   0.846      0.952264
   0.849      0.950800
   0.853      0.949330
   0.856      0.947854
   0.860      0.946373
   0.863      0.944885
   0.867      0.943392
   0.871      0.941893
   0.874      0.940388
   0.878      0.938878
   0.881      0.937363
   0.885      0.935842
   0.888      0.934316
   0.892      0.932785
   0.895      0.931249
   0.899      0.929708
   0.902      0.928162
   0.906      0.926612
   0.909      0.925057
   0.913      0.923498
   0.917      0.921934
   0.920      0.920366
   0.924      0.918793
   0.927      0.917217
   0.931      0.915636
   0.934      0.914051
   0.938      0.912463
   0.941      0.910871
   0.945      0.909275
   0.948      0.907675
   0.952      0.906072
   0.955      0.904466
   0.959      0.902856
   0.963      0.901243
   0.966      0.899627
   0.970      0.898008
   0.973      0.896386
   0.977      0.894761
   0.980      0.893133
   0.984      0.891502
   0.987      0.889869
   0.991      0.888233
   0.994      0.886595
   0.998      0.884954
   1.002      0.883311
   1.005      0.881666
   1.009      0.880018
   1.012      0.878369
   1.016      0.876718
   1.019      0.875064
   1.023      0.873409
   1.026      0.871752
   1.030      0.870093
   1.033      0.868433
   1.037      0.866772
   1.040      0.865108
   1.044      0.863444
   1.048      0.861778
   1.051      0.860111
   1.055      0.858443
   1.058      0.856774
   1.062      0.855103
   1.065      0.853432
   1.069      0.851760
   1.072      0.850088
   1.076      0.848414
   1.079      0.846740
   1.083      0.845066
   1.086      0.843390
   1.090      0.841715
   1.094      0.840039
   1.097      0.838363
   1.101      0.836687
   1.104      0.835010
   1.108      0.833334
   1.111      0.831657
   1.115      0.829980
   1.118      0.828304
   1.122      0.826628
   1.125      0.824952
   1.129      0.823276
   1.132      0.821601
   1.136      0.819926
   1.140      0.818252
   1.143      0.816578
   1.147      0.814905
   1.150      0.813233
   1.154      0.811561
   1.157      0.809890
   1.161      0.808220
   1.164      0.806551
   1.168      0.804883
   1.171      0.803216
   1.175      0.801550
   1.178      0.799885
   1.182      0.798221
   1.186      0.796559
   1.189      0.794898
   1.193      0.793238
   1.196      0.791580
   1.200      0.789923
   1.203      0.788268
   1.207      0.786615
   1.210      0.784963
   1.214      0.783312
   1.217      0.781664
   1.221      0.780017
   1.224      0.778372
   1.228      0.776729
   1.232      0.775087
   1.235      0.773448
   1.239      0.771811
   1.242      0.770176
   1.246      0.768543
   1.249      0.766912
   1.253      0.765283
   1.256      0.763657
   1.260      0.762032
   1.263      0.760410
   1.267      0.758791
   1.270      0.757174
   1.274      0.755559
   1.278      0.753947
   1.281      0.752337
   1.285      0.750730
   1.288      0.749126
   1.292      0.747524
   1.295      0.745924
   1.299      0.744328
   1.302      0.742734
   1.306      0.741143
   1.309      0.739555
   1.313      0.737970
   1.316      0.736387
   1.320      0.734808
   1.324      0.733231
   1.327      0.731657
   1.331      0.730087
   1.334      0.728519
   1.338      0.726955
   1.341      0.725393
   1.345      0.723835
   1.348      0.722280
   1.352      0.720728
   1.355      0.719179
   1.359      0.717634
   1.362      0.716091
   1.366      0.714553
   1.370      0.713017
   1.373      0.711485
   1.377      0.709956
   1.380      0.708430
   1.384      0.706908
   1.387      0.705389
   1.391      0.703874
   1.394      0.702363
   1.398      0.700854
   1.401      0.699350
   1.405      0.697848
   1.408      0.696351
   1.412      0.694857
   1.416      0.693366
   1.419      0.691880
   1.423      0.690396
   1.426      0.688917
   1.430      0.687441
   1.433      0.685969
   1.437      0.684500
   1.440      0.683036
   1.444      0.681575
   1.447      0.680117
   1.451      0.678664
   1.454      0.677214
   1.458      0.675768
   1.462      0.674326
   1.465      0.672888
   1.469      0.671453
   1.472      0.670023
   1.476      0.668596
   1.479      0.667173
   1.483      0.665754
   1.486      0.664339
   1.490      0.662928
   1.493      0.661520
   1.497      0.660117
   1.500      0.658717
   1.504      0.657322
   1.508      0.655930
   1.511      0.654542
   1.515      0.653158
   1.518      0.651779
   1.522      0.650403
   1.525      0.649031
   1.529      0.647663
   1.532      0.646299
   1.536      0.644939
   1.539      0.643583
   1.543      0.642231
   1.546      0.640883
   1.550      0.639539
   1.554      0.638199
   1.557      0.636863
   1.561      0.635531
   1.564      0.634204
   1.568      0.632880
   1.571      0.631560
   1.575      0.630244
   1.578      0.628932
   1.582      0.627624
   1.585      0.626320
   1.589      0.625021
   1.592      0.623725
   1.596      0.622433
   1.600      0.621145
   1.603      0.619862
   1.607      0.618582
   1.610      0.617306
   1.614      0.616034
   1.617      0.614767
   1.621      0.613503
   1.624      0.612243
   1.628      0.610988
   1.631      0.609736
   1.635      0.608489
   1.638      0.607245
   1.642      0.606005
   1.646      0.604770
   1.649      0.603538
   1.653      0.602310
   1.656      0.601086
   1.660      0.599867
   1.663      0.598651
   1.667      0.597439
   1.670      0.596231
   1.674      0.595027
   1.677      0.593827
   1.681      0.592631
   1.685      0.591439
   1.688      0.590251
   1.692      0.589067
   1.695      0.587886
   1.699      0.586710
   1.702      0.585537
   1.706      0.584368
   1.709      0.583204
   1.713      0.582043
   1.716      0.580886
   1.720      0.579732
   1.723      0.578583
   1.727      0.577438
   1.731      0.576296
   1.734      0.575158
   1.738      0.574024
   1.741      0.572894
   1.745      0.571767
   1.748      0.570645
   1.752      0.569526
   1.755      0.568411
   1.759      0.567300
   1.762      0.566192
   1.766      0.565088
   1.769      0.563988
   1.773      0.562892
   1.777      0.561799
   1.780      0.560710
   1.784      0.559625
   1.787      0.558544
   1.791      0.557466
   1.794      0.556392
   1.798      0.555321
   1.801      0.554254
   1.805      0.553191
   1.808      0.552131
   1.812      0.551075
   1.815      0.550023
   1.819      0.548974
   1.823      0.547929
   1.826      0.546887
   1.830      0.545849
   1.833      0.544815
   1.837      0.543784
   1.840      0.542756
   1.844      0.541732
   1.847      0.540712
   1.851      0.539695
   1.854      0.538681
   1.858      0.537671
   1.861      0.536664
   1.865      0.535661
   1.869      0.534661
   1.872      0.533665
   1.876      0.532672
   1.879      0.531683
   1.883      0.530697
   1.886      0.529714
   1.890      0.528735
   1.893      0.527758
   1.897      0.526786
   1.900      0.525816
   1.904      0.524850
   1.907      0.523888
   1.911      0.522928
   1.915      0.521972
   1.918      0.521019
   1.922      0.520069
   1.925      0.519123
   1.929      0.518180
   1.932      0.517240
   1.936      0.516303
   1.939      0.515369
   1.943      0.514439
   1.946      0.513511
   1.950      0.512587
   1.953      0.511666
   1.957      0.510748
   1.961      0.509834
   1.964      0.508922
   1.968      0.508014
   1.971      0.507108
   1.975      0.506206
   1.978      0.505306
   1.982      0.504410
   1.985      0.503517
   1.989      0.502627
   1.992      0.501739
   1.996      0.500855
   1.999      0.499974
   2.003      0.499096
   2.007      0.498220
   2.010      0.497348
   2.014      0.496478
   2.017      0.495612
   2.021      0.494748
   2.024      0.493887
   2.028      0.493030
   2.031      0.492175
   2.035      0.491322
   2.038      0.490473
   2.042      0.489627
   2.045      0.488783
   2.049      0.487942
   2.053      0.487104
   2.056      0.486269
   2.060      0.485437
   2.063      0.484607
   2.067      0.483780
   2.070      0.482956
   2.074      0.482134
   2.077      0.481316
   2.081      0.480500
   2.084      0.479686
   2.088      0.478876
   2.091      0.478068
   2.095      0.477262
   2.099      0.476460
   2.102      0.475660
   2.106      0.474862
   2.109      0.474067
   2.113      0.473275
   2.116      0.472486
   2.120      0.471699
   2.123      0.470914
   2.127      0.470132
   2.130      0.469353
   2.134      0.468576
   2.137      0.467802
   2.141      0.467030
   2.145      0.466261
   2.148      0.465494
   2.152      0.464729
   2.155      0.463968
   2.159      0.463208
   2.162      0.462451
   2.166      0.461697
   2.169      0.460945
   2.173      0.460195
   2.176      0.459448
   2.180      0.458703
   2.183      0.457960
   2.187      0.457220
   2.191      0.456482
   2.194      0.455747
   2.198      0.455014
   2.201      0.454283
   2.205      0.453555
   2.208      0.452829
   2.212      0.452105
   2.215      0.451383
   2.219      0.450664
   2.222      0.449947
   2.226      0.449232
   2.229      0.448520
   2.233      0.447809
   2.237      0.447101
   2.240      0.446396
   2.244      0.445692
   2.247      0.444991
   2.251      0.444291
   2.254      0.443594
   2.258      0.442899
   2.261      0.442207
   2.265      0.441516
   2.268      0.440828
   2.272      0.440142
   2.275      0.439457
   2.279      0.438775
   2.283      0.438095
   2.286      0.437417
   2.290      0.436742
   2.293      0.436068
   2.297      0.435396
   2.300      0.434727
   2.304      0.434059
   2.307      0.433394
   2.311      0.432730
   2.314      0.432069
   2.318      0.431409
   2.321      0.430752
   2.325      0.430096
   2.329      0.429443
   2.332      0.428792
   2.336      0.428142
   2.339      0.427494
   2.343      0.426849
   2.346      0.426205
   2.350      0.425563
   2.353      0.424924
   2.357      0.424286
   2.360      0.423650
   2.364      0.423016
   2.368      0.422383
   2.371      0.421753
   2.375      0.421125
   2.378      0.420498
   2.382      0.419873
   2.385      0.419251
   2.389      0.418630
   2.392      0.418010
   2.396      0.417393
   2.399      0.416777
   2.403      0.416164
   2.406      0.415552
   2.410      0.414942
   2.414      0.414333
   2.417      0.413727
   2.421      0.413122
   2.424      0.412519
   2.428      0.411917
   2.431      0.411318
   2.435      0.410720
   2.438      0.410124
   2.442      0.409530
   2.445      0.408937
   2.449      0.408346
   2.452      0.407757
   2.456      0.407169
   2.460      0.406584
   2.463      0.405999
   2.467      0.405417
   2.470      0.404836
   2.474      0.404257
   2.477      0.403680
   2.481      0.403104
   2.484      0.402530
   2.488      0.401957
   2.491      0.401386
   2.495      0.400817
   2.498      0.400249
   2.502      0.399683
   2.506      0.399118
   2.509      0.398555
   2.513      0.397994
   2.516      0.397434
   2.520      0.396876
   2.523      0.396320
   2.527      0.395765
   2.530      0.395211
   2.534      0.394659
   2.537      0.394109
   2.541      0.393560
   2.544      0.393012
   2.548      0.392467
   2.552      0.391922
   2.555      0.391379
   2.559      0.390838
   2.562      0.390298
   2.566      0.389760
   2.569      0.389223
   2.573      0.388688
   2.576      0.388154
   2.580      0.387621
   2.583      0.387090
   2.587      0.386561
   2.590      0.386033
   2.594      0.385506
   2.598      0.384981
   2.601      0.384457
   2.605      0.383935
   2.608      0.383414
   2.612      0.382894
   2.615      0.382376
   2.619      0.381859
   2.622      0.381344
   2.626      0.380830
   2.629      0.380318
   2.633      0.379806
   2.636      0.379297
   2.640      0.378788
   2.644      0.378281
   2.647      0.377775
   2.651      0.377271
   2.654      0.376768
   2.658      0.376266
   2.661      0.375766
   2.665      0.375267
   2.668      0.374769
   2.672      0.374273
   2.675      0.373778
   2.679      0.373284
   2.682      0.372792
   2.686      0.372300
   2.690      0.371810
   2.693      0.371322
   2.697      0.370835
   2.700      0.370349
   2.704      0.369864
   2.707      0.369380
   2.711      0.368898
   2.714      0.368417
   2.718      0.367937
   2.721      0.367459
   2.725      0.366982
   2.728      0.366506
   2.732      0.366031
   2.736      0.365558
   2.739      0.365085
   2.743      0.364614
   2.746      0.364144
   2.750      0.363676
   2.753      0.363208
   2.757      0.362742
   2.760      0.362277
   2.764      0.361813
   2.767      0.361350
   2.771      0.360889
   2.774      0.360429
   2.778      0.359969
   2.782      0.359511
   2.785      0.359055
   2.789      0.358599
   2.792      0.358144
   2.796      0.357691
   2.799      0.357239
   2.803      0.356788
   2.806      0.356338
   2.810      0.355889
   2.813      0.355441
   2.817      0.354995
   2.820      0.354550
   2.824      0.354105
   2.828      0.353662
   2.831      0.353220
