   0.000      0.001174
   0.004      0.013496
   0.007      0.025819
   0.011      0.038561
   0.014      0.051359
   0.018      0.064173
   0.021      0.076990
   0.025      0.089809
   0.029      0.102627
   0.032      0.115443
   0.036      0.128256
   0.039      0.141066
   0.043      0.153872
   0.046      0.166674
   0.050      0.179471
   0.054      0.192264
   0.057      0.205051
   0.061      0.217832
   0.064      0.230607
   0.068      0.243376
   0.071      0.256138
   0.075      0.268892
   0.078      0.281639
   0.082      0.294378
   0.086      0.307109
   0.089      0.319831
   0.093      0.332543
   0.096      0.345247
   0.100      0.357940
   0.103      0.370623
   0.107      0.383296
   0.111      0.395957
   0.114      0.408608
   0.118      0.421246
   0.121      0.433873
   0.125      0.446487
   0.128      0.459088
   0.132      0.471676
   0.136      0.484250
   0.139      0.496811
   0.143      0.509357
   0.146      0.521888
   0.150      0.534404
   0.153      0.546905
   0.157      0.559390
   0.160      0.571858
   0.164      0.584310
   0.168      0.596745
   0.171      0.609162
   0.175      0.621562
   0.178      0.633944
   0.182      0.646306
   0.185      0.658650
   0.189      0.670975
   0.193      0.683280
   0.196      0.695564
   0.200      0.707828
   0.203      0.720071
   0.207      0.732293
   0.210      0.744493
   0.214      0.756671
   0.218      0.768826
   0.221      0.780959
   0.225      0.793068
   0.228      0.805153
   0.232      0.817214
   0.235      0.829251
   0.239      0.841262
   0.243      0.853248
   0.246      0.865209
   0.250      0.877143
   0.253      0.889051
   0.257      0.900932
   0.260      0.912785
   0.264      0.924610
   0.267      0.936407
   0.271      0.948176
   0.275      0.959915
   0.278      0.971625
   0.282      0.983305
   0.285      0.994955
   0.289      1.006574
   0.292      1.018162
   0.296      1.029718
   0.300      1.041242
   0.303      1.052734
   0.307      1.064193
   0.310      1.075619
   0.314      1.087011
   0.317      1.098368
   0.321      1.109692
   0.325      1.120980
   0.328      1.132233
   0.332      1.143450
   0.335      1.154631
   0.339      1.165775
   0.342      1.176882
   0.346      1.187951
   0.350      1.198983
   0.353      1.209976
   0.357      1.220930
   0.360      1.231845
   0.364      1.242720
   0.367      1.253555
   0.371      1.264350
   0.374      1.275103
   0.378      1.285815
   0.382      1.296486
   0.385      1.307114
   0.389      1.317699
   0.392      1.328241
   0.396      1.338739
   0.399      1.349194
   0.403      1.359604
   0.407      1.369969
   0.410      1.380288
   0.414      1.390562
   0.417      1.400790
   0.421      1.410971
   0.424      1.421105
   0.428      1.431191
   0.432      1.441230
   0.435      1.451220
   0.439      1.461161
   0.442      1.471054
   0.446      1.480896
   0.449      1.490688
   0.453      1.500430
   0.457      1.510121
   0.460      1.519760
   0.464      1.529348
   0.467      1.538883
   0.471      1.548366
   0.474      1.557795
   0.478      1.567171
   0.481      1.576493
   0.485      1.585761
   0.489      1.594973
   0.492      1.604131
   0.496      1.613232
   0.499      1.622278
   0.503      1.631267
   0.506      1.640199
   0.510      1.649074
   0.514      1.657891
   0.517      1.666650
   0.521      1.675350
   0.524      1.683991
   0.528      1.692572
   0.531      1.701094
   0.535      1.709556
   0.539      1.717956
   0.542      1.726296
   0.546      1.734574
   0.549      1.742790
   0.553      1.750944
   0.556      1.759035
   0.560      1.767063
   0.564      1.775028
   0.567      1.782928
   0.571      1.790764
   0.574      1.798536
   0.578      1.806242
   0.581      1.813883
   0.585      1.821458
   0.589      1.828966
   0.592      1.836408
   0.596      1.843783
   0.599      1.851090
   0.603      1.858330
   0.606      1.865501
   0.610      1.872604
   0.613      1.879638
   0.617      1.886602
   0.621      1.893497
   0.624      1.900322
   0.628      1.907077
   0.631      1.913760
   0.635      1.920373
   0.638      1.926914
   0.642      1.933383
   0.646      1.939780
   0.649      1.946105
   0.653      1.952357
   0.656      1.958535
   0.660      1.964641
   0.663      1.970672
   0.667      1.976629
   0.671      1.982512
   0.674      1.988319
   0.678      1.994052
   0.681      1.999709
   0.685      2.005291
   0.688      2.010796
   0.692      2.016225
   0.696      2.021578
   0.699      2.026853
   0.703      2.032052
   0.706      2.037172
   0.710      2.042215
   0.713      2.047180
   0.717      2.052066
   0.720      2.056874
   0.724      2.061603
   0.728      2.066253
   0.731      2.070823
   0.735      2.075314
   0.738      2.079725
   0.742      2.084056
   0.745      2.088306
   0.749      2.092475
   0.753      2.096564
   0.756      2.100572
   0.760      2.104498
   0.763      2.108343
   0.767      2.112107
   0.770      2.115788
   0.774      2.119387
   0.778      2.122904
   0.781      2.126338
   0.785      2.129690
   0.788      2.132959
   0.792      2.136145
   0.795      2.139248
   0.799      2.142267
   0.803      2.145203
   0.806      2.148055
   0.810      2.150823
   0.813      2.153508
   0.817      2.156108
   0.820      2.158624
   0.824      2.161056
   0.827      2.163403
   0.831      2.165666
   0.835      2.167844
   0.838      2.169937
   0.842      2.171946
   0.845      2.173870
   0.849      2.175708
   0.852      2.177462
   0.856      2.179130
   0.860      2.180713
   0.863      2.182211
   0.867      2.183624
   0.870      2.184951
   0.874      2.186193
   0.877      2.187349
   0.881      2.188420
   0.885      2.189406
   0.888      2.190306
   0.892      2.191121
   0.895      2.191850
   0.899      2.192493
   0.902      2.193052
   0.906      2.193524
   0.910      2.193912
   0.913      2.194214
   0.917      2.194430
   0.920      2.194562
   0.924      2.194608
   0.927      2.194569
   0.931      2.194445
   0.934      2.194236
   0.938      2.193942
   0.942      2.193563
   0.945      2.193099
   0.949      2.192551
   0.952      2.191918
   0.956      2.191200
   0.959      2.190399
   0.963      2.189513
   0.967      2.188543
   0.970      2.187489
   0.974      2.186351
   0.977      2.185130
   0.981      2.183825
   0.984      2.182437
   0.988      2.180966
   0.992      2.179412
   0.995      2.177775
   0.999      2.176056
   1.002      2.174254
   1.006      2.172370
   1.009      2.170404
   1.013      2.168356
   1.017      2.166227
   1.020      2.164017
   1.024      2.161725
   1.027      2.159353
   1.031      2.156900
   1.034      2.154367
   1.038      2.151754
   1.041      2.149061
   1.045      2.146289
   1.049      2.143437
   1.052      2.140507
   1.056      2.137497
   1.059      2.134410
   1.063      2.131244
   1.066      2.128001
   1.070      2.124681
   1.074      2.121283
   1.077      2.117809
   1.081      2.114258
   1.084      2.110631
   1.088      2.106929
   1.091      2.103151
   1.095      2.099298
   1.099      2.095370
   1.102      2.091368
   1.106      2.087293
   1.109      2.083143
   1.113      2.078921
   1.116      2.074626
   1.120      2.070259
   1.124      2.065819
   1.127      2.061309
   1.131      2.056727
   1.134      2.052074
   1.138      2.047351
   1.141      2.042558
   1.145      2.037696
   1.148      2.032765
   1.152      2.027766
   1.156      2.022698
   1.159      2.017563
   1.163      2.012360
   1.166      2.007091
   1.170      2.001756
   1.173      1.996354
   1.177      1.990888
   1.181      1.985357
   1.184      1.979761
   1.188      1.974102
   1.191      1.968379
   1.195      1.962594
   1.198      1.956746
   1.202      1.950837
   1.206      1.944866
   1.209      1.938834
   1.213      1.932742
   1.216      1.926590
   1.220      1.920379
   1.223      1.914110
   1.227      1.907782
   1.231      1.901397
   1.234      1.894954
   1.238      1.888456
   1.241      1.881901
   1.245      1.875290
   1.248      1.868625
   1.252      1.861906
   1.255      1.855132
   1.259      1.848306
   1.263      1.841427
   1.266      1.834496
   1.270      1.827513
   1.273      1.820480
   1.277      1.813396
   1.280      1.806263
   1.284      1.799080
   1.288      1.791849
   1.291      1.784570
   1.295      1.777244
   1.298      1.769871
   1.302      1.762451
   1.305      1.754986
   1.309      1.747476
   1.313      1.739922
   1.316      1.732324
   1.320      1.724683
   1.323      1.716999
   1.327      1.709274
   1.330      1.701507
   1.334      1.693699
   1.338      1.685851
   1.341      1.677964
   1.345      1.670038
   1.348      1.662073
   1.352      1.654071
   1.355      1.646032
   1.359      1.637957
   1.362      1.629846
   1.366      1.621700
   1.370      1.613519
   1.373      1.605305
   1.377      1.597057
   1.380      1.588777
   1.384      1.580465
   1.387      1.572121
   1.391      1.563747
   1.395      1.555342
   1.398      1.546908
   1.402      1.538446
   1.405      1.529955
   1.409      1.521436
   1.412      1.512891
   1.416      1.504319
   1.420      1.495722
   1.423      1.487100
   1.427      1.478453
   1.430      1.469783
   1.434      1.461089
   1.437      1.452373
   1.441      1.443635
   1.445      1.434876
   1.448      1.426096
   1.452      1.417296
   1.455      1.408477
   1.459      1.399639
   1.462      1.390783
   1.466      1.381909
   1.469      1.373019
   1.473      1.364112
   1.477      1.355190
   1.480      1.346252
   1.484      1.337300
   1.487      1.328335
   1.491      1.319356
   1.494      1.310365
   1.498      1.301361
   1.502      1.292347
   1.505      1.283322
   1.509      1.274286
   1.512      1.265241
   1.516      1.256187
   1.519      1.247125
   1.523      1.238055
   1.527      1.228978
   1.530      1.219894
   1.534      1.210804
   1.537      1.201709
   1.541      1.192609
   1.544      1.183505
   1.548      1.174398
   1.552      1.165287
   1.555      1.156173
   1.559      1.147058
   1.562      1.137942
   1.566      1.128825
   1.569      1.119707
   1.573      1.110590
   1.576      1.101474
   1.580      1.092359
   1.584      1.083246
   1.587      1.074136
   1.591      1.065029
   1.594      1.055925
   1.598      1.046826
   1.601      1.037731
   1.605      1.028642
   1.609      1.019558
   1.612      1.010481
   1.616      1.001410
   1.619      0.992347
   1.623      0.983292
   1.626      0.974245
   1.630      0.965207
   1.634      0.956178
   1.637      0.947159
   1.641      0.938150
   1.644      0.929153
   1.648      0.920166
   1.651      0.911192
   1.655      0.902229
   1.659      0.893280
   1.662      0.884343
   1.666      0.875421
   1.669      0.866512
   1.673      0.857618
   1.676      0.848739
   1.680      0.839876
   1.683      0.831029
   1.687      0.822198
   1.691      0.813384
   1.694      0.804587
   1.698      0.795808
   1.701      0.787047
   1.705      0.778304
   1.708      0.769581
   1.712      0.760877
   1.716      0.752192
   1.719      0.743528
   1.723      0.734885
   1.726      0.726262
   1.730      0.717661
   1.733      0.709081
   1.737      0.700524
   1.741      0.691989
   1.744      0.683477
   1.748      0.674988
   1.751      0.666523
   1.755      0.658082
   1.758      0.649665
   1.762      0.641273
   1.766      0.632906
   1.769      0.624564
   1.773      0.616248
   1.776      0.607957
   1.780      0.599693
   1.783      0.591456
   1.787      0.583246
   1.790      0.575063
   1.794      0.566907
   1.798      0.558780
   1.801      0.550680
   1.805      0.542610
   1.808      0.534567
   1.812      0.526554
   1.815      0.518571
   1.819      0.510616
   1.823      0.502692
   1.826      0.494798
   1.830      0.486934
   1.833      0.479101
   1.837      0.471298
   1.840      0.463527
   1.844      0.455788
   1.848      0.448079
   1.851      0.440403
   1.855      0.432759
   1.858      0.425147
   1.862      0.417568
   1.865      0.410021
   1.869      0.402507
   1.873      0.395027
   1.876      0.387580
   1.880      0.380166
   1.883      0.372786
   1.887      0.365440
   1.890      0.358129
   1.894      0.350851
   1.897      0.343608
   1.901      0.336400
   1.905      0.329226
   1.908      0.322087
   1.912      0.314984
   1.915      0.307916
   1.919      0.300883
   1.922      0.293886
   1.926      0.286925
   1.930      0.279999
   1.933      0.273109
   1.937      0.266256
   1.940      0.259439
   1.944      0.252658
   1.947      0.245914
   1.951      0.239206
   1.955      0.232535
   1.958      0.225901
   1.962      0.219303
   1.965      0.212743
   1.969      0.206220
   1.972      0.199734
   1.976      0.193285
   1.980      0.186874
   1.983      0.180500
   1.987      0.174163
   1.990      0.167864
   1.994      0.161603
   1.997      0.155380
   2.001      0.149194
   2.004      0.143046
   2.008      0.136936
   2.012      0.130864
   2.015      0.124830
   2.019      0.118834
   2.022      0.112876
   2.026      0.106956
   2.029      0.101074
   2.033      0.095231
   2.037      0.089425
   2.040      0.083658
   2.044      0.077929
   2.047      0.072238
   2.051      0.066585
   2.054      0.060971
   2.058      0.055395
   2.062      0.049857
   2.065      0.044357
   2.069      0.038896
   2.072      0.033473
   2.076      0.028088
   2.079      0.022742
   2.083      0.017433
   2.087      0.012163
   2.090      0.006931
   2.094      0.001737
   2.097     -0.003419
   2.101     -0.008536
   2.104     -0.013616
   2.108     -0.018658
   2.111     -0.023661
   2.115     -0.028627
   2.119     -0.033555
   2.122     -0.038445
   2.126     -0.043297
   2.129     -0.048111
   2.133     -0.052888
   2.136     -0.057627
   2.140     -0.062329
   2.144     -0.066992
   2.147     -0.071619
   2.151     -0.076208
   2.154     -0.080760
   2.158     -0.085274
   2.161     -0.089751
   2.165     -0.094192
   2.169     -0.098595
   2.172     -0.102961
   2.176     -0.107290
   2.179     -0.111583
   2.183     -0.115838
   2.186     -0.120057
   2.190     -0.124240
   2.194     -0.128386
   2.197     -0.132496
   2.201     -0.136569
   2.204     -0.140607
   2.208     -0.144608
   2.211     -0.148573
   2.215     -0.152503
   2.218     -0.156397
   2.222     -0.160255
   2.226     -0.164077
   2.229     -0.167864
   2.233     -0.171616
   2.236     -0.175332
   2.240     -0.179014
   2.243     -0.182660
   2.247     -0.186272
   2.251     -0.189848
   2.254     -0.193390
   2.258     -0.196898
   2.261     -0.200371
   2.265     -0.203810
   2.268     -0.207215
   2.272     -0.210585
   2.276     -0.213922
   2.279     -0.217225
   2.283     -0.220495
   2.286     -0.223731
   2.290     -0.226933
   2.293     -0.230103
   2.297     -0.233239
   2.301     -0.236342
   2.304     -0.239412
   2.308     -0.242450
   2.311     -0.245455
   2.315     -0.248428
   2.318     -0.251368
   2.322     -0.254277
   2.325     -0.257153
   2.329     -0.259997
   2.333     -0.262810
   2.336     -0.265591
   2.340     -0.268341
   2.343     -0.271059
   2.347     -0.273747
   2.350     -0.276403
   2.354     -0.279029
   2.358     -0.281624
   2.361     -0.284188
   2.365     -0.286722
   2.368     -0.289226
   2.372     -0.291700
   2.375     -0.294143
   2.379     -0.296558
   2.383     -0.298942
   2.386     -0.301297
   2.390     -0.303623
   2.393     -0.305919
   2.397     -0.308187
   2.400     -0.310426
   2.404     -0.312636
   2.408     -0.314817
   2.411     -0.316970
   2.415     -0.319095
   2.418     -0.321192
   2.422     -0.323262
   2.425     -0.325303
   2.429     -0.327317
   2.432     -0.329303
   2.436     -0.331262
   2.440     -0.333195
   2.443     -0.335100
   2.447     -0.336978
   2.450     -0.338830
   2.454     -0.340655
   2.457     -0.342455
   2.461     -0.344228
   2.465     -0.345975
   2.468     -0.347696
   2.472     -0.349392
   2.475     -0.351062
   2.479     -0.352707
   2.482     -0.354326
   2.486     -0.355921
   2.490     -0.357491
   2.493     -0.359037
   2.497     -0.360557
   2.500     -0.362054
   2.504     -0.363526
   2.507     -0.364975
   2.511     -0.366399
   2.514     -0.367800
   2.518     -0.369177
   2.522     -0.370531
   2.525     -0.371862
   2.529     -0.373169
   2.532     -0.374454
   2.536     -0.375716
   2.539     -0.376956
   2.543     -0.378173
   2.547     -0.379368
   2.550     -0.380541
   2.554     -0.381692
   2.557     -0.382821
   2.561     -0.383928
   2.564     -0.385015
   2.568     -0.386080
   2.572     -0.387123
   2.575     -0.388146
   2.579     -0.389148
   2.582     -0.390129
   2.586     -0.391090
   2.589     -0.392031
   2.593     -0.392951
   2.597     -0.393852
   2.600     -0.394732
   2.604     -0.395593
   2.607     -0.396434
   2.611     -0.397256
   2.614     -0.398058
   2.618     -0.398842
   2.621     -0.399606
   2.625     -0.400352
   2.629     -0.401079
   2.632     -0.401788
   2.636     -0.402478
   2.639     -0.403150
   2.643     -0.403804
   2.646     -0.404441
   2.650     -0.405059
   2.654     -0.405660
   2.657     -0.406244
   2.661     -0.406810
   2.664     -0.407359
   2.668     -0.407891
   2.671     -0.408406
   2.675     -0.408905
   2.679     -0.409387
   2.682     -0.409852
   2.686     -0.410302
   2.689     -0.410735
   2.693     -0.411152
   2.696     -0.411553
   2.700     -0.411939
   2.704     -0.412309
   2.707     -0.412664
   2.711     -0.413003
   2.714     -0.413328
   2.718     -0.413637
   2.721     -0.413932
   2.725     -0.414211
   2.728     -0.414476
   2.732     -0.414727
   2.736     -0.414964
   2.739     -0.415186
   2.743     -0.415394
   2.746     -0.415588
   2.750     -0.415769
   2.753     -0.415936
   2.757     -0.416089
   2.761     -0.416229
   2.764     -0.416355
   2.768     -0.416469
   2.771     -0.416570
   2.775     -0.416657
   2.778     -0.416732
   2.782     -0.416795
   2.786     -0.416845
   2.789     -0.416882
   2.793     -0.416907
   2.796     -0.416921
   2.800     -0.416922
   2.803     -0.416911
   2.807     -0.416889
   2.811     -0.416855
   2.814     -0.416809
   2.818     -0.416752
   2.821     -0.416684
   2.825     -0.416605
   2.828     -0.416514
   2.832     -0.416413
   2.835     -0.416301
   2.839     -0.416178
   2.843     -0.416045
   2.846     -0.415901
   2.850     -0.415747
   2.853     -0.415583
   2.857     -0.415408
   2.860     -0.415224
   2.864     -0.415029
   2.868     -0.414825
   2.871     -0.414612
   2.875     -0.414388
   2.878     -0.414155
   2.882     -0.413913
   2.885     -0.413662
   2.889     -0.413401
   2.893     -0.413132
   2.896     -0.412853
   2.900     -0.412566
   2.903     -0.412270
   2.907     -0.411965
   2.910     -0.411652
   2.914     -0.411331
   2.918     -0.411001
   2.921     -0.410663
   2.925     -0.410316
   2.928     -0.409962
   2.932     -0.409600
   2.935     -0.409230
   2.939     -0.408852
   2.942     -0.408467
   2.946     -0.408074
   2.950     -0.407673
   2.953     -0.407266
   2.957     -0.406851
   2.960     -0.406428
   2.964     -0.405999
   2.967     -0.405563
   2.971     -0.405120
   2.975     -0.404670
   2.978     -0.404213
   2.982     -0.403750
   2.985     -0.403280
   2.989     -0.402803
   2.992     -0.402320
   2.996     -0.401831
   3.000     -0.401336
   3.003     -0.400835
   3.007     -0.400327
   3.010     -0.399814
   3.014     -0.399294
   3.017     -0.398769
   3.021     -0.398238
   3.025     -0.397702
   3.028     -0.397160
   3.032     -0.396612
   3.035     -0.396059
   3.039     -0.395500
   3.042     -0.394937
   3.046     -0.394368
   3.049     -0.393794
   3.053     -0.393215
   3.057     -0.392631
   3.060     -0.392042
   3.064     -0.391449
   3.067     -0.390850
   3.071     -0.390246
   3.074     -0.389636
   3.078     -0.389021
   3.082     -0.388403
   3.085     -0.387783
   3.089     -0.387159
   3.092     -0.386530
   3.096     -0.385897
   3.099     -0.385261
   3.103     -0.384620
   3.107     -0.383975
   3.110     -0.383326
   3.114     -0.382673
   3.117     -0.382016
   3.121     -0.381356
   3.124     -0.380692
   3.128     -0.380024
   3.132     -0.379352
   3.135     -0.378678
   3.139     -0.377999
   3.142     -0.377318
   3.146     -0.376632
   3.149     -0.375944
   3.153     -0.375253
   3.156     -0.374558
   3.160     -0.373860
   3.164     -0.373159
   3.167     -0.372455
   3.171     -0.371748
   3.174     -0.371038
   3.178     -0.370326
   3.181     -0.369610
   3.185     -0.368892
   3.189     -0.368171
   3.192     -0.367448
   3.196     -0.366722
   3.199     -0.365993
   3.203     -0.365262
   3.206     -0.364529
   3.210     -0.363793
   3.214     -0.363055
   3.217     -0.362314
   3.221     -0.361571
   3.224     -0.360826
   3.228     -0.360079
   3.231     -0.359330
   3.235     -0.358579
   3.239     -0.357825
   3.242     -0.357070
   3.246     -0.356313
   3.249     -0.355554
   3.253     -0.354793
   3.256     -0.354030
   3.260     -0.353266
   3.263     -0.352500
   3.267     -0.351732
   3.271     -0.350962
   3.274     -0.350191
   3.278     -0.349418
   3.281     -0.348644
   3.285     -0.347869
   3.288     -0.347092
   3.292     -0.346313
   3.296     -0.345533
   3.299     -0.344752
   3.303     -0.343970
   3.306     -0.343186
   3.310     -0.342401
   3.313     -0.341615
   3.317     -0.340827
   3.321     -0.340039
   3.324     -0.339250
   3.328     -0.338459
   3.331     -0.337668
   3.335     -0.336875
   3.338     -0.336082
   3.342     -0.335287
   3.346     -0.334492
   3.349     -0.333696
   3.353     -0.332899
   3.356     -0.332101
   3.360     -0.331303
   3.363     -0.330503
   3.367     -0.329704
   3.370     -0.328903
   3.374     -0.328102
   3.378     -0.327300
   3.381     -0.326497
   3.385     -0.325694
   3.388     -0.324891
   3.392     -0.324087
   3.395     -0.323282
   3.399     -0.322477
   3.403     -0.321672
   3.406     -0.320866
   3.410     -0.320060
   3.413     -0.319253
   3.417     -0.318447
   3.420     -0.317639
   3.424     -0.316832
   3.428     -0.316024
   3.431     -0.315216
   3.435     -0.314408
   3.438     -0.313600
   3.442     -0.312791
   3.445     -0.311983
   3.449     -0.311174
   3.453     -0.310365
   3.456     -0.309556
   3.460     -0.308747
   3.463     -0.307939
   3.467     -0.307130
   3.470     -0.306321
   3.474     -0.305512
   3.477     -0.304703
   3.481     -0.303894
   3.485     -0.303085
   3.488     -0.302276
   3.492     -0.301468
   3.495     -0.300659
   3.499     -0.299851
   3.502     -0.299043
   3.506     -0.298235
   3.510     -0.297428
   3.513     -0.296620
   3.517     -0.295813
   3.520     -0.295006
   3.524     -0.294200
   3.527     -0.293393
   3.531     -0.292587
   3.535     -0.291782
   3.538     -0.290976
   3.542     -0.290171
   3.545     -0.289367
   3.549     -0.288562
   3.552     -0.287759
   3.556     -0.286955
   3.560     -0.286152
   3.563     -0.285350
   3.567     -0.284548
   3.570     -0.283746
   3.574     -0.282945
   3.577     -0.282144
   3.581     -0.281344
   3.584     -0.280545
   3.588     -0.279746
   3.592     -0.278947
   3.595     -0.278149
   3.599     -0.277352
   3.602     -0.276555
   3.606     -0.275759
   3.609     -0.274963
   3.613     -0.274168
   3.617     -0.273374
   3.620     -0.272580
   3.624     -0.271787
   3.627     -0.270995
   3.631     -0.270203
   3.634     -0.269412
   3.638     -0.268622
   3.642     -0.267832
   3.645     -0.267043
   3.649     -0.266255
   3.652     -0.265467
   3.656     -0.264681
   3.659     -0.263895
   3.663     -0.263109
   3.667     -0.262325
   3.670     -0.261541
   3.674     -0.260758
   3.677     -0.259976
   3.681     -0.259195
   3.684     -0.258414
   3.688     -0.257635
   3.691     -0.256856
   3.695     -0.256078
   3.699     -0.255301
   3.702     -0.254524
   3.706     -0.253749
   3.709     -0.252974
   3.713     -0.252200
   3.716     -0.251427
   3.720     -0.250655
   3.724     -0.249884
   3.727     -0.249114
   3.731     -0.248344
   3.734     -0.247576
   3.738     -0.246808
   3.741     -0.246042
   3.745     -0.245276
   3.749     -0.244511
   3.752     -0.243747
   3.756     -0.242984
   3.759     -0.242222
   3.763     -0.241461
   3.766     -0.240701
   3.770     -0.239942
   3.774     -0.239184
   3.777     -0.238427
   3.781     -0.237670
   3.784     -0.236915
   3.788     -0.236161
   3.791     -0.235408
   3.795     -0.234655
   3.798     -0.233904
   3.802     -0.233154
   3.806     -0.232404
   3.809     -0.231656
   3.813     -0.230909
   3.816     -0.230162
   3.820     -0.229417
   3.823     -0.228673
   3.827     -0.227930
   3.831     -0.227187
   3.834     -0.226446
   3.838     -0.225706
   3.841     -0.224967
   3.845     -0.224229
   3.848     -0.223492
   3.852     -0.222756
   3.856     -0.222021
   3.859     -0.221287
   3.863     -0.220554
   3.866     -0.219822
   3.870     -0.219092
   3.873     -0.218362
   3.877     -0.217633
   3.881     -0.216906
   3.884     -0.216179
   3.888     -0.215454
   3.891     -0.214730
   3.895     -0.214006
   3.898     -0.213284
   3.902     -0.212563
   3.905     -0.211843
   3.909     -0.211124
   3.913     -0.210406
   3.916     -0.209689
   3.920     -0.208974
   3.923     -0.208259
   3.927     -0.207545
   3.930     -0.206833
   3.934     -0.206122
   3.938     -0.205411
   3.941     -0.204702
   3.945     -0.203994
   3.948     -0.203287
   3.952     -0.202581
   3.955     -0.201876
   3.959     -0.201173
   3.963     -0.200470
   3.966     -0.199769
   3.970     -0.199068
   3.973     -0.198369
   3.977     -0.197671
   3.980     -0.196974
   3.984     -0.196278
   3.988     -0.195583
   3.991     -0.194889
   3.995     -0.194196
   3.998     -0.193505
   4.002     -0.192814
   4.005     -0.192125
   4.009     -0.191437
   4.012     -0.190750
   4.016     -0.190064
   4.020     -0.189379
   4.023     -0.188695
   4.027     -0.188012
   4.030     -0.187330
   4.034     -0.186650
   4.037     -0.185971
   4.041     -0.185292
   4.045     -0.184615
   4.048     -0.183939
   4.052     -0.183264
   4.055     -0.182590
   4.059     -0.181918
   4.062     -0.181246
   4.066     -0.180575
   4.070     -0.179906
   4.073     -0.179238
   4.077     -0.178570
   4.080     -0.177904
   4.084     -0.177239
   4.087     -0.176575
   4.091     -0.175913
   4.095     -0.175251
   4.098     -0.174590
   4.102     -0.173931
   4.105     -0.173272
   4.109     -0.172615
   4.112     -0.171959
   4.116     -0.171304
   4.119     -0.170650
   4.123     -0.169997
   4.127     -0.169345
   4.130     -0.168694
   4.134     -0.168045
   4.137     -0.167396
   4.141     -0.166749
   4.144     -0.166103
   4.148     -0.165457
   4.152     -0.164813
   4.155     -0.164170
   4.159     -0.163528
   4.162     -0.162887
   4.166     -0.162248
   4.169     -0.161609
   4.173     -0.160971
   4.177     -0.160335
   4.180     -0.159699
   4.184     -0.159065
   4.187     -0.158432
   4.191     -0.157800
   4.194     -0.157169
   4.198     -0.156538
   4.202     -0.155910
   4.205     -0.155282
   4.209     -0.154655
   4.212     -0.154029
   4.216     -0.153404
   4.219     -0.152781
   4.223     -0.152158
   4.226     -0.151537
   4.230     -0.150917
   4.234     -0.150297
   4.237     -0.149679
   4.241     -0.149062
   4.244     -0.148446
   4.248     -0.147831
   4.251     -0.147217
   4.255     -0.146604
   4.259     -0.145992
   4.262     -0.145381
   4.266     -0.144771
   4.269     -0.144163
   4.273     -0.143555
   4.276     -0.142948
   4.280     -0.142343
   4.284     -0.141738
   4.287     -0.141135
   4.291     -0.140532
   4.294     -0.139931
   4.298     -0.139331
   4.301     -0.138731
   4.305     -0.138133
   4.309     -0.137536
   4.312     -0.136940
   4.316     -0.136344
   4.319     -0.135750
   4.323     -0.135157
   4.326     -0.134565
   4.330     -0.133974
   4.333     -0.133384
   4.337     -0.132795
   4.341     -0.132207
   4.344     -0.131620
   4.348     -0.131034
   4.351     -0.130449
   4.355     -0.129865
   4.358     -0.129283
   4.362     -0.128701
   4.366     -0.128120
   4.369     -0.127540
   4.373     -0.126961
   4.376     -0.126383
   4.380     -0.125806
   4.383     -0.125231
   4.387     -0.124656
   4.391     -0.124082
   4.394     -0.123509
   4.398     -0.122937
   4.401     -0.122367
   4.405     -0.121797
   4.408     -0.121228
   4.412     -0.120660
   4.416     -0.120093
   4.419     -0.119527
   4.423     -0.118962
   4.426     -0.118398
   4.430     -0.117836
   4.433     -0.117274
   4.437     -0.116713
   4.440     -0.116153
   4.444     -0.115594
   4.448     -0.115036
   4.451     -0.114478
   4.455     -0.113922
   4.458     -0.113367
   4.462     -0.112813
   4.465     -0.112260
   4.469     -0.111707
   4.473     -0.111156
   4.476     -0.110606
   4.480     -0.110056
   4.483     -0.109508
   4.487     -0.108961
   4.490     -0.108414
   4.494     -0.107868
   4.498     -0.107324
   4.501     -0.106780
   4.505     -0.106237
   4.508     -0.105696
   4.512     -0.105155
   4.515     -0.104615
   4.519     -0.104076
   4.523     -0.103538
   4.526     -0.103001
   4.530     -0.102464
   4.533     -0.101929
   4.537     -0.101395
   4.540     -0.100861
   4.544     -0.100329
   4.547     -0.099797
   4.551     -0.099267
   4.555     -0.098737
   4.558     -0.098208
   4.562     -0.097680
   4.565     -0.097153
   4.569     -0.096627
   4.572     -0.096102
   4.576     -0.095578
   4.580     -0.095055
   4.583     -0.094532
   4.587     -0.094011
   4.590     -0.093490
   4.594     -0.092970
   4.597     -0.092451
   4.601     -0.091933
   4.605     -0.091416
   4.608     -0.090900
   4.612     -0.090385
   4.615     -0.089870
   4.619     -0.089357
   4.622     -0.088844
   4.626     -0.088333
   4.630     -0.087822
   4.633     -0.087312
   4.637     -0.086803
   4.640     -0.086294
   4.644     -0.085787
   4.647     -0.085280
   4.651     -0.084775
   4.654     -0.084270
   4.658     -0.083766
   4.662     -0.083263
   4.665     -0.082761
   4.669     -0.082259
   4.672     -0.081759
   4.676     -0.081259
   4.679     -0.080761
   4.683     -0.080263
   4.687     -0.079766
   4.690     -0.079269
   4.694     -0.078774
   4.697     -0.078279
   4.701     -0.077786
   4.704     -0.077293
   4.708     -0.076801
   4.712     -0.076310
   4.715     -0.075819
   4.719     -0.075330
   4.722     -0.074841
   4.726     -0.074353
   4.729     -0.073866
   4.733     -0.073380
   4.737     -0.072895
   4.740     -0.072410
   4.744     -0.071926
   4.747     -0.071443
   4.751     -0.070961
   4.754     -0.070480
   4.758     -0.069999
   4.761     -0.069520
   4.765     -0.069041
   4.769     -0.068563
   4.772     -0.068086
   4.776     -0.067609
   4.779     -0.067133
   4.783     -0.066659
   4.786     -0.066184
   4.790     -0.065711
   4.794     -0.065239
   4.797     -0.064767
   4.801     -0.064296
   4.804     -0.063826
   4.808     -0.063357
   4.811     -0.062888
   4.815     -0.062420
   4.819     -0.061953
   4.822     -0.061487
   4.826     -0.061022
   4.829     -0.060557
   4.833     -0.060093
   4.836     -0.059630
   4.840     -0.059167
   4.844     -0.058706
   4.847     -0.058245
   4.851     -0.057785
   4.854     -0.057325
   4.858     -0.056867
   4.861     -0.056409
   4.865     -0.055952
   4.868     -0.055496
   4.872     -0.055040
   4.876     -0.054585
   4.879     -0.054131
   4.883     -0.053678
   4.886     -0.053225
   4.890     -0.052773
   4.893     -0.052322
   4.897     -0.051872
   4.901     -0.051422
   4.904     -0.050973
   4.908     -0.050525
   4.911     -0.050078
   4.915     -0.049631
   4.918     -0.049185
   4.922     -0.048740
   4.926     -0.048295
   4.929     -0.047851
   4.933     -0.047408
   4.936     -0.046966
   4.940     -0.046524
   4.943     -0.046083
   4.947     -0.045643
   4.951     -0.045203
   4.954     -0.044764
   4.958     -0.044326
   4.961     -0.043889
   4.965     -0.043452
   4.968     -0.043016
   4.972     -0.042581
   4.976     -0.042146
   4.979     -0.041712
   4.983     -0.041279
   4.986     -0.040846
   4.990     -0.040414
   4.993     -0.039983
   4.997     -0.039552
   5.000     -0.039122
   5.004     -0.038693
   5.008     -0.038265
   5.011     -0.037837
   5.015     -0.037410
   5.018     -0.036983
   5.022     -0.036558
   5.025     -0.036132
   5.029     -0.035708
   5.033     -0.035284
   5.036     -0.034861
   5.040     -0.034438
   5.043     -0.034017
   5.047     -0.033595
   5.050     -0.033175
   5.054     -0.032755
   5.058     -0.032336
   5.061     -0.031917
   5.065     -0.031499
   5.068     -0.031082
   5.072     -0.030666
   5.075     -0.030250
   5.079     -0.029834
   5.083     -0.029420
   5.086     -0.029005
   5.090     -0.028592
   5.093     -0.028179
   5.097     -0.027767
   5.100     -0.027356
   5.104     -0.026945
   5.107     -0.026534
   5.111     -0.026125
   5.115     -0.025716
   5.118     -0.025307
   5.122     -0.024899
   5.125     -0.024492
   5.129     -0.024086
   5.132     -0.023680
   5.136     -0.023274
   5.140     -0.022870
   5.143     -0.022466
   5.147     -0.022062
   5.150     -0.021659
   5.154     -0.021257
   5.157     -0.020855
   5.161     -0.020454
   5.165     -0.020054
   5.168     -0.019654
   5.172     -0.019254
   5.175     -0.018856
   5.179     -0.018457
   5.182     -0.018060
   5.186     -0.017663
   5.190     -0.017266
   5.193     -0.016871
   5.197     -0.016475
   5.200     -0.016081
   5.204     -0.015687
   5.207     -0.015293
   5.211     -0.014900
   5.214     -0.014508
   5.218     -0.014116
   5.222     -0.013725
   5.225     -0.013334
   5.229     -0.012944
   5.232     -0.012554
   5.236     -0.012165
   5.239     -0.011777
   5.243     -0.011389
   5.247     -0.011002
   5.250     -0.010615
   5.254     -0.010229
   5.257     -0.009843
   5.261     -0.009458
   5.264     -0.009073
   5.268     -0.008689
   5.272     -0.008306
   5.275     -0.007923
   5.279     -0.007540
   5.282     -0.007158
   5.286     -0.006777
   5.289     -0.006396
   5.293     -0.006016
   5.297     -0.005636
   5.300     -0.005256
   5.304     -0.004878
   5.307     -0.004499
   5.311     -0.004122
   5.314     -0.003744
   5.318     -0.003368
   5.321     -0.002991
   5.325     -0.002616
   5.329     -0.002241
   5.332     -0.001866
   5.336     -0.001492
   5.339     -0.001118
   5.343     -0.000745
   5.346     -0.000372
   5.350      0.000000
