   0.000      0.591870
   0.004      0.591870
   0.008      0.591870
   0.012      0.591870
   0.016      0.591870
   0.020      0.591870
   0.024      0.591870
   0.028      0.591870
   0.032      0.591870
   0.036      0.591870
   0.040      0.591870
   0.044      0.591870
   0.048      0.591870
   0.052      0.591870
   0.056      0.591870
   0.060      0.591869
   0.064      0.591869
   0.067      0.591869
   0.071      0.591869
   0.075      0.591868
   0.079      0.591868
   0.083      0.591867
   0.087      0.591866
   0.091      0.591866
   0.095      0.591865
   0.099      0.591864
   0.103      0.591863
   0.107      0.591861
   0.111      0.591860
   0.115      0.591859
   0.119      0.591857
   0.123      0.591855
   0.127      0.591853
   0.131      0.591851
   0.135      0.591848
   0.139      0.591845
   0.143      0.591842
   0.147      0.591839
   0.151      0.591836
   0.155      0.591832
   0.159      0.591828
   0.163      0.591824
   0.167      0.591819
   0.171      0.591814
   0.175      0.591808
   0.179      0.591803
   0.183      0.591796
   0.187      0.591790
   0.191      0.591783
   0.194      0.591775
   0.198      0.591767
   0.202      0.591759
   0.206      0.591750
   0.210      0.591741
   0.214      0.591731
   0.218      0.591720
   0.222      0.591709
   0.226      0.591697
   0.230      0.591685
   0.234      0.591672
   0.238      0.591658
   0.242      0.591644
   0.246      0.591629
   0.250      0.591613
   0.254      0.591597
   0.258      0.591579
   0.262      0.591561
   0.266      0.591542
   0.270      0.591523
   0.274      0.591502
   0.278      0.591481
   0.282      0.591458
   0.286      0.591435
   0.290      0.591411
   0.294      0.591385
   0.298      0.591359
   0.302      0.591332
   0.306      0.591303
   0.310      0.591274
   0.314      0.591243
   0.318      0.591212
   0.321      0.591179
   0.325      0.591145
   0.329      0.591110
   0.333      0.591073
   0.337      0.591035
   0.341      0.590996
   0.345      0.590956
   0.349      0.590914
   0.353      0.590871
   0.357      0.590827
   0.361      0.590781
   0.365      0.590733
   0.369      0.590684
   0.373      0.590634
   0.377      0.590582
   0.381      0.590529
   0.385      0.590474
   0.389      0.590417
   0.393      0.590359
   0.397      0.590299
   0.401      0.590237
   0.405      0.590173
   0.409      0.590108
   0.413      0.590041
   0.417      0.589972
   0.421      0.589902
   0.425      0.589829
   0.429      0.589755
   0.433      0.589678
   0.437      0.589600
   0.441      0.589520
   0.445      0.589438
   0.448      0.589353
   0.452      0.589267
   0.456      0.589178
   0.460      0.589088
   0.464      0.588995
   0.468      0.588900
   0.472      0.588803
   0.476      0.588703
   0.480      0.588602
   0.484      0.588498
   0.488      0.588391
   0.492      0.588283
   0.496      0.588172
   0.500      0.588059
   0.504      0.587943
   0.508      0.587825
   0.512      0.587704
   0.516      0.587581
   0.520      0.587455
   0.524      0.587327
   0.528      0.587196
   0.532      0.587062
   0.536      0.586926
   0.540      0.586788
   0.544      0.586646
   0.548      0.586502
   0.552      0.586355
   0.556      0.586206
   0.560      0.586053
   0.564      0.585898
   0.568      0.585740
   0.572      0.585579
   0.575      0.585416
   0.579      0.585249
   0.583      0.585080
   0.587      0.584908
   0.591      0.584732
   0.595      0.584554
   0.599      0.584373
   0.603      0.584188
   0.607      0.584001
   0.611      0.583811
   0.615      0.583617
   0.619      0.583421
   0.623      0.583221
   0.627      0.583019
   0.631      0.582813
   0.635      0.582604
   0.639      0.582392
   0.643      0.582176
   0.647      0.581958
   0.651      0.581736
   0.655      0.581511
   0.659      0.581282
   0.663      0.581051
   0.667      0.580816
   0.671      0.580578
   0.675      0.580336
   0.679      0.580092
   0.683      0.579844
   0.687      0.579592
   0.691      0.579337
   0.695      0.579079
   0.699      0.578818
   0.702      0.578553
   0.706      0.578284
   0.710      0.578013
   0.714      0.577738
   0.718      0.577459
   0.722      0.577177
   0.726      0.576892
   0.730      0.576603
   0.734      0.576310
   0.738      0.576015
   0.742      0.575716
   0.746      0.575413
   0.750      0.575107
   0.754      0.574797
   0.758      0.574484
   0.762      0.574168
   0.766      0.573848
   0.770      0.573525
   0.774      0.573198
   0.778      0.572867
   0.782      0.572534
   0.786      0.572196
   0.790      0.571856
   0.794      0.571512
   0.798      0.571164
   0.802      0.570813
   0.806      0.570459
   0.810      0.570101
   0.814      0.569740
   0.818      0.569375
   0.822      0.569007
   0.826      0.568636
   0.829      0.568261
   0.833      0.567883
   0.837      0.567502
   0.841      0.567117
   0.845      0.566729
   0.849      0.566337
   0.853      0.565943
   0.857      0.565545
   0.861      0.565143
   0.865      0.564739
   0.869      0.564331
   0.873      0.563921
   0.877      0.563507
   0.881      0.563089
   0.885      0.562669
   0.889      0.562246
   0.893      0.561819
   0.897      0.561390
   0.901      0.560957
   0.905      0.560522
   0.909      0.560083
   0.913      0.559642
   0.917      0.559197
   0.921      0.558750
   0.925      0.558300
   0.929      0.557847
   0.933      0.557391
   0.937      0.556933
   0.941      0.556471
   0.945      0.556007
   0.949      0.555541
   0.953      0.555072
   0.956      0.554600
   0.960      0.554125
   0.964      0.553649
   0.968      0.553169
   0.972      0.552688
   0.976      0.552203
   0.980      0.551717
   0.984      0.551228
   0.988      0.550737
   0.992      0.550244
   0.996      0.549748
   1.000      0.549251
   1.004      0.548751
   1.008      0.548250
   1.012      0.547746
   1.016      0.547240
   1.020      0.546733
   1.024      0.546224
   1.028      0.545712
   1.032      0.545200
   1.036      0.544685
   1.040      0.544169
   1.044      0.543651
   1.048      0.543132
   1.052      0.542611
   1.056      0.542088
   1.060      0.541565
   1.064      0.541040
   1.068      0.540513
   1.072      0.539986
   1.076      0.539457
   1.080      0.538927
   1.083      0.538397
   1.087      0.537865
   1.091      0.537332
   1.095      0.536798
   1.099      0.536263
   1.103      0.535728
   1.107      0.535192
   1.111      0.534655
   1.115      0.534118
   1.119      0.533579
   1.123      0.533041
   1.127      0.532502
   1.131      0.531962
   1.135      0.531423
   1.139      0.530883
   1.143      0.530342
   1.147      0.529802
   1.151      0.529261
   1.155      0.528720
   1.159      0.528179
   1.163      0.527639
   1.167      0.527098
   1.171      0.526557
   1.175      0.526017
   1.179      0.525477
   1.183      0.524937
   1.187      0.524397
   1.191      0.523858
   1.195      0.523320
   1.199      0.522781
   1.203      0.522244
   1.207      0.521707
   1.210      0.521170
   1.214      0.520634
   1.218      0.520099
   1.222      0.519565
   1.226      0.519031
   1.230      0.518499
   1.234      0.517967
   1.238      0.517436
   1.242      0.516907
   1.246      0.516378
   1.250      0.515850
   1.254      0.515324
   1.258      0.514798
   1.262      0.514274
   1.266      0.513751
   1.270      0.513230
   1.274      0.512709
   1.278      0.512190
   1.282      0.511673
   1.286      0.511157
   1.290      0.510642
   1.294      0.510129
   1.298      0.509617
   1.302      0.509107
   1.306      0.508599
   1.310      0.508092
   1.314      0.507587
   1.318      0.507084
   1.322      0.506582
   1.326      0.506082
   1.330      0.505584
   1.334      0.505087
   1.337      0.504592
   1.341      0.504100
   1.345      0.503609
   1.349      0.503120
   1.353      0.502633
   1.357      0.502148
   1.361      0.501664
   1.365      0.501183
   1.369      0.500704
   1.373      0.500227
   1.377      0.499751
   1.381      0.499278
   1.385      0.498807
   1.389      0.498338
   1.393      0.497871
   1.397      0.497406
   1.401      0.496943
   1.405      0.496483
   1.409      0.496024
   1.413      0.495568
   1.417      0.495113
   1.421      0.494661
   1.425      0.494211
   1.429      0.493763
   1.433      0.493318
   1.437      0.492874
   1.441      0.492433
   1.445      0.491994
   1.449      0.491557
   1.453      0.491122
   1.457      0.490689
   1.461      0.490259
   1.464      0.489831
   1.468      0.489404
   1.472      0.488980
   1.476      0.488559
   1.480      0.488139
   1.484      0.487722
   1.488      0.487306
   1.492      0.486893
   1.496      0.486482
   1.500      0.486073
   1.504      0.485666
   1.508      0.485262
   1.512      0.484859
   1.516      0.484459
   1.520      0.484060
   1.524      0.483664
   1.528      0.483270
   1.532      0.482877
   1.536      0.482487
   1.540      0.482099
   1.544      0.481713
   1.548      0.481328
   1.552      0.480946
   1.556      0.480566
   1.560      0.480187
   1.564      0.479811
   1.568      0.479436
   1.572      0.479063
   1.576      0.478693
   1.580      0.478323
   1.584      0.477956
   1.588      0.477591
   1.591      0.477227
   1.595      0.476865
   1.599      0.476505
   1.603      0.476147
   1.607      0.475790
   1.611      0.475435
   1.615      0.475081
   1.619      0.474730
   1.623      0.474379
   1.627      0.474031
   1.631      0.473684
   1.635      0.473338
   1.639      0.472994
   1.643      0.472651
   1.647      0.472310
   1.651      0.471970
   1.655      0.471632
   1.659      0.471295
   1.663      0.470959
   1.667      0.470625
   1.671      0.470292
   1.675      0.469960
   1.679      0.469629
   1.683      0.469300
   1.687      0.468971
   1.691      0.468644
   1.695      0.468318
   1.699      0.467993
   1.703      0.467669
   1.707      0.467347
   1.711      0.467025
   1.715      0.466704
   1.719      0.466384
   1.722      0.466065
   1.726      0.465746
   1.730      0.465429
   1.734      0.465113
   1.738      0.464797
   1.742      0.464482
   1.746      0.464167
   1.750      0.463854
   1.754      0.463541
   1.758      0.463229
   1.762      0.462917
   1.766      0.462606
   1.770      0.462295
   1.774      0.461985
   1.778      0.461676
   1.782      0.461366
   1.786      0.461058
   1.790      0.460749
   1.794      0.460441
   1.798      0.460134
   1.802      0.459826
   1.806      0.459519
   1.810      0.459212
   1.814      0.458906
   1.818      0.458599
   1.822      0.458293
   1.826      0.457987
   1.830      0.457681
   1.834      0.457375
   1.838      0.457069
   1.842      0.456763
   1.846      0.456457
   1.849      0.456151
   1.853      0.455845
   1.857      0.455538
   1.861      0.455232
   1.865      0.454926
   1.869      0.454619
   1.873      0.454312
   1.877      0.454005
   1.881      0.453697
   1.885      0.453390
   1.889      0.453082
   1.893      0.452773
   1.897      0.452464
   1.901      0.452155
   1.905      0.451846
   1.909      0.451536
   1.913      0.451225
   1.917      0.450914
   1.921      0.450602
   1.925      0.450290
   1.929      0.449978
   1.933      0.449664
   1.937      0.449351
   1.941      0.449036
   1.945      0.448721
   1.949      0.448405
   1.953      0.448088
   1.957      0.447771
   1.961      0.447453
   1.965      0.447134
   1.969      0.446814
   1.973      0.446494
   1.976      0.446173
   1.980      0.445851
   1.984      0.445527
   1.988      0.445204
   1.992      0.444879
   1.996      0.444553
   2.000      0.444226
   2.004      0.443899
   2.008      0.443570
   2.012      0.443240
   2.016      0.442910
   2.020      0.442578
   2.024      0.442245
   2.028      0.441911
   2.032      0.441576
   2.036      0.441240
   2.040      0.440903
   2.044      0.440565
   2.048      0.440226
   2.052      0.439885
   2.056      0.439543
   2.060      0.439200
   2.064      0.438856
   2.068      0.438511
   2.072      0.438164
   2.076      0.437817
   2.080      0.437468
   2.084      0.437117
   2.088      0.436766
   2.092      0.436413
   2.096      0.436059
   2.100      0.435704
   2.103      0.435347
   2.107      0.434989
   2.111      0.434630
   2.115      0.434269
   2.119      0.433908
   2.123      0.433544
   2.127      0.433180
   2.131      0.432814
   2.135      0.432447
   2.139      0.432078
   2.143      0.431708
   2.147      0.431336
   2.151      0.430964
   2.155      0.430590
   2.159      0.430214
   2.163      0.429837
   2.167      0.429459
   2.171      0.429079
   2.175      0.428698
   2.179      0.428316
   2.183      0.427932
   2.187      0.427546
   2.191      0.427160
   2.195      0.426772
   2.199      0.426382
   2.203      0.425991
   2.207      0.425599
   2.211      0.425205
   2.215      0.424810
   2.219      0.424413
   2.223      0.424016
   2.227      0.423616
   2.230      0.423216
   2.234      0.422813
   2.238      0.422410
   2.242      0.422005
   2.246      0.421599
   2.250      0.421191
   2.254      0.420782
   2.258      0.420372
   2.262      0.419960
   2.266      0.419547
   2.270      0.419133
   2.274      0.418717
   2.278      0.418300
   2.282      0.417881
   2.286      0.417461
   2.290      0.417040
   2.294      0.416618
   2.298      0.416194
   2.302      0.415769
   2.306      0.415343
   2.310      0.414915
   2.314      0.414486
   2.318      0.414056
   2.322      0.413624
   2.326      0.413192
   2.330      0.412758
   2.334      0.412322
   2.338      0.411886
   2.342      0.411448
   2.346      0.411010
   2.350      0.410570
   2.354      0.410128
   2.357      0.409686
   2.361      0.409243
   2.365      0.408798
   2.369      0.408352
   2.373      0.407905
   2.377      0.407457
   2.381      0.407008
   2.385      0.406558
   2.389      0.406106
   2.393      0.405654
   2.397      0.405201
   2.401      0.404746
   2.405      0.404291
   2.409      0.403834
   2.413      0.403377
   2.417      0.402918
   2.421      0.402459
   2.425      0.401998
   2.429      0.401537
   2.433      0.401075
   2.437      0.400611
   2.441      0.400147
   2.445      0.399682
   2.449      0.399216
   2.453      0.398750
   2.457      0.398282
   2.461      0.397814
   2.465      0.397345
   2.469      0.396875
   2.473      0.396404
   2.477      0.395932
   2.481      0.395460
   2.484      0.394987
   2.488      0.394514
   2.492      0.394039
   2.496      0.393564
   2.500      0.393088
   2.504      0.392612
   2.508      0.392135
   2.512      0.391657
   2.516      0.391179
   2.520      0.390700
   2.524      0.390221
   2.528      0.389741
   2.532      0.389260
   2.536      0.388779
   2.540      0.388298
   2.544      0.387816
   2.548      0.387333
   2.552      0.386850
   2.556      0.386367
   2.560      0.385883
   2.564      0.385399
   2.568      0.384915
   2.572      0.384430
   2.576      0.383944
   2.580      0.383459
   2.584      0.382973
   2.588      0.382487
   2.592      0.382000
   2.596      0.381514
   2.600      0.381027
   2.604      0.380539
   2.608      0.380052
   2.611      0.379564
   2.615      0.379076
   2.619      0.378589
   2.623      0.378100
   2.627      0.377612
   2.631      0.377124
   2.635      0.376635
   2.639      0.376147
   2.643      0.375658
   2.647      0.375170
   2.651      0.374681
   2.655      0.374192
   2.659      0.373704
   2.663      0.373215
   2.667      0.372726
   2.671      0.372238
   2.675      0.371749
   2.679      0.371261
   2.683      0.370772
   2.687      0.370284
   2.691      0.369796
   2.695      0.369308
   2.699      0.368821
   2.703      0.368333
   2.707      0.367846
   2.711      0.367358
   2.715      0.366872
   2.719      0.366385
   2.723      0.365898
   2.727      0.365412
   2.731      0.364926
   2.735      0.364441
   2.738      0.363956
   2.742      0.363471
   2.746      0.362986
   2.750      0.362502
   2.754      0.362018
   2.758      0.361535
   2.762      0.361051
   2.766      0.360569
   2.770      0.360087
   2.774      0.359605
   2.778      0.359124
   2.782      0.358643
   2.786      0.358162
   2.790      0.357683
   2.794      0.357203
   2.798      0.356724
   2.802      0.356246
   2.806      0.355768
   2.810      0.355291
   2.814      0.354815
   2.818      0.354339
   2.822      0.353863
   2.826      0.353389
   2.830      0.352914
   2.834      0.352441
   2.838      0.351968
   2.842      0.351496
   2.846      0.351024
   2.850      0.350553
   2.854      0.350083
   2.858      0.349614
   2.862      0.349145
   2.865      0.348677
   2.869      0.348210
   2.873      0.347743
   2.877      0.347277
   2.881      0.346812
   2.885      0.346348
   2.889      0.345884
   2.893      0.345421
   2.897      0.344960
   2.901      0.344498
   2.905      0.344038
   2.909      0.343579
   2.913      0.343120
   2.917      0.342662
   2.921      0.342205
   2.925      0.341749
   2.929      0.341294
   2.933      0.340839
   2.937      0.340386
   2.941      0.339933
   2.945      0.339482
   2.949      0.339031
   2.953      0.338581
   2.957      0.338132
   2.961      0.337684
   2.965      0.337237
   2.969      0.336790
   2.973      0.336345
   2.977      0.335901
   2.981      0.335457
   2.985      0.335015
   2.989      0.334574
   2.992      0.334133
   2.996      0.333693
   3.000      0.333255
   3.004      0.332817
   3.008      0.332381
   3.012      0.331945
   3.016      0.331510
   3.020      0.331077
   3.024      0.330644
   3.028      0.330212
   3.032      0.329782
   3.036      0.329352
   3.040      0.328923
   3.044      0.328496
   3.048      0.328069
   3.052      0.327644
   3.056      0.327219
   3.060      0.326795
   3.064      0.326373
   3.068      0.325951
   3.072      0.325531
   3.076      0.325111
   3.080      0.324693
   3.084      0.324275
   3.088      0.323859
   3.092      0.323443
   3.096      0.323029
   3.100      0.322616
   3.104      0.322203
   3.108      0.321792
   3.112      0.321382
   3.116      0.320972
   3.119      0.320564
   3.123      0.320157
   3.127      0.319751
   3.131      0.319345
   3.135      0.318941
   3.139      0.318538
   3.143      0.318136
   3.147      0.317735
   3.151      0.317334
   3.155      0.316935
   3.159      0.316537
   3.163      0.316140
   3.167      0.315744
   3.171      0.315349
   3.175      0.314954
