   0.000     -1.400037
   0.004     -1.400048
   0.008     -1.400060
   0.012     -1.400079
   0.016     -1.400105
   0.020     -1.400140
   0.024     -1.400181
   0.028     -1.400231
   0.032     -1.400288
   0.036     -1.400352
   0.040     -1.400424
   0.044     -1.400504
   0.048     -1.400591
   0.052     -1.400686
   0.056     -1.400789
   0.060     -1.400900
   0.064     -1.401018
   0.068     -1.401145
   0.072     -1.401279
   0.076     -1.401421
   0.080     -1.401572
   0.084     -1.401730
   0.088     -1.401897
   0.092     -1.402072
   0.096     -1.402255
   0.100     -1.402447
   0.104     -1.402647
   0.108     -1.402855
   0.112     -1.403072
   0.116     -1.403297
   0.120     -1.403531
   0.124     -1.403774
   0.128     -1.404025
   0.132     -1.404284
   0.136     -1.404552
   0.140     -1.404829
   0.144     -1.405114
   0.148     -1.405407
   0.152     -1.405709
   0.156     -1.406020
   0.160     -1.406339
   0.164     -1.406667
   0.168     -1.407003
   0.172     -1.407347
   0.176     -1.407701
   0.180     -1.408062
   0.184     -1.408432
   0.188     -1.408810
   0.192     -1.409197
   0.196     -1.409592
   0.200     -1.409996
   0.204     -1.410407
   0.208     -1.410827
   0.212     -1.411256
   0.216     -1.411692
   0.220     -1.412137
   0.224     -1.412590
   0.228     -1.413051
   0.232     -1.413520
   0.236     -1.413997
   0.240     -1.414482
   0.244     -1.414976
   0.248     -1.415477
   0.252     -1.415986
   0.256     -1.416503
   0.260     -1.417028
   0.264     -1.417561
   0.268     -1.418101
   0.272     -1.418649
   0.276     -1.419205
   0.280     -1.419769
   0.284     -1.420340
   0.288     -1.420918
   0.292     -1.421504
   0.296     -1.422098
   0.300     -1.422699
   0.304     -1.423307
   0.308     -1.423922
   0.312     -1.424545
   0.316     -1.425174
   0.320     -1.425811
   0.324     -1.426455
   0.328     -1.427105
   0.332     -1.427763
   0.336     -1.428427
   0.340     -1.429098
   0.344     -1.429776
   0.348     -1.430460
   0.352     -1.431151
   0.356     -1.431849
   0.360     -1.432552
   0.364     -1.433262
   0.368     -1.433978
   0.372     -1.434700
   0.376     -1.435429
   0.380     -1.436163
   0.384     -1.436903
   0.388     -1.437648
   0.392     -1.438400
   0.396     -1.439157
   0.400     -1.439920
   0.404     -1.440687
   0.408     -1.441461
   0.412     -1.442239
   0.416     -1.443023
   0.420     -1.443811
   0.424     -1.444605
   0.428     -1.445403
   0.432     -1.446206
   0.436     -1.447013
   0.440     -1.447825
   0.444     -1.448641
   0.448     -1.449462
   0.452     -1.450287
   0.456     -1.451115
   0.460     -1.451948
   0.464     -1.452784
   0.468     -1.453624
   0.472     -1.454468
   0.476     -1.455315
   0.480     -1.456165
   0.484     -1.457018
   0.488     -1.457875
   0.492     -1.458734
   0.496     -1.459596
   0.500     -1.460461
   0.504     -1.461328
   0.508     -1.462198
   0.512     -1.463069
   0.516     -1.463943
   0.520     -1.464819
   0.524     -1.465696
   0.528     -1.466576
   0.532     -1.467456
   0.536     -1.468338
   0.540     -1.469221
   0.544     -1.470105
   0.548     -1.470991
   0.552     -1.471876
   0.556     -1.472763
   0.560     -1.473649
   0.564     -1.474536
   0.568     -1.475423
   0.572     -1.476310
   0.576     -1.477197
   0.580     -1.478083
   0.584     -1.478969
   0.588     -1.479854
   0.592     -1.480738
   0.596     -1.481621
   0.600     -1.482502
   0.604     -1.483382
   0.608     -1.484261
   0.612     -1.485138
   0.616     -1.486013
   0.620     -1.486885
   0.624     -1.487755
   0.628     -1.488623
   0.632     -1.489488
   0.636     -1.490351
   0.640     -1.491210
   0.644     -1.492066
   0.648     -1.492918
   0.652     -1.493767
   0.656     -1.494612
   0.660     -1.495453
   0.664     -1.496290
   0.668     -1.497122
   0.672     -1.497950
   0.676     -1.498774
   0.680     -1.499592
   0.684     -1.500405
   0.688     -1.501213
   0.692     -1.502015
   0.696     -1.502811
   0.700     -1.503602
   0.704     -1.504386
   0.708     -1.505164
   0.712     -1.505936
   0.716     -1.506701
   0.720     -1.507459
   0.724     -1.508210
   0.728     -1.508953
   0.732     -1.509690
   0.736     -1.510418
   0.740     -1.511139
   0.744     -1.511851
   0.748     -1.512555
   0.752     -1.513251
   0.756     -1.513938
   0.760     -1.514616
   0.764     -1.515285
   0.768     -1.515945
   0.772     -1.516595
   0.776     -1.517236
   0.780     -1.517866
   0.784     -1.518487
   0.788     -1.519097
   0.792     -1.519697
   0.796     -1.520287
   0.800     -1.520865
   0.804     -1.521432
   0.808     -1.521989
   0.812     -1.522533
   0.816     -1.523066
   0.820     -1.523587
   0.824     -1.524097
   0.828     -1.524594
   0.832     -1.525078
   0.836     -1.525550
   0.840     -1.526009
   0.844     -1.526456
   0.848     -1.526889
   0.852     -1.527308
   0.856     -1.527715
   0.860     -1.528107
   0.864     -1.528486
   0.868     -1.528850
   0.872     -1.529200
   0.876     -1.529536
   0.880     -1.529857
   0.884     -1.530164
   0.888     -1.530455
   0.892     -1.530731
   0.896     -1.530992
   0.900     -1.531237
   0.904     -1.531467
   0.908     -1.531681
   0.912     -1.531878
   0.916     -1.532060
   0.920     -1.532225
   0.924     -1.532374
   0.928     -1.532506
   0.932     -1.532621
   0.936     -1.532719
   0.940     -1.532800
   0.944     -1.532863
   0.948     -1.532909
   0.952     -1.532938
   0.956     -1.532948
   0.960     -1.532941
   0.964     -1.532916
   0.968     -1.532872
   0.972     -1.532810
   0.976     -1.532729
   0.980     -1.532630
   0.984     -1.532511
   0.988     -1.532374
   0.992     -1.532218
   0.996     -1.532042
   1.000     -1.531847
   1.004     -1.531632
   1.008     -1.531398
   1.012     -1.531144
   1.016     -1.530870
   1.020     -1.530576
   1.024     -1.530262
   1.028     -1.529927
   1.032     -1.529572
   1.036     -1.529197
   1.040     -1.528800
   1.044     -1.528383
   1.048     -1.527945
   1.052     -1.527486
   1.056     -1.527006
   1.060     -1.526505
   1.064     -1.525982
   1.068     -1.525438
   1.072     -1.524872
   1.076     -1.524284
   1.080     -1.523675
   1.084     -1.523044
   1.088     -1.522390
   1.092     -1.521715
   1.096     -1.521017
   1.100     -1.520297
   1.104     -1.519555
   1.108     -1.518790
   1.112     -1.518003
   1.116     -1.517192
   1.120     -1.516359
   1.124     -1.515504
   1.128     -1.514625
   1.132     -1.513723
   1.136     -1.512798
   1.140     -1.511850
   1.144     -1.510879
   1.148     -1.509884
   1.152     -1.508866
   1.156     -1.507824
   1.160     -1.506759
   1.164     -1.505669
   1.168     -1.504557
   1.172     -1.503420
   1.176     -1.502259
   1.180     -1.501075
   1.184     -1.499866
   1.188     -1.498633
   1.192     -1.497376
   1.196     -1.496095
   1.200     -1.494789
   1.204     -1.493459
   1.208     -1.492104
   1.212     -1.490725
   1.216     -1.489321
   1.220     -1.487893
   1.224     -1.486440
   1.228     -1.484962
   1.232     -1.483459
   1.236     -1.481931
   1.240     -1.480378
   1.244     -1.478800
   1.248     -1.477197
   1.252     -1.475569
   1.256     -1.473916
   1.260     -1.472237
   1.264     -1.470533
   1.268     -1.468803
   1.272     -1.467048
   1.276     -1.465267
   1.280     -1.463461
   1.284     -1.461629
   1.288     -1.459772
   1.292     -1.457888
   1.296     -1.455979
   1.300     -1.454044
   1.304     -1.452083
   1.308     -1.450096
   1.312     -1.448083
   1.316     -1.446044
   1.320     -1.443978
   1.324     -1.441887
   1.328     -1.439769
   1.332     -1.437624
   1.336     -1.435454
   1.340     -1.433257
   1.344     -1.431033
   1.348     -1.428783
   1.352     -1.426506
   1.356     -1.424203
   1.360     -1.421873
   1.364     -1.419516
   1.368     -1.417132
   1.372     -1.414722
   1.376     -1.412284
   1.380     -1.409820
   1.384     -1.407328
   1.388     -1.404809
   1.392     -1.402264
   1.396     -1.399691
   1.400     -1.397090
   1.404     -1.394463
   1.408     -1.391808
   1.412     -1.389126
   1.416     -1.386416
   1.420     -1.383678
   1.424     -1.380914
   1.428     -1.378121
   1.432     -1.375301
   1.436     -1.372453
   1.440     -1.369578
   1.444     -1.366675
   1.448     -1.363743
   1.452     -1.360784
   1.456     -1.357797
   1.460     -1.354783
   1.464     -1.351740
   1.468     -1.348669
   1.472     -1.345570
   1.476     -1.342443
   1.480     -1.339287
   1.484     -1.336104
   1.488     -1.332892
   1.492     -1.329652
   1.496     -1.326384
   1.500     -1.323087
   1.504     -1.319762
   1.508     -1.316408
   1.512     -1.313026
   1.516     -1.309616
   1.520     -1.306177
   1.524     -1.302709
   1.528     -1.299213
   1.532     -1.295688
   1.536     -1.292134
   1.540     -1.288552
   1.544     -1.284941
   1.548     -1.281301
   1.552     -1.277633
   1.556     -1.273935
   1.560     -1.270209
   1.564     -1.266454
   1.568     -1.262671
   1.572     -1.258858
   1.576     -1.255017
   1.580     -1.251147
   1.584     -1.247248
   1.588     -1.243320
   1.592     -1.239363
   1.596     -1.235377
   1.600     -1.231362
   1.604     -1.227319
   1.608     -1.223247
   1.612     -1.219146
   1.616     -1.215016
   1.620     -1.210857
   1.624     -1.206669
   1.628     -1.202453
   1.632     -1.198208
   1.636     -1.193934
   1.640     -1.189632
   1.644     -1.185300
   1.648     -1.180941
   1.652     -1.176552
   1.656     -1.172135
   1.660     -1.167690
   1.664     -1.163216
   1.668     -1.158714
   1.672     -1.154184
   1.676     -1.149625
   1.680     -1.145038
   1.684     -1.140423
   1.688     -1.135780
   1.692     -1.131109
   1.696     -1.126410
   1.700     -1.121683
   1.704     -1.116928
   1.708     -1.112146
   1.712     -1.107337
   1.716     -1.102500
   1.720     -1.097636
   1.724     -1.092744
   1.728     -1.087826
   1.732     -1.082880
   1.736     -1.077908
   1.740     -1.072909
   1.744     -1.067883
   1.748     -1.062832
   1.752     -1.057753
   1.756     -1.052649
   1.760     -1.047519
   1.764     -1.042363
   1.768     -1.037182
   1.772     -1.031975
   1.776     -1.026743
   1.780     -1.021485
   1.784     -1.016203
   1.788     -1.010897
   1.792     -1.005565
   1.796     -1.000210
   1.800     -0.994831
   1.804     -0.989427
   1.808     -0.984000
   1.812     -0.978550
   1.816     -0.973077
   1.820     -0.967580
   1.824     -0.962061
   1.828     -0.956520
   1.832     -0.950957
   1.836     -0.945372
   1.840     -0.939765
   1.844     -0.934137
   1.848     -0.928488
   1.852     -0.922818
   1.856     -0.917127
   1.860     -0.911417
   1.864     -0.905687
   1.868     -0.899937
   1.872     -0.894168
   1.876     -0.888380
   1.880     -0.882574
   1.884     -0.876749
   1.888     -0.870907
   1.892     -0.865047
   1.896     -0.859170
   1.900     -0.853276
   1.904     -0.847366
   1.908     -0.841440
   1.912     -0.835497
   1.916     -0.829540
   1.920     -0.823568
   1.924     -0.817581
   1.928     -0.811579
   1.932     -0.805565
   1.936     -0.799536
   1.940     -0.793495
   1.944     -0.787441
   1.948     -0.781375
   1.952     -0.775297
   1.956     -0.769208
   1.960     -0.763108
   1.964     -0.756998
   1.968     -0.750877
   1.972     -0.744747
   1.976     -0.738607
   1.980     -0.732459
   1.984     -0.726303
   1.988     -0.720138
   1.992     -0.713966
   1.996     -0.707787
   2.000     -0.701602
   2.004     -0.695410
   2.008     -0.689213
   2.012     -0.683011
   2.016     -0.676804
   2.020     -0.670592
   2.024     -0.664377
   2.028     -0.658158
   2.032     -0.651936
   2.036     -0.645712
   2.040     -0.639485
   2.044     -0.633258
   2.048     -0.627028
   2.052     -0.620799
   2.056     -0.614569
   2.060     -0.608339
   2.064     -0.602109
   2.068     -0.595881
   2.072     -0.589655
   2.076     -0.583430
   2.080     -0.577208
   2.084     -0.570988
   2.088     -0.564772
   2.092     -0.558560
   2.096     -0.552352
   2.100     -0.546148
   2.104     -0.539950
   2.108     -0.533756
   2.112     -0.527569
   2.116     -0.521388
   2.120     -0.515214
   2.124     -0.509046
   2.128     -0.502887
   2.132     -0.496735
   2.136     -0.490591
   2.140     -0.484456
   2.144     -0.478331
   2.148     -0.472214
   2.152     -0.466108
   2.156     -0.460012
   2.160     -0.453926
   2.164     -0.447852
   2.168     -0.441789
   2.172     -0.435738
   2.176     -0.429698
   2.180     -0.423672
   2.184     -0.417658
   2.188     -0.411657
   2.192     -0.405669
   2.196     -0.399696
   2.200     -0.393737
   2.204     -0.387792
   2.208     -0.381862
   2.212     -0.375947
   2.216     -0.370048
   2.220     -0.364164
   2.224     -0.358296
   2.228     -0.352445
   2.232     -0.346610
   2.236     -0.340793
   2.240     -0.334992
   2.244     -0.329210
   2.248     -0.323444
   2.252     -0.317697
   2.256     -0.311969
   2.260     -0.306258
   2.264     -0.300567
   2.268     -0.294895
   2.272     -0.289242
   2.276     -0.283608
   2.280     -0.277995
   2.284     -0.272401
   2.288     -0.266828
   2.292     -0.261275
   2.296     -0.255743
   2.300     -0.250232
   2.304     -0.244742
   2.308     -0.239273
   2.312     -0.233826
   2.316     -0.228401
   2.320     -0.222997
   2.324     -0.217616
   2.328     -0.212257
   2.332     -0.206920
   2.336     -0.201606
   2.340     -0.196315
   2.344     -0.191046
   2.348     -0.185801
   2.352     -0.180579
   2.356     -0.175381
   2.360     -0.170206
   2.364     -0.165055
   2.368     -0.159928
   2.372     -0.154824
   2.376     -0.149745
   2.380     -0.144690
   2.384     -0.139660
   2.388     -0.134654
   2.392     -0.129672
   2.396     -0.124716
   2.400     -0.119784
   2.404     -0.114877
   2.408     -0.109995
   2.412     -0.105139
   2.416     -0.100307
   2.420     -0.095501
   2.424     -0.090721
   2.428     -0.085966
   2.432     -0.081236
   2.436     -0.076532
   2.440     -0.071854
   2.444     -0.067202
   2.448     -0.062576
   2.452     -0.057975
   2.456     -0.053401
   2.460     -0.048853
   2.464     -0.044331
   2.468     -0.039835
   2.472     -0.035366
   2.476     -0.030922
   2.480     -0.026505
   2.484     -0.022115
   2.488     -0.017751
   2.492     -0.013413
   2.496     -0.009102
   2.500     -0.004818
   2.504     -0.000560
   2.508      0.003671
   2.512      0.007876
   2.516      0.012054
   2.520      0.016205
   2.524      0.020330
   2.528      0.024428
   2.532      0.028499
   2.536      0.032543
   2.540      0.036561
   2.544      0.040552
   2.548      0.044516
   2.552      0.048453
   2.556      0.052364
   2.560      0.056248
   2.564      0.060105
   2.568      0.063935
   2.572      0.067739
   2.576      0.071515
   2.580      0.075266
   2.584      0.078989
   2.588      0.082686
   2.592      0.086356
   2.596      0.089999
   2.600      0.093616
   2.604      0.097206
   2.608      0.100770
   2.612      0.104307
   2.616      0.107817
   2.620      0.111301
   2.624      0.114758
   2.628      0.118189
   2.632      0.121594
   2.636      0.124972
   2.640      0.128324
   2.644      0.131650
   2.648      0.134949
   2.652      0.138223
   2.656      0.141470
   2.660      0.144691
   2.664      0.147886
   2.668      0.151054
   2.672      0.154197
   2.676      0.157314
   2.680      0.160405
   2.684      0.163471
   2.688      0.166510
   2.692      0.169524
   2.696      0.172512
   2.700      0.175475
   2.704      0.178412
   2.708      0.181324
   2.712      0.184210
   2.716      0.187071
   2.720      0.189906
   2.724      0.192717
   2.728      0.195502
   2.732      0.198262
   2.736      0.200997
   2.740      0.203707
   2.744      0.206393
   2.748      0.209053
   2.752      0.211689
   2.756      0.214300
   2.760      0.216887
   2.764      0.219449
   2.768      0.221986
   2.772      0.224500
   2.776      0.226989
   2.780      0.229453
   2.784      0.231894
   2.788      0.234311
   2.792      0.236703
   2.796      0.239072
   2.800      0.241417
   2.804      0.243738
   2.808      0.246036
   2.812      0.248310
   2.816      0.250561
   2.820      0.252788
   2.824      0.254992
   2.828      0.257173
   2.832      0.259330
   2.836      0.261465
   2.840      0.263576
   2.844      0.265665
   2.848      0.267731
   2.852      0.269774
   2.856      0.271795
   2.860      0.273793
   2.864      0.275769
   2.868      0.277722
   2.872      0.279653
   2.876      0.281562
   2.880      0.283449
   2.884      0.285314
   2.888      0.287158
   2.892      0.288979
   2.896      0.290779
   2.900      0.292557
   2.904      0.294313
   2.908      0.296049
   2.912      0.297763
   2.916      0.299455
   2.920      0.301127
   2.924      0.302778
   2.928      0.304407
   2.932      0.306016
   2.936      0.307605
   2.940      0.309172
   2.944      0.310719
   2.948      0.312246
   2.952      0.313752
   2.956      0.315238
   2.960      0.316704
   2.964      0.318150
   2.968      0.319576
   2.972      0.320982
   2.976      0.322368
   2.980      0.323735
   2.984      0.325082
   2.988      0.326410
   2.992      0.327718
   2.996      0.329007
   3.000      0.330277
   3.004      0.331528
   3.008      0.332760
   3.012      0.333973
   3.016      0.335168
   3.020      0.336343
   3.024      0.337500
   3.028      0.338639
   3.032      0.339760
   3.036      0.340862
   3.040      0.341946
   3.044      0.343011
   3.048      0.344059
   3.052      0.345090
   3.056      0.346102
   3.060      0.347097
   3.064      0.348074
   3.068      0.349033
   3.072      0.349976
   3.076      0.350901
   3.080      0.351809
   3.084      0.352700
   3.088      0.353574
   3.092      0.354431
   3.096      0.355271
   3.100      0.356095
   3.104      0.356902
   3.108      0.357692
   3.112      0.358467
   3.116      0.359225
   3.120      0.359966
   3.124      0.360692
   3.128      0.361402
   3.132      0.362096
   3.136      0.362774
   3.140      0.363437
   3.144      0.364084
   3.148      0.364715
   3.152      0.365331
   3.156      0.365932
   3.160      0.366517
   3.164      0.367088
   3.168      0.367643
   3.172      0.368184
   3.176      0.368710
   3.180      0.369221
   3.184      0.369718
   3.188      0.370200
   3.192      0.370667
   3.196      0.371121
   3.200      0.371560
   3.204      0.371985
   3.208      0.372396
   3.212      0.372793
   3.216      0.373176
   3.220      0.373545
   3.224      0.373901
   3.228      0.374243
   3.232      0.374572
   3.236      0.374887
   3.240      0.375189
   3.244      0.375478
   3.248      0.375754
   3.252      0.376017
   3.256      0.376267
   3.260      0.376504
   3.264      0.376728
   3.268      0.376940
   3.272      0.377139
   3.276      0.377326
   3.280      0.377500
   3.284      0.377662
   3.288      0.377812
   3.292      0.377950
   3.296      0.378076
   3.300      0.378190
   3.304      0.378292
   3.308      0.378382
   3.312      0.378461
   3.316      0.378528
   3.320      0.378584
   3.324      0.378628
   3.328      0.378661
   3.332      0.378683
   3.336      0.378694
   3.340      0.378693
   3.344      0.378682
   3.348      0.378660
   3.352      0.378627
   3.356      0.378583
   3.360      0.378529
   3.364      0.378465
   3.368      0.378389
   3.372      0.378304
   3.376      0.378208
   3.380      0.378102
   3.384      0.377986
   3.388      0.377860
   3.392      0.377724
   3.396      0.377578
   3.400      0.377423
   3.404      0.377257
   3.408      0.377082
   3.412      0.376898
   3.416      0.376704
   3.420      0.376501
   3.424      0.376288
   3.428      0.376066
   3.432      0.375836
   3.436      0.375596
   3.440      0.375347
   3.444      0.375089
   3.448      0.374822
   3.452      0.374547
   3.456      0.374263
   3.460      0.373970
   3.464      0.373669
   3.468      0.373360
   3.472      0.373042
   3.476      0.372716
   3.480      0.372381
   3.484      0.372039
   3.488      0.371688
   3.492      0.371330
   3.496      0.370963
   3.500      0.370589
   3.504      0.370207
   3.508      0.369817
   3.512      0.369420
   3.516      0.369015
   3.520      0.368603
   3.524      0.368183
   3.528      0.367756
   3.532      0.367322
   3.536      0.366880
   3.540      0.366432
   3.544      0.365976
   3.548      0.365514
   3.552      0.365044
   3.556      0.364568
   3.560      0.364085
   3.564      0.363595
   3.568      0.363098
   3.572      0.362595
   3.576      0.362086
   3.580      0.361570
   3.584      0.361048
   3.588      0.360519
   3.592      0.359984
   3.596      0.359443
   3.600      0.358896
   3.604      0.358343
   3.608      0.357784
   3.612      0.357219
   3.616      0.356648
   3.620      0.356071
   3.624      0.355489
   3.628      0.354901
   3.632      0.354307
   3.636      0.353708
   3.640      0.353104
   3.644      0.352494
   3.648      0.351878
   3.652      0.351258
   3.656      0.350632
   3.660      0.350001
   3.664      0.349365
   3.668      0.348723
   3.672      0.348077
   3.676      0.347426
   3.680      0.346770
   3.684      0.346110
   3.688      0.345444
   3.692      0.344774
   3.696      0.344099
   3.700      0.343420
   3.704      0.342736
   3.708      0.342047
   3.712      0.341354
   3.716      0.340657
   3.720      0.339956
   3.724      0.339250
   3.728      0.338540
   3.732      0.337826
   3.736      0.337108
   3.740      0.336386
   3.744      0.335659
   3.748      0.334929
   3.752      0.334195
   3.756      0.333458
   3.760      0.332716
   3.764      0.331971
   3.768      0.331222
   3.772      0.330469
   3.776      0.329713
   3.780      0.328953
   3.784      0.328190
   3.788      0.327424
   3.792      0.326654
   3.796      0.325881
   3.800      0.325104
   3.804      0.324325
   3.808      0.323542
   3.812      0.322756
   3.816      0.321967
   3.820      0.321175
   3.824      0.320380
   3.828      0.319582
   3.832      0.318781
   3.836      0.317977
   3.840      0.317171
   3.844      0.316361
   3.848      0.315549
   3.852      0.314735
   3.856      0.313918
   3.860      0.313098
   3.864      0.312276
   3.868      0.311451
   3.872      0.310623
   3.876      0.309794
   3.880      0.308962
   3.884      0.308127
   3.888      0.307291
   3.892      0.306452
   3.896      0.305611
   3.900      0.304768
   3.904      0.303923
   3.908      0.303075
   3.912      0.302226
   3.916      0.301375
   3.920      0.300521
   3.924      0.299666
   3.928      0.298809
   3.932      0.297950
   3.936      0.297090
   3.940      0.296227
   3.944      0.295363
   3.948      0.294497
   3.952      0.293630
   3.956      0.292761
   3.960      0.291890
   3.964      0.291018
   3.968      0.290145
   3.972      0.289269
   3.976      0.288393
   3.980      0.287515
   3.984      0.286636
   3.988      0.285755
   3.992      0.284874
   3.996      0.283991
   4.000      0.283106
   4.004      0.282221
   4.008      0.281335
   4.012      0.280447
   4.016      0.279558
   4.020      0.278669
   4.024      0.277778
   4.028      0.276886
   4.032      0.275993
   4.036      0.275100
   4.040      0.274205
   4.044      0.273310
   4.048      0.272414
   4.052      0.271517
   4.056      0.270620
   4.060      0.269721
   4.064      0.268822
   4.068      0.267922
   4.072      0.267022
   4.076      0.266121
   4.080      0.265220
   4.084      0.264318
   4.088      0.263415
   4.092      0.262512
   4.096      0.261608
   4.100      0.260704
   4.104      0.259800
   4.108      0.258895
   4.112      0.257990
   4.116      0.257085
   4.120      0.256179
   4.124      0.255273
   4.128      0.254367
   4.132      0.253461
   4.136      0.252554
   4.140      0.251647
   4.144      0.250740
   4.148      0.249833
   4.152      0.248926
   4.156      0.248019
   4.160      0.247112
   4.164      0.246205
   4.168      0.245298
   4.172      0.244391
   4.176      0.243483
   4.180      0.242576
   4.184      0.241669
   4.188      0.240763
   4.192      0.239856
   4.196      0.238950
   4.200      0.238043
   4.204      0.237137
   4.208      0.236232
   4.212      0.235326
   4.216      0.234421
   4.220      0.233516
   4.224      0.232611
   4.228      0.231707
   4.232      0.230803
   4.236      0.229900
   4.240      0.228996
   4.244      0.228094
   4.248      0.227192
   4.252      0.226290
   4.256      0.225388
   4.260      0.224488
   4.264      0.223587
   4.268      0.222688
   4.272      0.221789
   4.276      0.220890
   4.280      0.219992
   4.284      0.219095
   4.288      0.218198
   4.292      0.217302
   4.296      0.216407
   4.300      0.215512
   4.304      0.214618
   4.308      0.213725
   4.312      0.212833
   4.316      0.211941
   4.320      0.211050
   4.324      0.210160
   4.328      0.209270
   4.332      0.208382
   4.336      0.207494
   4.340      0.206607
   4.344      0.205721
   4.348      0.204836
   4.352      0.203952
   4.356      0.203069
   4.360      0.202186
   4.364      0.201305
   4.368      0.200425
   4.372      0.199545
   4.376      0.198667
   4.380      0.197789
   4.384      0.196913
   4.388      0.196037
   4.392      0.195163
   4.396      0.194290
   4.400      0.193417
   4.404      0.192546
   4.408      0.191676
   4.412      0.190807
   4.416      0.189939
   4.420      0.189072
   4.424      0.188207
   4.428      0.187342
   4.432      0.186479
   4.436      0.185617
   4.440      0.184756
   4.444      0.183897
   4.448      0.183038
   4.452      0.182181
   4.456      0.181325
   4.460      0.180470
   4.464      0.179616
   4.468      0.178764
   4.472      0.177913
   4.476      0.177063
   4.480      0.176215
   4.484      0.175368
   4.488      0.174522
   4.492      0.173678
   4.496      0.172835
   4.500      0.171993
   4.504      0.171152
   4.508      0.170313
   4.512      0.169476
   4.516      0.168639
   4.520      0.167804
   4.524      0.166971
   4.528      0.166139
   4.532      0.165308
   4.536      0.164479
   4.540      0.163651
   4.544      0.162824
   4.548      0.161999
   4.552      0.161176
   4.556      0.160354
   4.560      0.159533
   4.564      0.158714
   4.568      0.157897
   4.572      0.157080
   4.576      0.156266
   4.580      0.155453
   4.584      0.154641
   4.588      0.153831
   4.592      0.153022
   4.596      0.152215
   4.600      0.151409
   4.604      0.150605
   4.608      0.149803
   4.612      0.149002
   4.616      0.148203
   4.620      0.147405
   4.624      0.146609
   4.628      0.145814
   4.632      0.145021
   4.636      0.144229
   4.640      0.143439
   4.644      0.142651
   4.648      0.141864
   4.652      0.141079
   4.656      0.140296
   4.660      0.139514
   4.664      0.138734
   4.668      0.137955
   4.672      0.137178
   4.676      0.136402
   4.680      0.135629
   4.684      0.134856
   4.688      0.134086
   4.692      0.133317
   4.696      0.132550
   4.700      0.131784
   4.704      0.131020
   4.708      0.130258
   4.712      0.129497
   4.716      0.128739
   4.720      0.127981
   4.724      0.127226
   4.728      0.126472
   4.732      0.125719
   4.736      0.124969
   4.740      0.124220
   4.744      0.123473
   4.748      0.122727
   4.752      0.121983
   4.756      0.121241
   4.760      0.120501
   4.764      0.119762
   4.768      0.119025
   4.772      0.118289
   4.776      0.117556
   4.780      0.116824
   4.784      0.116093
   4.788      0.115365
   4.792      0.114638
   4.796      0.113913
   4.800      0.113189
   4.804      0.112467
   4.808      0.111747
   4.812      0.111029
   4.816      0.110312
   4.820      0.109597
   4.824      0.108884
   4.828      0.108173
   4.832      0.107463
   4.836      0.106755
   4.840      0.106048
   4.844      0.105344
   4.848      0.104641
   4.852      0.103940
   4.856      0.103240
   4.860      0.102542
   4.864      0.101846
   4.868      0.101152
   4.872      0.100459
   4.876      0.099769
   4.880      0.099079
   4.884      0.098392
   4.888      0.097706
   4.892      0.097022
   4.896      0.096340
   4.900      0.095659
   4.904      0.094980
   4.908      0.094303
   4.912      0.093628
   4.916      0.092954
   4.920      0.092282
   4.924      0.091612
   4.928      0.090943
   4.932      0.090277
   4.936      0.089611
   4.940      0.088948
   4.944      0.088286
   4.948      0.087626
   4.952      0.086968
   4.956      0.086311
   4.960      0.085657
   4.964      0.085004
   4.968      0.084352
   4.972      0.083702
   4.976      0.083054
   4.980      0.082408
   4.984      0.081763
   4.988      0.081120
   4.992      0.080479
   4.996      0.079840
   5.000      0.079202
   5.004      0.078566
   5.008      0.077931
   5.012      0.077299
   5.016      0.076668
   5.020      0.076038
   5.024      0.075410
   5.028      0.074784
   5.032      0.074160
   5.036      0.073537
   5.040      0.072916
   5.044      0.072297
   5.048      0.071679
   5.052      0.071063
   5.056      0.070449
   5.060      0.069836
   5.064      0.069225
   5.068      0.068616
   5.072      0.068008
   5.076      0.067402
   5.080      0.066798
   5.084      0.066195
   5.088      0.065594
   5.092      0.064994
   5.096      0.064396
   5.100      0.063800
   5.104      0.063205
   5.108      0.062612
   5.112      0.062021
   5.116      0.061431
   5.120      0.060843
   5.124      0.060256
   5.128      0.059671
   5.132      0.059087
   5.136      0.058506
   5.140      0.057925
   5.144      0.057346
   5.148      0.056769
   5.152      0.056194
   5.156      0.055620
   5.160      0.055047
   5.164      0.054476
   5.168      0.053907
   5.172      0.053339
   5.176      0.052772
   5.180      0.052207
   5.184      0.051644
   5.188      0.051082
   5.192      0.050522
   5.196      0.049963
   5.200      0.049406
   5.204      0.048850
   5.208      0.048296
   5.212      0.047743
   5.216      0.047191
   5.220      0.046642
   5.224      0.046093
   5.228      0.045546
   5.232      0.045001
   5.236      0.044456
   5.240      0.043914
   5.244      0.043373
   5.248      0.042833
   5.252      0.042294
   5.256      0.041757
   5.260      0.041222
   5.264      0.040688
   5.268      0.040155
   5.272      0.039623
   5.276      0.039093
   5.280      0.038565
   5.284      0.038037
   5.288      0.037511
   5.292      0.036987
   5.296      0.036463
   5.300      0.035941
   5.304      0.035421
   5.308      0.034901
   5.312      0.034383
   5.316      0.033867
   5.320      0.033351
   5.324      0.032837
   5.328      0.032324
   5.332      0.031813
   5.336      0.031303
   5.340      0.030794
   5.344      0.030286
   5.348      0.029779
   5.352      0.029274
   5.356      0.028770
   5.360      0.028267
   5.364      0.027765
   5.368      0.027265
   5.372      0.026766
   5.376      0.026268
   5.380      0.025771
   5.384      0.025275
   5.388      0.024781
   5.392      0.024287
   5.396      0.023795
   5.400      0.023304
   5.404      0.022814
   5.408      0.022326
   5.412      0.021838
   5.416      0.021351
   5.420      0.020866
   5.424      0.020382
   5.428      0.019898
   5.432      0.019416
   5.436      0.018935
   5.440      0.018455
   5.444      0.017976
   5.448      0.017498
   5.452      0.017021
   5.456      0.016545
   5.460      0.016070
   5.464      0.015596
   5.468      0.015123
   5.472      0.014651
   5.476      0.014180
   5.480      0.013710
   5.484      0.013241
   5.488      0.012772
   5.492      0.012305
   5.496      0.011839
   5.500      0.011373
   5.504      0.010909
   5.508      0.010445
   5.512      0.009982
   5.516      0.009520
   5.520      0.009059
   5.524      0.008599
   5.528      0.008139
   5.532      0.007681
   5.536      0.007223
   5.540      0.006766
   5.544      0.006309
   5.548      0.005854
   5.552      0.005399
   5.556      0.004946
   5.560      0.004492
   5.564      0.004040
   5.568      0.003588
   5.572      0.003137
   5.576      0.002687
   5.580      0.002238
   5.584      0.001789
   5.588      0.001341
   5.592      0.000893
   5.596      0.000446
   5.600      0.000000
