   0.000      0.000214
   0.004      0.002461
   0.007      0.004708
   0.011      0.007032
   0.015      0.009366
   0.018      0.011703
   0.022      0.014042
   0.026      0.016381
   0.029      0.018720
   0.033      0.021060
   0.037      0.023400
   0.040      0.025740
   0.044      0.028080
   0.048      0.030420
   0.051      0.032761
   0.055      0.035101
   0.059      0.037442
   0.062      0.039783
   0.066      0.042123
   0.070      0.044464
   0.073      0.046806
   0.077      0.049147
   0.081      0.051489
   0.084      0.053830
   0.088      0.056172
   0.092      0.058514
   0.095      0.060856
   0.099      0.063199
   0.103      0.065541
   0.106      0.067884
   0.110      0.070227
   0.114      0.072570
   0.117      0.074914
   0.121      0.077257
   0.125      0.079601
   0.128      0.081946
   0.132      0.084290
   0.136      0.086635
   0.139      0.088980
   0.143      0.091325
   0.147      0.093670
   0.150      0.096016
   0.154      0.098362
   0.158      0.100709
   0.161      0.103055
   0.165      0.105402
   0.169      0.107750
   0.172      0.110097
   0.176      0.112445
   0.180      0.114794
   0.183      0.117142
   0.187      0.119491
   0.191      0.121841
   0.194      0.124190
   0.198      0.126541
   0.202      0.128891
   0.205      0.131242
   0.209      0.133593
   0.213      0.135945
   0.216      0.138297
   0.220      0.140649
   0.224      0.143002
   0.227      0.145356
   0.231      0.147709
   0.235      0.150064
   0.238      0.152418
   0.242      0.154773
   0.246      0.157129
   0.249      0.159485
   0.253      0.161841
   0.257      0.164198
   0.260      0.166556
   0.264      0.168914
   0.268      0.171272
   0.271      0.173631
   0.275      0.175991
   0.279      0.178351
   0.282      0.180711
   0.286      0.183072
   0.290      0.185434
   0.293      0.187796
   0.297      0.190159
   0.301      0.192522
   0.304      0.194886
   0.308      0.197250
   0.312      0.199615
   0.315      0.201980
   0.319      0.204346
   0.323      0.206713
   0.326      0.209080
   0.330      0.211448
   0.334      0.213816
   0.337      0.216185
   0.341      0.218555
   0.345      0.220925
   0.348      0.223296
   0.352      0.225668
   0.356      0.228040
   0.359      0.230413
   0.363      0.232786
   0.367      0.235160
   0.370      0.237535
   0.374      0.239910
   0.378      0.242286
   0.381      0.244663
   0.385      0.247040
   0.389      0.249418
   0.392      0.251797
   0.396      0.254177
   0.400      0.256557
   0.403      0.258938
   0.407      0.261319
   0.411      0.263701
   0.414      0.266084
   0.418      0.268468
   0.422      0.270852
   0.425      0.273237
   0.429      0.275623
   0.433      0.278009
   0.436      0.280396
   0.440      0.282784
   0.444      0.285173
   0.447      0.287562
   0.451      0.289952
   0.455      0.292343
   0.458      0.294735
   0.462      0.297127
   0.466      0.299520
   0.469      0.301914
   0.473      0.304308
   0.477      0.306704
   0.480      0.309099
   0.484      0.311496
   0.488      0.313894
   0.491      0.316292
   0.495      0.318691
   0.499      0.321090
   0.502      0.323491
   0.506      0.325892
   0.510      0.328294
   0.513      0.330697
   0.517      0.333100
   0.521      0.335504
   0.524      0.337909
   0.528      0.340314
   0.532      0.342721
   0.535      0.345128
   0.539      0.347535
   0.543      0.349944
   0.546      0.352353
   0.550      0.354763
   0.554      0.357174
   0.557      0.359585
   0.561      0.361997
   0.565      0.364410
   0.568      0.366823
   0.572      0.369237
   0.576      0.371652
   0.579      0.374068
   0.583      0.376484
   0.587      0.378901
   0.590      0.381318
   0.594      0.383736
   0.598      0.386155
   0.601      0.388575
   0.605      0.390995
   0.609      0.393416
   0.612      0.395837
   0.616      0.398259
   0.620      0.400681
   0.623      0.403105
   0.627      0.405528
   0.631      0.407953
   0.634      0.410377
   0.638      0.412803
   0.642      0.415229
   0.645      0.417655
   0.649      0.420082
   0.653      0.422510
   0.656      0.424938
   0.660      0.427366
   0.664      0.429795
   0.667      0.432224
   0.671      0.434654
   0.675      0.437085
   0.678      0.439515
   0.682      0.441946
   0.686      0.444378
   0.689      0.446809
   0.693      0.449242
   0.697      0.451674
   0.700      0.454107
   0.704      0.456540
   0.708      0.458973
   0.711      0.461407
   0.715      0.463841
   0.719      0.466275
   0.722      0.468709
   0.726      0.471143
   0.730      0.473578
   0.733      0.476013
   0.737      0.478447
   0.741      0.480882
   0.744      0.483317
   0.748      0.485752
   0.752      0.488187
   0.755      0.490622
   0.759      0.493057
   0.763      0.495492
   0.766      0.497927
   0.770      0.500362
   0.774      0.502796
   0.777      0.505231
   0.781      0.507665
   0.785      0.510099
   0.788      0.512533
   0.792      0.514966
   0.796      0.517400
   0.799      0.519832
   0.803      0.522265
   0.807      0.524697
   0.810      0.527129
   0.814      0.529560
   0.818      0.531990
   0.821      0.534420
   0.825      0.536850
   0.829      0.539279
   0.832      0.541707
   0.836      0.544135
   0.840      0.546562
   0.843      0.548988
   0.847      0.551413
   0.851      0.553838
   0.854      0.556261
   0.858      0.558684
   0.862      0.561106
   0.865      0.563527
   0.869      0.565946
   0.873      0.568365
   0.876      0.570782
   0.880      0.573199
   0.884      0.575614
   0.887      0.578028
   0.891      0.580441
   0.895      0.582852
   0.898      0.585262
   0.902      0.587670
   0.906      0.590077
   0.909      0.592483
   0.913      0.594886
   0.917      0.597289
   0.920      0.599689
   0.924      0.602088
   0.928      0.604485
   0.931      0.606880
   0.935      0.609274
   0.939      0.611665
   0.942      0.614054
   0.946      0.616442
   0.950      0.618827
   0.953      0.621210
   0.957      0.623591
   0.961      0.625969
   0.964      0.628345
   0.968      0.630719
   0.972      0.633091
   0.975      0.635460
   0.979      0.637826
   0.983      0.640190
   0.986      0.642551
   0.990      0.644909
   0.994      0.647264
   0.997      0.649617
   1.001      0.651967
   1.005      0.654313
   1.008      0.656657
   1.012      0.658997
   1.016      0.661335
   1.019      0.663669
   1.023      0.665999
   1.027      0.668327
   1.030      0.670651
   1.034      0.672971
   1.038      0.675288
   1.041      0.677601
   1.045      0.679910
   1.049      0.682216
   1.052      0.684517
   1.056      0.686815
   1.060      0.689108
   1.063      0.691398
   1.067      0.693683
   1.071      0.695965
   1.074      0.698241
   1.078      0.700514
   1.082      0.702782
   1.085      0.705045
   1.089      0.707304
   1.093      0.709558
   1.096      0.711807
   1.100      0.714052
   1.104      0.716292
   1.107      0.718526
   1.111      0.720756
   1.115      0.722980
   1.118      0.725199
   1.122      0.727413
   1.126      0.729621
   1.129      0.731824
   1.133      0.734021
   1.137      0.736213
   1.140      0.738399
   1.144      0.740579
   1.148      0.742753
   1.151      0.744922
   1.155      0.747084
   1.159      0.749240
   1.162      0.751390
   1.166      0.753533
   1.170      0.755670
   1.173      0.757801
   1.177      0.759925
   1.181      0.762043
   1.184      0.764153
   1.188      0.766257
   1.192      0.768354
   1.195      0.770444
   1.199      0.772527
   1.203      0.774603
   1.206      0.776671
   1.210      0.778733
   1.214      0.780786
   1.217      0.782832
   1.221      0.784871
   1.225      0.786902
   1.228      0.788925
   1.232      0.790940
   1.236      0.792948
   1.239      0.794947
   1.243      0.796938
   1.247      0.798921
   1.250      0.800896
   1.254      0.802862
   1.258      0.804820
   1.261      0.806769
   1.265      0.808709
   1.269      0.810641
   1.272      0.812564
   1.276      0.814478
   1.280      0.816383
   1.283      0.818279
   1.287      0.820166
   1.291      0.822043
   1.294      0.823911
   1.298      0.825770
   1.302      0.827619
   1.305      0.829458
   1.309      0.831288
   1.313      0.833108
   1.316      0.834918
   1.320      0.836718
   1.324      0.838508
   1.327      0.840287
   1.331      0.842057
   1.335      0.843816
   1.338      0.845565
   1.342      0.847303
   1.346      0.849031
   1.349      0.850748
   1.353      0.852455
   1.357      0.854150
   1.360      0.855835
   1.364      0.857508
   1.368      0.859171
   1.371      0.860822
   1.375      0.862462
   1.379      0.864091
   1.382      0.865708
   1.386      0.867314
   1.390      0.868909
   1.393      0.870491
   1.397      0.872062
   1.401      0.873621
   1.404      0.875168
   1.408      0.876704
   1.412      0.878227
   1.415      0.879738
   1.419      0.881237
   1.423      0.882723
   1.426      0.884198
   1.430      0.885659
   1.434      0.887109
   1.437      0.888546
   1.441      0.889970
   1.445      0.891381
   1.448      0.892780
   1.452      0.894165
   1.456      0.895538
   1.459      0.896898
   1.463      0.898245
   1.467      0.899579
   1.470      0.900899
   1.474      0.902206
   1.478      0.903500
   1.481      0.904781
   1.485      0.906048
   1.489      0.907301
   1.492      0.908541
   1.496      0.909768
   1.500      0.910980
   1.503      0.912179
   1.507      0.913364
   1.511      0.914535
   1.514      0.915693
   1.518      0.916836
   1.522      0.917965
   1.525      0.919080
   1.529      0.920181
   1.533      0.921268
   1.536      0.922341
   1.540      0.923399
   1.544      0.924443
   1.547      0.925473
   1.551      0.926488
   1.555      0.927488
   1.558      0.928474
   1.562      0.929446
   1.566      0.930403
   1.569      0.931345
   1.573      0.932273
   1.577      0.933186
   1.580      0.934084
   1.584      0.934967
   1.588      0.935836
   1.591      0.936689
   1.595      0.937528
   1.599      0.938352
   1.602      0.939160
   1.606      0.939954
   1.610      0.940733
   1.613      0.941497
   1.617      0.942245
   1.621      0.942979
   1.624      0.943697
   1.628      0.944400
   1.632      0.945088
   1.635      0.945761
   1.639      0.946419
   1.643      0.947061
   1.646      0.947688
   1.650      0.948300
   1.654      0.948897
   1.657      0.949478
   1.661      0.950044
   1.665      0.950595
   1.668      0.951130
   1.672      0.951650
   1.676      0.952155
   1.679      0.952644
   1.683      0.953118
   1.687      0.953577
   1.690      0.954020
   1.694      0.954448
   1.698      0.954860
   1.701      0.955257
   1.705      0.955639
   1.709      0.956006
   1.712      0.956357
   1.716      0.956692
   1.720      0.957013
   1.723      0.957318
   1.727      0.957608
   1.731      0.957882
   1.734      0.958142
   1.738      0.958385
   1.742      0.958614
   1.745      0.958828
   1.749      0.959026
   1.753      0.959209
   1.756      0.959377
   1.760      0.959529
   1.764      0.959667
   1.767      0.959789
   1.771      0.959896
   1.775      0.959988
   1.778      0.960065
   1.782      0.960127
   1.786      0.960175
   1.789      0.960207
   1.793      0.960224
   1.797      0.960226
   1.800      0.960214
   1.804      0.960186
   1.808      0.960144
   1.811      0.960087
   1.815      0.960015
   1.819      0.959929
   1.822      0.959828
   1.826      0.959712
   1.830      0.959582
   1.833      0.959437
   1.837      0.959278
   1.841      0.959104
   1.844      0.958916
   1.848      0.958714
   1.852      0.958497
   1.855      0.958266
   1.859      0.958021
   1.863      0.957762
   1.866      0.957488
   1.870      0.957201
   1.874      0.956900
   1.877      0.956584
   1.881      0.956255
   1.885      0.955912
   1.888      0.955555
   1.892      0.955184
   1.896      0.954800
   1.899      0.954402
   1.903      0.953991
   1.907      0.953566
   1.910      0.953128
   1.914      0.952676
   1.918      0.952211
   1.921      0.951733
   1.925      0.951242
   1.929      0.950738
   1.932      0.950220
   1.936      0.949690
   1.940      0.949146
   1.943      0.948590
   1.947      0.948021
   1.951      0.947439
   1.954      0.946845
   1.958      0.946238
   1.962      0.945619
   1.965      0.944987
   1.969      0.944343
   1.973      0.943687
   1.976      0.943018
   1.980      0.942337
   1.984      0.941644
   1.987      0.940939
   1.991      0.940223
   1.995      0.939494
   1.998      0.938754
   2.002      0.938002
   2.006      0.937238
   2.009      0.936463
   2.013      0.935676
   2.017      0.934878
   2.020      0.934068
   2.024      0.933247
   2.028      0.932416
   2.031      0.931573
   2.035      0.930719
   2.039      0.929854
   2.042      0.928978
   2.046      0.928091
   2.050      0.927194
   2.053      0.926286
   2.057      0.925367
   2.061      0.924438
   2.064      0.923499
   2.068      0.922549
   2.072      0.921590
   2.075      0.920619
   2.079      0.919639
   2.083      0.918649
   2.086      0.917649
   2.090      0.916639
   2.094      0.915619
   2.097      0.914590
   2.101      0.913551
   2.105      0.912502
   2.108      0.911444
   2.112      0.910377
   2.116      0.909300
   2.119      0.908214
   2.123      0.907119
   2.127      0.906015
   2.130      0.904902
   2.134      0.903780
   2.138      0.902649
   2.141      0.901509
   2.145      0.900361
   2.149      0.899204
   2.152      0.898038
   2.156      0.896864
   2.160      0.895682
   2.163      0.894491
   2.167      0.893292
   2.171      0.892085
   2.174      0.890870
   2.178      0.889647
   2.182      0.888416
   2.185      0.887177
   2.189      0.885930
   2.193      0.884675
   2.196      0.883413
   2.200      0.882143
   2.204      0.880866
   2.207      0.879581
   2.211      0.878289
   2.215      0.876990
   2.218      0.875684
   2.222      0.874370
   2.226      0.873049
   2.229      0.871721
   2.233      0.870387
   2.237      0.869045
   2.240      0.867697
   2.244      0.866341
   2.248      0.864980
   2.251      0.863611
   2.255      0.862236
   2.259      0.860855
   2.262      0.859467
   2.266      0.858073
   2.270      0.856672
   2.273      0.855266
   2.277      0.853853
   2.281      0.852434
   2.284      0.851009
   2.288      0.849578
   2.292      0.848142
   2.295      0.846699
   2.299      0.845251
   2.303      0.843797
   2.306      0.842337
   2.310      0.840872
   2.314      0.839401
   2.317      0.837925
   2.321      0.836443
   2.325      0.834956
   2.328      0.833464
   2.332      0.831967
   2.336      0.830464
   2.339      0.828956
   2.343      0.827444
   2.347      0.825926
   2.350      0.824403
   2.354      0.822876
   2.358      0.821343
   2.361      0.819806
   2.365      0.818265
   2.369      0.816718
   2.372      0.815167
   2.376      0.813612
   2.380      0.812052
   2.383      0.810487
   2.387      0.808918
   2.391      0.807345
   2.394      0.805768
   2.398      0.804186
   2.402      0.802601
   2.405      0.801011
   2.409      0.799417
   2.413      0.797819
   2.416      0.796217
   2.420      0.794612
   2.424      0.793002
   2.427      0.791389
   2.431      0.789772
   2.435      0.788151
   2.438      0.786527
   2.442      0.784899
   2.446      0.783267
   2.449      0.781633
   2.453      0.779994
   2.457      0.778352
   2.460      0.776707
   2.464      0.775059
   2.468      0.773408
   2.471      0.771753
   2.475      0.770095
   2.479      0.768434
   2.482      0.766770
   2.486      0.765103
   2.490      0.763433
   2.493      0.761760
   2.497      0.760085
   2.501      0.758406
   2.504      0.756725
   2.508      0.755041
   2.512      0.753354
   2.515      0.751665
   2.519      0.749973
   2.523      0.748279
   2.526      0.746582
   2.530      0.744883
   2.534      0.743181
   2.537      0.741477
   2.541      0.739771
   2.545      0.738062
   2.548      0.736351
   2.552      0.734638
   2.556      0.732923
   2.559      0.731206
   2.563      0.729486
   2.567      0.727765
   2.570      0.726042
   2.574      0.724316
   2.578      0.722589
   2.581      0.720860
   2.585      0.719129
   2.589      0.717397
   2.592      0.715663
   2.596      0.713927
   2.600      0.712189
   2.603      0.710450
   2.607      0.708709
   2.611      0.706967
   2.614      0.705223
   2.618      0.703478
   2.622      0.701731
   2.625      0.699983
   2.629      0.698234
   2.633      0.696483
   2.636      0.694731
   2.640      0.692978
   2.644      0.691224
   2.647      0.689469
   2.651      0.687712
   2.655      0.685954
   2.658      0.684196
   2.662      0.682436
   2.666      0.680676
   2.669      0.678914
   2.673      0.677152
   2.677      0.675389
   2.680      0.673624
   2.684      0.671860
   2.688      0.670094
   2.691      0.668328
   2.695      0.666561
   2.699      0.664793
   2.702      0.663025
   2.706      0.661256
   2.710      0.659487
   2.713      0.657717
   2.717      0.655947
   2.721      0.654176
   2.724      0.652405
   2.728      0.650633
   2.732      0.648861
   2.735      0.647089
   2.739      0.645317
   2.743      0.643544
   2.746      0.641771
   2.750      0.639998
   2.754      0.638225
   2.757      0.636451
   2.761      0.634678
   2.765      0.632905
   2.768      0.631131
   2.772      0.629358
   2.776      0.627584
   2.779      0.625811
   2.783      0.624037
   2.787      0.622264
   2.790      0.620491
   2.794      0.618718
   2.798      0.616946
   2.801      0.615174
   2.805      0.613401
   2.809      0.611630
   2.812      0.609858
   2.816      0.608087
   2.820      0.606317
   2.823      0.604546
   2.827      0.602776
   2.831      0.601007
   2.834      0.599238
   2.838      0.597470
   2.842      0.595702
   2.845      0.593935
   2.849      0.592169
   2.853      0.590403
   2.856      0.588638
   2.860      0.586873
   2.864      0.585109
   2.867      0.583346
   2.871      0.581584
   2.875      0.579822
   2.878      0.578062
   2.882      0.576302
   2.886      0.574543
   2.889      0.572785
   2.893      0.571028
   2.897      0.569272
   2.900      0.567517
   2.904      0.565763
   2.908      0.564009
   2.911      0.562257
   2.915      0.560506
   2.919      0.558756
   2.922      0.557008
   2.926      0.555260
   2.930      0.553514
   2.933      0.551768
   2.937      0.550024
   2.941      0.548281
   2.944      0.546540
   2.948      0.544800
   2.952      0.543061
   2.955      0.541323
   2.959      0.539587
   2.963      0.537852
   2.966      0.536118
   2.970      0.534386
   2.974      0.532656
   2.977      0.530927
   2.981      0.529199
   2.985      0.527473
   2.988      0.525748
   2.992      0.524025
   2.996      0.522304
   2.999      0.520584
   3.003      0.518865
   3.007      0.517149
   3.010      0.515434
   3.014      0.513720
   3.018      0.512009
   3.021      0.510299
   3.025      0.508591
   3.029      0.506884
   3.032      0.505180
   3.036      0.503477
   3.040      0.501776
   3.043      0.500076
   3.047      0.498379
   3.051      0.496683
   3.054      0.494990
   3.058      0.493298
   3.062      0.491608
   3.065      0.489921
   3.069      0.488235
   3.073      0.486551
   3.076      0.484869
   3.080      0.483189
   3.084      0.481511
   3.087      0.479835
   3.091      0.478162
   3.095      0.476490
   3.098      0.474820
   3.102      0.473153
   3.106      0.471488
   3.109      0.469825
   3.113      0.468164
   3.117      0.466505
   3.120      0.464848
   3.124      0.463194
   3.128      0.461542
   3.131      0.459892
   3.135      0.458244
   3.139      0.456599
   3.142      0.454956
   3.146      0.453315
   3.150      0.451677
   3.153      0.450041
   3.157      0.448407
   3.161      0.446776
   3.164      0.445147
   3.168      0.443521
   3.172      0.441897
   3.175      0.440275
   3.179      0.438656
   3.183      0.437039
   3.186      0.435425
   3.190      0.433813
   3.194      0.432204
   3.197      0.430597
   3.201      0.428993
   3.205      0.427392
   3.208      0.425792
   3.212      0.424196
   3.216      0.422602
   3.219      0.421011
   3.223      0.419422
   3.227      0.417836
   3.230      0.416253
   3.234      0.414672
   3.238      0.413094
   3.241      0.411518
   3.245      0.409946
   3.249      0.408375
   3.252      0.406808
   3.256      0.405244
   3.260      0.403682
   3.263      0.402123
   3.267      0.400566
   3.271      0.399013
   3.274      0.397462
   3.278      0.395914
   3.282      0.394369
   3.285      0.392826
   3.289      0.391287
   3.293      0.389750
   3.296      0.388216
   3.300      0.386685
   3.304      0.385157
   3.307      0.383632
   3.311      0.382109
   3.315      0.380590
   3.318      0.379073
   3.322      0.377560
   3.326      0.376049
   3.329      0.374541
   3.333      0.373037
   3.337      0.371535
   3.340      0.370036
   3.344      0.368540
   3.348      0.367047
   3.351      0.365557
   3.355      0.364070
   3.359      0.362587
   3.362      0.361106
   3.366      0.359628
   3.370      0.358153
   3.373      0.356682
   3.377      0.355213
   3.381      0.353747
   3.384      0.352285
   3.388      0.350825
   3.392      0.349369
   3.395      0.347916
   3.399      0.346466
   3.403      0.345019
   3.406      0.343575
   3.410      0.342134
   3.414      0.340697
   3.417      0.339262
   3.421      0.337831
   3.425      0.336403
   3.428      0.334978
   3.432      0.333556
   3.436      0.332138
   3.439      0.330722
   3.443      0.329310
   3.447      0.327901
   3.450      0.326495
   3.454      0.325093
   3.458      0.323693
   3.461      0.322297
   3.465      0.320904
   3.469      0.319515
   3.472      0.318128
   3.476      0.316745
   3.480      0.315365
   3.483      0.313989
   3.487      0.312615
   3.491      0.311245
   3.494      0.309879
   3.498      0.308515
   3.502      0.307155
   3.505      0.305798
   3.509      0.304445
   3.513      0.303094
   3.516      0.301747
   3.520      0.300404
   3.524      0.299063
   3.527      0.297726
   3.531      0.296393
   3.535      0.295062
   3.538      0.293735
   3.542      0.292412
   3.546      0.291092
   3.549      0.289775
   3.553      0.288461
   3.557      0.287151
   3.560      0.285844
   3.564      0.284541
   3.568      0.283241
   3.571      0.281944
   3.575      0.280651
   3.579      0.279361
   3.582      0.278074
   3.586      0.276791
   3.590      0.275511
   3.593      0.274235
   3.597      0.272962
   3.601      0.271692
   3.604      0.270426
   3.608      0.269163
   3.612      0.267904
   3.615      0.266648
   3.619      0.265396
   3.623      0.264147
   3.626      0.262901
   3.630      0.261659
   3.634      0.260420
   3.637      0.259185
   3.641      0.257953
   3.645      0.256725
   3.648      0.255500
   3.652      0.254278
   3.656      0.253060
   3.659      0.251845
   3.663      0.250634
   3.667      0.249426
   3.670      0.248222
   3.674      0.247021
   3.678      0.245824
   3.681      0.244630
   3.685      0.243439
   3.689      0.242252
   3.692      0.241068
   3.696      0.239888
   3.700      0.238712
   3.703      0.237538
   3.707      0.236369
   3.711      0.235202
   3.714      0.234040
   3.718      0.232880
   3.722      0.231724
   3.725      0.230572
   3.729      0.229423
   3.733      0.228277
   3.736      0.227135
   3.740      0.225997
   3.744      0.224862
   3.747      0.223730
   3.751      0.222602
   3.755      0.221477
   3.758      0.220356
   3.762      0.219239
   3.766      0.218124
   3.769      0.217014
   3.773      0.215906
   3.777      0.214802
   3.780      0.213702
   3.784      0.212605
   3.788      0.211512
   3.791      0.210422
   3.795      0.209335
   3.799      0.208252
   3.802      0.207173
   3.806      0.206097
   3.810      0.205024
   3.813      0.203955
   3.817      0.202889
   3.821      0.201827
   3.824      0.200768
   3.828      0.199713
   3.832      0.198661
   3.835      0.197613
   3.839      0.196568
   3.843      0.195526
   3.846      0.194488
   3.850      0.193454
   3.854      0.192423
   3.857      0.191395
   3.861      0.190371
   3.865      0.189350
   3.868      0.188333
   3.872      0.187319
   3.876      0.186308
   3.879      0.185301
   3.883      0.184298
   3.887      0.183297
   3.890      0.182301
   3.894      0.181307
   3.898      0.180318
   3.901      0.179331
   3.905      0.178348
   3.909      0.177369
   3.912      0.176392
   3.916      0.175420
   3.920      0.174450
   3.923      0.173484
   3.927      0.172522
   3.931      0.171563
   3.934      0.170607
   3.938      0.169655
   3.942      0.168706
   3.945      0.167761
   3.949      0.166818
   3.953      0.165880
   3.956      0.164944
   3.960      0.164012
   3.964      0.163084
   3.967      0.162159
   3.971      0.161237
   3.975      0.160318
   3.978      0.159403
   3.982      0.158492
   3.986      0.157583
   3.989      0.156678
   3.993      0.155777
   3.997      0.154879
   4.000      0.153984
   4.004      0.153092
   4.008      0.152204
   4.011      0.151319
   4.015      0.150437
   4.019      0.149559
   4.022      0.148684
   4.026      0.147813
   4.030      0.146944
   4.033      0.146079
   4.037      0.145218
   4.041      0.144359
   4.044      0.143504
   4.048      0.142653
   4.052      0.141804
   4.055      0.140959
   4.059      0.140117
   4.063      0.139279
   4.066      0.138443
   4.070      0.137611
   4.074      0.136783
   4.077      0.135957
   4.081      0.135135
   4.085      0.134316
   4.088      0.133500
   4.092      0.132688
   4.096      0.131879
   4.099      0.131073
   4.103      0.130270
   4.107      0.129470
   4.110      0.128674
   4.114      0.127881
   4.118      0.127091
   4.121      0.126305
   4.125      0.125521
   4.129      0.124741
   4.132      0.123964
   4.136      0.123190
   4.140      0.122419
   4.143      0.121652
   4.147      0.120888
   4.151      0.120126
   4.154      0.119369
   4.158      0.118614
   4.162      0.117862
   4.165      0.117114
   4.169      0.116368
   4.173      0.115626
   4.176      0.114887
   4.180      0.114151
   4.184      0.113418
   4.187      0.112688
   4.191      0.111962
   4.195      0.111238
   4.198      0.110518
   4.202      0.109801
   4.206      0.109086
   4.209      0.108375
   4.213      0.107667
   4.217      0.106962
   4.220      0.106260
   4.224      0.105562
   4.228      0.104866
   4.231      0.104173
   4.235      0.103484
   4.239      0.102797
   4.242      0.102113
   4.246      0.101433
   4.250      0.100755
   4.253      0.100081
   4.257      0.099409
   4.261      0.098741
   4.264      0.098075
   4.268      0.097413
   4.272      0.096753
   4.275      0.096097
   4.279      0.095443
   4.283      0.094792
   4.286      0.094145
   4.290      0.093500
   4.294      0.092858
   4.297      0.092220
   4.301      0.091584
   4.305      0.090951
   4.308      0.090321
   4.312      0.089694
   4.316      0.089070
   4.319      0.088448
   4.323      0.087830
   4.327      0.087214
   4.330      0.086602
   4.334      0.085992
   4.338      0.085385
   4.341      0.084781
   4.345      0.084180
   4.349      0.083582
   4.352      0.082987
   4.356      0.082394
   4.360      0.081804
   4.363      0.081218
   4.367      0.080634
   4.371      0.080052
   4.374      0.079474
   4.378      0.078898
   4.382      0.078325
   4.385      0.077755
   4.389      0.077188
   4.393      0.076624
   4.396      0.076062
   4.400      0.075503
   4.404      0.074947
   4.407      0.074393
   4.411      0.073843
   4.415      0.073295
   4.418      0.072750
   4.422      0.072207
   4.426      0.071667
   4.429      0.071130
   4.433      0.070596
   4.437      0.070064
   4.440      0.069535
   4.444      0.069009
   4.448      0.068485
   4.451      0.067964
   4.455      0.067446
   4.459      0.066930
   4.462      0.066417
   4.466      0.065907
   4.470      0.065399
   4.473      0.064894
   4.477      0.064391
   4.481      0.063892
   4.484      0.063394
   4.488      0.062900
   4.492      0.062407
   4.495      0.061918
   4.499      0.061431
   4.503      0.060947
   4.506      0.060465
   4.510      0.059986
   4.514      0.059509
   4.517      0.059035
   4.521      0.058563
   4.525      0.058094
   4.528      0.057627
   4.532      0.057163
   4.536      0.056702
   4.539      0.056243
   4.543      0.055786
   4.547      0.055332
   4.550      0.054880
   4.554      0.054431
   4.558      0.053984
   4.561      0.053540
   4.565      0.053098
   4.569      0.052659
   4.572      0.052222
   4.576      0.051788
   4.580      0.051356
   4.583      0.050926
   4.587      0.050499
   4.591      0.050074
   4.594      0.049651
   4.598      0.049231
   4.602      0.048813
   4.605      0.048398
   4.609      0.047985
   4.613      0.047574
   4.616      0.047166
   4.620      0.046760
   4.624      0.046356
   4.627      0.045955
   4.631      0.045556
   4.635      0.045159
   4.638      0.044765
   4.642      0.044373
   4.646      0.043983
   4.649      0.043595
   4.653      0.043210
   4.657      0.042827
   4.660      0.042446
   4.664      0.042068
   4.668      0.041691
   4.671      0.041317
   4.675      0.040945
   4.679      0.040576
   4.682      0.040208
   4.686      0.039843
   4.690      0.039480
   4.693      0.039119
   4.697      0.038761
   4.701      0.038404
   4.704      0.038050
   4.708      0.037698
   4.712      0.037348
   4.715      0.037000
   4.719      0.036654
   4.723      0.036311
   4.726      0.035969
   4.730      0.035630
   4.734      0.035292
   4.737      0.034957
   4.741      0.034624
   4.745      0.034293
   4.748      0.033964
   4.752      0.033637
   4.756      0.033313
   4.759      0.032990
   4.763      0.032669
   4.767      0.032351
   4.770      0.032034
   4.774      0.031719
   4.778      0.031407
   4.781      0.031096
   4.785      0.030788
   4.789      0.030481
   4.792      0.030177
   4.796      0.029874
   4.800      0.029573
   4.803      0.029275
   4.807      0.028978
   4.811      0.028683
   4.814      0.028391
   4.818      0.028100
   4.822      0.027811
   4.825      0.027524
   4.829      0.027239
   4.833      0.026955
   4.836      0.026674
   4.840      0.026395
   4.844      0.026117
   4.847      0.025841
   4.851      0.025568
   4.855      0.025296
   4.858      0.025026
   4.862      0.024757
   4.866      0.024491
   4.869      0.024227
   4.873      0.023964
   4.877      0.023703
   4.880      0.023444
   4.884      0.023187
   4.888      0.022931
   4.891      0.022677
   4.895      0.022425
   4.899      0.022175
   4.902      0.021927
   4.906      0.021680
   4.910      0.021435
   4.913      0.021192
   4.917      0.020951
   4.921      0.020711
   4.924      0.020473
   4.928      0.020237
   4.932      0.020003
   4.935      0.019770
   4.939      0.019539
   4.943      0.019309
   4.946      0.019082
   4.950      0.018855
   4.954      0.018631
   4.957      0.018408
   4.961      0.018187
   4.965      0.017968
   4.968      0.017750
   4.972      0.017534
   4.976      0.017319
   4.979      0.017106
   4.983      0.016895
   4.987      0.016685
   4.990      0.016477
   4.994      0.016270
   4.998      0.016065
   5.001      0.015862
   5.005      0.015660
   5.009      0.015460
   5.012      0.015261
   5.016      0.015064
   5.020      0.014868
   5.023      0.014674
   5.027      0.014481
   5.031      0.014290
   5.034      0.014101
   5.038      0.013912
   5.042      0.013726
   5.045      0.013541
   5.049      0.013357
   5.053      0.013175
   5.056      0.012994
   5.060      0.012815
   5.064      0.012637
   5.067      0.012461
   5.071      0.012286
   5.075      0.012112
   5.078      0.011940
   5.082      0.011769
   5.086      0.011600
   5.089      0.011432
   5.093      0.011266
   5.097      0.011101
   5.100      0.010937
   5.104      0.010775
   5.108      0.010614
   5.111      0.010454
   5.115      0.010296
   5.119      0.010140
   5.122      0.009984
   5.126      0.009830
   5.130      0.009677
   5.133      0.009526
   5.137      0.009376
   5.141      0.009227
   5.144      0.009079
   5.148      0.008933
   5.152      0.008788
   5.155      0.008645
   5.159      0.008502
   5.163      0.008361
   5.166      0.008221
   5.170      0.008083
   5.174      0.007946
   5.177      0.007810
   5.181      0.007675
   5.185      0.007541
   5.188      0.007409
   5.192      0.007278
   5.196      0.007148
   5.199      0.007019
   5.203      0.006892
   5.207      0.006766
   5.210      0.006641
   5.214      0.006517
   5.218      0.006394
   5.221      0.006273
   5.225      0.006152
   5.229      0.006033
   5.232      0.005915
   5.236      0.005798
   5.240      0.005682
   5.243      0.005568
   5.247      0.005454
   5.251      0.005342
   5.254      0.005231
   5.258      0.005120
   5.262      0.005011
   5.265      0.004903
   5.269      0.004797
   5.273      0.004691
   5.276      0.004586
   5.280      0.004482
   5.284      0.004380
   5.287      0.004278
   5.291      0.004178
   5.295      0.004079
   5.298      0.003980
   5.302      0.003883
   5.306      0.003787
   5.309      0.003691
   5.313      0.003597
   5.317      0.003504
   5.320      0.003411
   5.324      0.003320
   5.328      0.003230
   5.331      0.003141
   5.335      0.003052
   5.339      0.002965
   5.342      0.002879
   5.346      0.002793
   5.350      0.002709
   5.353      0.002626
   5.357      0.002543
   5.361      0.002461
   5.364      0.002381
   5.368      0.002301
   5.372      0.002222
   5.375      0.002144
   5.379      0.002067
   5.383      0.001991
   5.386      0.001916
   5.390      0.001842
   5.394      0.001768
   5.397      0.001696
   5.401      0.001624
   5.405      0.001554
   5.408      0.001484
   5.412      0.001415
   5.416      0.001347
   5.419      0.001279
   5.423      0.001213
   5.427      0.001147
   5.430      0.001082
   5.434      0.001018
   5.438      0.000955
   5.441      0.000893
   5.445      0.000831
   5.449      0.000770
   5.452      0.000710
   5.456      0.000651
   5.460      0.000593
   5.463      0.000535
   5.467      0.000478
   5.471      0.000422
   5.474      0.000367
   5.478      0.000312
   5.482      0.000259
   5.485      0.000206
   5.489      0.000153
   5.493      0.000101
   5.496      0.000050
   5.500      0.000000
