   0.000      0.352686
   0.004      0.352697
   0.007      0.352709
   0.011      0.352728
   0.015      0.352755
   0.018      0.352790
   0.022      0.352832
   0.026      0.352882
   0.029      0.352940
   0.033      0.353005
   0.037      0.353078
   0.040      0.353159
   0.044      0.353248
   0.048      0.353344
   0.051      0.353448
   0.055      0.353559
   0.059      0.353679
   0.062      0.353806
   0.066      0.353940
   0.070      0.354083
   0.073      0.354233
   0.077      0.354391
   0.081      0.354556
   0.084      0.354730
   0.088      0.354911
   0.092      0.355100
   0.095      0.355296
   0.099      0.355500
   0.103      0.355712
   0.106      0.355932
   0.110      0.356159
   0.114      0.356394
   0.117      0.356637
   0.121      0.356888
   0.125      0.357146
   0.128      0.357413
   0.132      0.357687
   0.136      0.357969
   0.139      0.358258
   0.143      0.358556
   0.147      0.358861
   0.150      0.359174
   0.154      0.359495
   0.158      0.359824
   0.161      0.360161
   0.165      0.360505
   0.169      0.360858
   0.172      0.361218
   0.176      0.361587
   0.180      0.361963
   0.183      0.362347
   0.187      0.362740
   0.191      0.363140
   0.194      0.363548
   0.198      0.363964
   0.202      0.364389
   0.205      0.364821
   0.209      0.365261
   0.213      0.365710
   0.216      0.366166
   0.220      0.366631
   0.224      0.367104
   0.227      0.367585
   0.231      0.368074
   0.235      0.368571
   0.238      0.369076
   0.242      0.369590
   0.246      0.370112
   0.249      0.370642
   0.253      0.371180
   0.257      0.371727
   0.260      0.372282
   0.264      0.372845
   0.268      0.373416
   0.271      0.373996
   0.275      0.374584
   0.279      0.375181
   0.282      0.375786
   0.286      0.376399
   0.290      0.377021
   0.293      0.377652
   0.297      0.378290
   0.301      0.378938
   0.304      0.379594
   0.308      0.380258
   0.312      0.380931
   0.315      0.381613
   0.319      0.382303
   0.323      0.383001
   0.326      0.383709
   0.330      0.384425
   0.334      0.385150
   0.337      0.385883
   0.341      0.386625
   0.345      0.387376
   0.348      0.388136
   0.352      0.388904
   0.356      0.389682
   0.359      0.390468
   0.363      0.391263
   0.367      0.392066
   0.370      0.392879
   0.374      0.393701
   0.378      0.394531
   0.381      0.395371
   0.385      0.396219
   0.389      0.397077
   0.392      0.397943
   0.396      0.398819
   0.400      0.399704
   0.403      0.400597
   0.407      0.401500
   0.411      0.402412
   0.414      0.403333
   0.418      0.404263
   0.422      0.405203
   0.425      0.406151
   0.429      0.407109
   0.433      0.408076
   0.436      0.409053
   0.440      0.410038
   0.444      0.411033
   0.447      0.412038
   0.451      0.413051
   0.455      0.414074
   0.458      0.415107
   0.462      0.416149
   0.466      0.417200
   0.469      0.418261
   0.473      0.419331
   0.477      0.420410
   0.480      0.421500
   0.484      0.422598
   0.488      0.423706
   0.491      0.424824
   0.495      0.425952
   0.499      0.427088
   0.502      0.428235
   0.506      0.429391
   0.510      0.430557
   0.513      0.431732
   0.517      0.432917
   0.521      0.434112
   0.524      0.435317
   0.528      0.436531
   0.532      0.437755
   0.535      0.438989
   0.539      0.440232
   0.543      0.441485
   0.546      0.442748
   0.550      0.444021
   0.554      0.445303
   0.557      0.446596
   0.561      0.447898
   0.565      0.449210
   0.568      0.450532
   0.572      0.451863
   0.576      0.453205
   0.579      0.454556
   0.583      0.455918
   0.587      0.457289
   0.590      0.458670
   0.594      0.460061
   0.598      0.461461
   0.601      0.462872
   0.605      0.464293
   0.609      0.465723
   0.612      0.467164
   0.616      0.468614
   0.620      0.470074
   0.623      0.471544
   0.627      0.473024
   0.631      0.474514
   0.634      0.476014
   0.638      0.477524
   0.642      0.479043
   0.645      0.480573
   0.649      0.482112
   0.653      0.483662
   0.656      0.485221
   0.660      0.486790
   0.664      0.488368
   0.667      0.489957
   0.671      0.491555
   0.675      0.493164
   0.678      0.494782
   0.682      0.496410
   0.686      0.498047
   0.689      0.499695
   0.693      0.501352
   0.697      0.503019
   0.700      0.504695
   0.704      0.506381
   0.708      0.508077
   0.711      0.509783
   0.715      0.511498
   0.719      0.513222
   0.722      0.514956
   0.726      0.516700
   0.730      0.518453
   0.733      0.520216
   0.737      0.521988
   0.741      0.523770
   0.744      0.525561
   0.748      0.527361
   0.752      0.529170
   0.755      0.530989
   0.759      0.532817
   0.763      0.534654
   0.766      0.536501
   0.770      0.538356
   0.774      0.540221
   0.777      0.542094
   0.781      0.543976
   0.785      0.545868
   0.788      0.547768
   0.792      0.549677
   0.796      0.551595
   0.799      0.553521
   0.803      0.555456
   0.807      0.557400
   0.810      0.559352
   0.814      0.561313
   0.818      0.563282
   0.821      0.565259
   0.825      0.567245
   0.829      0.569238
   0.832      0.571240
   0.836      0.573250
   0.840      0.575268
   0.843      0.577294
   0.847      0.579328
   0.851      0.581369
   0.854      0.583419
   0.858      0.585475
   0.862      0.587540
   0.865      0.589611
   0.869      0.591690
   0.873      0.593777
   0.876      0.595870
   0.880      0.597971
   0.884      0.600078
   0.887      0.602193
   0.891      0.604314
   0.895      0.606442
   0.898      0.608576
   0.902      0.610717
   0.906      0.612864
   0.909      0.615018
   0.913      0.617178
   0.917      0.619344
   0.920      0.621515
   0.924      0.623693
   0.928      0.625876
   0.931      0.628065
   0.935      0.630260
   0.939      0.632460
   0.942      0.634665
   0.946      0.636875
   0.950      0.639090
   0.953      0.641310
   0.957      0.643535
   0.961      0.645764
   0.964      0.647998
   0.968      0.650236
   0.972      0.652479
   0.975      0.654725
   0.979      0.656975
   0.983      0.659229
   0.986      0.661487
   0.990      0.663748
   0.994      0.666013
   0.997      0.668281
   1.001      0.670552
   1.005      0.672825
   1.008      0.675102
   1.012      0.677381
   1.016      0.679662
   1.019      0.681946
   1.023      0.684231
   1.027      0.686519
   1.030      0.688808
   1.034      0.691099
   1.038      0.693392
   1.041      0.695686
   1.045      0.697980
   1.049      0.700276
   1.052      0.702573
   1.056      0.704870
   1.060      0.707167
   1.063      0.709465
   1.067      0.711762
   1.071      0.714060
   1.074      0.716357
   1.078      0.718653
   1.082      0.720949
   1.085      0.723244
   1.089      0.725538
   1.093      0.727831
   1.096      0.730122
   1.100      0.732412
   1.104      0.734699
   1.107      0.736985
   1.111      0.739268
   1.115      0.741549
   1.118      0.743828
   1.122      0.746103
   1.126      0.748376
   1.129      0.750645
   1.133      0.752911
   1.137      0.755173
   1.140      0.757431
   1.144      0.759686
   1.148      0.761936
   1.151      0.764181
   1.155      0.766422
   1.159      0.768658
   1.162      0.770889
   1.166      0.773115
   1.170      0.775335
   1.173      0.777549
   1.177      0.779758
   1.181      0.781961
   1.184      0.784157
   1.188      0.786346
   1.192      0.788529
   1.195      0.790705
   1.199      0.792874
   1.203      0.795035
   1.206      0.797189
   1.210      0.799335
   1.214      0.801473
   1.217      0.803603
   1.221      0.805724
   1.225      0.807837
   1.228      0.809940
   1.232      0.812035
   1.236      0.814121
   1.239      0.816197
   1.243      0.818263
   1.247      0.820319
   1.250      0.822366
   1.254      0.824402
   1.258      0.826427
   1.261      0.828442
   1.265      0.830446
   1.269      0.832439
   1.272      0.834421
   1.276      0.836390
   1.280      0.838349
   1.283      0.840295
   1.287      0.842229
   1.291      0.844151
   1.294      0.846061
   1.298      0.847957
   1.302      0.849841
   1.305      0.851712
   1.309      0.853570
   1.313      0.855414
   1.316      0.857244
   1.320      0.859061
   1.324      0.860863
   1.327      0.862652
   1.331      0.864426
   1.335      0.866185
   1.338      0.867930
   1.342      0.869660
   1.346      0.871375
   1.349      0.873074
   1.353      0.874758
   1.357      0.876427
   1.360      0.878080
   1.364      0.879717
   1.368      0.881338
   1.371      0.882943
   1.375      0.884531
   1.379      0.886103
   1.382      0.887658
   1.386      0.889197
   1.390      0.890718
   1.393      0.892223
   1.397      0.893710
   1.401      0.895180
   1.404      0.896633
   1.408      0.898067
   1.412      0.899484
   1.415      0.900884
   1.419      0.902265
   1.423      0.903628
   1.426      0.904973
   1.430      0.906300
   1.434      0.907608
   1.437      0.908897
   1.441      0.910168
   1.445      0.911421
   1.448      0.912654
   1.452      0.913869
   1.456      0.915064
   1.459      0.916240
   1.463      0.917398
   1.467      0.918535
   1.470      0.919654
   1.474      0.920753
   1.478      0.921833
   1.481      0.922893
   1.485      0.923933
   1.489      0.924954
   1.492      0.925955
   1.496      0.926936
   1.500      0.927898
   1.503      0.928839
   1.507      0.929761
   1.511      0.930662
   1.514      0.931544
   1.518      0.932405
   1.522      0.933247
   1.525      0.934068
   1.529      0.934870
   1.533      0.935651
   1.536      0.936412
   1.540      0.937153
   1.544      0.937873
   1.547      0.938574
   1.551      0.939254
   1.555      0.939914
   1.558      0.940554
   1.562      0.941174
   1.566      0.941773
   1.569      0.942353
   1.573      0.942912
   1.577      0.943452
   1.580      0.943971
   1.584      0.944470
   1.588      0.944949
   1.591      0.945408
   1.595      0.945848
   1.599      0.946267
   1.602      0.946666
   1.606      0.947046
   1.610      0.947406
   1.613      0.947746
   1.617      0.948067
   1.621      0.948368
   1.624      0.948649
   1.628      0.948911
   1.632      0.949154
   1.635      0.949377
   1.639      0.949581
   1.643      0.949766
   1.646      0.949932
   1.650      0.950078
   1.654      0.950206
   1.657      0.950315
   1.661      0.950405
   1.665      0.950477
   1.668      0.950530
   1.672      0.950564
   1.676      0.950580
   1.679      0.950578
   1.683      0.950558
   1.687      0.950519
   1.690      0.950463
   1.694      0.950389
   1.698      0.950297
   1.701      0.950187
   1.705      0.950060
   1.709      0.949916
   1.712      0.949754
   1.716      0.949575
   1.720      0.949379
   1.723      0.949167
   1.727      0.948937
   1.731      0.948691
   1.734      0.948428
   1.738      0.948149
   1.742      0.947854
   1.745      0.947542
   1.749      0.947214
   1.753      0.946871
   1.756      0.946512
   1.760      0.946137
   1.764      0.945747
   1.767      0.945342
   1.771      0.944921
   1.775      0.944486
   1.778      0.944035
   1.782      0.943570
   1.786      0.943090
   1.789      0.942596
   1.793      0.942087
   1.797      0.941564
   1.800      0.941027
   1.804      0.940476
   1.808      0.939912
   1.811      0.939334
   1.815      0.938742
   1.819      0.938138
   1.822      0.937520
   1.826      0.936889
   1.830      0.936245
   1.833      0.935588
   1.837      0.934919
   1.841      0.934238
   1.844      0.933544
   1.848      0.932838
   1.852      0.932120
   1.855      0.931390
   1.859      0.930648
   1.863      0.929895
   1.866      0.929131
   1.870      0.928355
   1.874      0.927568
   1.877      0.926770
   1.881      0.925961
   1.885      0.925141
   1.888      0.924311
   1.892      0.923470
   1.896      0.922619
   1.899      0.921758
   1.903      0.920887
   1.907      0.920006
   1.910      0.919115
   1.914      0.918214
   1.918      0.917304
   1.921      0.916385
   1.925      0.915456
   1.929      0.914518
   1.932      0.913571
   1.936      0.912615
   1.940      0.911650
   1.943      0.910677
   1.947      0.909695
   1.951      0.908705
   1.954      0.907706
   1.958      0.906699
   1.962      0.905684
   1.965      0.904661
   1.969      0.903631
   1.973      0.902592
   1.976      0.901546
   1.980      0.900492
   1.984      0.899431
   1.987      0.898363
   1.991      0.897287
   1.995      0.896204
   1.998      0.895114
   2.002      0.894017
   2.006      0.892914
   2.009      0.891803
   2.013      0.890686
   2.017      0.889563
   2.020      0.888433
   2.024      0.887296
   2.028      0.886153
   2.031      0.885004
   2.035      0.883849
   2.039      0.882688
   2.042      0.881521
   2.046      0.880348
   2.050      0.879169
   2.053      0.877985
   2.057      0.876795
   2.061      0.875599
   2.064      0.874398
   2.068      0.873191
   2.072      0.871979
   2.075      0.870762
   2.079      0.869540
   2.083      0.868312
   2.086      0.867079
   2.090      0.865842
   2.094      0.864599
   2.097      0.863352
   2.101      0.862100
   2.105      0.860843
   2.108      0.859581
   2.112      0.858315
   2.116      0.857045
   2.119      0.855770
   2.123      0.854490
   2.127      0.853207
   2.130      0.851919
   2.134      0.850626
   2.138      0.849330
   2.141      0.848030
   2.145      0.846725
   2.149      0.845417
   2.152      0.844105
   2.156      0.842789
   2.160      0.841469
   2.163      0.840145
   2.167      0.838818
   2.171      0.837487
   2.174      0.836153
   2.178      0.834815
   2.182      0.833474
   2.185      0.832129
   2.189      0.830781
   2.193      0.829430
   2.196      0.828075
   2.200      0.826718
   2.204      0.825357
   2.207      0.823993
   2.211      0.822626
   2.215      0.821257
   2.218      0.819884
   2.222      0.818508
   2.226      0.817130
   2.229      0.815749
   2.233      0.814365
   2.237      0.812979
   2.240      0.811590
   2.244      0.810198
   2.248      0.808804
   2.251      0.807407
   2.255      0.806008
   2.259      0.804606
   2.262      0.803203
   2.266      0.801797
   2.270      0.800388
   2.273      0.798978
   2.277      0.797565
   2.281      0.796150
   2.284      0.794733
   2.288      0.793314
   2.292      0.791893
   2.295      0.790470
   2.299      0.789045
   2.303      0.787619
   2.306      0.786190
   2.310      0.784760
   2.314      0.783328
   2.317      0.781894
   2.321      0.780459
   2.325      0.779021
   2.328      0.777583
   2.332      0.776143
   2.336      0.774701
   2.339      0.773257
   2.343      0.771813
   2.347      0.770367
   2.350      0.768919
   2.354      0.767470
   2.358      0.766020
   2.361      0.764568
   2.365      0.763116
   2.369      0.761662
   2.372      0.760207
   2.376      0.758750
   2.380      0.757293
   2.383      0.755835
   2.387      0.754375
   2.391      0.752915
   2.394      0.751453
   2.398      0.749991
   2.402      0.748528
   2.405      0.747063
   2.409      0.745598
   2.413      0.744132
   2.416      0.742666
   2.420      0.741198
   2.424      0.739730
   2.427      0.738261
   2.431      0.736792
   2.435      0.735321
   2.438      0.733851
   2.442      0.732379
   2.446      0.730907
   2.449      0.729435
   2.453      0.727962
   2.457      0.726488
   2.460      0.725014
   2.464      0.723540
   2.468      0.722065
   2.471      0.720590
   2.475      0.719114
   2.479      0.717638
   2.482      0.716162
   2.486      0.714685
   2.490      0.713209
   2.493      0.711732
   2.497      0.710255
   2.501      0.708777
   2.504      0.707300
   2.508      0.705822
   2.512      0.704344
   2.515      0.702867
   2.519      0.701389
   2.523      0.699911
   2.526      0.698433
   2.530      0.696955
   2.534      0.695477
   2.537      0.693999
   2.541      0.692521
   2.545      0.691043
   2.548      0.689566
   2.552      0.688088
   2.556      0.686611
   2.559      0.685134
   2.563      0.683657
   2.567      0.682180
   2.570      0.680703
   2.574      0.679227
   2.578      0.677751
   2.581      0.676275
   2.585      0.674800
   2.589      0.673325
   2.592      0.671850
   2.596      0.670375
   2.600      0.668901
   2.603      0.667428
   2.607      0.665954
   2.611      0.664482
   2.614      0.663009
   2.618      0.661537
   2.622      0.660066
   2.625      0.658595
   2.629      0.657125
   2.633      0.655655
   2.636      0.654186
   2.640      0.652717
   2.644      0.651249
   2.647      0.649781
   2.651      0.648314
   2.655      0.646848
   2.658      0.645383
   2.662      0.643918
   2.666      0.642453
   2.669      0.640990
   2.673      0.639527
   2.677      0.638065
   2.680      0.636603
   2.684      0.635142
   2.688      0.633683
   2.691      0.632223
   2.695      0.630765
   2.699      0.629308
   2.702      0.627851
   2.706      0.626395
   2.710      0.624940
   2.713      0.623486
   2.717      0.622032
   2.721      0.620580
   2.724      0.619128
   2.728      0.617678
   2.732      0.616228
   2.735      0.614779
   2.739      0.613332
   2.743      0.611885
   2.746      0.610439
   2.750      0.608994
   2.754      0.607550
   2.757      0.606107
   2.761      0.604665
   2.765      0.603224
   2.768      0.601785
   2.772      0.600346
   2.776      0.598908
   2.779      0.597472
   2.783      0.596036
   2.787      0.594602
   2.790      0.593168
   2.794      0.591736
   2.798      0.590305
   2.801      0.588875
   2.805      0.587446
   2.809      0.586019
   2.812      0.584592
   2.816      0.583167
   2.820      0.581743
   2.823      0.580320
   2.827      0.578898
   2.831      0.577477
   2.834      0.576058
   2.838      0.574640
   2.842      0.573223
   2.845      0.571808
   2.849      0.570393
   2.853      0.568980
   2.856      0.567568
   2.860      0.566158
   2.864      0.564749
   2.867      0.563341
   2.871      0.561934
   2.875      0.560529
   2.878      0.559125
   2.882      0.557722
   2.886      0.556321
   2.889      0.554921
   2.893      0.553523
   2.897      0.552125
   2.900      0.550729
   2.904      0.549335
   2.908      0.547942
   2.911      0.546550
   2.915      0.545160
   2.919      0.543771
   2.922      0.542383
   2.926      0.540997
   2.930      0.539613
   2.933      0.538229
   2.937      0.536848
   2.941      0.535467
   2.944      0.534088
   2.948      0.532711
   2.952      0.531335
   2.955      0.529960
   2.959      0.528587
   2.963      0.527216
   2.966      0.525846
   2.970      0.524477
   2.974      0.523110
   2.977      0.521744
   2.981      0.520380
   2.985      0.519018
   2.988      0.517657
   2.992      0.516297
   2.996      0.514939
   2.999      0.513583
   3.003      0.512228
   3.007      0.510875
   3.010      0.509523
   3.014      0.508172
   3.018      0.506824
   3.021      0.505477
   3.025      0.504131
   3.029      0.502787
   3.032      0.501445
   3.036      0.500104
   3.040      0.498765
   3.043      0.497427
   3.047      0.496091
   3.051      0.494757
   3.054      0.493424
   3.058      0.492092
   3.062      0.490763
   3.065      0.489435
   3.069      0.488108
   3.073      0.486784
   3.076      0.485461
   3.080      0.484139
   3.084      0.482819
   3.087      0.481501
   3.091      0.480184
   3.095      0.478870
   3.098      0.477556
   3.102      0.476245
   3.106      0.474935
   3.109      0.473626
   3.113      0.472320
   3.117      0.471015
   3.120      0.469711
   3.124      0.468410
   3.128      0.467110
   3.131      0.465812
   3.135      0.464515
   3.139      0.463220
   3.142      0.461927
   3.146      0.460635
   3.150      0.459346
   3.153      0.458057
   3.157      0.456771
   3.161      0.455486
   3.164      0.454203
   3.168      0.452922
   3.172      0.451642
   3.175      0.450364
   3.179      0.449088
   3.183      0.447814
   3.186      0.446541
   3.190      0.445270
   3.194      0.444001
   3.197      0.442733
   3.201      0.441467
   3.205      0.440203
   3.208      0.438941
   3.212      0.437680
   3.216      0.436421
   3.219      0.435164
   3.223      0.433909
   3.227      0.432655
   3.230      0.431403
   3.234      0.430153
   3.238      0.428904
   3.241      0.427657
   3.245      0.426412
   3.249      0.425169
   3.252      0.423928
   3.256      0.422688
   3.260      0.421450
   3.263      0.420214
   3.267      0.418979
   3.271      0.417747
   3.274      0.416516
   3.278      0.415287
   3.282      0.414059
   3.285      0.412834
   3.289      0.411610
   3.293      0.410388
   3.296      0.409167
   3.300      0.407949
   3.304      0.406732
   3.307      0.405517
   3.311      0.404304
   3.315      0.403092
   3.318      0.401882
   3.322      0.400674
   3.326      0.399468
   3.329      0.398264
   3.333      0.397061
   3.337      0.395860
   3.340      0.394661
   3.344      0.393464
   3.348      0.392268
   3.351      0.391075
   3.355      0.389883
   3.359      0.388693
   3.362      0.387504
   3.366      0.386318
   3.370      0.385133
   3.373      0.383950
   3.377      0.382768
   3.381      0.381589
   3.384      0.380411
   3.388      0.379235
   3.392      0.378061
   3.395      0.376889
   3.399      0.375718
   3.403      0.374549
   3.406      0.373382
   3.410      0.372217
   3.414      0.371054
   3.417      0.369892
   3.421      0.368732
   3.425      0.367574
   3.428      0.366418
   3.432      0.365263
   3.436      0.364111
   3.439      0.362960
   3.443      0.361811
   3.447      0.360663
   3.450      0.359518
   3.454      0.358374
   3.458      0.357232
   3.461      0.356092
   3.465      0.354953
   3.469      0.353817
   3.472      0.352682
   3.476      0.351549
   3.480      0.350417
   3.483      0.349288
   3.487      0.348160
   3.491      0.347034
   3.494      0.345910
   3.498      0.344787
   3.502      0.343667
   3.505      0.342548
   3.509      0.341431
   3.513      0.340315
   3.516      0.339202
   3.520      0.338090
   3.524      0.336980
   3.527      0.335872
   3.531      0.334766
   3.535      0.333661
   3.538      0.332558
   3.542      0.331457
   3.546      0.330358
   3.549      0.329260
   3.553      0.328164
   3.557      0.327070
   3.560      0.325978
   3.564      0.324887
   3.568      0.323799
   3.571      0.322712
   3.575      0.321627
   3.579      0.320543
   3.582      0.319461
   3.586      0.318382
   3.590      0.317303
   3.593      0.316227
   3.597      0.315152
   3.601      0.314080
   3.604      0.313008
   3.608      0.311939
   3.612      0.310871
   3.615      0.309806
   3.619      0.308742
   3.623      0.307679
   3.626      0.306619
   3.630      0.305560
   3.634      0.304503
   3.637      0.303447
   3.641      0.302394
   3.645      0.301342
   3.648      0.300292
   3.652      0.299243
   3.656      0.298197
   3.659      0.297152
   3.663      0.296109
   3.667      0.295067
   3.670      0.294028
   3.674      0.292990
   3.678      0.291954
   3.681      0.290919
   3.685      0.289886
   3.689      0.288855
   3.692      0.287826
   3.696      0.286799
   3.700      0.285773
   3.703      0.284749
   3.707      0.283726
   3.711      0.282706
   3.714      0.281687
   3.718      0.280670
   3.722      0.279654
   3.725      0.278640
   3.729      0.277628
   3.733      0.276618
   3.736      0.275609
   3.740      0.274602
   3.744      0.273597
   3.747      0.272593
   3.751      0.271592
   3.755      0.270592
   3.758      0.269593
   3.762      0.268596
   3.766      0.267601
   3.769      0.266608
   3.773      0.265616
   3.777      0.264626
   3.780      0.263638
   3.784      0.262652
   3.788      0.261667
   3.791      0.260684
   3.795      0.259702
   3.799      0.258722
   3.802      0.257744
   3.806      0.256768
   3.810      0.255793
   3.813      0.254820
   3.817      0.253848
   3.821      0.252879
   3.824      0.251911
   3.828      0.250944
   3.832      0.249979
   3.835      0.249016
   3.839      0.248055
   3.843      0.247095
   3.846      0.246137
   3.850      0.245181
   3.854      0.244226
   3.857      0.243273
   3.861      0.242321
   3.865      0.241371
   3.868      0.240423
   3.872      0.239477
   3.876      0.238532
   3.879      0.237588
   3.883      0.236647
   3.887      0.235707
   3.890      0.234769
   3.894      0.233832
   3.898      0.232897
   3.901      0.231963
   3.905      0.231031
   3.909      0.230101
   3.912      0.229173
   3.916      0.228246
   3.920      0.227320
   3.923      0.226397
   3.927      0.225475
   3.931      0.224554
   3.934      0.223635
   3.938      0.222718
   3.942      0.221802
   3.945      0.220888
   3.949      0.219976
   3.953      0.219065
   3.956      0.218156
   3.960      0.217248
   3.964      0.216342
   3.967      0.215438
   3.971      0.214535
   3.975      0.213634
   3.978      0.212734
   3.982      0.211836
   3.986      0.210939
   3.989      0.210044
   3.993      0.209151
   3.997      0.208259
   4.000      0.207369
   4.004      0.206480
   4.008      0.205593
   4.011      0.204708
   4.015      0.203824
   4.019      0.202942
   4.022      0.202061
   4.026      0.201182
   4.030      0.200304
   4.033      0.199428
   4.037      0.198553
   4.041      0.197680
   4.044      0.196809
   4.048      0.195939
   4.052      0.195070
   4.055      0.194203
   4.059      0.193338
   4.063      0.192474
   4.066      0.191612
   4.070      0.190751
   4.074      0.189892
   4.077      0.189034
   4.081      0.188178
   4.085      0.187324
   4.088      0.186470
   4.092      0.185619
   4.096      0.184769
   4.099      0.183920
   4.103      0.183073
   4.107      0.182228
   4.110      0.181384
   4.114      0.180541
   4.118      0.179700
   4.121      0.178861
   4.125      0.178022
   4.129      0.177186
   4.132      0.176351
   4.136      0.175517
   4.140      0.174685
   4.143      0.173855
   4.147      0.173026
   4.151      0.172198
   4.154      0.171372
   4.158      0.170547
   4.162      0.169724
   4.165      0.168902
   4.169      0.168082
   4.173      0.167263
   4.176      0.166446
   4.180      0.165630
   4.184      0.164815
   4.187      0.164002
   4.191      0.163191
   4.195      0.162381
   4.198      0.161572
   4.202      0.160765
   4.206      0.159959
   4.209      0.159155
   4.213      0.158352
   4.217      0.157551
   4.220      0.156751
   4.224      0.155952
   4.228      0.155155
   4.231      0.154359
   4.235      0.153565
   4.239      0.152772
   4.242      0.151981
   4.246      0.151191
   4.250      0.150402
   4.253      0.149615
   4.257      0.148829
   4.261      0.148045
   4.264      0.147262
   4.268      0.146480
   4.272      0.145700
   4.275      0.144921
   4.279      0.144144
   4.283      0.143368
   4.286      0.142593
   4.290      0.141820
   4.294      0.141048
   4.297      0.140277
   4.301      0.139508
   4.305      0.138741
   4.308      0.137974
   4.312      0.137209
   4.316      0.136446
   4.319      0.135683
   4.323      0.134922
   4.327      0.134163
   4.330      0.133405
   4.334      0.132648
   4.338      0.131892
   4.341      0.131138
   4.345      0.130386
   4.349      0.129634
   4.352      0.128884
   4.356      0.128135
   4.360      0.127388
   4.363      0.126642
   4.367      0.125897
   4.371      0.125154
   4.374      0.124412
   4.378      0.123671
   4.382      0.122931
   4.385      0.122193
   4.389      0.121456
   4.393      0.120721
   4.396      0.119987
   4.400      0.119254
   4.404      0.118522
   4.407      0.117792
   4.411      0.117063
   4.415      0.116335
   4.418      0.115609
   4.422      0.114884
   4.426      0.114160
   4.429      0.113437
   4.433      0.112716
   4.437      0.111996
   4.440      0.111278
   4.444      0.110560
   4.448      0.109844
   4.451      0.109129
   4.455      0.108415
   4.459      0.107703
   4.462      0.106992
   4.466      0.106282
   4.470      0.105574
   4.473      0.104866
   4.477      0.104160
   4.481      0.103456
   4.484      0.102752
   4.488      0.102050
   4.492      0.101349
   4.495      0.100649
   4.499      0.099950
   4.503      0.099253
   4.506      0.098557
   4.510      0.097862
   4.514      0.097168
   4.517      0.096476
   4.521      0.095784
   4.525      0.095094
   4.528      0.094406
   4.532      0.093718
   4.536      0.093032
   4.539      0.092346
   4.543      0.091662
   4.547      0.090980
   4.550      0.090298
   4.554      0.089618
   4.558      0.088938
   4.561      0.088260
   4.565      0.087584
   4.569      0.086908
   4.572      0.086233
   4.576      0.085560
   4.580      0.084888
   4.583      0.084217
   4.587      0.083547
   4.591      0.082879
   4.594      0.082211
   4.598      0.081545
   4.602      0.080880
   4.605      0.080216
   4.609      0.079553
   4.613      0.078891
   4.616      0.078231
   4.620      0.077571
   4.624      0.076913
   4.627      0.076256
   4.631      0.075600
   4.635      0.074945
   4.638      0.074292
   4.642      0.073639
   4.646      0.072988
   4.649      0.072337
   4.653      0.071688
   4.657      0.071040
   4.660      0.070393
   4.664      0.069747
   4.668      0.069102
   4.671      0.068459
   4.675      0.067816
   4.679      0.067175
   4.682      0.066534
   4.686      0.065895
   4.690      0.065257
   4.693      0.064620
   4.697      0.063984
   4.701      0.063349
   4.704      0.062715
   4.708      0.062082
   4.712      0.061451
   4.715      0.060820
   4.719      0.060191
   4.723      0.059562
   4.726      0.058935
   4.730      0.058308
   4.734      0.057683
   4.737      0.057059
   4.741      0.056436
   4.745      0.055813
   4.748      0.055192
   4.752      0.054572
   4.756      0.053953
   4.759      0.053335
   4.763      0.052718
   4.767      0.052102
   4.770      0.051487
   4.774      0.050874
   4.778      0.050261
   4.781      0.049649
   4.785      0.049038
   4.789      0.048428
   4.792      0.047820
   4.796      0.047212
   4.800      0.046605
   4.803      0.045999
   4.807      0.045394
   4.811      0.044791
   4.814      0.044188
   4.818      0.043586
   4.822      0.042985
   4.825      0.042386
   4.829      0.041787
   4.833      0.041189
   4.836      0.040592
   4.840      0.039996
   4.844      0.039401
   4.847      0.038807
   4.851      0.038214
   4.855      0.037622
   4.858      0.037031
   4.862      0.036441
   4.866      0.035852
   4.869      0.035264
   4.873      0.034677
   4.877      0.034090
   4.880      0.033505
   4.884      0.032921
   4.888      0.032337
   4.891      0.031755
   4.895      0.031173
   4.899      0.030592
   4.902      0.030013
   4.906      0.029434
   4.910      0.028856
   4.913      0.028279
   4.917      0.027703
   4.921      0.027128
   4.924      0.026553
   4.928      0.025980
   4.932      0.025408
   4.935      0.024836
   4.939      0.024265
   4.943      0.023696
   4.946      0.023127
   4.950      0.022559
   4.954      0.021992
   4.957      0.021426
   4.961      0.020860
   4.965      0.020296
   4.968      0.019732
   4.972      0.019170
   4.976      0.018608
   4.979      0.018047
   4.983      0.017487
   4.987      0.016927
   4.990      0.016369
   4.994      0.015811
   4.998      0.015255
   5.001      0.014699
   5.005      0.014144
   5.009      0.013590
   5.012      0.013036
   5.016      0.012484
   5.020      0.011932
   5.023      0.011381
   5.027      0.010831
   5.031      0.010282
   5.034      0.009734
   5.038      0.009186
   5.042      0.008639
   5.045      0.008094
   5.049      0.007548
   5.053      0.007004
   5.056      0.006461
   5.060      0.005918
   5.064      0.005376
   5.067      0.004835
   5.071      0.004294
   5.075      0.003755
   5.078      0.003216
   5.082      0.002678
   5.086      0.002141
   5.089      0.001605
   5.093      0.001069
   5.097      0.000534
   5.100      0.000000
