   0.000      0.864978
   0.004      0.864978
   0.007      0.864978
   0.011      0.864978
   0.015      0.864978
   0.018      0.864978
   0.022      0.864978
   0.025      0.864978
   0.029      0.864978
   0.033      0.864978
   0.036      0.864978
   0.040      0.864977
   0.044      0.864977
   0.047      0.864977
   0.051      0.864977
   0.055      0.864977
   0.058      0.864977
   0.062      0.864977
   0.065      0.864976
   0.069      0.864976
   0.073      0.864976
   0.076      0.864975
   0.080      0.864975
   0.084      0.864974
   0.087      0.864973
   0.091      0.864973
   0.095      0.864972
   0.098      0.864971
   0.102      0.864970
   0.106      0.864969
   0.109      0.864967
   0.113      0.864966
   0.116      0.864964
   0.120      0.864963
   0.124      0.864961
   0.127      0.864959
   0.131      0.864956
   0.135      0.864954
   0.138      0.864951
   0.142      0.864948
   0.146      0.864945
   0.149      0.864942
   0.153      0.864938
   0.156      0.864934
   0.160      0.864930
   0.164      0.864925
   0.167      0.864920
   0.171      0.864915
   0.175      0.864910
   0.178      0.864904
   0.182      0.864898
   0.186      0.864891
   0.189      0.864884
   0.193      0.864877
   0.196      0.864869
   0.200      0.864861
   0.204      0.864852
   0.207      0.864842
   0.211      0.864833
   0.215      0.864822
   0.218      0.864812
   0.222      0.864800
   0.226      0.864788
   0.229      0.864776
   0.233      0.864762
   0.236      0.864749
   0.240      0.864734
   0.244      0.864719
   0.247      0.864703
   0.251      0.864687
   0.255      0.864669
   0.258      0.864651
   0.262      0.864632
   0.266      0.864613
   0.269      0.864592
   0.273      0.864571
   0.276      0.864549
   0.280      0.864525
   0.284      0.864501
   0.287      0.864476
   0.291      0.864450
   0.295      0.864423
   0.298      0.864395
   0.302      0.864366
   0.306      0.864336
   0.309      0.864305
   0.313      0.864272
   0.317      0.864239
   0.320      0.864204
   0.324      0.864168
   0.327      0.864131
   0.331      0.864092
   0.335      0.864052
   0.338      0.864011
   0.342      0.863969
   0.346      0.863925
   0.349      0.863880
   0.353      0.863833
   0.357      0.863784
   0.360      0.863735
   0.364      0.863683
   0.367      0.863630
   0.371      0.863576
   0.375      0.863520
   0.378      0.863462
   0.382      0.863402
   0.386      0.863341
   0.389      0.863277
   0.393      0.863212
   0.397      0.863146
   0.400      0.863077
   0.404      0.863006
   0.407      0.862934
   0.411      0.862859
   0.415      0.862782
   0.418      0.862704
   0.422      0.862623
   0.426      0.862540
   0.429      0.862455
   0.433      0.862367
   0.437      0.862278
   0.440      0.862186
   0.444      0.862091
   0.447      0.861995
   0.451      0.861896
   0.455      0.861794
   0.458      0.861690
   0.462      0.861583
   0.466      0.861474
   0.469      0.861362
   0.473      0.861248
   0.477      0.861131
   0.480      0.861011
   0.484      0.860888
   0.488      0.860763
   0.491      0.860634
   0.495      0.860503
   0.498      0.860369
   0.502      0.860231
   0.506      0.860091
   0.509      0.859948
   0.513      0.859801
   0.517      0.859651
   0.520      0.859498
   0.524      0.859342
   0.528      0.859182
   0.531      0.859020
   0.535      0.858853
   0.538      0.858683
   0.542      0.858510
   0.546      0.858333
   0.549      0.858153
   0.553      0.857969
   0.557      0.857781
   0.560      0.857590
   0.564      0.857395
   0.568      0.857196
   0.571      0.856993
   0.575      0.856786
   0.578      0.856576
   0.582      0.856361
   0.586      0.856142
   0.589      0.855920
   0.593      0.855693
   0.597      0.855462
   0.600      0.855226
   0.604      0.854987
   0.608      0.854743
   0.611      0.854495
   0.615      0.854242
   0.618      0.853985
   0.622      0.853723
   0.626      0.853457
   0.629      0.853186
   0.633      0.852911
   0.637      0.852631
   0.640      0.852346
   0.644      0.852056
   0.648      0.851762
   0.651      0.851463
   0.655      0.851159
   0.658      0.850850
   0.662      0.850536
   0.666      0.850217
   0.669      0.849893
   0.673      0.849564
   0.677      0.849229
   0.680      0.848890
   0.684      0.848545
   0.688      0.848195
   0.691      0.847840
   0.695      0.847479
   0.699      0.847113
   0.702      0.846741
   0.706      0.846364
   0.709      0.845982
   0.713      0.845594
   0.717      0.845200
   0.720      0.844801
   0.724      0.844396
   0.728      0.843986
   0.731      0.843570
   0.735      0.843148
   0.739      0.842720
   0.742      0.842286
   0.746      0.841847
   0.749      0.841402
   0.753      0.840951
   0.757      0.840494
   0.760      0.840030
   0.764      0.839561
   0.768      0.839086
   0.771      0.838605
   0.775      0.838118
   0.779      0.837625
   0.782      0.837126
   0.786      0.836620
   0.789      0.836109
   0.793      0.835591
   0.797      0.835067
   0.800      0.834536
   0.804      0.834000
   0.808      0.833457
   0.811      0.832908
   0.815      0.832353
   0.819      0.831791
   0.822      0.831224
   0.826      0.830649
   0.829      0.830069
   0.833      0.829482
   0.837      0.828889
   0.840      0.828289
   0.844      0.827683
   0.848      0.827071
   0.851      0.826452
   0.855      0.825827
   0.859      0.825195
   0.862      0.824557
   0.866      0.823913
   0.870      0.823262
   0.873      0.822605
   0.877      0.821941
   0.880      0.821271
   0.884      0.820595
   0.888      0.819912
   0.891      0.819223
   0.895      0.818528
   0.899      0.817826
   0.902      0.817118
   0.906      0.816403
   0.910      0.815682
   0.913      0.814955
   0.917      0.814221
   0.920      0.813482
   0.924      0.812735
   0.928      0.811983
   0.931      0.811224
   0.935      0.810459
   0.939      0.809688
   0.942      0.808911
   0.946      0.808128
   0.950      0.807338
   0.953      0.806542
   0.957      0.805740
   0.960      0.804932
   0.964      0.804118
   0.968      0.803298
   0.971      0.802472
   0.975      0.801640
   0.979      0.800802
   0.982      0.799958
   0.986      0.799109
   0.990      0.798253
   0.993      0.797392
   0.997      0.796525
   1.000      0.795652
   1.004      0.794773
   1.008      0.793889
   1.011      0.792999
   1.015      0.792103
   1.019      0.791202
   1.022      0.790295
   1.026      0.789383
   1.030      0.788466
   1.033      0.787543
   1.037      0.786615
   1.040      0.785681
   1.044      0.784742
   1.048      0.783798
   1.051      0.782849
   1.055      0.781894
   1.059      0.780935
   1.062      0.779970
   1.066      0.779001
   1.070      0.778026
   1.073      0.777047
   1.077      0.776063
   1.081      0.775074
   1.084      0.774080
   1.088      0.773081
   1.091      0.772078
   1.095      0.771071
   1.099      0.770058
   1.102      0.769042
   1.106      0.768020
   1.110      0.766995
   1.113      0.765965
   1.117      0.764931
   1.121      0.763892
   1.124      0.762850
   1.128      0.761803
   1.131      0.760752
   1.135      0.759697
   1.139      0.758639
   1.142      0.757576
   1.146      0.756509
   1.150      0.755439
   1.153      0.754365
   1.157      0.753287
   1.161      0.752206
   1.164      0.751121
   1.168      0.750033
   1.171      0.748941
   1.175      0.747846
   1.179      0.746747
   1.182      0.745645
   1.186      0.744540
   1.190      0.743432
   1.193      0.742321
   1.197      0.741206
   1.201      0.740089
   1.204      0.738968
   1.208      0.737845
   1.211      0.736719
   1.215      0.735590
   1.219      0.734459
   1.222      0.733325
   1.226      0.732188
   1.230      0.731048
   1.233      0.729907
   1.237      0.728762
   1.241      0.727616
   1.244      0.726467
   1.248      0.725316
   1.252      0.724162
   1.255      0.723007
   1.259      0.721849
   1.262      0.720689
   1.266      0.719528
   1.270      0.718364
   1.273      0.717198
   1.277      0.716031
   1.281      0.714862
   1.284      0.713691
   1.288      0.712519
   1.292      0.711345
   1.295      0.710169
   1.299      0.708992
   1.302      0.707814
   1.306      0.706634
   1.310      0.705453
   1.313      0.704270
   1.317      0.703086
   1.321      0.701901
   1.324      0.700715
   1.328      0.699528
   1.332      0.698340
   1.335      0.697151
   1.339      0.695961
   1.342      0.694770
   1.346      0.693578
   1.350      0.692386
   1.353      0.691192
   1.357      0.689998
   1.361      0.688804
   1.364      0.687609
   1.368      0.686413
   1.372      0.685217
   1.375      0.684020
   1.379      0.682823
   1.382      0.681626
   1.386      0.680428
   1.390      0.679230
   1.393      0.678032
   1.397      0.676834
   1.401      0.675636
   1.404      0.674437
   1.408      0.673239
   1.412      0.672040
   1.415      0.670842
   1.419      0.669644
   1.422      0.668446
   1.426      0.667248
   1.430      0.666050
   1.433      0.664853
   1.437      0.663655
   1.441      0.662459
   1.444      0.661262
   1.448      0.660066
   1.452      0.658871
   1.455      0.657676
   1.459      0.656482
   1.463      0.655288
   1.466      0.654095
   1.470      0.652902
   1.473      0.651710
   1.477      0.650519
   1.481      0.649329
   1.484      0.648139
   1.488      0.646951
   1.492      0.645763
   1.495      0.644576
   1.499      0.643390
   1.503      0.642206
   1.506      0.641022
   1.510      0.639839
   1.513      0.638657
   1.517      0.637477
   1.521      0.636297
   1.524      0.635119
   1.528      0.633942
   1.532      0.632766
   1.535      0.631591
   1.539      0.630418
   1.543      0.629246
   1.546      0.628076
   1.550      0.626907
   1.553      0.625739
   1.557      0.624573
   1.561      0.623408
   1.564      0.622245
   1.568      0.621083
   1.572      0.619923
   1.575      0.618764
   1.579      0.617607
   1.583      0.616452
   1.586      0.615298
   1.590      0.614146
   1.593      0.612996
   1.597      0.611848
   1.601      0.610701
   1.604      0.609556
   1.608      0.608413
   1.612      0.607271
   1.615      0.606132
   1.619      0.604994
   1.623      0.603859
   1.626      0.602725
   1.630      0.601593
   1.634      0.600463
   1.637      0.599335
   1.641      0.598209
   1.644      0.597085
   1.648      0.595963
   1.652      0.594844
   1.655      0.593726
   1.659      0.592610
   1.663      0.591497
   1.666      0.590385
   1.670      0.589276
   1.674      0.588169
   1.677      0.587064
   1.681      0.585961
   1.684      0.584861
   1.688      0.583763
   1.692      0.582666
   1.695      0.581573
   1.699      0.580481
   1.703      0.579392
   1.706      0.578305
   1.710      0.577220
   1.714      0.576138
   1.717      0.575058
   1.721      0.573980
   1.724      0.572905
   1.728      0.571832
   1.732      0.570761
   1.735      0.569693
   1.739      0.568628
   1.743      0.567564
   1.746      0.566503
   1.750      0.565445
   1.754      0.564389
   1.757      0.563335
   1.761      0.562284
   1.764      0.561236
   1.768      0.560189
   1.772      0.559146
   1.775      0.558105
   1.779      0.557066
   1.783      0.556030
   1.786      0.554996
   1.790      0.553965
   1.794      0.552937
   1.797      0.551911
   1.801      0.550887
   1.804      0.549866
   1.808      0.548848
   1.812      0.547832
   1.815      0.546819
   1.819      0.545808
   1.823      0.544800
   1.826      0.543795
   1.830      0.542792
   1.834      0.541792
   1.837      0.540794
   1.841      0.539799
   1.845      0.538807
   1.848      0.537817
   1.852      0.536830
   1.855      0.535845
   1.859      0.534863
   1.863      0.533884
   1.866      0.532907
   1.870      0.531933
   1.874      0.530961
   1.877      0.529993
   1.881      0.529026
   1.885      0.528063
   1.888      0.527102
   1.892      0.526144
   1.895      0.525188
   1.899      0.524235
   1.903      0.523285
   1.906      0.522337
   1.910      0.521392
   1.914      0.520449
   1.917      0.519510
   1.921      0.518572
   1.925      0.517638
   1.928      0.516706
   1.932      0.515777
   1.935      0.514850
   1.939      0.513926
   1.943      0.513005
   1.946      0.512086
   1.950      0.511170
   1.954      0.510257
   1.957      0.509346
   1.961      0.508437
   1.965      0.507532
   1.968      0.506629
   1.972      0.505729
   1.975      0.504831
   1.979      0.503936
   1.983      0.503043
   1.986      0.502153
   1.990      0.501266
   1.994      0.500381
   1.997      0.499499
   2.001      0.498620
   2.005      0.497743
   2.008      0.496868
   2.012      0.495997
   2.016      0.495128
   2.019      0.494261
   2.023      0.493397
   2.026      0.492536
   2.030      0.491677
   2.034      0.490820
   2.037      0.489967
   2.041      0.489115
   2.045      0.488267
   2.048      0.487420
   2.052      0.486577
   2.056      0.485736
   2.059      0.484897
   2.063      0.484061
   2.066      0.483228
   2.070      0.482397
   2.074      0.481568
   2.077      0.480742
   2.081      0.479919
   2.085      0.479098
   2.088      0.478279
   2.092      0.477463
   2.096      0.476649
   2.099      0.475838
   2.103      0.475030
   2.106      0.474223
   2.110      0.473420
   2.114      0.472618
   2.117      0.471819
   2.121      0.471023
   2.125      0.470229
   2.128      0.469437
   2.132      0.468648
   2.136      0.467861
   2.139      0.467077
   2.143      0.466295
   2.146      0.465515
   2.150      0.464738
   2.154      0.463963
   2.157      0.463190
   2.161      0.462420
   2.165      0.461652
   2.168      0.460887
   2.172      0.460124
   2.176      0.459363
   2.179      0.458604
   2.183      0.457848
   2.186      0.457094
   2.190      0.456343
   2.194      0.455593
   2.197      0.454846
   2.201      0.454102
   2.205      0.453359
   2.208      0.452619
   2.212      0.451881
   2.216      0.451146
   2.219      0.450412
   2.223      0.449681
   2.227      0.448952
   2.230      0.448225
   2.234      0.447501
   2.237      0.446778
   2.241      0.446058
   2.245      0.445340
   2.248      0.444625
   2.252      0.443911
   2.256      0.443200
   2.259      0.442490
   2.263      0.441783
   2.267      0.441078
   2.270      0.440376
   2.274      0.439675
   2.277      0.438977
   2.281      0.438280
   2.285      0.437586
   2.288      0.436894
   2.292      0.436204
   2.296      0.435516
   2.299      0.434830
   2.303      0.434146
   2.307      0.433464
   2.310      0.432784
   2.314      0.432107
   2.317      0.431431
   2.321      0.430757
   2.325      0.430086
   2.328      0.429416
   2.332      0.428749
   2.336      0.428083
   2.339      0.427420
   2.343      0.426758
   2.347      0.426099
   2.350      0.425441
   2.354      0.424785
   2.357      0.424132
   2.361      0.423480
   2.365      0.422830
   2.368      0.422183
   2.372      0.421537
   2.376      0.420893
   2.379      0.420251
   2.383      0.419611
   2.387      0.418972
   2.390      0.418336
   2.394      0.417702
   2.398      0.417069
   2.401      0.416438
   2.405      0.415810
   2.408      0.415183
   2.412      0.414557
   2.416      0.413934
   2.419      0.413313
   2.423      0.412693
   2.427      0.412075
   2.430      0.411460
   2.434      0.410845
   2.438      0.410233
   2.441      0.409622
   2.445      0.409014
   2.448      0.408407
   2.452      0.407802
   2.456      0.407198
   2.459      0.406596
   2.463      0.405996
   2.467      0.405398
   2.470      0.404802
   2.474      0.404207
   2.478      0.403614
   2.481      0.403023
   2.485      0.402433
   2.488      0.401845
   2.492      0.401259
   2.496      0.400675
   2.499      0.400092
   2.503      0.399511
   2.507      0.398931
   2.510      0.398354
   2.514      0.397778
   2.518      0.397203
   2.521      0.396630
   2.525      0.396059
   2.528      0.395490
   2.532      0.394922
   2.536      0.394355
   2.539      0.393791
   2.543      0.393227
   2.547      0.392666
   2.550      0.392106
   2.554      0.391548
   2.558      0.390991
   2.561      0.390436
   2.565      0.389882
   2.568      0.389330
   2.572      0.388780
   2.576      0.388231
   2.579      0.387683
   2.583      0.387137
   2.587      0.386593
   2.590      0.386050
   2.594      0.385509
   2.598      0.384969
   2.601      0.384431
   2.605      0.383894
   2.609      0.383359
   2.612      0.382825
   2.616      0.382292
   2.619      0.381762
   2.623      0.381232
   2.627      0.380704
   2.630      0.380178
   2.634      0.379653
   2.638      0.379129
   2.641      0.378607
   2.645      0.378086
   2.649      0.377567
   2.652      0.377049
   2.656      0.376533
   2.659      0.376018
   2.663      0.375504
   2.667      0.374992
   2.670      0.374481
   2.674      0.373971
   2.678      0.373463
   2.681      0.372957
   2.685      0.372451
   2.689      0.371947
   2.692      0.371445
   2.696      0.370943
   2.699      0.370444
   2.703      0.369945
   2.707      0.369448
   2.710      0.368952
   2.714      0.368457
   2.718      0.367964
   2.721      0.367472
   2.725      0.366982
   2.729      0.366492
   2.732      0.366004
   2.736      0.365518
   2.739      0.365032
   2.743      0.364548
   2.747      0.364065
   2.750      0.363584
   2.754      0.363103
   2.758      0.362624
   2.761      0.362147
   2.765      0.361670
   2.769      0.361195
   2.772      0.360721
   2.776      0.360248
   2.780      0.359777
   2.783      0.359306
   2.787      0.358837
   2.790      0.358369
   2.794      0.357903
   2.798      0.357437
   2.801      0.356973
   2.805      0.356510
   2.809      0.356048
   2.812      0.355588
   2.816      0.355128
   2.820      0.354670
   2.823      0.354213
   2.827      0.353757
   2.830      0.353303
   2.834      0.352849
   2.838      0.352397
   2.841      0.351945
   2.845      0.351495
   2.849      0.351046
   2.852      0.350599
   2.856      0.350152
   2.860      0.349707
   2.863      0.349262
   2.867      0.348819
   2.870      0.348377
   2.874      0.347936
   2.878      0.347496
   2.881      0.347057
   2.885      0.346620
   2.889      0.346183
   2.892      0.345748
   2.896      0.345313
   2.900      0.344880
   2.903      0.344448
   2.907      0.344017
   2.910      0.343587
