   0.000      0.826340
   0.003      0.826400
   0.007      0.826459
   0.010      0.826559
   0.013      0.826703
   0.016      0.826889
   0.020      0.827118
   0.023      0.827392
   0.026      0.827709
   0.029      0.828070
   0.033      0.828475
   0.036      0.828924
   0.039      0.829418
   0.042      0.829955
   0.046      0.830537
   0.049      0.831163
   0.052      0.831834
   0.056      0.832549
   0.059      0.833308
   0.062      0.834112
   0.065      0.834961
   0.069      0.835854
   0.072      0.836792
   0.075      0.837774
   0.078      0.838802
   0.082      0.839874
   0.085      0.840992
   0.088      0.842154
   0.091      0.843362
   0.095      0.844615
   0.098      0.845913
   0.101      0.847257
   0.105      0.848646
   0.108      0.850081
   0.111      0.851561
   0.114      0.853087
   0.118      0.854659
   0.121      0.856276
   0.124      0.857940
   0.127      0.859649
   0.131      0.861405
   0.134      0.863207
   0.137      0.865055
   0.140      0.866949
   0.144      0.868889
   0.147      0.870876
   0.150      0.872910
   0.154      0.874990
   0.157      0.877116
   0.160      0.879289
   0.163      0.881509
   0.167      0.883775
   0.170      0.886088
   0.173      0.888448
   0.176      0.890855
   0.180      0.893308
   0.183      0.895809
   0.186      0.898356
   0.189      0.900950
   0.193      0.903591
   0.196      0.906279
   0.199      0.909015
   0.203      0.911797
   0.206      0.914626
   0.209      0.917502
   0.212      0.920425
   0.216      0.923396
   0.219      0.926413
   0.222      0.929477
   0.225      0.932588
   0.229      0.935747
   0.232      0.938952
   0.235      0.942204
   0.238      0.945503
   0.242      0.948850
   0.245      0.952243
   0.248      0.955683
   0.252      0.959169
   0.255      0.962703
   0.258      0.966283
   0.261      0.969910
   0.265      0.973584
   0.268      0.977305
   0.271      0.981072
   0.274      0.984885
   0.278      0.988745
   0.281      0.992652
   0.284      0.996604
   0.287      1.000603
   0.291      1.004648
   0.294      1.008740
   0.297      1.012877
   0.301      1.017060
   0.304      1.021289
   0.307      1.025564
   0.310      1.029884
   0.314      1.034250
   0.317      1.038661
   0.320      1.043118
   0.323      1.047619
   0.327      1.052166
   0.330      1.056758
   0.333      1.061394
   0.336      1.066075
   0.340      1.070800
   0.343      1.075569
   0.346      1.080383
   0.350      1.085240
   0.353      1.090141
   0.356      1.095086
   0.359      1.100074
   0.363      1.105105
   0.366      1.110179
   0.369      1.115296
   0.372      1.120455
   0.376      1.125657
   0.379      1.130900
   0.382      1.136185
   0.385      1.141512
   0.389      1.146880
   0.392      1.152289
   0.395      1.157739
   0.399      1.163229
   0.402      1.168760
   0.405      1.174330
   0.408      1.179940
   0.412      1.185589
   0.415      1.191277
   0.418      1.197004
   0.421      1.202769
   0.425      1.208571
   0.428      1.214412
   0.431      1.220290
   0.434      1.226204
   0.438      1.232155
   0.441      1.238142
   0.444      1.244165
   0.448      1.250223
   0.451      1.256315
   0.454      1.262442
   0.457      1.268604
   0.461      1.274798
   0.464      1.281026
   0.467      1.287286
   0.470      1.293579
   0.474      1.299903
   0.477      1.306258
   0.480      1.312644
   0.483      1.319060
   0.487      1.325505
   0.490      1.331979
   0.493      1.338482
   0.497      1.345013
   0.500      1.351570
   0.503      1.358155
   0.506      1.364766
   0.510      1.371402
   0.513      1.378063
   0.516      1.384748
   0.519      1.391456
   0.523      1.398187
   0.526      1.404941
   0.529      1.411716
   0.532      1.418511
   0.536      1.425327
   0.539      1.432162
   0.542      1.439015
   0.546      1.445887
   0.549      1.452775
   0.552      1.459679
   0.555      1.466599
   0.559      1.473534
   0.562      1.480482
   0.565      1.487443
   0.568      1.494416
   0.572      1.501400
   0.575      1.508395
   0.578      1.515399
   0.581      1.522411
   0.585      1.529431
   0.588      1.536458
   0.591      1.543490
   0.595      1.550527
   0.598      1.557567
   0.601      1.564611
   0.604      1.571656
   0.608      1.578702
   0.611      1.585747
   0.614      1.592791
   0.617      1.599833
   0.621      1.606871
   0.624      1.613905
   0.627      1.620933
   0.630      1.627954
   0.634      1.634967
   0.637      1.641971
   0.640      1.648965
   0.644      1.655947
   0.647      1.662917
   0.650      1.669874
   0.653      1.676815
   0.657      1.683740
   0.660      1.690648
   0.663      1.697538
   0.666      1.704407
   0.670      1.711256
   0.673      1.718082
   0.676      1.724885
   0.679      1.731663
   0.683      1.738414
   0.686      1.745139
   0.689      1.751834
   0.693      1.758500
   0.696      1.765134
   0.699      1.771736
   0.702      1.778303
   0.706      1.784835
   0.709      1.791331
   0.712      1.797788
   0.715      1.804206
   0.719      1.810583
   0.722      1.816918
   0.725      1.823210
   0.728      1.829456
   0.732      1.835657
   0.735      1.841809
   0.738      1.847913
   0.742      1.853966
   0.745      1.859967
   0.748      1.865915
   0.751      1.871808
   0.755      1.877645
   0.758      1.883425
   0.761      1.889146
   0.764      1.894806
   0.768      1.900405
   0.771      1.905941
   0.774      1.911413
   0.777      1.916818
   0.781      1.922157
   0.784      1.927426
   0.787      1.932626
   0.791      1.937754
   0.794      1.942810
   0.797      1.947791
   0.800      1.952697
   0.804      1.957527
   0.807      1.962278
   0.810      1.966949
   0.813      1.971540
   0.817      1.976048
   0.820      1.980473
   0.823      1.984813
   0.826      1.989068
   0.830      1.993235
   0.833      1.997313
   0.836      2.001301
   0.840      2.005198
   0.843      2.009003
   0.846      2.012715
   0.849      2.016331
   0.853      2.019852
   0.856      2.023276
   0.859      2.026601
   0.862      2.029827
   0.866      2.032952
   0.869      2.035976
   0.872      2.038897
   0.875      2.041714
   0.879      2.044426
   0.882      2.047033
   0.885      2.049532
   0.889      2.051924
   0.892      2.054207
   0.895      2.056380
   0.898      2.058442
   0.902      2.060393
   0.905      2.062231
   0.908      2.063955
   0.911      2.065566
   0.915      2.067061
   0.918      2.068441
   0.921      2.069704
   0.924      2.070849
   0.928      2.071877
   0.931      2.072785
   0.934      2.073574
   0.938      2.074244
   0.941      2.074792
   0.944      2.075219
   0.947      2.075524
   0.951      2.075707
   0.954      2.075767
   0.957      2.075704
   0.960      2.075516
   0.964      2.075205
   0.967      2.074769
   0.970      2.074207
   0.973      2.073520
   0.977      2.072708
   0.980      2.071770
   0.983      2.070705
   0.987      2.069514
   0.990      2.068196
   0.993      2.066751
   0.996      2.065180
   1.000      2.063481
   1.003      2.061655
   1.006      2.059702
   1.009      2.057622
   1.013      2.055414
   1.016      2.053079
   1.019      2.050617
   1.022      2.048028
   1.026      2.045312
   1.029      2.042469
   1.032      2.039500
   1.036      2.036405
   1.039      2.033183
   1.042      2.029835
   1.045      2.026362
   1.049      2.022764
   1.052      2.019041
   1.055      2.015194
   1.058      2.011223
   1.062      2.007128
   1.065      2.002911
   1.068      1.998571
   1.071      1.994109
   1.075      1.989526
   1.078      1.984823
   1.081      1.979999
   1.085      1.975057
   1.088      1.969996
   1.091      1.964818
   1.094      1.959522
   1.098      1.954111
   1.101      1.948585
   1.104      1.942945
   1.107      1.937191
   1.111      1.931325
   1.114      1.925348
   1.117      1.919260
   1.120      1.913064
   1.124      1.906759
   1.127      1.900347
   1.130      1.893829
   1.134      1.887206
   1.137      1.880479
   1.140      1.873650
   1.143      1.866719
   1.147      1.859687
   1.150      1.852557
   1.153      1.845328
   1.156      1.838003
   1.160      1.830582
   1.163      1.823067
   1.166      1.815459
   1.169      1.807759
   1.173      1.799968
   1.176      1.792088
   1.179      1.784120
   1.183      1.776065
   1.186      1.767924
   1.189      1.759699
   1.192      1.751391
   1.196      1.743002
   1.199      1.734532
   1.202      1.725982
   1.205      1.717355
   1.209      1.708651
   1.212      1.699871
   1.215      1.691018
   1.218      1.682092
   1.222      1.673094
   1.225      1.664025
   1.228      1.654888
   1.232      1.645683
   1.235      1.636411
   1.238      1.627073
   1.241      1.617672
   1.245      1.608208
   1.248      1.598682
   1.251      1.589095
   1.254      1.579450
   1.258      1.569746
   1.261      1.559985
   1.264      1.550169
   1.267      1.540298
   1.271      1.530374
   1.274      1.520398
   1.277      1.510371
   1.281      1.500294
   1.284      1.490169
   1.287      1.479996
   1.290      1.469777
   1.294      1.459513
   1.297      1.449205
   1.300      1.438854
   1.303      1.428461
   1.307      1.418028
   1.310      1.407556
   1.313      1.397045
   1.316      1.386497
   1.320      1.375913
   1.323      1.365294
   1.326      1.354642
   1.330      1.343957
   1.333      1.333240
   1.336      1.322493
   1.339      1.311716
   1.343      1.300911
   1.346      1.290079
   1.349      1.279221
   1.352      1.268338
   1.356      1.257430
   1.359      1.246500
   1.362      1.235548
   1.365      1.224575
   1.369      1.213582
   1.372      1.202570
   1.375      1.191541
   1.379      1.180494
   1.382      1.169432
   1.385      1.158356
   1.388      1.147265
   1.392      1.136162
   1.395      1.125046
   1.398      1.113920
   1.401      1.102784
   1.405      1.091639
   1.408      1.080487
   1.411      1.069327
   1.414      1.058161
   1.418      1.046989
   1.421      1.035814
   1.424      1.024635
   1.428      1.013454
   1.431      1.002271
   1.434      0.991087
   1.437      0.979904
   1.441      0.968722
   1.444      0.957541
   1.447      0.946364
   1.450      0.935190
   1.454      0.924020
   1.457      0.912856
   1.460      0.901698
   1.463      0.890546
   1.467      0.879403
   1.470      0.868268
   1.473      0.857142
   1.477      0.846026
   1.480      0.834921
   1.483      0.823828
   1.486      0.812747
   1.490      0.801679
   1.493      0.790624
   1.496      0.779585
   1.499      0.768560
   1.503      0.757552
   1.506      0.746560
   1.509      0.735586
   1.512      0.724629
   1.516      0.713692
   1.519      0.702773
   1.522      0.691875
   1.526      0.680998
   1.529      0.670142
   1.532      0.659307
   1.535      0.648496
   1.539      0.637707
   1.542      0.626943
   1.545      0.616203
   1.548      0.605487
   1.552      0.594798
   1.555      0.584135
   1.558      0.573498
   1.561      0.562889
   1.565      0.552307
   1.568      0.541754
   1.571      0.531230
   1.575      0.520736
   1.578      0.510271
   1.581      0.499838
   1.584      0.489435
   1.588      0.479063
   1.591      0.468724
   1.594      0.458417
   1.597      0.448143
   1.601      0.437903
   1.604      0.427697
   1.607      0.417525
   1.610      0.407387
   1.614      0.397285
   1.617      0.387219
   1.620      0.377189
   1.624      0.367196
   1.627      0.357239
   1.630      0.347320
   1.633      0.337438
   1.637      0.327595
   1.640      0.317790
   1.643      0.308024
   1.646      0.298298
   1.650      0.288611
   1.653      0.278964
   1.656      0.269357
   1.659      0.259792
   1.663      0.250267
   1.666      0.240783
   1.669      0.231341
   1.673      0.221941
   1.676      0.212584
   1.679      0.203269
   1.682      0.193997
   1.686      0.184768
   1.689      0.175583
   1.692      0.166441
   1.695      0.157343
   1.699      0.148290
   1.702      0.139281
   1.705      0.130317
   1.708      0.121398
   1.712      0.112524
   1.715      0.103696
   1.718      0.094913
   1.722      0.086177
   1.725      0.077486
   1.728      0.068842
   1.731      0.060245
   1.735      0.051694
   1.738      0.043190
   1.741      0.034734
   1.744      0.026325
   1.748      0.017963
   1.751      0.009649
   1.754      0.001383
   1.757     -0.006835
   1.761     -0.015005
   1.764     -0.023127
   1.767     -0.031200
   1.771     -0.039225
   1.774     -0.047201
   1.777     -0.055128
   1.780     -0.063006
   1.784     -0.070835
   1.787     -0.078615
   1.790     -0.086345
   1.793     -0.094027
   1.797     -0.101658
   1.800     -0.109240
   1.803     -0.116773
   1.806     -0.124255
   1.810     -0.131688
   1.813     -0.139071
   1.816     -0.146404
   1.820     -0.153686
   1.823     -0.160919
   1.826     -0.168102
   1.829     -0.175234
   1.833     -0.182316
   1.836     -0.189348
   1.839     -0.196329
   1.842     -0.203260
   1.846     -0.210141
   1.849     -0.216971
   1.852     -0.223751
   1.855     -0.230480
   1.859     -0.237159
   1.862     -0.243787
   1.865     -0.250365
   1.869     -0.256893
   1.872     -0.263370
   1.875     -0.269796
   1.878     -0.276172
   1.882     -0.282498
   1.885     -0.288773
   1.888     -0.294998
   1.891     -0.301172
   1.895     -0.307296
   1.898     -0.313370
   1.901     -0.319393
   1.904     -0.325367
   1.908     -0.331290
   1.911     -0.337163
   1.914     -0.342985
   1.918     -0.348758
   1.921     -0.354481
   1.924     -0.360154
   1.927     -0.365777
   1.931     -0.371350
   1.934     -0.376874
   1.937     -0.382348
   1.940     -0.387772
   1.944     -0.393147
   1.947     -0.398473
   1.950     -0.403749
   1.953     -0.408976
   1.957     -0.414153
   1.960     -0.419282
   1.963     -0.424362
   1.967     -0.429393
   1.970     -0.434375
   1.973     -0.439309
   1.976     -0.444194
   1.980     -0.449031
   1.983     -0.453819
   1.986     -0.458559
   1.989     -0.463251
   1.993     -0.467895
   1.996     -0.472492
   1.999     -0.477040
   2.002     -0.481541
   2.006     -0.485995
   2.009     -0.490401
   2.012     -0.494760
   2.016     -0.499072
   2.019     -0.503337
   2.022     -0.507555
   2.025     -0.511727
   2.029     -0.515852
   2.032     -0.519931
   2.035     -0.523964
   2.038     -0.527950
   2.042     -0.531891
   2.045     -0.535786
   2.048     -0.539635
   2.051     -0.543439
   2.055     -0.547198
   2.058     -0.550912
   2.061     -0.554580
   2.065     -0.558204
   2.068     -0.561784
   2.071     -0.565318
   2.074     -0.568809
   2.078     -0.572255
   2.081     -0.575658
   2.084     -0.579017
   2.087     -0.582332
   2.091     -0.585604
   2.094     -0.588832
   2.097     -0.592018
   2.100     -0.595161
   2.104     -0.598261
   2.107     -0.601318
   2.110     -0.604333
   2.114     -0.607306
   2.117     -0.610238
   2.120     -0.613127
   2.123     -0.615975
   2.127     -0.618781
   2.130     -0.621546
   2.133     -0.624271
   2.136     -0.626954
   2.140     -0.629597
   2.143     -0.632199
   2.146     -0.634761
   2.149     -0.637284
   2.153     -0.639766
   2.156     -0.642209
   2.159     -0.644612
   2.163     -0.646976
   2.166     -0.649301
   2.169     -0.651588
   2.172     -0.653835
   2.176     -0.656044
   2.179     -0.658216
   2.182     -0.660349
   2.185     -0.662444
   2.189     -0.664501
   2.192     -0.666522
   2.195     -0.668505
   2.198     -0.670451
   2.202     -0.672360
   2.205     -0.674233
   2.208     -0.676070
   2.212     -0.677870
   2.215     -0.679634
   2.218     -0.681363
   2.221     -0.683056
   2.225     -0.684714
   2.228     -0.686337
   2.231     -0.687925
   2.234     -0.689478
   2.238     -0.690997
   2.241     -0.692482
   2.244     -0.693932
   2.247     -0.695349
   2.251     -0.696732
   2.254     -0.698082
   2.257     -0.699398
   2.261     -0.700682
   2.264     -0.701933
   2.267     -0.703151
   2.270     -0.704337
   2.274     -0.705491
   2.277     -0.706613
   2.280     -0.707704
   2.283     -0.708763
   2.287     -0.709790
   2.290     -0.710787
   2.293     -0.711753
   2.296     -0.712688
   2.300     -0.713593
   2.303     -0.714467
   2.306     -0.715312
   2.310     -0.716127
   2.313     -0.716912
   2.316     -0.717668
   2.319     -0.718395
   2.323     -0.719093
   2.326     -0.719762
   2.329     -0.720403
   2.332     -0.721016
   2.336     -0.721600
   2.339     -0.722157
   2.342     -0.722686
   2.345     -0.723187
   2.349     -0.723661
   2.352     -0.724109
   2.355     -0.724529
   2.359     -0.724923
   2.362     -0.725290
   2.365     -0.725632
   2.368     -0.725947
   2.372     -0.726237
   2.375     -0.726501
   2.378     -0.726739
   2.381     -0.726953
   2.385     -0.727141
   2.388     -0.727305
   2.391     -0.727444
   2.394     -0.727559
   2.398     -0.727650
   2.401     -0.727717
   2.404     -0.727760
   2.408     -0.727780
   2.411     -0.727776
   2.414     -0.727749
   2.417     -0.727699
   2.421     -0.727627
   2.424     -0.727532
   2.427     -0.727415
   2.430     -0.727275
   2.434     -0.727114
   2.437     -0.726931
   2.440     -0.726726
   2.443     -0.726500
   2.447     -0.726253
   2.450     -0.725985
   2.453     -0.725696
   2.457     -0.725386
   2.460     -0.725057
   2.463     -0.724707
   2.466     -0.724336
   2.470     -0.723947
   2.473     -0.723537
   2.476     -0.723108
   2.479     -0.722660
   2.483     -0.722193
   2.486     -0.721706
   2.489     -0.721202
   2.492     -0.720678
   2.496     -0.720136
   2.499     -0.719577
   2.502     -0.718999
   2.506     -0.718403
   2.509     -0.717790
   2.512     -0.717159
   2.515     -0.716511
   2.519     -0.715846
   2.522     -0.715164
   2.525     -0.714465
   2.528     -0.713750
   2.532     -0.713019
   2.535     -0.712271
   2.538     -0.711507
   2.541     -0.710727
   2.545     -0.709932
   2.548     -0.709121
   2.551     -0.708294
   2.555     -0.707453
   2.558     -0.706596
   2.561     -0.705725
   2.564     -0.704839
   2.568     -0.703938
   2.571     -0.703023
   2.574     -0.702094
   2.577     -0.701151
   2.581     -0.700193
   2.584     -0.699223
   2.587     -0.698238
   2.590     -0.697240
   2.594     -0.696229
   2.597     -0.695205
   2.600     -0.694168
   2.604     -0.693118
   2.607     -0.692055
   2.610     -0.690980
   2.613     -0.689893
   2.617     -0.688793
   2.620     -0.687681
   2.623     -0.686558
   2.626     -0.685422
   2.630     -0.684275
   2.633     -0.683117
   2.636     -0.681947
   2.639     -0.680767
   2.643     -0.679575
   2.646     -0.678372
   2.649     -0.677159
   2.653     -0.675935
   2.656     -0.674700
   2.659     -0.673455
   2.662     -0.672200
   2.666     -0.670935
   2.669     -0.669660
   2.672     -0.668375
   2.675     -0.667081
   2.679     -0.665777
   2.682     -0.664464
   2.685     -0.663141
   2.688     -0.661809
   2.692     -0.660469
   2.695     -0.659119
   2.698     -0.657761
   2.702     -0.656394
   2.705     -0.655018
   2.708     -0.653635
   2.711     -0.652243
   2.715     -0.650843
   2.718     -0.649435
   2.721     -0.648019
   2.724     -0.646595
   2.728     -0.645163
   2.731     -0.643725
   2.734     -0.642278
   2.737     -0.640825
   2.741     -0.639364
   2.744     -0.637896
   2.747     -0.636421
   2.751     -0.634940
   2.754     -0.633452
   2.757     -0.631957
   2.760     -0.630456
   2.764     -0.628948
   2.767     -0.627434
   2.770     -0.625914
   2.773     -0.624387
   2.777     -0.622855
   2.780     -0.621317
   2.783     -0.619774
   2.786     -0.618224
   2.790     -0.616669
   2.793     -0.615109
   2.796     -0.613543
   2.800     -0.611973
   2.803     -0.610397
   2.806     -0.608816
   2.809     -0.607230
   2.813     -0.605639
   2.816     -0.604044
   2.819     -0.602443
   2.822     -0.600839
   2.826     -0.599230
   2.829     -0.597616
   2.832     -0.595999
   2.835     -0.594377
   2.839     -0.592751
   2.842     -0.591121
   2.845     -0.589488
   2.849     -0.587850
   2.852     -0.586209
   2.855     -0.584564
   2.858     -0.582916
   2.862     -0.581264
   2.865     -0.579609
   2.868     -0.577950
   2.871     -0.576289
   2.875     -0.574624
   2.878     -0.572956
   2.881     -0.571286
   2.884     -0.569612
   2.888     -0.567936
   2.891     -0.566257
   2.894     -0.564576
   2.898     -0.562892
   2.901     -0.561205
   2.904     -0.559517
   2.907     -0.557825
   2.911     -0.556132
   2.914     -0.554437
   2.917     -0.552739
   2.920     -0.551040
   2.924     -0.549339
   2.927     -0.547636
   2.930     -0.545931
   2.933     -0.544224
   2.937     -0.542516
   2.940     -0.540806
   2.943     -0.539095
   2.947     -0.537383
   2.950     -0.535669
   2.953     -0.533954
   2.956     -0.532237
   2.960     -0.530520
   2.963     -0.528802
   2.966     -0.527082
   2.969     -0.525362
   2.973     -0.523641
   2.976     -0.521919
   2.979     -0.520196
   2.982     -0.518473
   2.986     -0.516749
   2.989     -0.515025
   2.992     -0.513300
   2.996     -0.511575
   2.999     -0.509850
   3.002     -0.508124
   3.005     -0.506398
   3.009     -0.504672
   3.012     -0.502946
   3.015     -0.501219
   3.018     -0.499493
   3.022     -0.497767
   3.025     -0.496041
   3.028     -0.494315
   3.031     -0.492590
   3.035     -0.490864
   3.038     -0.489140
   3.041     -0.487415
   3.045     -0.485691
   3.048     -0.483968
   3.051     -0.482245
   3.054     -0.480523
   3.058     -0.478801
   3.061     -0.477080
   3.064     -0.475360
   3.067     -0.473641
   3.071     -0.471923
   3.074     -0.470205
   3.077     -0.468489
   3.080     -0.466773
   3.084     -0.465059
   3.087     -0.463346
   3.090     -0.461634
   3.094     -0.459923
   3.097     -0.458213
   3.100     -0.456505
   3.103     -0.454798
   3.107     -0.453093
   3.110     -0.451389
   3.113     -0.449686
   3.116     -0.447985
   3.120     -0.446285
   3.123     -0.444587
   3.126     -0.442891
   3.129     -0.441196
   3.133     -0.439503
   3.136     -0.437812
   3.139     -0.436122
   3.143     -0.434435
   3.146     -0.432749
   3.149     -0.431065
   3.152     -0.429383
   3.156     -0.427703
   3.159     -0.426025
   3.162     -0.424349
   3.165     -0.422675
   3.169     -0.421003
   3.172     -0.419334
   3.175     -0.417666
   3.178     -0.416001
   3.182     -0.414338
   3.185     -0.412677
   3.188     -0.411019
   3.192     -0.409362
   3.195     -0.407709
   3.198     -0.406057
   3.201     -0.404408
   3.205     -0.402762
   3.208     -0.401118
   3.211     -0.399476
   3.214     -0.397837
   3.218     -0.396200
   3.221     -0.394566
   3.224     -0.392935
   3.227     -0.391306
   3.231     -0.389680
   3.234     -0.388056
   3.237     -0.386436
   3.241     -0.384818
   3.244     -0.383202
   3.247     -0.381590
   3.250     -0.379980
   3.254     -0.378373
   3.257     -0.376769
   3.260     -0.375168
   3.263     -0.373569
   3.267     -0.371974
   3.270     -0.370381
   3.273     -0.368791
   3.276     -0.367205
   3.280     -0.365621
   3.283     -0.364040
   3.286     -0.362462
   3.290     -0.360888
   3.293     -0.359316
   3.296     -0.357747
   3.299     -0.356182
   3.303     -0.354619
   3.306     -0.353060
   3.309     -0.351503
   3.312     -0.349950
   3.316     -0.348400
   3.319     -0.346853
   3.322     -0.345310
   3.325     -0.343769
   3.329     -0.342232
   3.332     -0.340698
   3.335     -0.339167
   3.339     -0.337639
   3.342     -0.336115
   3.345     -0.334594
   3.348     -0.333076
   3.352     -0.331561
   3.355     -0.330050
   3.358     -0.328542
   3.361     -0.327037
   3.365     -0.325536
   3.368     -0.324038
   3.371     -0.322543
   3.374     -0.321052
   3.378     -0.319564
   3.381     -0.318079
   3.384     -0.316598
   3.388     -0.315120
   3.391     -0.313646
   3.394     -0.312175
   3.397     -0.310707
   3.401     -0.309243
   3.404     -0.307782
   3.407     -0.306324
   3.410     -0.304871
   3.414     -0.303420
   3.417     -0.301973
   3.420     -0.300529
   3.423     -0.299089
   3.427     -0.297652
   3.430     -0.296219
   3.433     -0.294789
   3.437     -0.293363
   3.440     -0.291940
   3.443     -0.290520
   3.446     -0.289104
   3.450     -0.287692
   3.453     -0.286283
   3.456     -0.284877
   3.459     -0.283475
   3.463     -0.282077
   3.466     -0.280682
   3.469     -0.279290
   3.472     -0.277902
   3.476     -0.276518
   3.479     -0.275137
   3.482     -0.273759
   3.486     -0.272385
   3.489     -0.271014
   3.492     -0.269647
   3.495     -0.268284
   3.499     -0.266923
   3.502     -0.265567
   3.505     -0.264214
   3.508     -0.262864
   3.512     -0.261518
   3.515     -0.260175
   3.518     -0.258836
   3.521     -0.257500
   3.525     -0.256168
   3.528     -0.254839
   3.531     -0.253514
   3.535     -0.252192
   3.538     -0.250874
   3.541     -0.249559
   3.544     -0.248248
   3.548     -0.246940
   3.551     -0.245636
   3.554     -0.244335
   3.557     -0.243037
   3.561     -0.241743
   3.564     -0.240452
   3.567     -0.239165
   3.570     -0.237881
   3.574     -0.236601
   3.577     -0.235324
   3.580     -0.234051
   3.584     -0.232781
   3.587     -0.231514
   3.590     -0.230251
   3.593     -0.228991
   3.597     -0.227735
   3.600     -0.226482
   3.603     -0.225232
   3.606     -0.223986
   3.610     -0.222743
   3.613     -0.221504
   3.616     -0.220268
   3.619     -0.219035
   3.623     -0.217806
   3.626     -0.216580
   3.629     -0.215357
   3.633     -0.214138
   3.636     -0.212922
   3.639     -0.211709
   3.642     -0.210500
   3.646     -0.209294
   3.649     -0.208091
   3.652     -0.206892
   3.655     -0.205696
   3.659     -0.204503
   3.662     -0.203313
   3.665     -0.202127
   3.668     -0.200944
   3.672     -0.199764
   3.675     -0.198588
   3.678     -0.197415
   3.682     -0.196245
   3.685     -0.195078
   3.688     -0.193915
   3.691     -0.192754
   3.695     -0.191597
   3.698     -0.190443
   3.701     -0.189293
   3.704     -0.188145
   3.708     -0.187001
   3.711     -0.185860
   3.714     -0.184722
   3.717     -0.183587
   3.721     -0.182455
   3.724     -0.181327
   3.727     -0.180201
   3.731     -0.179079
   3.734     -0.177960
   3.737     -0.176844
   3.740     -0.175731
   3.744     -0.174621
   3.747     -0.173514
   3.750     -0.172410
   3.753     -0.171310
   3.757     -0.170212
   3.760     -0.169117
   3.763     -0.168026
   3.766     -0.166937
   3.770     -0.165852
   3.773     -0.164769
   3.776     -0.163690
   3.780     -0.162613
   3.783     -0.161539
   3.786     -0.160469
   3.789     -0.159401
   3.793     -0.158336
   3.796     -0.157275
   3.799     -0.156216
   3.802     -0.155160
   3.806     -0.154107
   3.809     -0.153056
   3.812     -0.152009
   3.815     -0.150965
   3.819     -0.149923
   3.822     -0.148884
   3.825     -0.147849
   3.829     -0.146816
   3.832     -0.145785
   3.835     -0.144758
   3.838     -0.143733
   3.842     -0.142712
   3.845     -0.141693
   3.848     -0.140676
   3.851     -0.139663
   3.855     -0.138652
   3.858     -0.137644
   3.861     -0.136639
   3.864     -0.135636
   3.868     -0.134637
   3.871     -0.133639
   3.874     -0.132645
   3.878     -0.131653
   3.881     -0.130664
   3.884     -0.129678
   3.887     -0.128694
   3.891     -0.127713
   3.894     -0.126734
   3.897     -0.125758
   3.900     -0.124785
   3.904     -0.123814
   3.907     -0.122846
   3.910     -0.121880
   3.913     -0.120917
   3.917     -0.119957
   3.920     -0.118999
   3.923     -0.118044
   3.927     -0.117091
   3.930     -0.116140
   3.933     -0.115192
   3.936     -0.114247
   3.940     -0.113304
   3.943     -0.112364
   3.946     -0.111426
   3.949     -0.110490
   3.953     -0.109557
   3.956     -0.108626
   3.959     -0.107698
   3.962     -0.106772
   3.966     -0.105848
   3.969     -0.104927
   3.972     -0.104008
   3.976     -0.103092
   3.979     -0.102178
   3.982     -0.101266
   3.985     -0.100356
   3.989     -0.099449
   3.992     -0.098544
   3.995     -0.097642
   3.998     -0.096742
   4.002     -0.095844
   4.005     -0.094948
   4.008     -0.094054
   4.011     -0.093163
   4.015     -0.092274
   4.018     -0.091387
   4.021     -0.090502
   4.025     -0.089620
   4.028     -0.088740
   4.031     -0.087861
   4.034     -0.086986
   4.038     -0.086112
   4.041     -0.085240
   4.044     -0.084370
   4.047     -0.083503
   4.051     -0.082638
   4.054     -0.081774
   4.057     -0.080913
   4.060     -0.080054
   4.064     -0.079197
   4.067     -0.078342
   4.070     -0.077489
   4.074     -0.076638
   4.077     -0.075789
   4.080     -0.074942
   4.083     -0.074097
   4.087     -0.073254
   4.090     -0.072413
   4.093     -0.071574
   4.096     -0.070737
   4.100     -0.069902
   4.103     -0.069069
   4.106     -0.068238
   4.109     -0.067408
   4.113     -0.066581
   4.116     -0.065755
   4.119     -0.064932
   4.123     -0.064110
   4.126     -0.063290
   4.129     -0.062472
   4.132     -0.061656
   4.136     -0.060841
   4.139     -0.060028
   4.142     -0.059218
   4.145     -0.058409
   4.149     -0.057601
   4.152     -0.056796
   4.155     -0.055992
   4.158     -0.055190
   4.162     -0.054390
   4.165     -0.053591
   4.168     -0.052794
   4.172     -0.051999
   4.175     -0.051206
   4.178     -0.050414
   4.181     -0.049624
   4.185     -0.048836
   4.188     -0.048049
   4.191     -0.047264
   4.194     -0.046481
   4.198     -0.045699
   4.201     -0.044919
   4.204     -0.044140
   4.207     -0.043363
   4.211     -0.042588
   4.214     -0.041814
   4.217     -0.041042
   4.221     -0.040271
   4.224     -0.039502
   4.227     -0.038735
   4.230     -0.037968
   4.234     -0.037204
   4.237     -0.036441
   4.240     -0.035679
   4.243     -0.034919
   4.247     -0.034161
   4.250     -0.033404
   4.253     -0.032648
   4.256     -0.031894
   4.260     -0.031141
   4.263     -0.030390
   4.266     -0.029640
   4.270     -0.028891
   4.273     -0.028144
   4.276     -0.027399
   4.279     -0.026654
   4.283     -0.025911
   4.286     -0.025170
   4.289     -0.024429
   4.292     -0.023691
   4.296     -0.022953
   4.299     -0.022217
   4.302     -0.021482
   4.305     -0.020748
   4.309     -0.020016
   4.312     -0.019285
   4.315     -0.018555
   4.319     -0.017827
   4.322     -0.017099
   4.325     -0.016373
   4.328     -0.015649
   4.332     -0.014925
   4.335     -0.014203
   4.338     -0.013482
   4.341     -0.012762
   4.345     -0.012043
   4.348     -0.011326
   4.351     -0.010609
   4.354     -0.009894
   4.358     -0.009180
   4.361     -0.008468
   4.364     -0.007756
   4.368     -0.007045
   4.371     -0.006336
   4.374     -0.005628
   4.377     -0.004920
   4.381     -0.004214
   4.384     -0.003509
   4.387     -0.002805
   4.390     -0.002102
   4.394     -0.001400
   4.397     -0.000700
   4.400      0.000000
