   0.000     -0.000032
   0.003      0.000016
   0.007      0.000063
   0.010      0.000142
   0.013      0.000252
   0.016      0.000394
   0.020      0.000567
   0.023      0.000772
   0.026      0.001009
   0.029      0.001277
   0.033      0.001576
   0.036      0.001907
   0.039      0.002269
   0.042      0.002663
   0.046      0.003088
   0.049      0.003545
   0.052      0.004033
   0.056      0.004552
   0.059      0.005103
   0.062      0.005684
   0.065      0.006298
   0.069      0.006942
   0.072      0.007618
   0.075      0.008325
   0.078      0.009063
   0.082      0.009833
   0.085      0.010633
   0.088      0.011465
   0.091      0.012328
   0.095      0.013221
   0.098      0.014146
   0.101      0.015102
   0.105      0.016088
   0.108      0.017106
   0.111      0.018154
   0.114      0.019233
   0.118      0.020343
   0.121      0.021484
   0.124      0.022655
   0.127      0.023857
   0.131      0.025089
   0.134      0.026352
   0.137      0.027645
   0.140      0.028969
   0.144      0.030323
   0.147      0.031708
   0.150      0.033122
   0.154      0.034567
   0.157      0.036042
   0.160      0.037547
   0.163      0.039082
   0.167      0.040647
   0.170      0.042242
   0.173      0.043867
   0.176      0.045521
   0.180      0.047206
   0.183      0.048919
   0.186      0.050663
   0.189      0.052435
   0.193      0.054238
   0.196      0.056069
   0.199      0.057930
   0.203      0.059820
   0.206      0.061739
   0.209      0.063687
   0.212      0.065664
   0.216      0.067669
   0.219      0.069704
   0.222      0.071767
   0.225      0.073859
   0.229      0.075980
   0.232      0.078128
   0.235      0.080306
   0.238      0.082511
   0.242      0.084745
   0.245      0.087006
   0.248      0.089296
   0.252      0.091613
   0.255      0.093959
   0.258      0.096332
   0.261      0.098732
   0.265      0.101160
   0.268      0.103615
   0.271      0.106098
   0.274      0.108608
   0.278      0.111145
   0.281      0.113709
   0.284      0.116300
   0.287      0.118917
   0.291      0.121561
   0.294      0.124232
   0.297      0.126929
   0.301      0.129652
   0.304      0.132402
   0.307      0.135177
   0.310      0.137979
   0.314      0.140806
   0.317      0.143659
   0.320      0.146538
   0.323      0.149442
   0.327      0.152372
   0.330      0.155326
   0.333      0.158306
   0.336      0.161311
   0.340      0.164341
   0.343      0.167395
   0.346      0.170474
   0.350      0.173577
   0.353      0.176705
   0.356      0.179856
   0.359      0.183032
   0.363      0.186232
   0.366      0.189456
   0.369      0.192703
   0.372      0.195973
   0.376      0.199267
   0.379      0.202584
   0.382      0.205925
   0.385      0.209288
   0.389      0.212674
   0.392      0.216082
   0.395      0.219513
   0.399      0.222967
   0.402      0.226442
   0.405      0.229940
   0.408      0.233459
   0.412      0.237000
   0.415      0.240563
   0.418      0.244147
   0.421      0.247752
   0.425      0.251378
   0.428      0.255026
   0.431      0.258694
   0.434      0.262382
   0.438      0.266091
   0.441      0.269821
   0.444      0.273570
   0.448      0.277340
   0.451      0.281129
   0.454      0.284938
   0.457      0.288766
   0.461      0.292614
   0.464      0.296480
   0.467      0.300366
   0.470      0.304270
   0.474      0.308193
   0.477      0.312134
   0.480      0.316094
   0.483      0.320071
   0.487      0.324067
   0.490      0.328080
   0.493      0.332111
   0.497      0.336158
   0.500      0.340224
   0.503      0.344306
   0.506      0.348405
   0.510      0.352520
   0.513      0.356652
   0.516      0.360800
   0.519      0.364964
   0.523      0.369144
   0.526      0.373340
   0.529      0.377551
   0.532      0.381778
   0.536      0.386019
   0.539      0.390276
   0.542      0.394547
   0.546      0.398832
   0.549      0.403132
   0.552      0.407446
   0.555      0.411774
   0.559      0.416116
   0.562      0.420471
   0.565      0.424840
   0.568      0.429222
   0.572      0.433616
   0.575      0.438023
   0.578      0.442443
   0.581      0.446875
   0.585      0.451320
   0.588      0.455776
   0.591      0.460244
   0.595      0.464723
   0.598      0.469214
   0.601      0.473715
   0.604      0.478228
   0.608      0.482751
   0.611      0.487285
   0.614      0.491829
   0.617      0.496383
   0.621      0.500947
   0.624      0.505520
   0.627      0.510103
   0.630      0.514695
   0.634      0.519296
   0.637      0.523905
   0.640      0.528523
   0.644      0.533150
   0.647      0.537785
   0.650      0.542427
   0.653      0.547077
   0.657      0.551735
   0.660      0.556400
   0.663      0.561072
   0.666      0.565750
   0.670      0.570436
   0.673      0.575127
   0.676      0.579825
   0.679      0.584529
   0.683      0.589238
   0.686      0.593953
   0.689      0.598673
   0.693      0.603398
   0.696      0.608128
   0.699      0.612862
   0.702      0.617601
   0.706      0.622344
   0.709      0.627091
   0.712      0.631841
   0.715      0.636595
   0.719      0.641352
   0.722      0.646112
   0.725      0.650875
   0.728      0.655641
   0.732      0.660408
   0.735      0.665178
   0.738      0.669950
   0.742      0.674723
   0.745      0.679498
   0.748      0.684274
   0.751      0.689051
   0.755      0.693829
   0.758      0.698607
   0.761      0.703385
   0.764      0.708164
   0.768      0.712942
   0.771      0.717720
   0.774      0.722497
   0.777      0.727273
   0.781      0.732048
   0.784      0.736822
   0.787      0.741594
   0.791      0.746365
   0.794      0.751133
   0.797      0.755900
   0.800      0.760663
   0.804      0.765424
   0.807      0.770183
   0.810      0.774937
   0.813      0.779689
   0.817      0.784437
   0.820      0.789181
   0.823      0.793921
   0.826      0.798657
   0.830      0.803388
   0.833      0.808114
   0.836      0.812836
   0.840      0.817552
   0.843      0.822262
   0.846      0.826968
   0.849      0.831667
   0.853      0.836360
   0.856      0.841046
   0.859      0.845727
   0.862      0.850400
   0.866      0.855066
   0.869      0.859725
   0.872      0.864377
   0.875      0.869021
   0.879      0.873656
   0.882      0.878284
   0.885      0.882904
   0.889      0.887514
   0.892      0.892116
   0.895      0.896709
   0.898      0.901293
   0.902      0.905867
   0.905      0.910432
   0.908      0.914986
   0.911      0.919531
   0.915      0.924065
   0.918      0.928589
   0.921      0.933101
   0.924      0.937603
   0.928      0.942094
   0.931      0.946573
   0.934      0.951040
   0.938      0.955496
   0.941      0.959939
   0.944      0.964370
   0.947      0.968789
   0.951      0.973195
   0.954      0.977588
   0.957      0.981968
   0.960      0.986335
   0.964      0.990688
   0.967      0.995027
   0.970      0.999352
   0.973      1.003663
   0.977      1.007960
   0.980      1.012242
   0.983      1.016509
   0.987      1.020762
   0.990      1.024999
   0.993      1.029221
   0.996      1.033427
   1.000      1.037617
   1.003      1.041792
   1.006      1.045950
   1.009      1.050092
   1.013      1.054217
   1.016      1.058325
   1.019      1.062417
   1.022      1.066491
   1.026      1.070548
   1.029      1.074587
   1.032      1.078609
   1.036      1.082613
   1.039      1.086598
   1.042      1.090566
   1.045      1.094514
   1.049      1.098445
   1.052      1.102356
   1.055      1.106248
   1.058      1.110121
   1.062      1.113975
   1.065      1.117809
   1.068      1.121623
   1.071      1.125418
   1.075      1.129192
   1.078      1.132946
   1.081      1.136680
   1.085      1.140393
   1.088      1.144085
   1.091      1.147756
   1.094      1.151406
   1.098      1.155035
   1.101      1.158643
   1.104      1.162228
   1.107      1.165792
   1.111      1.169334
   1.114      1.172854
   1.117      1.176352
   1.120      1.179827
   1.124      1.183280
   1.127      1.186710
   1.130      1.190117
   1.134      1.193501
   1.137      1.196862
   1.140      1.200200
   1.143      1.203514
   1.147      1.206804
   1.150      1.210071
   1.153      1.213314
   1.156      1.216532
   1.160      1.219727
   1.163      1.222897
   1.166      1.226043
   1.169      1.229164
   1.173      1.232260
   1.176      1.235332
   1.179      1.238378
   1.183      1.241400
   1.186      1.244396
   1.189      1.247366
   1.192      1.250312
   1.196      1.253231
   1.199      1.256125
   1.202      1.258993
   1.205      1.261835
   1.209      1.264650
   1.212      1.267440
   1.215      1.270203
   1.218      1.272940
   1.222      1.275650
   1.225      1.278333
   1.228      1.280989
   1.232      1.283619
   1.235      1.286222
   1.238      1.288797
   1.241      1.291345
   1.245      1.293866
   1.248      1.296359
   1.251      1.298825
   1.254      1.301264
   1.258      1.303674
   1.261      1.306057
   1.264      1.308411
   1.267      1.310738
   1.271      1.313037
   1.274      1.315307
   1.277      1.317549
   1.281      1.319763
   1.284      1.321948
   1.287      1.324105
   1.290      1.326233
   1.294      1.328333
   1.297      1.330403
   1.300      1.332445
   1.303      1.334458
   1.307      1.336442
   1.310      1.338397
   1.313      1.340323
   1.316      1.342219
   1.320      1.344086
   1.323      1.345924
   1.326      1.347733
   1.330      1.349512
   1.333      1.351262
   1.336      1.352982
   1.339      1.354673
   1.343      1.356333
   1.346      1.357965
   1.349      1.359566
   1.352      1.361138
   1.356      1.362680
   1.359      1.364191
   1.362      1.365674
   1.365      1.367126
   1.369      1.368548
   1.372      1.369940
   1.375      1.371302
   1.379      1.372634
   1.382      1.373935
   1.385      1.375207
   1.388      1.376448
   1.392      1.377660
   1.395      1.378841
   1.398      1.379991
   1.401      1.381112
   1.405      1.382202
   1.408      1.383262
   1.411      1.384292
   1.414      1.385291
   1.418      1.386260
   1.421      1.387199
   1.424      1.388107
   1.428      1.388985
   1.431      1.389832
   1.434      1.390650
   1.437      1.391437
   1.441      1.392193
   1.444      1.392919
   1.447      1.393615
   1.450      1.394281
   1.454      1.394916
   1.457      1.395521
   1.460      1.396096
   1.463      1.396640
   1.467      1.397154
   1.470      1.397638
   1.473      1.398091
   1.477      1.398515
   1.480      1.398908
   1.483      1.399271
   1.486      1.399604
   1.490      1.399907
   1.493      1.400180
   1.496      1.400423
   1.499      1.400635
   1.503      1.400818
   1.506      1.400971
   1.509      1.401094
   1.512      1.401187
   1.516      1.401250
   1.519      1.401284
   1.522      1.401288
   1.526      1.401262
   1.529      1.401206
   1.532      1.401121
   1.535      1.401007
   1.539      1.400863
   1.542      1.400689
   1.545      1.400486
   1.548      1.400254
   1.552      1.399993
   1.555      1.399702
   1.558      1.399383
   1.561      1.399034
   1.565      1.398656
   1.568      1.398250
   1.571      1.397814
   1.575      1.397350
   1.578      1.396857
   1.581      1.396335
   1.584      1.395785
   1.588      1.395207
   1.591      1.394600
   1.594      1.393965
   1.597      1.393301
   1.601      1.392609
   1.604      1.391890
   1.607      1.391142
   1.610      1.390366
   1.614      1.389563
   1.617      1.388732
   1.620      1.387873
   1.624      1.386987
   1.627      1.386073
   1.630      1.385132
   1.633      1.384163
   1.637      1.383168
   1.640      1.382145
   1.643      1.381096
   1.646      1.380020
   1.650      1.378917
   1.653      1.377787
   1.656      1.376631
   1.659      1.375448
   1.663      1.374239
   1.666      1.373004
   1.669      1.371743
   1.673      1.370455
   1.676      1.369142
   1.679      1.367803
   1.682      1.366439
   1.686      1.365049
   1.689      1.363633
   1.692      1.362193
   1.695      1.360727
   1.699      1.359236
   1.702      1.357720
   1.705      1.356179
   1.708      1.354614
   1.712      1.353024
   1.715      1.351410
   1.718      1.349771
   1.722      1.348109
   1.725      1.346422
   1.728      1.344711
   1.731      1.342977
   1.735      1.341219
   1.738      1.339437
   1.741      1.337632
   1.744      1.335804
   1.748      1.333953
   1.751      1.332079
   1.754      1.330182
   1.757      1.328262
   1.761      1.326320
   1.764      1.324355
   1.767      1.322368
   1.771      1.320359
   1.774      1.318328
   1.777      1.316276
   1.780      1.314201
   1.784      1.312105
   1.787      1.309988
   1.790      1.307849
   1.793      1.305689
   1.797      1.303509
   1.800      1.301307
   1.803      1.299085
   1.806      1.296843
   1.810      1.294580
   1.813      1.292297
   1.816      1.289994
   1.820      1.287671
   1.823      1.285328
   1.826      1.282966
   1.829      1.280584
   1.833      1.278183
   1.836      1.275763
   1.839      1.273324
   1.842      1.270866
   1.846      1.268390
   1.849      1.265895
   1.852      1.263382
   1.855      1.260850
   1.859      1.258301
   1.862      1.255734
   1.865      1.253149
   1.869      1.250546
   1.872      1.247927
   1.875      1.245290
   1.878      1.242636
   1.882      1.239965
   1.885      1.237277
   1.888      1.234573
   1.891      1.231853
   1.895      1.229116
   1.898      1.226363
   1.901      1.223595
   1.904      1.220810
   1.908      1.218010
   1.911      1.215195
   1.914      1.212364
   1.918      1.209519
   1.921      1.206658
   1.924      1.203783
   1.927      1.200893
   1.931      1.197989
   1.934      1.195071
   1.937      1.192138
   1.940      1.189192
   1.944      1.186231
   1.947      1.183258
   1.950      1.180270
   1.953      1.177270
   1.957      1.174256
   1.960      1.171230
   1.963      1.168191
   1.967      1.165139
   1.970      1.162075
   1.973      1.158999
   1.976      1.155910
   1.980      1.152810
   1.983      1.149697
   1.986      1.146574
   1.989      1.143439
   1.993      1.140292
   1.996      1.137135
   1.999      1.133966
   2.002      1.130787
   2.006      1.127597
   2.009      1.124397
   2.012      1.121187
   2.016      1.117966
   2.019      1.114735
   2.022      1.111495
   2.025      1.108245
   2.029      1.104986
   2.032      1.101717
   2.035      1.098440
   2.038      1.095153
   2.042      1.091857
   2.045      1.088553
   2.048      1.085241
   2.051      1.081920
   2.055      1.078591
   2.058      1.075254
   2.061      1.071909
   2.065      1.068556
   2.068      1.065196
   2.071      1.061829
   2.074      1.058454
   2.078      1.055072
   2.081      1.051684
   2.084      1.048289
   2.087      1.044887
   2.091      1.041479
   2.094      1.038064
   2.097      1.034644
   2.100      1.031217
   2.104      1.027785
   2.107      1.024347
   2.110      1.020904
   2.114      1.017455
   2.117      1.014001
   2.120      1.010542
   2.123      1.007078
   2.127      1.003610
   2.130      1.000137
   2.133      0.996659
   2.136      0.993178
   2.140      0.989692
   2.143      0.986202
   2.146      0.982708
   2.149      0.979211
   2.153      0.975710
   2.156      0.972206
   2.159      0.968699
   2.163      0.965188
   2.166      0.961674
   2.169      0.958158
   2.172      0.954639
   2.176      0.951118
   2.179      0.947594
   2.182      0.944068
   2.185      0.940539
   2.189      0.937009
   2.192      0.933477
   2.195      0.929943
   2.198      0.926408
   2.202      0.922871
   2.205      0.919333
   2.208      0.915794
   2.212      0.912254
   2.215      0.908713
   2.218      0.905171
   2.221      0.901629
   2.225      0.898086
   2.228      0.894543
   2.231      0.890999
   2.234      0.887456
   2.238      0.883912
   2.241      0.880369
   2.244      0.876826
   2.247      0.873283
   2.251      0.869741
   2.254      0.866200
   2.257      0.862659
   2.261      0.859119
   2.264      0.855581
   2.267      0.852043
   2.270      0.848507
   2.274      0.844972
   2.277      0.841439
   2.280      0.837907
   2.283      0.834377
   2.287      0.830849
   2.290      0.827323
   2.293      0.823798
   2.296      0.820277
   2.300      0.816757
   2.303      0.813240
   2.306      0.809725
   2.310      0.806213
   2.313      0.802704
   2.316      0.799198
   2.319      0.795694
   2.323      0.792194
   2.326      0.788697
   2.329      0.785203
   2.332      0.781713
   2.336      0.778226
   2.339      0.774742
   2.342      0.771263
   2.345      0.767787
   2.349      0.764315
   2.352      0.760847
   2.355      0.757383
   2.359      0.753924
   2.362      0.750469
   2.365      0.747018
   2.368      0.743571
   2.372      0.740129
   2.375      0.736692
   2.378      0.733260
   2.381      0.729832
   2.385      0.726410
   2.388      0.722992
   2.391      0.719580
   2.394      0.716172
   2.398      0.712770
   2.401      0.709374
   2.404      0.705983
   2.408      0.702597
   2.411      0.699217
   2.414      0.695843
   2.417      0.692475
   2.421      0.689112
   2.424      0.685756
   2.427      0.682405
   2.430      0.679061
   2.434      0.675723
   2.437      0.672391
   2.440      0.669065
   2.443      0.665746
   2.447      0.662434
   2.450      0.659128
   2.453      0.655828
   2.457      0.652535
   2.460      0.649250
   2.463      0.645971
   2.466      0.642698
   2.470      0.639433
   2.473      0.636175
   2.476      0.632924
   2.479      0.629681
   2.483      0.626444
   2.486      0.623215
   2.489      0.619993
   2.492      0.616779
   2.496      0.613572
   2.499      0.610373
   2.502      0.607181
   2.506      0.603998
   2.509      0.600821
   2.512      0.597653
   2.515      0.594493
   2.519      0.591340
   2.522      0.588195
   2.525      0.585059
   2.528      0.581930
   2.532      0.578810
   2.535      0.575698
   2.538      0.572594
   2.541      0.569498
   2.545      0.566411
   2.548      0.563332
   2.551      0.560262
   2.555      0.557200
   2.558      0.554146
   2.561      0.551101
   2.564      0.548065
   2.568      0.545037
   2.571      0.542019
   2.574      0.539008
   2.577      0.536007
   2.581      0.533015
   2.584      0.530031
   2.587      0.527056
   2.590      0.524090
   2.594      0.521134
   2.597      0.518186
   2.600      0.515247
   2.604      0.512317
   2.607      0.509397
   2.610      0.506486
   2.613      0.503584
   2.617      0.500691
   2.620      0.497807
   2.623      0.494933
   2.626      0.492068
   2.630      0.489212
   2.633      0.486366
   2.636      0.483529
   2.639      0.480702
   2.643      0.477884
   2.646      0.475076
   2.649      0.472277
   2.653      0.469488
   2.656      0.466708
   2.659      0.463938
   2.662      0.461178
   2.666      0.458427
   2.669      0.455686
   2.672      0.452954
   2.675      0.450233
   2.679      0.447521
   2.682      0.444819
   2.685      0.442126
   2.688      0.439444
   2.692      0.436771
   2.695      0.434108
   2.698      0.431455
   2.702      0.428812
   2.705      0.426179
   2.708      0.423555
   2.711      0.420942
   2.715      0.418338
   2.718      0.415745
   2.721      0.413161
   2.724      0.410587
   2.728      0.408024
   2.731      0.405470
   2.734      0.402926
   2.737      0.400393
   2.741      0.397869
   2.744      0.395356
   2.747      0.392852
   2.751      0.390359
   2.754      0.387875
   2.757      0.385402
   2.760      0.382939
   2.764      0.380485
   2.767      0.378042
   2.770      0.375609
   2.773      0.373186
   2.777      0.370773
   2.780      0.368371
   2.783      0.365978
   2.786      0.363596
   2.790      0.361223
   2.793      0.358861
   2.796      0.356509
   2.800      0.354167
   2.803      0.351835
   2.806      0.349513
   2.809      0.347201
   2.813      0.344900
   2.816      0.342608
   2.819      0.340327
   2.822      0.338056
   2.826      0.335794
   2.829      0.333543
   2.832      0.331302
   2.835      0.329071
   2.839      0.326851
   2.842      0.324640
   2.845      0.322439
   2.849      0.320249
   2.852      0.318068
   2.855      0.315898
   2.858      0.313738
   2.862      0.311587
   2.865      0.309447
   2.868      0.307317
   2.871      0.305197
   2.875      0.303086
   2.878      0.300986
   2.881      0.298896
   2.884      0.296816
   2.888      0.294746
   2.891      0.292685
   2.894      0.290635
   2.898      0.288595
   2.901      0.286564
   2.904      0.284544
   2.907      0.282533
   2.911      0.280532
   2.914      0.278541
   2.917      0.276560
   2.920      0.274589
   2.924      0.272628
   2.927      0.270677
   2.930      0.268735
   2.933      0.266803
   2.937      0.264881
   2.940      0.262969
   2.943      0.261066
   2.947      0.259173
   2.950      0.257290
   2.953      0.255417
   2.956      0.253553
   2.960      0.251699
   2.963      0.249855
   2.966      0.248020
   2.969      0.246195
   2.973      0.244379
   2.976      0.242573
   2.979      0.240777
   2.982      0.238990
   2.986      0.237213
   2.989      0.235445
   2.992      0.233686
   2.996      0.231937
   2.999      0.230198
   3.002      0.228468
   3.005      0.226747
   3.009      0.225036
   3.012      0.223334
   3.015      0.221641
   3.018      0.219958
   3.022      0.218284
   3.025      0.216619
   3.028      0.214964
   3.031      0.213318
   3.035      0.211681
   3.038      0.210053
   3.041      0.208434
   3.045      0.206825
   3.048      0.205224
   3.051      0.203633
   3.054      0.202050
   3.058      0.200477
   3.061      0.198913
   3.064      0.197358
   3.067      0.195811
   3.071      0.194274
   3.074      0.192746
   3.077      0.191226
   3.080      0.189715
   3.084      0.188214
   3.087      0.186721
   3.090      0.185236
   3.094      0.183761
   3.097      0.182294
   3.100      0.180836
   3.103      0.179387
   3.107      0.177946
   3.110      0.176514
   3.113      0.175091
   3.116      0.173676
   3.120      0.172269
   3.123      0.170872
   3.126      0.169482
   3.129      0.168102
   3.133      0.166729
   3.136      0.165365
   3.139      0.164010
   3.143      0.162662
   3.146      0.161324
   3.149      0.159993
   3.152      0.158671
   3.156      0.157357
   3.159      0.156051
   3.162      0.154753
   3.165      0.153464
   3.169      0.152182
   3.172      0.150909
   3.175      0.149644
   3.178      0.148387
   3.182      0.147138
   3.185      0.145897
   3.188      0.144663
   3.192      0.143438
   3.195      0.142221
   3.198      0.141011
   3.201      0.139810
   3.205      0.138616
   3.208      0.137430
   3.211      0.136252
   3.214      0.135081
   3.218      0.133918
   3.221      0.132763
   3.224      0.131616
   3.227      0.130476
   3.231      0.129343
   3.234      0.128219
   3.237      0.127101
   3.241      0.125991
   3.244      0.124889
   3.247      0.123794
   3.250      0.122707
   3.254      0.121626
   3.257      0.120554
   3.260      0.119488
   3.263      0.118430
   3.267      0.117379
   3.270      0.116335
   3.273      0.115298
   3.276      0.114269
   3.280      0.113246
   3.283      0.112231
   3.286      0.111223
   3.290      0.110222
   3.293      0.109227
   3.296      0.108240
   3.299      0.107260
   3.303      0.106286
   3.306      0.105320
   3.309      0.104360
   3.312      0.103407
   3.316      0.102461
   3.319      0.101522
   3.322      0.100589
   3.325      0.099663
   3.329      0.098744
   3.332      0.097831
   3.335      0.096925
   3.339      0.096025
   3.342      0.095132
   3.345      0.094246
   3.348      0.093366
   3.352      0.092492
   3.355      0.091625
   3.358      0.090764
   3.361      0.089910
   3.365      0.089062
   3.368      0.088220
   3.371      0.087384
   3.374      0.086555
   3.378      0.085732
   3.381      0.084915
   3.384      0.084104
   3.388      0.083299
   3.391      0.082500
   3.394      0.081707
   3.397      0.080921
   3.401      0.080140
   3.404      0.079365
   3.407      0.078596
   3.410      0.077833
   3.414      0.077076
   3.417      0.076325
   3.420      0.075580
   3.423      0.074840
   3.427      0.074106
   3.430      0.073378
   3.433      0.072655
   3.437      0.071938
   3.440      0.071227
   3.443      0.070521
   3.446      0.069821
   3.450      0.069126
   3.453      0.068437
   3.456      0.067753
   3.459      0.067075
   3.463      0.066402
   3.466      0.065734
   3.469      0.065072
   3.472      0.064415
   3.476      0.063764
   3.479      0.063118
   3.482      0.062476
   3.486      0.061840
   3.489      0.061210
   3.492      0.060584
   3.495      0.059964
   3.499      0.059348
   3.502      0.058738
   3.505      0.058132
   3.508      0.057532
   3.512      0.056937
   3.515      0.056346
   3.518      0.055761
   3.521      0.055180
   3.525      0.054604
   3.528      0.054033
   3.531      0.053467
   3.535      0.052905
   3.538      0.052349
   3.541      0.051797
   3.544      0.051249
   3.548      0.050706
   3.551      0.050168
   3.554      0.049635
   3.557      0.049106
   3.561      0.048581
   3.564      0.048061
   3.567      0.047546
   3.570      0.047035
   3.574      0.046528
   3.577      0.046026
   3.580      0.045528
   3.584      0.045035
   3.587      0.044546
   3.590      0.044061
   3.593      0.043580
   3.597      0.043104
   3.600      0.042632
   3.603      0.042164
   3.606      0.041700
   3.610      0.041240
   3.613      0.040784
   3.616      0.040333
   3.619      0.039885
   3.623      0.039442
   3.626      0.039002
   3.629      0.038567
   3.633      0.038135
   3.636      0.037707
   3.639      0.037283
   3.642      0.036863
   3.646      0.036447
   3.649      0.036035
   3.652      0.035626
   3.655      0.035221
   3.659      0.034820
   3.662      0.034423
   3.665      0.034029
   3.668      0.033639
   3.672      0.033253
   3.675      0.032870
   3.678      0.032491
   3.682      0.032115
   3.685      0.031743
   3.688      0.031374
   3.691      0.031009
   3.695      0.030647
   3.698      0.030289
   3.701      0.029934
   3.704      0.029583
   3.708      0.029235
   3.711      0.028890
   3.714      0.028548
   3.717      0.028210
   3.721      0.027875
   3.724      0.027544
   3.727      0.027215
   3.731      0.026890
   3.734      0.026568
   3.737      0.026249
   3.740      0.025933
   3.744      0.025620
   3.747      0.025310
   3.750      0.025004
   3.753      0.024700
   3.757      0.024400
   3.760      0.024102
   3.763      0.023807
   3.766      0.023516
   3.770      0.023227
   3.773      0.022941
   3.776      0.022658
   3.780      0.022378
   3.783      0.022100
   3.786      0.021826
   3.789      0.021554
   3.793      0.021285
   3.796      0.021019
   3.799      0.020756
   3.802      0.020495
   3.806      0.020237
   3.809      0.019981
   3.812      0.019728
   3.815      0.019478
   3.819      0.019231
   3.822      0.018986
   3.825      0.018743
   3.829      0.018503
   3.832      0.018266
   3.835      0.018031
   3.838      0.017798
   3.842      0.017568
   3.845      0.017341
   3.848      0.017116
   3.851      0.016893
   3.855      0.016673
   3.858      0.016455
   3.861      0.016239
   3.864      0.016025
   3.868      0.015814
   3.871      0.015606
   3.874      0.015399
   3.878      0.015195
   3.881      0.014993
   3.884      0.014793
   3.887      0.014595
   3.891      0.014400
   3.894      0.014206
   3.897      0.014015
   3.900      0.013826
   3.904      0.013639
   3.907      0.013454
   3.910      0.013271
   3.913      0.013090
   3.917      0.012912
   3.920      0.012735
   3.923      0.012560
   3.927      0.012387
   3.930      0.012216
   3.933      0.012047
   3.936      0.011880
   3.940      0.011715
   3.943      0.011552
   3.946      0.011390
   3.949      0.011231
   3.953      0.011073
   3.956      0.010917
   3.959      0.010763
   3.962      0.010611
   3.966      0.010461
   3.969      0.010312
   3.972      0.010165
   3.976      0.010019
   3.979      0.009876
   3.982      0.009734
   3.985      0.009594
   3.989      0.009455
   3.992      0.009318
   3.995      0.009183
   3.998      0.009049
   4.002      0.008917
   4.005      0.008787
   4.008      0.008658
   4.011      0.008530
   4.015      0.008405
   4.018      0.008280
   4.021      0.008158
   4.025      0.008036
   4.028      0.007916
   4.031      0.007798
   4.034      0.007681
   4.038      0.007566
   4.041      0.007452
   4.044      0.007339
   4.047      0.007228
   4.051      0.007118
   4.054      0.007010
   4.057      0.006903
   4.060      0.006797
   4.064      0.006692
   4.067      0.006589
   4.070      0.006488
   4.074      0.006387
   4.077      0.006288
   4.080      0.006190
   4.083      0.006093
   4.087      0.005998
   4.090      0.005903
   4.093      0.005810
   4.096      0.005719
   4.100      0.005628
   4.103      0.005539
   4.106      0.005450
   4.109      0.005363
   4.113      0.005277
   4.116      0.005192
   4.119      0.005109
   4.123      0.005026
   4.126      0.004944
   4.129      0.004864
   4.132      0.004785
   4.136      0.004706
   4.139      0.004629
   4.142      0.004553
   4.145      0.004478
   4.149      0.004404
   4.152      0.004330
   4.155      0.004258
   4.158      0.004187
   4.162      0.004117
   4.165      0.004048
   4.168      0.003979
   4.172      0.003912
   4.175      0.003846
   4.178      0.003780
   4.181      0.003716
   4.185      0.003652
   4.188      0.003589
   4.191      0.003527
   4.194      0.003466
   4.198      0.003406
   4.201      0.003347
   4.204      0.003288
   4.207      0.003231
   4.211      0.003174
   4.214      0.003118
   4.217      0.003063
   4.221      0.003009
   4.224      0.002955
   4.227      0.002902
   4.230      0.002850
   4.234      0.002799
   4.237      0.002748
   4.240      0.002699
   4.243      0.002650
   4.247      0.002601
   4.250      0.002554
   4.253      0.002507
   4.256      0.002461
   4.260      0.002415
   4.263      0.002370
   4.266      0.002326
   4.270      0.002283
   4.273      0.002240
   4.276      0.002198
   4.279      0.002156
   4.283      0.002116
   4.286      0.002075
   4.289      0.002036
   4.292      0.001997
   4.296      0.001958
   4.299      0.001921
   4.302      0.001883
   4.305      0.001847
   4.309      0.001811
   4.312      0.001775
   4.315      0.001740
   4.319      0.001706
   4.322      0.001672
   4.325      0.001639
   4.328      0.001606
   4.332      0.001574
   4.335      0.001542
   4.338      0.001511
   4.341      0.001481
   4.345      0.001451
   4.348      0.001421
   4.351      0.001392
   4.354      0.001363
   4.358      0.001335
   4.361      0.001307
   4.364      0.001280
   4.368      0.001253
   4.371      0.001227
   4.374      0.001201
   4.377      0.001175
   4.381      0.001150
   4.384      0.001126
   4.387      0.001102
   4.390      0.001078
   4.394      0.001055
   4.397      0.001032
   4.400      0.001009
   4.403      0.000987
   4.407      0.000965
   4.410      0.000944
   4.413      0.000923
   4.417      0.000902
   4.420      0.000882
   4.423      0.000862
   4.426      0.000843
   4.430      0.000823
   4.433      0.000805
   4.436      0.000786
   4.439      0.000768
   4.443      0.000750
   4.446      0.000733
   4.449      0.000715
   4.452      0.000699
   4.456      0.000682
   4.459      0.000666
   4.462      0.000650
   4.466      0.000634
   4.469      0.000619
   4.472      0.000604
   4.475      0.000589
   4.479      0.000575
   4.482      0.000561
   4.485      0.000547
   4.488      0.000533
   4.492      0.000520
   4.495      0.000507
   4.498      0.000494
   4.501      0.000481
   4.505      0.000469
   4.508      0.000457
   4.511      0.000445
   4.515      0.000434
   4.518      0.000422
   4.521      0.000411
   4.524      0.000400
   4.528      0.000390
   4.531      0.000379
   4.534      0.000369
   4.537      0.000359
   4.541      0.000349
   4.544      0.000339
   4.547      0.000330
   4.550      0.000321
   4.554      0.000312
   4.557      0.000303
   4.560      0.000295
   4.564      0.000286
   4.567      0.000278
   4.570      0.000270
   4.573      0.000262
   4.577      0.000254
   4.580      0.000247
   4.583      0.000239
   4.586      0.000232
   4.590      0.000225
   4.593      0.000218
   4.596      0.000212
   4.599      0.000205
   4.603      0.000199
   4.606      0.000192
   4.609      0.000186
   4.613      0.000180
   4.616      0.000175
   4.619      0.000169
   4.622      0.000163
   4.626      0.000158
   4.629      0.000153
   4.632      0.000148
   4.635      0.000143
   4.639      0.000138
   4.642      0.000133
   4.645      0.000128
   4.648      0.000124
   4.652      0.000119
   4.655      0.000115
   4.658      0.000111
   4.662      0.000107
   4.665      0.000103
   4.668      0.000099
   4.671      0.000095
   4.675      0.000092
   4.678      0.000088
   4.681      0.000085
   4.684      0.000081
   4.688      0.000078
   4.691      0.000075
   4.694      0.000072
   4.697      0.000069
   4.701      0.000066
   4.704      0.000063
   4.707      0.000060
   4.711      0.000058
   4.714      0.000055
   4.717      0.000053
   4.720      0.000050
   4.724      0.000048
   4.727      0.000046
   4.730      0.000044
   4.733      0.000041
   4.737      0.000039
   4.740      0.000037
   4.743      0.000035
   4.746      0.000034
   4.750      0.000032
   4.753      0.000030
   4.756      0.000028
   4.760      0.000027
   4.763      0.000025
   4.766      0.000024
   4.769      0.000022
   4.773      0.000021
   4.776      0.000019
   4.779      0.000018
   4.782      0.000017
   4.786      0.000016
   4.789      0.000015
   4.792      0.000013
   4.795      0.000012
   4.799      0.000011
   4.802      0.000010
   4.805      0.000009
   4.809      0.000009
   4.812      0.000008
   4.815      0.000007
   4.818      0.000006
   4.822      0.000005
   4.825      0.000005
   4.828      0.000004
   4.831      0.000003
   4.835      0.000003
   4.838      0.000002
   4.841      0.000002
   4.844      0.000001
   4.848      0.000000
   4.851      0.000000
