   0.000      1.269189
   0.003      1.269189
   0.006      1.269189
   0.010      1.269189
   0.013      1.269189
   0.016      1.269189
   0.019      1.269189
   0.023      1.269189
   0.026      1.269188
   0.029      1.269188
   0.032      1.269188
   0.036      1.269187
   0.039      1.269187
   0.042      1.269186
   0.045      1.269185
   0.049      1.269184
   0.052      1.269183
   0.055      1.269181
   0.058      1.269179
   0.062      1.269176
   0.065      1.269174
   0.068      1.269170
   0.071      1.269166
   0.075      1.269162
   0.078      1.269157
   0.081      1.269152
   0.084      1.269145
   0.088      1.269138
   0.091      1.269130
   0.094      1.269121
   0.097      1.269111
   0.100      1.269100
   0.104      1.269088
   0.107      1.269075
   0.110      1.269060
   0.113      1.269044
   0.117      1.269027
   0.120      1.269008
   0.123      1.268987
   0.126      1.268965
   0.130      1.268940
   0.133      1.268914
   0.136      1.268886
   0.139      1.268856
   0.143      1.268823
   0.146      1.268788
   0.149      1.268750
   0.152      1.268710
   0.156      1.268667
   0.159      1.268622
   0.162      1.268573
   0.165      1.268521
   0.169      1.268466
   0.172      1.268407
   0.175      1.268345
   0.178      1.268280
   0.182      1.268210
   0.185      1.268136
   0.188      1.268059
   0.191      1.267976
   0.194      1.267890
   0.198      1.267799
   0.201      1.267702
   0.204      1.267601
   0.207      1.267495
   0.211      1.267383
   0.214      1.267266
   0.217      1.267143
   0.220      1.267014
   0.224      1.266879
   0.227      1.266737
   0.230      1.266589
   0.233      1.266435
   0.237      1.266273
   0.240      1.266104
   0.243      1.265927
   0.246      1.265743
   0.250      1.265552
   0.253      1.265352
   0.256      1.265143
   0.259      1.264927
   0.263      1.264701
   0.266      1.264466
   0.269      1.264222
   0.272      1.263969
   0.276      1.263705
   0.279      1.263432
   0.282      1.263149
   0.285      1.262854
   0.288      1.262549
   0.292      1.262233
   0.295      1.261906
   0.298      1.261567
   0.301      1.261216
   0.305      1.260853
   0.308      1.260477
   0.311      1.260089
   0.314      1.259688
   0.318      1.259273
   0.321      1.258845
   0.324      1.258403
   0.327      1.257947
   0.331      1.257476
   0.334      1.256991
   0.337      1.256491
   0.340      1.255976
   0.344      1.255445
   0.347      1.254898
   0.350      1.254335
   0.353      1.253755
   0.357      1.253159
   0.360      1.252546
   0.363      1.251916
   0.366      1.251268
   0.369      1.250602
   0.373      1.249919
   0.376      1.249217
   0.379      1.248496
   0.382      1.247756
   0.386      1.246997
   0.389      1.246219
   0.392      1.245421
   0.395      1.244603
   0.399      1.243765
   0.402      1.242906
   0.405      1.242027
   0.408      1.241127
   0.412      1.240205
   0.415      1.239262
   0.418      1.238298
   0.421      1.237311
   0.425      1.236303
   0.428      1.235272
   0.431      1.234219
   0.434      1.233143
   0.438      1.232045
   0.441      1.230923
   0.444      1.229778
   0.447      1.228610
   0.451      1.227418
   0.454      1.226203
   0.457      1.224964
   0.460      1.223701
   0.463      1.222414
   0.467      1.221103
   0.470      1.219768
   0.473      1.218408
   0.476      1.217024
   0.480      1.215616
   0.483      1.214183
   0.486      1.212725
   0.489      1.211243
   0.493      1.209737
   0.496      1.208205
   0.499      1.206650
   0.502      1.205069
   0.506      1.203464
   0.509      1.201834
   0.512      1.200180
   0.515      1.198501
   0.519      1.196798
   0.522      1.195071
   0.525      1.193319
   0.528      1.191544
   0.532      1.189744
   0.535      1.187921
   0.538      1.186073
   0.541      1.184203
   0.545      1.182308
   0.548      1.180391
   0.551      1.178451
   0.554      1.176487
   0.557      1.174501
   0.561      1.172493
   0.564      1.170463
   0.567      1.168410
   0.570      1.166336
   0.574      1.164241
   0.577      1.162124
   0.580      1.159987
   0.583      1.157829
   0.587      1.155651
   0.590      1.153453
   0.593      1.151235
   0.596      1.148998
   0.600      1.146743
   0.603      1.144468
   0.606      1.142176
   0.609      1.139866
   0.613      1.137538
   0.616      1.135194
   0.619      1.132833
   0.622      1.130455
   0.626      1.128062
   0.629      1.125653
   0.632      1.123230
   0.635      1.120792
   0.639      1.118339
   0.642      1.115873
   0.645      1.113394
   0.648      1.110902
   0.651      1.108398
   0.655      1.105881
   0.658      1.103353
   0.661      1.100815
   0.664      1.098265
   0.668      1.095706
   0.671      1.093137
   0.674      1.090558
   0.677      1.087971
   0.681      1.085376
   0.684      1.082773
   0.687      1.080163
   0.690      1.077546
   0.694      1.074922
   0.697      1.072293
   0.700      1.069658
   0.703      1.067018
   0.707      1.064373
   0.710      1.061724
   0.713      1.059072
   0.716      1.056416
   0.720      1.053758
   0.723      1.051098
   0.726      1.048435
   0.729      1.045771
   0.733      1.043106
   0.736      1.040441
   0.739      1.037775
   0.742      1.035109
   0.745      1.032445
   0.749      1.029781
   0.752      1.027119
   0.755      1.024458
   0.758      1.021800
   0.762      1.019145
   0.765      1.016492
   0.768      1.013843
   0.771      1.011198
   0.775      1.008557
   0.778      1.005920
   0.781      1.003288
   0.784      1.000661
   0.788      0.998040
   0.791      0.995425
   0.794      0.992815
   0.797      0.990213
   0.801      0.987616
   0.804      0.985027
   0.807      0.982446
   0.810      0.979872
   0.814      0.977305
   0.817      0.974747
   0.820      0.972198
   0.823      0.969657
   0.827      0.967125
   0.830      0.964602
   0.833      0.962088
   0.836      0.959584
   0.839      0.957090
   0.843      0.954606
   0.846      0.952132
   0.849      0.949668
   0.852      0.947215
   0.856      0.944773
   0.859      0.942342
   0.862      0.939921
   0.865      0.937512
   0.869      0.935115
   0.872      0.932729
   0.875      0.930354
   0.878      0.927991
   0.882      0.925640
   0.885      0.923301
   0.888      0.920974
   0.891      0.918660
   0.895      0.916357
   0.898      0.914067
   0.901      0.911789
   0.904      0.909524
   0.908      0.907271
   0.911      0.905031
   0.914      0.902804
   0.917      0.900589
   0.921      0.898387
   0.924      0.896197
   0.927      0.894021
   0.930      0.891857
   0.933      0.889706
   0.937      0.887568
   0.940      0.885443
   0.943      0.883330
   0.946      0.881231
   0.950      0.879144
   0.953      0.877070
   0.956      0.875008
   0.959      0.872960
   0.963      0.870924
   0.966      0.868901
   0.969      0.866890
   0.972      0.864892
   0.976      0.862907
   0.979      0.860934
   0.982      0.858973
   0.985      0.857025
   0.989      0.855089
   0.992      0.853166
   0.995      0.851255
   0.998      0.849355
   1.002      0.847468
   1.005      0.845593
   1.008      0.843730
   1.011      0.841878
   1.014      0.840038
   1.018      0.838210
   1.021      0.836394
   1.024      0.834589
   1.027      0.832795
   1.031      0.831012
   1.034      0.829241
   1.037      0.827481
   1.040      0.825731
   1.044      0.823993
   1.047      0.822265
   1.050      0.820548
   1.053      0.818842
   1.057      0.817146
   1.060      0.815460
   1.063      0.813784
   1.066      0.812119
   1.070      0.810464
   1.073      0.808818
   1.076      0.807182
   1.079      0.805556
   1.083      0.803940
   1.086      0.802333
   1.089      0.800735
   1.092      0.799147
   1.096      0.797567
   1.099      0.795997
   1.102      0.794435
   1.105      0.792882
   1.108      0.791338
   1.112      0.789802
   1.115      0.788275
   1.118      0.786756
   1.121      0.785245
   1.125      0.783742
   1.128      0.782247
   1.131      0.780760
   1.134      0.779281
   1.138      0.777809
   1.141      0.776345
   1.144      0.774888
   1.147      0.773438
   1.151      0.771996
   1.154      0.770560
   1.157      0.769132
   1.160      0.767710
   1.164      0.766295
   1.167      0.764887
   1.170      0.763485
   1.173      0.762090
   1.177      0.760701
   1.180      0.759318
   1.183      0.757942
   1.186      0.756571
   1.190      0.755206
   1.193      0.753848
   1.196      0.752494
   1.199      0.751147
   1.202      0.749805
   1.206      0.748468
   1.209      0.747137
   1.212      0.745811
   1.215      0.744491
   1.219      0.743175
   1.222      0.741865
   1.225      0.740559
   1.228      0.739258
   1.232      0.737962
   1.235      0.736671
   1.238      0.735384
   1.241      0.734101
   1.245      0.732824
   1.248      0.731550
   1.251      0.730281
   1.254      0.729016
   1.258      0.727755
   1.261      0.726499
   1.264      0.725246
   1.267      0.723997
   1.271      0.722752
   1.274      0.721511
   1.277      0.720274
   1.280      0.719040
   1.284      0.717810
   1.287      0.716584
   1.290      0.715361
   1.293      0.714141
   1.296      0.712925
   1.300      0.711712
   1.303      0.710503
   1.306      0.709297
   1.309      0.708094
   1.313      0.706894
   1.316      0.705697
   1.319      0.704503
   1.322      0.703312
   1.326      0.702124
   1.329      0.700939
   1.332      0.699757
   1.335      0.698578
   1.339      0.697401
   1.342      0.696227
   1.345      0.695056
   1.348      0.693887
   1.352      0.692721
   1.355      0.691558
   1.358      0.690397
   1.361      0.689239
   1.365      0.688083
   1.368      0.686930
   1.371      0.685779
   1.374      0.684630
   1.378      0.683484
   1.381      0.682340
   1.384      0.681199
   1.387      0.680059
   1.390      0.678922
   1.394      0.677788
   1.397      0.676655
   1.400      0.675524
   1.403      0.674396
   1.407      0.673270
   1.410      0.672146
   1.413      0.671024
   1.416      0.669904
   1.420      0.668786
   1.423      0.667670
   1.426      0.666557
   1.429      0.665445
   1.433      0.664335
   1.436      0.663227
   1.439      0.662121
   1.442      0.661017
   1.446      0.659915
   1.449      0.658815
   1.452      0.657717
   1.455      0.656621
   1.459      0.655526
   1.462      0.654434
   1.465      0.653343
   1.468      0.652254
   1.472      0.651167
   1.475      0.650082
   1.478      0.648999
   1.481      0.647917
   1.484      0.646838
   1.488      0.645760
   1.491      0.644684
   1.494      0.643610
   1.497      0.642537
   1.501      0.641466
   1.504      0.640398
   1.507      0.639330
   1.510      0.638265
   1.514      0.637202
   1.517      0.636140
   1.520      0.635080
   1.523      0.634021
   1.527      0.632965
   1.530      0.631910
   1.533      0.630857
   1.536      0.629806
   1.540      0.628757
   1.543      0.627709
   1.546      0.626663
   1.549      0.625619
   1.553      0.624576
   1.556      0.623535
   1.559      0.622497
   1.562      0.621459
   1.566      0.620424
   1.569      0.619390
   1.572      0.618358
   1.575      0.617328
   1.578      0.616300
   1.582      0.615273
   1.585      0.614248
   1.588      0.613225
   1.591      0.612204
   1.595      0.611185
   1.598      0.610167
   1.601      0.609151
   1.604      0.608137
   1.608      0.607124
   1.611      0.606114
   1.614      0.605105
   1.617      0.604098
   1.621      0.603093
   1.624      0.602089
   1.627      0.601087
   1.630      0.600088
   1.634      0.599090
   1.637      0.598093
   1.640      0.597099
   1.643      0.596107
   1.647      0.595116
   1.650      0.594127
   1.653      0.593140
   1.656      0.592155
   1.659      0.591171
   1.663      0.590190
   1.666      0.589210
   1.669      0.588232
   1.672      0.587256
   1.676      0.586282
   1.679      0.585310
   1.682      0.584339
   1.685      0.583371
   1.689      0.582404
   1.692      0.581439
   1.695      0.580476
   1.698      0.579515
   1.702      0.578556
   1.705      0.577599
   1.708      0.576643
   1.711      0.575690
   1.715      0.574738
   1.718      0.573789
   1.721      0.572841
   1.724      0.571895
   1.728      0.570951
   1.731      0.570009
   1.734      0.569069
   1.737      0.568131
   1.741      0.567195
   1.744      0.566260
   1.747      0.565328
   1.750      0.564397
   1.753      0.563469
   1.757      0.562542
   1.760      0.561618
   1.763      0.560695
   1.766      0.559774
   1.770      0.558855
   1.773      0.557939
   1.776      0.557024
   1.779      0.556111
   1.783      0.555200
   1.786      0.554291
   1.789      0.553384
   1.792      0.552479
   1.796      0.551576
   1.799      0.550675
   1.802      0.549775
   1.805      0.548878
   1.809      0.547983
   1.812      0.547090
   1.815      0.546199
   1.818      0.545309
   1.822      0.544422
   1.825      0.543537
   1.828      0.542653
   1.831      0.541772
   1.835      0.540893
   1.838      0.540015
   1.841      0.539140
   1.844      0.538267
   1.847      0.537395
   1.851      0.536526
   1.854      0.535659
   1.857      0.534793
   1.860      0.533930
   1.864      0.533068
   1.867      0.532209
   1.870      0.531352
   1.873      0.530496
   1.877      0.529643
   1.880      0.528791
   1.883      0.527942
   1.886      0.527095
   1.890      0.526249
   1.893      0.525406
   1.896      0.524564
   1.899      0.523725
   1.903      0.522888
   1.906      0.522052
   1.909      0.521219
   1.912      0.520387
   1.916      0.519558
   1.919      0.518730
   1.922      0.517905
   1.925      0.517081
   1.929      0.516260
   1.932      0.515440
   1.935      0.514623
   1.938      0.513807
   1.941      0.512994
   1.945      0.512182
   1.948      0.511373
   1.951      0.510565
   1.954      0.509760
   1.958      0.508956
   1.961      0.508154
   1.964      0.507355
   1.967      0.506557
   1.971      0.505761
   1.974      0.504968
   1.977      0.504176
   1.980      0.503386
   1.984      0.502598
   1.987      0.501813
   1.990      0.501029
   1.993      0.500247
   1.997      0.499467
   2.000      0.498689
   2.003      0.497913
   2.006      0.497139
   2.010      0.496367
   2.013      0.495597
   2.016      0.494828
   2.019      0.494062
   2.023      0.493298
   2.026      0.492535
   2.029      0.491775
   2.032      0.491016
   2.035      0.490260
   2.039      0.489505
   2.042      0.488752
   2.045      0.488002
   2.048      0.487253
   2.052      0.486506
   2.055      0.485761
   2.058      0.485018
   2.061      0.484276
   2.065      0.483537
   2.068      0.482800
   2.071      0.482064
   2.074      0.481331
   2.078      0.480599
   2.081      0.479869
   2.084      0.479141
   2.087      0.478415
   2.091      0.477691
   2.094      0.476969
   2.097      0.476248
   2.100      0.475530
   2.104      0.474813
   2.107      0.474098
   2.110      0.473385
   2.113      0.472674
   2.117      0.471965
   2.120      0.471258
   2.123      0.470552
   2.126      0.469848
   2.129      0.469147
   2.133      0.468447
   2.136      0.467748
   2.139      0.467052
   2.142      0.466358
   2.146      0.465665
   2.149      0.464974
   2.152      0.464285
   2.155      0.463598
   2.159      0.462912
   2.162      0.462229
   2.165      0.461547
   2.168      0.460867
   2.172      0.460189
   2.175      0.459512
   2.178      0.458838
   2.181      0.458165
   2.185      0.457494
   2.188      0.456824
   2.191      0.456157
   2.194      0.455491
   2.198      0.454827
   2.201      0.454165
   2.204      0.453504
   2.207      0.452846
   2.211      0.452188
   2.214      0.451533
   2.217      0.450880
   2.220      0.450228
   2.223      0.449578
   2.227      0.448929
   2.230      0.448283
   2.233      0.447638
   2.236      0.446995
   2.240      0.446353
   2.243      0.445713
   2.246      0.445075
   2.249      0.444439
   2.253      0.443804
   2.256      0.443171
   2.259      0.442540
   2.262      0.441910
   2.266      0.441282
   2.269      0.440655
   2.272      0.440031
   2.275      0.439408
   2.279      0.438786
   2.282      0.438167
   2.285      0.437549
   2.288      0.436932
   2.292      0.436317
   2.295      0.435704
   2.298      0.435093
   2.301      0.434483
   2.304      0.433874
   2.308      0.433268
   2.311      0.432662
   2.314      0.432059
   2.317      0.431457
   2.321      0.430857
   2.324      0.430258
   2.327      0.429661
   2.330      0.429065
   2.334      0.428471
   2.337      0.427879
   2.340      0.427288
   2.343      0.426699
   2.347      0.426111
   2.350      0.425525
   2.353      0.424941
   2.356      0.424358
   2.360      0.423776
   2.363      0.423196
   2.366      0.422618
   2.369      0.422041
   2.373      0.421465
   2.376      0.420892
   2.379      0.420319
   2.382      0.419748
   2.386      0.419179
   2.389      0.418611
   2.392      0.418045
   2.395      0.417480
   2.398      0.416917
   2.402      0.416355
   2.405      0.415794
   2.408      0.415235
   2.411      0.414678
   2.415      0.414122
   2.418      0.413567
   2.421      0.413014
   2.424      0.412463
   2.428      0.411912
   2.431      0.411364
   2.434      0.410816
   2.437      0.410270
   2.441      0.409726
   2.444      0.409183
   2.447      0.408641
   2.450      0.408101
   2.454      0.407562
   2.457      0.407025
   2.460      0.406489
   2.463      0.405954
   2.467      0.405421
   2.470      0.404889
   2.473      0.404359
   2.476      0.403829
   2.480      0.403302
   2.483      0.402775
   2.486      0.402250
   2.489      0.401727
   2.492      0.401204
   2.496      0.400683
   2.499      0.400164
   2.502      0.399646
   2.505      0.399129
   2.509      0.398613
   2.512      0.398099
   2.515      0.397586
   2.518      0.397074
   2.522      0.396564
   2.525      0.396055
   2.528      0.395547
   2.531      0.395041
   2.535      0.394535
   2.538      0.394032
   2.541      0.393529
   2.544      0.393028
   2.548      0.392528
   2.551      0.392029
   2.554      0.391531
   2.557      0.391035
   2.561      0.390540
   2.564      0.390046
   2.567      0.389554
   2.570      0.389063
   2.574      0.388573
   2.577      0.388084
   2.580      0.387596
   2.583      0.387110
   2.586      0.386625
   2.590      0.386141
   2.593      0.385659
