   0.000      1.084776
   0.003      1.084776
   0.006      1.084776
   0.010      1.084776
   0.013      1.084776
   0.016      1.084776
   0.019      1.084776
   0.023      1.084776
   0.026      1.084776
   0.029      1.084776
   0.032      1.084776
   0.036      1.084776
   0.039      1.084776
   0.042      1.084776
   0.045      1.084776
   0.049      1.084776
   0.052      1.084776
   0.055      1.084776
   0.058      1.084776
   0.062      1.084776
   0.065      1.084776
   0.068      1.084776
   0.071      1.084776
   0.075      1.084776
   0.078      1.084776
   0.081      1.084776
   0.084      1.084776
   0.088      1.084776
   0.091      1.084775
   0.094      1.084775
   0.097      1.084775
   0.100      1.084775
   0.104      1.084775
   0.107      1.084775
   0.110      1.084775
   0.113      1.084774
   0.117      1.084774
   0.120      1.084774
   0.123      1.084774
   0.126      1.084773
   0.130      1.084773
   0.133      1.084772
   0.136      1.084772
   0.139      1.084771
   0.143      1.084770
   0.146      1.084770
   0.149      1.084769
   0.152      1.084768
   0.156      1.084767
   0.159      1.084766
   0.162      1.084764
   0.165      1.084763
   0.169      1.084761
   0.172      1.084759
   0.175      1.084757
   0.178      1.084755
   0.182      1.084753
   0.185      1.084751
   0.188      1.084748
   0.191      1.084745
   0.194      1.084742
   0.198      1.084738
   0.201      1.084734
   0.204      1.084730
   0.207      1.084726
   0.211      1.084721
   0.214      1.084716
   0.217      1.084710
   0.220      1.084704
   0.224      1.084698
   0.227      1.084691
   0.230      1.084684
   0.233      1.084676
   0.237      1.084668
   0.240      1.084659
   0.243      1.084649
   0.246      1.084639
   0.250      1.084628
   0.253      1.084617
   0.256      1.084604
   0.259      1.084591
   0.263      1.084578
   0.266      1.084563
   0.269      1.084547
   0.272      1.084531
   0.276      1.084514
   0.279      1.084495
   0.282      1.084476
   0.285      1.084455
   0.288      1.084434
   0.292      1.084411
   0.295      1.084387
   0.298      1.084362
   0.301      1.084335
   0.305      1.084307
   0.308      1.084278
   0.311      1.084247
   0.314      1.084214
   0.318      1.084181
   0.321      1.084145
   0.324      1.084108
   0.327      1.084069
   0.331      1.084028
   0.334      1.083985
   0.337      1.083940
   0.340      1.083894
   0.344      1.083845
   0.347      1.083794
   0.350      1.083741
   0.353      1.083685
   0.357      1.083628
   0.360      1.083567
   0.363      1.083505
   0.366      1.083439
   0.369      1.083372
   0.373      1.083301
   0.376      1.083228
   0.379      1.083151
   0.382      1.083072
   0.386      1.082990
   0.389      1.082904
   0.392      1.082816
   0.395      1.082724
   0.399      1.082629
   0.402      1.082530
   0.405      1.082428
   0.408      1.082322
   0.412      1.082212
   0.415      1.082099
   0.418      1.081981
   0.421      1.081860
   0.425      1.081734
   0.428      1.081605
   0.431      1.081471
   0.434      1.081332
   0.438      1.081190
   0.441      1.081042
   0.444      1.080890
   0.447      1.080733
   0.451      1.080572
   0.454      1.080405
   0.457      1.080234
   0.460      1.080057
   0.463      1.079875
   0.467      1.079687
   0.470      1.079494
   0.473      1.079296
   0.476      1.079091
   0.480      1.078881
   0.483      1.078666
   0.486      1.078444
   0.489      1.078216
   0.493      1.077982
   0.496      1.077741
   0.499      1.077494
   0.502      1.077241
   0.506      1.076981
   0.509      1.076714
   0.512      1.076441
   0.515      1.076160
   0.519      1.075873
   0.522      1.075578
   0.525      1.075276
   0.528      1.074967
   0.532      1.074650
   0.535      1.074326
   0.538      1.073994
   0.541      1.073655
   0.545      1.073307
   0.548      1.072952
   0.551      1.072588
   0.554      1.072216
   0.557      1.071836
   0.561      1.071448
   0.564      1.071051
   0.567      1.070646
   0.570      1.070232
   0.574      1.069809
   0.577      1.069378
   0.580      1.068937
   0.583      1.068488
   0.587      1.068029
   0.590      1.067561
   0.593      1.067084
   0.596      1.066598
   0.600      1.066102
   0.603      1.065596
   0.606      1.065081
   0.609      1.064556
   0.613      1.064022
   0.616      1.063477
   0.619      1.062922
   0.622      1.062358
   0.626      1.061783
   0.629      1.061198
   0.632      1.060603
   0.635      1.059998
   0.639      1.059382
   0.642      1.058755
   0.645      1.058119
   0.648      1.057471
   0.651      1.056813
   0.655      1.056144
   0.658      1.055465
   0.661      1.054774
   0.664      1.054073
   0.668      1.053361
   0.671      1.052637
   0.674      1.051903
   0.677      1.051158
   0.681      1.050401
   0.684      1.049634
   0.687      1.048855
   0.690      1.048065
   0.694      1.047263
   0.697      1.046451
   0.700      1.045627
   0.703      1.044791
   0.707      1.043945
   0.710      1.043087
   0.713      1.042217
   0.716      1.041336
   0.720      1.040443
   0.723      1.039539
   0.726      1.038624
   0.729      1.037697
   0.733      1.036758
   0.736      1.035808
   0.739      1.034847
   0.742      1.033874
   0.745      1.032889
   0.749      1.031893
   0.752      1.030886
   0.755      1.029866
   0.758      1.028836
   0.762      1.027794
   0.765      1.026740
   0.768      1.025675
   0.771      1.024599
   0.775      1.023511
   0.778      1.022412
   0.781      1.021302
   0.784      1.020180
   0.788      1.019047
   0.791      1.017903
   0.794      1.016748
   0.797      1.015581
   0.801      1.014403
   0.804      1.013215
   0.807      1.012015
   0.810      1.010804
   0.814      1.009583
   0.817      1.008350
   0.820      1.007107
   0.823      1.005853
   0.827      1.004589
   0.830      1.003313
   0.833      1.002027
   0.836      1.000731
   0.839      0.999425
   0.843      0.998108
   0.846      0.996780
   0.849      0.995443
   0.852      0.994095
   0.856      0.992738
   0.859      0.991370
   0.862      0.989993
   0.865      0.988605
   0.869      0.987209
   0.872      0.985802
   0.875      0.984386
   0.878      0.982961
   0.882      0.981526
   0.885      0.980082
   0.888      0.978629
   0.891      0.977167
   0.895      0.975696
   0.898      0.974216
   0.901      0.972727
   0.904      0.971230
   0.908      0.969724
   0.911      0.968210
   0.914      0.966687
   0.917      0.965157
   0.921      0.963618
   0.924      0.962071
   0.927      0.960517
   0.930      0.958955
   0.933      0.957385
   0.937      0.955807
   0.940      0.954222
   0.943      0.952630
   0.946      0.951031
   0.950      0.949425
   0.953      0.947812
   0.956      0.946192
   0.959      0.944565
   0.963      0.942932
   0.966      0.941293
   0.969      0.939647
   0.972      0.937995
   0.976      0.936337
   0.979      0.934673
   0.982      0.933003
   0.985      0.931328
   0.989      0.929647
   0.992      0.927961
   0.995      0.926269
   0.998      0.924573
   1.002      0.922871
   1.005      0.921164
   1.008      0.919453
   1.011      0.917737
   1.014      0.916017
   1.018      0.914292
   1.021      0.912563
   1.024      0.910829
   1.027      0.909092
   1.031      0.907351
   1.034      0.905606
   1.037      0.903858
   1.040      0.902106
   1.044      0.900351
   1.047      0.898593
   1.050      0.896831
   1.053      0.895067
   1.057      0.893299
   1.060      0.891529
   1.063      0.889757
   1.066      0.887982
   1.070      0.886204
   1.073      0.884425
   1.076      0.882643
   1.079      0.880859
   1.083      0.879074
   1.086      0.877286
   1.089      0.875497
   1.092      0.873707
   1.096      0.871915
   1.099      0.870122
   1.102      0.868328
   1.105      0.866533
   1.108      0.864737
   1.112      0.862940
   1.115      0.861143
   1.118      0.859344
   1.121      0.857546
   1.125      0.855747
   1.128      0.853948
   1.131      0.852148
   1.134      0.850349
   1.138      0.848550
   1.141      0.846751
   1.144      0.844952
   1.147      0.843154
   1.151      0.841356
   1.154      0.839559
   1.157      0.837762
   1.160      0.835967
   1.164      0.834172
   1.167      0.832378
   1.170      0.830585
   1.173      0.828794
   1.177      0.827003
   1.180      0.825214
   1.183      0.823427
   1.186      0.821641
   1.190      0.819857
   1.193      0.818074
   1.196      0.816293
   1.199      0.814514
   1.202      0.812737
   1.206      0.810963
   1.209      0.809190
   1.212      0.807419
   1.215      0.805651
   1.219      0.803885
   1.222      0.802122
   1.225      0.800361
   1.228      0.798603
   1.232      0.796847
   1.235      0.795094
   1.238      0.793344
   1.241      0.791597
   1.245      0.789853
   1.248      0.788111
   1.251      0.786373
   1.254      0.784638
   1.258      0.782906
   1.261      0.781177
   1.264      0.779452
   1.267      0.777730
   1.271      0.776011
   1.274      0.774296
   1.277      0.772585
   1.280      0.770877
   1.284      0.769172
   1.287      0.767472
   1.290      0.765775
   1.293      0.764081
   1.296      0.762392
   1.300      0.760707
   1.303      0.759025
   1.306      0.757348
   1.309      0.755674
   1.313      0.754005
   1.316      0.752339
   1.319      0.750678
   1.322      0.749021
   1.326      0.747368
   1.329      0.745719
   1.332      0.744075
   1.335      0.742435
   1.339      0.740799
   1.342      0.739168
   1.345      0.737541
   1.348      0.735918
   1.352      0.734300
   1.355      0.732686
   1.358      0.731077
   1.361      0.729473
   1.365      0.727873
   1.368      0.726277
   1.371      0.724687
   1.374      0.723100
   1.378      0.721519
   1.381      0.719942
   1.384      0.718370
   1.387      0.716803
   1.390      0.715240
   1.394      0.713682
   1.397      0.712129
   1.400      0.710580
   1.403      0.709037
   1.407      0.707498
   1.410      0.705964
   1.413      0.704435
   1.416      0.702910
   1.420      0.701391
   1.423      0.699876
   1.426      0.698367
   1.429      0.696862
   1.433      0.695362
   1.436      0.693867
   1.439      0.692376
   1.442      0.690891
   1.446      0.689411
   1.449      0.687935
   1.452      0.686464
   1.455      0.684999
   1.459      0.683538
   1.462      0.682082
   1.465      0.680631
   1.468      0.679185
   1.472      0.677744
   1.475      0.676308
   1.478      0.674877
   1.481      0.673450
   1.484      0.672029
   1.488      0.670612
   1.491      0.669201
   1.494      0.667794
   1.497      0.666392
   1.501      0.664995
   1.504      0.663603
   1.507      0.662216
   1.510      0.660834
   1.514      0.659457
   1.517      0.658084
   1.520      0.656716
   1.523      0.655354
   1.527      0.653996
   1.530      0.652642
   1.533      0.651294
   1.536      0.649951
   1.540      0.648612
   1.543      0.647278
   1.546      0.645949
   1.549      0.644625
   1.553      0.643305
   1.556      0.641990
   1.559      0.640680
   1.562      0.639375
   1.566      0.638074
   1.569      0.636778
   1.572      0.635487
   1.575      0.634201
   1.578      0.632919
   1.582      0.631642
   1.585      0.630369
   1.588      0.629101
   1.591      0.627838
   1.595      0.626579
   1.598      0.625325
   1.601      0.624075
   1.604      0.622831
   1.608      0.621590
   1.611      0.620354
   1.614      0.619123
   1.617      0.617896
   1.621      0.616673
   1.624      0.615456
   1.627      0.614242
   1.630      0.613033
   1.634      0.611828
   1.637      0.610628
   1.640      0.609432
   1.643      0.608241
   1.647      0.607054
   1.650      0.605871
   1.653      0.604693
   1.656      0.603518
   1.659      0.602349
   1.663      0.601183
   1.666      0.600022
   1.669      0.598865
   1.672      0.597712
   1.676      0.596563
   1.679      0.595419
   1.682      0.594279
   1.685      0.593143
   1.689      0.592011
   1.692      0.590883
   1.695      0.589759
   1.698      0.588639
   1.702      0.587524
   1.705      0.586412
   1.708      0.585305
   1.711      0.584201
   1.715      0.583102
   1.718      0.582006
   1.721      0.580915
   1.724      0.579827
   1.728      0.578743
   1.731      0.577664
   1.734      0.576588
   1.737      0.575516
   1.741      0.574448
   1.744      0.573384
   1.747      0.572323
   1.750      0.571266
   1.753      0.570214
   1.757      0.569165
   1.760      0.568119
   1.763      0.567078
   1.766      0.566040
   1.770      0.565006
   1.773      0.563975
   1.776      0.562948
   1.779      0.561925
   1.783      0.560906
   1.786      0.559890
   1.789      0.558878
   1.792      0.557869
   1.796      0.556864
   1.799      0.555862
   1.802      0.554864
   1.805      0.553870
   1.809      0.552879
   1.812      0.551891
   1.815      0.550907
   1.818      0.549927
   1.822      0.548949
   1.825      0.547976
   1.828      0.547005
   1.831      0.546038
   1.835      0.545075
   1.838      0.544115
   1.841      0.543158
   1.844      0.542204
   1.847      0.541254
   1.851      0.540307
   1.854      0.539363
   1.857      0.538423
   1.860      0.537486
   1.864      0.536552
   1.867      0.535621
   1.870      0.534693
   1.873      0.533769
   1.877      0.532848
   1.880      0.531930
   1.883      0.531015
   1.886      0.530103
   1.890      0.529194
   1.893      0.528288
   1.896      0.527386
   1.899      0.526486
   1.903      0.525590
   1.906      0.524696
   1.909      0.523806
   1.912      0.522919
   1.916      0.522034
   1.919      0.521153
   1.922      0.520274
   1.925      0.519399
   1.929      0.518526
   1.932      0.517656
   1.935      0.516790
   1.938      0.515926
   1.941      0.515065
   1.945      0.514206
   1.948      0.513351
   1.951      0.512499
   1.954      0.511649
   1.958      0.510802
   1.961      0.509958
   1.964      0.509117
   1.967      0.508278
   1.971      0.507442
   1.974      0.506609
   1.977      0.505779
   1.980      0.504951
   1.984      0.504126
   1.987      0.503304
   1.990      0.502484
   1.993      0.501667
   1.997      0.500853
   2.000      0.500041
   2.003      0.499232
   2.006      0.498426
   2.010      0.497622
   2.013      0.496821
   2.016      0.496022
   2.019      0.495226
   2.023      0.494433
   2.026      0.493642
   2.029      0.492853
   2.032      0.492067
   2.035      0.491284
   2.039      0.490503
   2.042      0.489724
   2.045      0.488948
   2.048      0.488175
   2.052      0.487403
   2.055      0.486635
   2.058      0.485868
   2.061      0.485104
   2.065      0.484343
   2.068      0.483584
   2.071      0.482827
   2.074      0.482073
   2.078      0.481321
   2.081      0.480571
   2.084      0.479824
   2.087      0.479079
   2.091      0.478336
   2.094      0.477595
   2.097      0.476857
   2.100      0.476121
   2.104      0.475388
   2.107      0.474656
   2.110      0.473927
   2.113      0.473200
   2.117      0.472476
   2.120      0.471753
   2.123      0.471033
   2.126      0.470315
   2.129      0.469599
   2.133      0.468886
   2.136      0.468174
   2.139      0.467465
   2.142      0.466758
   2.146      0.466052
   2.149      0.465350
   2.152      0.464649
   2.155      0.463950
   2.159      0.463253
   2.162      0.462559
   2.165      0.461866
   2.168      0.461176
   2.172      0.460488
   2.175      0.459801
   2.178      0.459117
   2.181      0.458435
   2.185      0.457755
   2.188      0.457077
   2.191      0.456401
   2.194      0.455726
   2.198      0.455054
   2.201      0.454384
   2.204      0.453716
   2.207      0.453050
   2.211      0.452385
   2.214      0.451723
   2.217      0.451063
   2.220      0.450404
   2.223      0.449748
   2.227      0.449093
   2.230      0.448440
   2.233      0.447789
   2.236      0.447140
   2.240      0.446493
   2.243      0.445848
   2.246      0.445205
   2.249      0.444563
   2.253      0.443923
   2.256      0.443286
   2.259      0.442650
   2.262      0.442015
   2.266      0.441383
   2.269      0.440753
   2.272      0.440124
   2.275      0.439497
   2.279      0.438872
   2.282      0.438248
   2.285      0.437627
   2.288      0.437007
   2.292      0.436389
   2.295      0.435772
   2.298      0.435158
   2.301      0.434545
   2.304      0.433934
   2.308      0.433324
   2.311      0.432716
   2.314      0.432110
   2.317      0.431506
   2.321      0.430903
   2.324      0.430302
   2.327      0.429703
   2.330      0.429105
   2.334      0.428509
   2.337      0.427915
   2.340      0.427322
   2.343      0.426731
   2.347      0.426142
   2.350      0.425554
   2.353      0.424968
   2.356      0.424384
   2.360      0.423801
   2.363      0.423219
   2.366      0.422639
   2.369      0.422061
   2.373      0.421485
   2.376      0.420910
   2.379      0.420336
   2.382      0.419764
   2.386      0.419194
   2.389      0.418625
   2.392      0.418058
   2.395      0.417492
   2.398      0.416928
   2.402      0.416365
   2.405      0.415804
   2.408      0.415245
   2.411      0.414687
   2.415      0.414130
   2.418      0.413575
   2.421      0.413021
   2.424      0.412469
   2.428      0.411918
   2.431      0.411369
   2.434      0.410821
   2.437      0.410275
   2.441      0.409730
   2.444      0.409187
   2.447      0.408645
   2.450      0.408104
   2.454      0.407565
   2.457      0.407027
   2.460      0.406491
   2.463      0.405956
   2.467      0.405423
   2.470      0.404891
   2.473      0.404360
   2.476      0.403831
   2.480      0.403303
   2.483      0.402777
   2.486      0.402251
   2.489      0.401728
   2.492      0.401205
   2.496      0.400684
   2.499      0.400164
   2.502      0.399646
   2.505      0.399129
   2.509      0.398613
   2.512      0.398099
   2.515      0.397586
   2.518      0.397074
   2.522      0.396564
   2.525      0.396055
   2.528      0.395547
   2.531      0.395041
   2.535      0.394536
   2.538      0.394032
   2.541      0.393529
   2.544      0.393028
   2.548      0.392528
   2.551      0.392029
   2.554      0.391531
   2.557      0.391035
   2.561      0.390540
   2.564      0.390047
   2.567      0.389554
   2.570      0.389063
   2.574      0.388573
   2.577      0.388084
   2.580      0.387597
   2.583      0.387110
   2.586      0.386625
   2.590      0.386141
   2.593      0.385659
