   0.000      1.238322
   0.003      1.238321
   0.006      1.238317
   0.010      1.238311
   0.013      1.238303
   0.016      1.238292
   0.019      1.238279
   0.023      1.238263
   0.026      1.238245
   0.029      1.238225
   0.032      1.238202
   0.036      1.238176
   0.039      1.238148
   0.042      1.238118
   0.045      1.238085
   0.049      1.238049
   0.052      1.238011
   0.055      1.237971
   0.058      1.237927
   0.062      1.237881
   0.065      1.237833
   0.068      1.237781
   0.071      1.237727
   0.075      1.237670
   0.078      1.237611
   0.081      1.237548
   0.084      1.237483
   0.088      1.237414
   0.091      1.237343
   0.094      1.237268
   0.097      1.237190
   0.100      1.237110
   0.104      1.237026
   0.107      1.236938
   0.110      1.236848
   0.113      1.236754
   0.117      1.236656
   0.120      1.236555
   0.123      1.236450
   0.126      1.236342
   0.130      1.236230
   0.133      1.236114
   0.136      1.235994
   0.139      1.235871
   0.143      1.235743
   0.146      1.235611
   0.149      1.235474
   0.152      1.235334
   0.156      1.235189
   0.159      1.235039
   0.162      1.234885
   0.165      1.234725
   0.169      1.234562
   0.172      1.234393
   0.175      1.234219
   0.178      1.234039
   0.182      1.233855
   0.185      1.233665
   0.188      1.233469
   0.191      1.233268
   0.194      1.233060
   0.198      1.232847
   0.201      1.232628
   0.204      1.232402
   0.207      1.232170
   0.211      1.231931
   0.214      1.231686
   0.217      1.231433
   0.220      1.231174
   0.224      1.230907
   0.227      1.230633
   0.230      1.230351
   0.233      1.230062
   0.237      1.229764
   0.240      1.229459
   0.243      1.229145
   0.246      1.228822
   0.250      1.228491
   0.253      1.228151
   0.256      1.227802
   0.259      1.227443
   0.263      1.227075
   0.266      1.226697
   0.269      1.226309
   0.272      1.225911
   0.276      1.225502
   0.279      1.225083
   0.282      1.224653
   0.285      1.224211
   0.288      1.223759
   0.292      1.223294
   0.295      1.222818
   0.298      1.222330
   0.301      1.221829
   0.305      1.221315
   0.308      1.220789
   0.311      1.220250
   0.314      1.219697
   0.318      1.219130
   0.321      1.218550
   0.324      1.217955
   0.327      1.217345
   0.331      1.216721
   0.334      1.216082
   0.337      1.215428
   0.340      1.214758
   0.344      1.214072
   0.347      1.213370
   0.350      1.212651
   0.353      1.211916
   0.357      1.211164
   0.360      1.210395
   0.363      1.209608
   0.366      1.208803
   0.369      1.207980
   0.373      1.207139
   0.376      1.206279
   0.379      1.205401
   0.382      1.204503
   0.386      1.203586
   0.389      1.202649
   0.392      1.201693
   0.395      1.200716
   0.399      1.199719
   0.402      1.198702
   0.405      1.197663
   0.408      1.196604
   0.412      1.195523
   0.415      1.194421
   0.418      1.193298
   0.421      1.192152
   0.425      1.190984
   0.428      1.189795
   0.431      1.188583
   0.434      1.187348
   0.438      1.186091
   0.441      1.184811
   0.444      1.183507
   0.447      1.182181
   0.451      1.180832
   0.454      1.179460
   0.457      1.178064
   0.460      1.176645
   0.463      1.175202
   0.467      1.173736
   0.470      1.172247
   0.473      1.170734
   0.476      1.169197
   0.480      1.167637
   0.483      1.166054
   0.486      1.164447
   0.489      1.162816
   0.493      1.161162
   0.496      1.159486
   0.499      1.157785
   0.502      1.156062
   0.506      1.154316
   0.509      1.152548
   0.512      1.150756
   0.515      1.148943
   0.519      1.147107
   0.522      1.145249
   0.525      1.143369
   0.528      1.141468
   0.532      1.139545
   0.535      1.137602
   0.538      1.135638
   0.541      1.133653
   0.545      1.131648
   0.548      1.129623
   0.551      1.127579
   0.554      1.125515
   0.557      1.123433
   0.561      1.121332
   0.564      1.119213
   0.567      1.117077
   0.570      1.114923
   0.574      1.112753
   0.577      1.110566
   0.580      1.108363
   0.583      1.106145
   0.587      1.103912
   0.590      1.101664
   0.593      1.099402
   0.596      1.097126
   0.600      1.094837
   0.603      1.092536
   0.606      1.090222
   0.609      1.087897
   0.613      1.085561
   0.616      1.083214
   0.619      1.080857
   0.622      1.078490
   0.626      1.076115
   0.629      1.073731
   0.632      1.071339
   0.635      1.068939
   0.639      1.066533
   0.642      1.064120
   0.645      1.061701
   0.648      1.059277
   0.651      1.056848
   0.655      1.054415
   0.658      1.051978
   0.661      1.049538
   0.664      1.047095
   0.668      1.044649
   0.671      1.042202
   0.674      1.039754
   0.677      1.037305
   0.681      1.034856
   0.684      1.032407
   0.687      1.029959
   0.690      1.027512
   0.694      1.025066
   0.697      1.022623
   0.700      1.020182
   0.703      1.017745
   0.707      1.015310
   0.710      1.012880
   0.713      1.010454
   0.716      1.008032
   0.720      1.005616
   0.723      1.003205
   0.726      1.000800
   0.729      0.998402
   0.733      0.996009
   0.736      0.993624
   0.739      0.991247
   0.742      0.988876
   0.745      0.986514
   0.749      0.984161
   0.752      0.981815
   0.755      0.979479
   0.758      0.977152
   0.762      0.974834
   0.765      0.972526
   0.768      0.970229
   0.771      0.967941
   0.775      0.965664
   0.778      0.963397
   0.781      0.961142
   0.784      0.958897
   0.788      0.956664
   0.791      0.954443
   0.794      0.952233
   0.797      0.950035
   0.801      0.947849
   0.804      0.945675
   0.807      0.943514
   0.810      0.941365
   0.814      0.939228
   0.817      0.937104
   0.820      0.934993
   0.823      0.932894
   0.827      0.930809
   0.830      0.928737
   0.833      0.926677
   0.836      0.924631
   0.839      0.922598
   0.843      0.920578
   0.846      0.918571
   0.849      0.916578
   0.852      0.914598
   0.856      0.912631
   0.859      0.910677
   0.862      0.908737
   0.865      0.906810
   0.869      0.904896
   0.872      0.902996
   0.875      0.901108
   0.878      0.899234
   0.882      0.897372
   0.885      0.895524
   0.888      0.893689
   0.891      0.891867
   0.895      0.890057
   0.898      0.888260
   0.901      0.886476
   0.904      0.884705
   0.908      0.882946
   0.911      0.881199
   0.914      0.879465
   0.917      0.877743
   0.921      0.876033
   0.924      0.874335
   0.927      0.872649
   0.930      0.870975
   0.933      0.869312
   0.937      0.867661
   0.940      0.866021
   0.943      0.864392
   0.946      0.862775
   0.950      0.861168
   0.953      0.859572
   0.956      0.857987
   0.959      0.856413
   0.963      0.854849
   0.966      0.853295
   0.969      0.851751
   0.972      0.850217
   0.976      0.848693
   0.979      0.847179
   0.982      0.845674
   0.985      0.844179
   0.989      0.842692
   0.992      0.841215
   0.995      0.839747
   0.998      0.838287
   1.002      0.836836
   1.005      0.835393
   1.008      0.833959
   1.011      0.832532
   1.014      0.831114
   1.018      0.829703
   1.021      0.828300
   1.024      0.826904
   1.027      0.825516
   1.031      0.824135
   1.034      0.822760
   1.037      0.821393
   1.040      0.820032
   1.044      0.818678
   1.047      0.817330
   1.050      0.815988
   1.053      0.814653
   1.057      0.813323
   1.060      0.811999
   1.063      0.810681
   1.066      0.809368
   1.070      0.808061
   1.073      0.806759
   1.076      0.805462
   1.079      0.804170
   1.083      0.802882
   1.086      0.801599
   1.089      0.800321
   1.092      0.799048
   1.096      0.797778
   1.099      0.796513
   1.102      0.795251
   1.105      0.793994
   1.108      0.792741
   1.112      0.791491
   1.115      0.790244
   1.118      0.789001
   1.121      0.787762
   1.125      0.786525
   1.128      0.785292
   1.131      0.784062
   1.134      0.782834
   1.138      0.781610
   1.141      0.780388
   1.144      0.779168
   1.147      0.777952
   1.151      0.776737
   1.154      0.775525
   1.157      0.774315
   1.160      0.773108
   1.164      0.771902
   1.167      0.770698
   1.170      0.769497
   1.173      0.768297
   1.177      0.767099
   1.180      0.765902
   1.183      0.764707
   1.186      0.763514
   1.190      0.762322
   1.193      0.761132
   1.196      0.759942
   1.199      0.758755
   1.202      0.757568
   1.206      0.756383
   1.209      0.755198
   1.212      0.754015
   1.215      0.752833
   1.219      0.751652
   1.222      0.750471
   1.225      0.749292
   1.228      0.748113
   1.232      0.746935
   1.235      0.745758
   1.238      0.744582
   1.241      0.743406
   1.245      0.742231
   1.248      0.741057
   1.251      0.739883
   1.254      0.738709
   1.258      0.737537
   1.261      0.736364
   1.264      0.735192
   1.267      0.734021
   1.271      0.732850
   1.274      0.731679
   1.277      0.730509
   1.280      0.729340
   1.284      0.728170
   1.287      0.727001
   1.290      0.725832
   1.293      0.724664
   1.296      0.723496
   1.300      0.722328
   1.303      0.721160
   1.306      0.719993
   1.309      0.718826
   1.313      0.717659
   1.316      0.716493
   1.319      0.715327
   1.322      0.714161
   1.326      0.712996
   1.329      0.711830
   1.332      0.710665
   1.335      0.709500
   1.339      0.708336
   1.342      0.707172
   1.345      0.706008
   1.348      0.704844
   1.352      0.703681
   1.355      0.702518
   1.358      0.701356
   1.361      0.700193
   1.365      0.699031
   1.368      0.697870
   1.371      0.696709
   1.374      0.695548
   1.378      0.694387
   1.381      0.693227
   1.384      0.692068
   1.387      0.690909
   1.390      0.689750
   1.394      0.688592
   1.397      0.687434
   1.400      0.686277
   1.403      0.685120
   1.407      0.683964
   1.410      0.682808
   1.413      0.681653
   1.416      0.680499
   1.420      0.679345
   1.423      0.678192
   1.426      0.677039
   1.429      0.675888
   1.433      0.674736
   1.436      0.673586
   1.439      0.672436
   1.442      0.671287
   1.446      0.670139
   1.449      0.668992
   1.452      0.667845
   1.455      0.666700
   1.459      0.665555
   1.462      0.664411
   1.465      0.663268
   1.468      0.662126
   1.472      0.660984
   1.475      0.659844
   1.478      0.658705
   1.481      0.657567
   1.484      0.656430
   1.488      0.655294
   1.491      0.654159
   1.494      0.653025
   1.497      0.651892
   1.501      0.650760
   1.504      0.649630
   1.507      0.648501
   1.510      0.647373
   1.514      0.646246
   1.517      0.645121
   1.520      0.643996
   1.523      0.642873
   1.527      0.641752
   1.530      0.640632
   1.533      0.639513
   1.536      0.638395
   1.540      0.637279
   1.543      0.636165
   1.546      0.635052
   1.549      0.633940
   1.553      0.632830
   1.556      0.631721
   1.559      0.630614
   1.562      0.629509
   1.566      0.628405
   1.569      0.627303
   1.572      0.626202
   1.575      0.625103
   1.578      0.624006
   1.582      0.622910
   1.585      0.621816
   1.588      0.620724
   1.591      0.619633
   1.595      0.618544
   1.598      0.617457
   1.601      0.616372
   1.604      0.615289
   1.608      0.614207
   1.611      0.613127
   1.614      0.612050
   1.617      0.610974
   1.621      0.609899
   1.624      0.608827
   1.627      0.607757
   1.630      0.606689
   1.634      0.605622
   1.637      0.604558
   1.640      0.603496
   1.643      0.602435
   1.647      0.601377
   1.650      0.600320
   1.653      0.599266
   1.656      0.598214
   1.659      0.597164
   1.663      0.596116
   1.666      0.595070
   1.669      0.594026
   1.672      0.592984
   1.676      0.591944
   1.679      0.590907
   1.682      0.589872
   1.685      0.588838
   1.689      0.587807
   1.692      0.586779
   1.695      0.585752
   1.698      0.584728
   1.702      0.583706
   1.705      0.582686
   1.708      0.581668
   1.711      0.580653
   1.715      0.579639
   1.718      0.578629
   1.721      0.577620
   1.724      0.576614
   1.728      0.575610
   1.731      0.574608
   1.734      0.573609
   1.737      0.572611
   1.741      0.571617
   1.744      0.570624
   1.747      0.569634
   1.750      0.568646
   1.753      0.567661
   1.757      0.566678
   1.760      0.565697
   1.763      0.564719
   1.766      0.563743
   1.770      0.562769
   1.773      0.561798
   1.776      0.560829
   1.779      0.559863
   1.783      0.558899
   1.786      0.557937
   1.789      0.556978
   1.792      0.556021
   1.796      0.555067
   1.799      0.554115
   1.802      0.553165
   1.805      0.552218
   1.809      0.551274
   1.812      0.550331
   1.815      0.549391
   1.818      0.548454
   1.822      0.547519
   1.825      0.546587
   1.828      0.545656
   1.831      0.544729
   1.835      0.543804
   1.838      0.542881
   1.841      0.541960
   1.844      0.541042
   1.847      0.540127
   1.851      0.539214
   1.854      0.538303
   1.857      0.537395
   1.860      0.536489
   1.864      0.535586
   1.867      0.534685
   1.870      0.533787
   1.873      0.532891
   1.877      0.531998
   1.880      0.531107
   1.883      0.530218
   1.886      0.529332
   1.890      0.528448
   1.893      0.527567
   1.896      0.526688
   1.899      0.525811
   1.903      0.524937
   1.906      0.524066
   1.909      0.523197
   1.912      0.522330
   1.916      0.521465
   1.919      0.520604
   1.922      0.519744
   1.925      0.518887
   1.929      0.518032
   1.932      0.517180
   1.935      0.516330
   1.938      0.515483
   1.941      0.514638
   1.945      0.513795
   1.948      0.512955
   1.951      0.512117
   1.954      0.511281
   1.958      0.510448
   1.961      0.509617
   1.964      0.508789
   1.967      0.507963
   1.971      0.507139
   1.974      0.506318
   1.977      0.505499
   1.980      0.504683
   1.984      0.503868
   1.987      0.503056
   1.990      0.502247
   1.993      0.501440
   1.997      0.500635
   2.000      0.499832
   2.003      0.499032
   2.006      0.498234
   2.010      0.497438
   2.013      0.496645
   2.016      0.495854
   2.019      0.495065
   2.023      0.494279
   2.026      0.493495
   2.029      0.492713
   2.032      0.491933
   2.035      0.491156
   2.039      0.490381
   2.042      0.489608
   2.045      0.488838
   2.048      0.488069
   2.052      0.487303
   2.055      0.486539
   2.058      0.485778
   2.061      0.485018
   2.065      0.484261
   2.068      0.483506
   2.071      0.482754
   2.074      0.482003
   2.078      0.481255
   2.081      0.480509
   2.084      0.479765
   2.087      0.479023
   2.091      0.478283
   2.094      0.477546
   2.097      0.476810
   2.100      0.476077
   2.104      0.475346
   2.107      0.474617
   2.110      0.473890
   2.113      0.473166
   2.117      0.472443
   2.120      0.471723
   2.123      0.471005
   2.126      0.470288
   2.129      0.469574
   2.133      0.468862
   2.136      0.468152
   2.139      0.467445
   2.142      0.466739
   2.146      0.466035
   2.149      0.465333
   2.152      0.464634
   2.155      0.463936
   2.159      0.463240
   2.162      0.462547
   2.165      0.461855
   2.168      0.461166
   2.172      0.460478
   2.175      0.459793
   2.178      0.459109
   2.181      0.458428
   2.185      0.457748
   2.188      0.457071
   2.191      0.456395
   2.194      0.455722
   2.198      0.455050
   2.201      0.454380
   2.204      0.453712
   2.207      0.453046
   2.211      0.452382
   2.214      0.451720
   2.217      0.451060
   2.220      0.450402
   2.223      0.449746
   2.227      0.449091
   2.230      0.448439
   2.233      0.447788
   2.236      0.447139
   2.240      0.446492
   2.243      0.445847
   2.246      0.445204
   2.249      0.444563
   2.253      0.443923
   2.256      0.443285
   2.259      0.442649
   2.262      0.442015
   2.266      0.441383
   2.269      0.440752
   2.272      0.440124
   2.275      0.439497
   2.279      0.438872
   2.282      0.438248
   2.285      0.437627
   2.288      0.437007
   2.292      0.436389
   2.295      0.435772
   2.298      0.435158
   2.301      0.434545
   2.304      0.433934
   2.308      0.433324
   2.311      0.432716
   2.314      0.432110
   2.317      0.431506
   2.321      0.430903
   2.324      0.430302
   2.327      0.429703
   2.330      0.429105
   2.334      0.428509
   2.337      0.427915
   2.340      0.427322
   2.343      0.426731
   2.347      0.426142
   2.350      0.425554
   2.353      0.424968
   2.356      0.424383
   2.360      0.423801
   2.363      0.423219
   2.366      0.422639
   2.369      0.422061
   2.373      0.421485
   2.376      0.420910
   2.379      0.420336
   2.382      0.419764
   2.386      0.419194
   2.389      0.418625
   2.392      0.418058
   2.395      0.417492
   2.398      0.416928
   2.402      0.416365
   2.405      0.415804
   2.408      0.415245
   2.411      0.414687
   2.415      0.414130
   2.418      0.413575
   2.421      0.413021
   2.424      0.412469
   2.428      0.411918
   2.431      0.411369
   2.434      0.410821
   2.437      0.410275
   2.441      0.409730
   2.444      0.409187
   2.447      0.408645
   2.450      0.408104
   2.454      0.407565
   2.457      0.407027
   2.460      0.406491
   2.463      0.405956
   2.467      0.405423
   2.470      0.404891
   2.473      0.404360
   2.476      0.403831
   2.480      0.403303
   2.483      0.402776
   2.486      0.402251
   2.489      0.401728
   2.492      0.401205
   2.496      0.400684
   2.499      0.400164
   2.502      0.399646
   2.505      0.399129
   2.509      0.398613
   2.512      0.398099
   2.515      0.397586
   2.518      0.397074
   2.522      0.396564
   2.525      0.396055
   2.528      0.395547
   2.531      0.395041
   2.535      0.394536
   2.538      0.394032
   2.541      0.393529
   2.544      0.393028
   2.548      0.392528
   2.551      0.392029
   2.554      0.391531
   2.557      0.391035
   2.561      0.390540
   2.564      0.390046
   2.567      0.389554
   2.570      0.389063
   2.574      0.388573
   2.577      0.388084
   2.580      0.387596
   2.583      0.387110
   2.586      0.386625
   2.590      0.386141
   2.593      0.385659
