   0.000      0.443778
   0.003      0.443819
   0.007      0.443861
   0.010      0.443931
   0.013      0.444028
   0.016      0.444152
   0.020      0.444304
   0.023      0.444483
   0.026      0.444689
   0.029      0.444922
   0.033      0.445182
   0.036      0.445470
   0.039      0.445784
   0.042      0.446126
   0.046      0.446495
   0.049      0.446892
   0.052      0.447315
   0.056      0.447767
   0.059      0.448245
   0.062      0.448752
   0.065      0.449285
   0.069      0.449847
   0.072      0.450435
   0.075      0.451052
   0.078      0.451696
   0.082      0.452368
   0.085      0.453068
   0.088      0.453796
   0.091      0.454551
   0.095      0.455334
   0.098      0.456145
   0.101      0.456985
   0.105      0.457852
   0.108      0.458747
   0.111      0.459671
   0.114      0.460622
   0.118      0.461602
   0.121      0.462610
   0.124      0.463646
   0.127      0.464711
   0.131      0.465804
   0.134      0.466925
   0.137      0.468075
   0.140      0.469254
   0.144      0.470460
   0.147      0.471696
   0.150      0.472960
   0.154      0.474253
   0.157      0.475574
   0.160      0.476925
   0.163      0.478304
   0.167      0.479712
   0.170      0.481149
   0.173      0.482614
   0.176      0.484109
   0.180      0.485633
   0.183      0.487186
   0.186      0.488768
   0.189      0.490379
   0.193      0.492020
   0.196      0.493690
   0.199      0.495389
   0.203      0.497117
   0.206      0.498875
   0.209      0.500662
   0.212      0.502479
   0.216      0.504326
   0.219      0.506201
   0.222      0.508107
   0.225      0.510042
   0.229      0.512007
   0.232      0.514002
   0.235      0.516026
   0.238      0.518081
   0.242      0.520165
   0.245      0.522279
   0.248      0.524423
   0.252      0.526597
   0.255      0.528801
   0.258      0.531035
   0.261      0.533299
   0.265      0.535594
   0.268      0.537918
   0.271      0.540273
   0.274      0.542658
   0.278      0.545073
   0.281      0.547519
   0.284      0.549995
   0.287      0.552501
   0.291      0.555038
   0.294      0.557605
   0.297      0.560202
   0.301      0.562831
   0.304      0.565489
   0.307      0.568178
   0.310      0.570898
   0.314      0.573648
   0.317      0.576428
   0.320      0.579240
   0.323      0.582081
   0.327      0.584954
   0.330      0.587857
   0.333      0.590791
   0.336      0.593755
   0.340      0.596750
   0.343      0.599775
   0.346      0.602831
   0.350      0.605917
   0.353      0.609035
   0.356      0.612182
   0.359      0.615361
   0.363      0.618569
   0.366      0.621809
   0.369      0.625078
   0.372      0.628379
   0.376      0.631709
   0.379      0.635070
   0.382      0.638462
   0.385      0.641884
   0.389      0.645336
   0.392      0.648818
   0.395      0.652331
   0.399      0.655873
   0.402      0.659446
   0.405      0.663049
   0.408      0.666682
   0.412      0.670345
   0.415      0.674038
   0.418      0.677761
   0.421      0.681513
   0.425      0.685295
   0.428      0.689107
   0.431      0.692948
   0.434      0.696819
   0.438      0.700719
   0.441      0.704648
   0.444      0.708607
   0.448      0.712594
   0.451      0.716611
   0.454      0.720656
   0.457      0.724731
   0.461      0.728834
   0.464      0.732965
   0.467      0.737125
   0.470      0.741313
   0.474      0.745529
   0.477      0.749773
   0.480      0.754046
   0.483      0.758345
   0.487      0.762673
   0.490      0.767028
   0.493      0.771410
   0.497      0.775819
   0.500      0.780255
   0.503      0.784718
   0.506      0.789207
   0.510      0.793723
   0.513      0.798265
   0.516      0.802833
   0.519      0.807426
   0.523      0.812045
   0.526      0.816690
   0.529      0.821359
   0.532      0.826054
   0.536      0.830773
   0.539      0.835516
   0.542      0.840284
   0.546      0.845076
   0.549      0.849891
   0.552      0.854729
   0.555      0.859591
   0.559      0.864476
   0.562      0.869383
   0.565      0.874312
   0.568      0.879263
   0.572      0.884236
   0.575      0.889230
   0.578      0.894245
   0.581      0.899281
   0.585      0.904338
   0.588      0.909414
   0.591      0.914510
   0.595      0.919625
   0.598      0.924760
   0.601      0.929913
   0.604      0.935084
   0.608      0.940273
   0.611      0.945479
   0.614      0.950703
   0.617      0.955943
   0.621      0.961200
   0.624      0.966472
   0.627      0.971760
   0.630      0.977063
   0.634      0.982381
   0.637      0.987712
   0.640      0.993058
   0.644      0.998416
   0.647      1.003788
   0.650      1.009171
   0.653      1.014567
   0.657      1.019974
   0.660      1.025392
   0.663      1.030820
   0.666      1.036258
   0.670      1.041706
   0.673      1.047162
   0.676      1.052627
   0.679      1.058100
   0.683      1.063580
   0.686      1.069067
   0.689      1.074560
   0.693      1.080058
   0.696      1.085562
   0.699      1.091071
   0.702      1.096583
   0.706      1.102099
   0.709      1.107618
   0.712      1.113139
   0.715      1.118661
   0.719      1.124185
   0.722      1.129710
   0.725      1.135234
   0.728      1.140757
   0.732      1.146280
   0.735      1.151800
   0.738      1.157318
   0.742      1.162832
   0.745      1.168343
   0.748      1.173850
   0.751      1.179351
   0.755      1.184847
   0.758      1.190336
   0.761      1.195818
   0.764      1.201293
   0.768      1.206760
   0.771      1.212217
   0.774      1.217665
   0.777      1.223103
   0.781      1.228530
   0.784      1.233945
   0.787      1.239348
   0.791      1.244738
   0.794      1.250114
   0.797      1.255476
   0.800      1.260824
   0.804      1.266155
   0.807      1.271471
   0.810      1.276769
   0.813      1.282050
   0.817      1.287313
   0.820      1.292556
   0.823      1.297780
   0.826      1.302984
   0.830      1.308167
   0.833      1.313328
   0.836      1.318467
   0.840      1.323583
   0.843      1.328675
   0.846      1.333743
   0.849      1.338786
   0.853      1.343803
   0.856      1.348794
   0.859      1.353758
   0.862      1.358694
   0.866      1.363602
   0.869      1.368481
   0.872      1.373331
   0.875      1.378151
   0.879      1.382939
   0.882      1.387696
   0.885      1.392422
   0.889      1.397114
   0.892      1.401773
   0.895      1.406398
   0.898      1.410989
   0.902      1.415545
   0.905      1.420064
   0.908      1.424548
   0.911      1.428995
   0.915      1.433404
   0.918      1.437775
   0.921      1.442107
   0.924      1.446401
   0.928      1.450654
   0.931      1.454867
   0.934      1.459040
   0.938      1.463171
   0.941      1.467260
   0.944      1.471307
   0.947      1.475311
   0.951      1.479272
   0.954      1.483189
   0.957      1.487062
   0.960      1.490889
   0.964      1.494672
   0.967      1.498409
   0.970      1.502100
   0.973      1.505744
   0.977      1.509341
   0.980      1.512891
   0.983      1.516392
   0.987      1.519846
   0.990      1.523251
   0.993      1.526607
   0.996      1.529914
   1.000      1.533171
   1.003      1.536378
   1.006      1.539535
   1.009      1.542641
   1.013      1.545696
   1.016      1.548700
   1.019      1.551652
   1.022      1.554553
   1.026      1.557401
   1.029      1.560197
   1.032      1.562940
   1.036      1.565631
   1.039      1.568268
   1.042      1.570853
   1.045      1.573383
   1.049      1.575860
   1.052      1.578284
   1.055      1.580653
   1.058      1.582968
   1.062      1.585229
   1.065      1.587435
   1.068      1.589587
   1.071      1.591684
   1.075      1.593726
   1.078      1.595714
   1.081      1.597647
   1.085      1.599525
   1.088      1.601347
   1.091      1.603115
   1.094      1.604828
   1.098      1.606485
   1.101      1.608087
   1.104      1.609635
   1.107      1.611127
   1.111      1.612564
   1.114      1.613946
   1.117      1.615273
   1.120      1.616546
   1.124      1.617763
   1.127      1.618926
   1.130      1.620034
   1.134      1.621087
   1.137      1.622086
   1.140      1.623030
   1.143      1.623920
   1.147      1.624757
   1.150      1.625539
   1.153      1.626267
   1.156      1.626942
   1.160      1.627563
   1.163      1.628131
   1.166      1.628646
   1.169      1.629108
   1.173      1.629517
   1.176      1.629874
   1.179      1.630179
   1.183      1.630432
   1.186      1.630632
   1.189      1.630782
   1.192      1.630880
   1.196      1.630927
   1.199      1.630923
   1.202      1.630869
   1.205      1.630765
   1.209      1.630610
   1.212      1.630407
   1.215      1.630153
   1.218      1.629851
   1.222      1.629501
   1.225      1.629101
   1.228      1.628654
   1.232      1.628159
   1.235      1.627617
   1.238      1.627028
   1.241      1.626392
   1.245      1.625709
   1.248      1.624981
   1.251      1.624207
   1.254      1.623388
   1.258      1.622524
   1.261      1.621615
   1.264      1.620662
   1.267      1.619666
   1.271      1.618626
   1.274      1.617542
   1.277      1.616417
   1.281      1.615249
   1.284      1.614039
   1.287      1.612787
   1.290      1.611495
   1.294      1.610162
   1.297      1.608788
   1.300      1.607375
   1.303      1.605922
   1.307      1.604430
   1.310      1.602900
   1.313      1.601331
   1.316      1.599724
   1.320      1.598080
   1.323      1.596399
   1.326      1.594681
   1.330      1.592928
   1.333      1.591138
   1.336      1.589313
   1.339      1.587453
   1.343      1.585558
   1.346      1.583629
   1.349      1.581667
   1.352      1.579671
   1.356      1.577642
   1.359      1.575581
   1.362      1.573488
   1.365      1.571363
   1.369      1.569207
   1.372      1.567020
   1.375      1.564802
   1.379      1.562555
   1.382      1.560278
   1.385      1.557972
   1.388      1.555637
   1.392      1.553273
   1.395      1.550882
   1.398      1.548463
   1.401      1.546017
   1.405      1.543544
   1.408      1.541045
   1.411      1.538520
   1.414      1.535969
   1.418      1.533393
   1.421      1.530792
   1.424      1.528166
   1.428      1.525517
   1.431      1.522844
   1.434      1.520148
   1.437      1.517428
   1.441      1.514687
   1.444      1.511923
   1.447      1.509137
   1.450      1.506330
   1.454      1.503502
   1.457      1.500653
   1.460      1.497784
   1.463      1.494894
   1.467      1.491985
   1.470      1.489057
   1.473      1.486110
   1.477      1.483145
   1.480      1.480161
   1.483      1.477159
   1.486      1.474140
   1.490      1.471103
   1.493      1.468050
   1.496      1.464980
   1.499      1.461894
   1.503      1.458792
   1.506      1.455674
   1.509      1.452541
   1.512      1.449394
   1.516      1.446231
   1.519      1.443054
   1.522      1.439864
   1.526      1.436659
   1.529      1.433441
   1.532      1.430210
   1.535      1.426966
   1.539      1.423710
   1.542      1.420441
   1.545      1.417161
   1.548      1.413869
   1.552      1.410565
   1.555      1.407250
   1.558      1.403925
   1.561      1.400589
   1.565      1.397243
   1.568      1.393886
   1.571      1.390520
   1.575      1.387145
   1.578      1.383760
   1.581      1.380366
   1.584      1.376963
   1.588      1.373552
   1.591      1.370133
   1.594      1.366706
   1.597      1.363271
   1.601      1.359828
   1.604      1.356378
   1.607      1.352922
   1.610      1.349458
   1.614      1.345988
   1.617      1.342511
   1.620      1.339028
   1.624      1.335540
   1.627      1.332045
   1.630      1.328546
   1.633      1.325040
   1.637      1.321530
   1.640      1.318015
   1.643      1.314496
   1.646      1.310971
   1.650      1.307443
   1.653      1.303911
   1.656      1.300374
   1.659      1.296834
   1.663      1.293291
   1.666      1.289744
   1.669      1.286194
   1.673      1.282641
   1.676      1.279086
   1.679      1.275528
   1.682      1.271967
   1.686      1.268405
   1.689      1.264840
   1.692      1.261273
   1.695      1.257705
   1.699      1.254135
   1.702      1.250564
   1.705      1.246991
   1.708      1.243418
   1.712      1.239843
   1.715      1.236268
   1.718      1.232692
   1.722      1.229116
   1.725      1.225539
   1.728      1.221963
   1.731      1.218386
   1.735      1.214809
   1.738      1.211233
   1.741      1.207657
   1.744      1.204081
   1.748      1.200507
   1.751      1.196933
   1.754      1.193360
   1.757      1.189788
   1.761      1.186217
   1.764      1.182648
   1.767      1.179080
   1.771      1.175514
   1.774      1.171949
   1.777      1.168386
   1.780      1.164825
   1.784      1.161266
   1.787      1.157709
   1.790      1.154155
   1.793      1.150603
   1.797      1.147053
   1.800      1.143506
   1.803      1.139962
   1.806      1.136420
   1.810      1.132882
   1.813      1.129346
   1.816      1.125813
   1.820      1.122284
   1.823      1.118758
   1.826      1.115235
   1.829      1.111716
   1.833      1.108201
   1.836      1.104689
   1.839      1.101181
   1.842      1.097676
   1.846      1.094176
   1.849      1.090679
   1.852      1.087187
   1.855      1.083699
   1.859      1.080215
   1.862      1.076736
   1.865      1.073261
   1.869      1.069790
   1.872      1.066324
   1.875      1.062863
   1.878      1.059406
   1.882      1.055954
   1.885      1.052507
   1.888      1.049065
   1.891      1.045628
   1.895      1.042196
   1.898      1.038770
   1.901      1.035348
   1.904      1.031932
   1.908      1.028521
   1.911      1.025115
   1.914      1.021715
   1.918      1.018320
   1.921      1.014931
   1.924      1.011548
   1.927      1.008170
   1.931      1.004798
   1.934      1.001432
   1.937      0.998072
   1.940      0.994717
   1.944      0.991369
   1.947      0.988026
   1.950      0.984690
   1.953      0.981359
   1.957      0.978035
   1.960      0.974717
   1.963      0.971406
   1.967      0.968100
   1.970      0.964801
   1.973      0.961509
   1.976      0.958222
   1.980      0.954943
   1.983      0.951669
   1.986      0.948403
   1.989      0.945143
   1.993      0.941889
   1.996      0.938642
   1.999      0.935402
   2.002      0.932169
   2.006      0.928942
   2.009      0.925722
   2.012      0.922509
   2.016      0.919303
   2.019      0.916104
   2.022      0.912912
   2.025      0.909726
   2.029      0.906548
   2.032      0.903377
   2.035      0.900213
   2.038      0.897056
   2.042      0.893906
   2.045      0.890763
   2.048      0.887627
   2.051      0.884498
   2.055      0.881377
   2.058      0.878263
   2.061      0.875156
   2.065      0.872057
   2.068      0.868965
   2.071      0.865880
   2.074      0.862802
   2.078      0.859732
   2.081      0.856669
   2.084      0.853614
   2.087      0.850566
   2.091      0.847526
   2.094      0.844492
   2.097      0.841467
   2.100      0.838449
   2.104      0.835438
   2.107      0.832435
   2.110      0.829440
   2.114      0.826452
   2.117      0.823472
   2.120      0.820499
   2.123      0.817534
   2.127      0.814576
   2.130      0.811626
   2.133      0.808684
   2.136      0.805749
   2.140      0.802822
   2.143      0.799903
   2.146      0.796991
   2.149      0.794087
   2.153      0.791191
   2.156      0.788302
   2.159      0.785421
   2.163      0.782548
   2.166      0.779683
   2.169      0.776825
   2.172      0.773975
   2.176      0.771133
   2.179      0.768298
   2.182      0.765471
   2.185      0.762652
   2.189      0.759841
   2.192      0.757038
   2.195      0.754242
   2.198      0.751454
   2.202      0.748674
   2.205      0.745901
   2.208      0.743136
   2.212      0.740380
   2.215      0.737630
   2.218      0.734889
   2.221      0.732155
   2.225      0.729430
   2.228      0.726712
   2.231      0.724001
   2.234      0.721299
   2.238      0.718604
   2.241      0.715917
   2.244      0.713238
   2.247      0.710567
   2.251      0.707903
   2.254      0.705247
   2.257      0.702599
   2.261      0.699958
   2.264      0.697326
   2.267      0.694701
   2.270      0.692084
   2.274      0.689474
   2.277      0.686873
   2.280      0.684279
   2.283      0.681693
   2.287      0.679114
   2.290      0.676543
   2.293      0.673980
   2.296      0.671425
   2.300      0.668877
   2.303      0.666337
   2.306      0.663805
   2.310      0.661280
   2.313      0.658763
   2.316      0.656254
   2.319      0.653752
   2.323      0.651259
   2.326      0.648772
   2.329      0.646293
   2.332      0.643822
   2.336      0.641359
   2.339      0.638903
   2.342      0.636455
   2.345      0.634014
   2.349      0.631581
   2.352      0.629155
   2.355      0.626737
   2.359      0.624327
   2.362      0.621924
   2.365      0.619528
   2.368      0.617141
   2.372      0.614760
   2.375      0.612387
   2.378      0.610022
   2.381      0.607664
   2.385      0.605313
   2.388      0.602970
   2.391      0.600635
   2.394      0.598307
   2.398      0.595986
   2.401      0.593673
   2.404      0.591367
   2.408      0.589068
   2.411      0.586777
   2.414      0.584493
   2.417      0.582216
   2.421      0.579947
   2.424      0.577685
   2.427      0.575431
   2.430      0.573183
   2.434      0.570943
   2.437      0.568711
   2.440      0.566485
   2.443      0.564267
   2.447      0.562056
   2.450      0.559852
   2.453      0.557655
   2.457      0.555466
   2.460      0.553284
   2.463      0.551108
   2.466      0.548940
   2.470      0.546779
   2.473      0.544626
   2.476      0.542479
   2.479      0.540339
   2.483      0.538207
   2.486      0.536081
   2.489      0.533963
   2.492      0.531851
   2.496      0.529747
   2.499      0.527649
   2.502      0.525559
   2.506      0.523475
   2.509      0.521398
   2.512      0.519329
   2.515      0.517266
   2.519      0.515210
   2.522      0.513161
   2.525      0.511119
   2.528      0.509083
   2.532      0.507055
   2.535      0.505033
   2.538      0.503018
   2.541      0.501010
   2.545      0.499009
   2.548      0.497014
   2.551      0.495027
   2.555      0.493045
   2.558      0.491071
   2.561      0.489103
   2.564      0.487142
   2.568      0.485188
   2.571      0.483240
   2.574      0.481299
   2.577      0.479364
   2.581      0.477436
   2.584      0.475515
   2.587      0.473600
   2.590      0.471692
   2.594      0.469790
   2.597      0.467894
   2.600      0.466006
   2.604      0.464123
   2.607      0.462247
   2.610      0.460378
   2.613      0.458515
   2.617      0.456658
   2.620      0.454808
   2.623      0.452964
   2.626      0.451126
   2.630      0.449295
   2.633      0.447470
   2.636      0.445651
   2.639      0.443839
   2.643      0.442033
   2.646      0.440233
   2.649      0.438439
   2.653      0.436652
   2.656      0.434871
   2.659      0.433096
   2.662      0.431327
   2.666      0.429564
   2.669      0.427807
   2.672      0.426057
   2.675      0.424312
   2.679      0.422574
   2.682      0.420842
   2.685      0.419115
   2.688      0.417395
   2.692      0.415681
   2.695      0.413973
   2.698      0.412270
   2.702      0.410574
   2.705      0.408883
   2.708      0.407199
   2.711      0.405520
   2.715      0.403847
   2.718      0.402181
   2.721      0.400519
   2.724      0.398864
   2.728      0.397215
   2.731      0.395571
   2.734      0.393933
   2.737      0.392301
   2.741      0.390675
   2.744      0.389054
   2.747      0.387439
   2.751      0.385830
   2.754      0.384226
   2.757      0.382628
   2.760      0.381036
   2.764      0.379449
   2.767      0.377868
   2.770      0.376293
   2.773      0.374723
   2.777      0.373158
   2.780      0.371600
   2.783      0.370046
   2.786      0.368498
   2.790      0.366956
   2.793      0.365419
   2.796      0.363888
   2.800      0.362362
   2.803      0.360841
   2.806      0.359326
   2.809      0.357816
   2.813      0.356311
   2.816      0.354812
   2.819      0.353318
   2.822      0.351830
   2.826      0.350346
   2.829      0.348868
   2.832      0.347396
   2.835      0.345928
   2.839      0.344466
   2.842      0.343009
   2.845      0.341557
   2.849      0.340110
   2.852      0.338668
   2.855      0.337232
   2.858      0.335801
   2.862      0.334374
   2.865      0.332953
   2.868      0.331537
   2.871      0.330126
   2.875      0.328720
   2.878      0.327319
   2.881      0.325923
   2.884      0.324532
   2.888      0.323146
   2.891      0.321765
   2.894      0.320389
   2.898      0.319018
   2.901      0.317651
   2.904      0.316290
   2.907      0.314933
   2.911      0.313581
   2.914      0.312235
   2.917      0.310892
   2.920      0.309555
   2.924      0.308223
   2.927      0.306895
   2.930      0.305572
   2.933      0.304254
   2.937      0.302940
   2.940      0.301631
   2.943      0.300327
   2.947      0.299028
   2.950      0.297733
   2.953      0.296443
   2.956      0.295157
   2.960      0.293876
   2.963      0.292600
   2.966      0.291328
   2.969      0.290061
   2.973      0.288798
   2.976      0.287540
   2.979      0.286286
   2.982      0.285037
   2.986      0.283792
   2.989      0.282552
   2.992      0.281316
   2.996      0.280085
   2.999      0.278858
   3.002      0.277635
   3.005      0.276417
   3.009      0.275204
   3.012      0.273994
   3.015      0.272789
   3.018      0.271588
   3.022      0.270392
   3.025      0.269199
   3.028      0.268012
   3.031      0.266828
   3.035      0.265648
   3.038      0.264473
   3.041      0.263302
   3.045      0.262136
   3.048      0.260973
   3.051      0.259815
   3.054      0.258660
   3.058      0.257510
   3.061      0.256364
   3.064      0.255222
   3.067      0.254084
   3.071      0.252951
   3.074      0.251821
   3.077      0.250695
   3.080      0.249574
   3.084      0.248456
   3.087      0.247343
   3.090      0.246233
   3.094      0.245127
   3.097      0.244026
   3.100      0.242928
   3.103      0.241834
   3.107      0.240744
   3.110      0.239658
   3.113      0.238576
   3.116      0.237498
   3.120      0.236424
   3.123      0.235353
   3.126      0.234287
   3.129      0.233224
   3.133      0.232165
   3.136      0.231109
   3.139      0.230058
   3.143      0.229010
   3.146      0.227966
   3.149      0.226926
   3.152      0.225889
   3.156      0.224856
   3.159      0.223827
   3.162      0.222802
   3.165      0.221780
   3.169      0.220761
   3.172      0.219747
   3.175      0.218736
   3.178      0.217729
   3.182      0.216725
   3.185      0.215725
   3.188      0.214728
   3.192      0.213735
   3.195      0.212745
   3.198      0.211759
   3.201      0.210777
   3.205      0.209798
   3.208      0.208822
   3.211      0.207850
   3.214      0.206882
   3.218      0.205916
   3.221      0.204955
   3.224      0.203996
   3.227      0.203041
   3.231      0.202090
   3.234      0.201142
   3.237      0.200197
   3.241      0.199255
   3.244      0.198317
   3.247      0.197382
   3.250      0.196451
   3.254      0.195523
   3.257      0.194598
   3.260      0.193676
   3.263      0.192758
   3.267      0.191843
   3.270      0.190931
   3.273      0.190022
   3.276      0.189117
   3.280      0.188214
   3.283      0.187315
   3.286      0.186419
   3.290      0.185527
   3.293      0.184637
   3.296      0.183750
   3.299      0.182867
   3.303      0.181987
   3.306      0.181110
   3.309      0.180235
   3.312      0.179364
   3.316      0.178496
   3.319      0.177632
   3.322      0.176770
   3.325      0.175911
   3.329      0.175055
   3.332      0.174202
   3.335      0.173352
   3.339      0.172505
   3.342      0.171661
   3.345      0.170820
   3.348      0.169982
   3.352      0.169147
   3.355      0.168315
   3.358      0.167486
   3.361      0.166659
   3.365      0.165836
   3.368      0.165015
   3.371      0.164197
   3.374      0.163382
   3.378      0.162570
   3.381      0.161761
   3.384      0.160954
   3.388      0.160151
   3.391      0.159350
   3.394      0.158552
   3.397      0.157756
   3.401      0.156964
   3.404      0.156174
   3.407      0.155387
   3.410      0.154602
   3.414      0.153820
   3.417      0.153041
   3.420      0.152265
   3.423      0.151491
   3.427      0.150720
   3.430      0.149952
   3.433      0.149186
   3.437      0.148423
   3.440      0.147663
   3.443      0.146905
   3.446      0.146150
   3.450      0.145397
   3.453      0.144647
   3.456      0.143899
   3.459      0.143154
   3.463      0.142412
   3.466      0.141672
   3.469      0.140934
   3.472      0.140200
   3.476      0.139467
   3.479      0.138737
   3.482      0.138010
   3.486      0.137285
   3.489      0.136563
   3.492      0.135843
   3.495      0.135125
   3.499      0.134410
   3.502      0.133697
   3.505      0.132987
   3.508      0.132279
   3.512      0.131573
   3.515      0.130870
   3.518      0.130169
   3.521      0.129471
   3.525      0.128775
   3.528      0.128081
   3.531      0.127389
   3.535      0.126700
   3.538      0.126014
   3.541      0.125329
   3.544      0.124647
   3.548      0.123967
   3.551      0.123289
   3.554      0.122614
   3.557      0.121941
   3.561      0.121270
   3.564      0.120601
   3.567      0.119934
   3.570      0.119270
   3.574      0.118608
   3.577      0.117948
   3.580      0.117290
   3.584      0.116635
   3.587      0.115981
   3.590      0.115330
   3.593      0.114681
   3.597      0.114034
   3.600      0.113389
   3.603      0.112747
   3.606      0.112106
   3.610      0.111467
   3.613      0.110831
   3.616      0.110197
   3.619      0.109564
   3.623      0.108934
   3.626      0.108306
   3.629      0.107680
   3.633      0.107056
   3.636      0.106434
   3.639      0.105813
   3.642      0.105195
   3.646      0.104579
   3.649      0.103965
   3.652      0.103353
   3.655      0.102743
   3.659      0.102135
   3.662      0.101529
   3.665      0.100924
   3.668      0.100322
   3.672      0.099721
   3.675      0.099123
   3.678      0.098526
   3.682      0.097932
   3.685      0.097339
   3.688      0.096748
   3.691      0.096159
   3.695      0.095571
   3.698      0.094986
   3.701      0.094403
   3.704      0.093821
   3.708      0.093241
   3.711      0.092663
   3.714      0.092087
   3.717      0.091512
   3.721      0.090940
   3.724      0.090369
   3.727      0.089800
   3.731      0.089233
   3.734      0.088667
   3.737      0.088103
   3.740      0.087541
   3.744      0.086981
   3.747      0.086423
   3.750      0.085866
   3.753      0.085311
   3.757      0.084757
   3.760      0.084206
   3.763      0.083656
   3.766      0.083107
   3.770      0.082561
   3.773      0.082016
   3.776      0.081472
   3.780      0.080931
   3.783      0.080391
   3.786      0.079852
   3.789      0.079315
   3.793      0.078780
   3.796      0.078247
   3.799      0.077715
   3.802      0.077184
   3.806      0.076656
   3.809      0.076128
   3.812      0.075603
   3.815      0.075079
   3.819      0.074556
   3.822      0.074035
   3.825      0.073516
   3.829      0.072998
   3.832      0.072482
   3.835      0.071967
   3.838      0.071454
   3.842      0.070942
   3.845      0.070431
   3.848      0.069923
   3.851      0.069415
   3.855      0.068909
   3.858      0.068405
   3.861      0.067902
   3.864      0.067401
   3.868      0.066901
   3.871      0.066402
   3.874      0.065905
   3.878      0.065409
   3.881      0.064915
   3.884      0.064422
   3.887      0.063930
   3.891      0.063440
   3.894      0.062952
   3.897      0.062464
   3.900      0.061978
   3.904      0.061494
   3.907      0.061010
   3.910      0.060529
   3.913      0.060048
   3.917      0.059569
   3.920      0.059091
   3.923      0.058614
   3.927      0.058139
   3.930      0.057665
   3.933      0.057193
   3.936      0.056721
   3.940      0.056251
   3.943      0.055783
   3.946      0.055315
   3.949      0.054849
   3.953      0.054384
   3.956      0.053920
   3.959      0.053458
   3.962      0.052997
   3.966      0.052537
   3.969      0.052078
   3.972      0.051621
   3.976      0.051164
   3.979      0.050709
   3.982      0.050256
   3.985      0.049803
   3.989      0.049352
   3.992      0.048901
   3.995      0.048452
   3.998      0.048004
   4.002      0.047558
   4.005      0.047112
   4.008      0.046668
   4.011      0.046224
   4.015      0.045782
   4.018      0.045341
   4.021      0.044901
   4.025      0.044462
   4.028      0.044025
   4.031      0.043588
   4.034      0.043153
   4.038      0.042719
   4.041      0.042285
   4.044      0.041853
   4.047      0.041422
   4.051      0.040992
   4.054      0.040563
   4.057      0.040135
   4.060      0.039709
   4.064      0.039283
   4.067      0.038858
   4.070      0.038434
   4.074      0.038012
   4.077      0.037590
   4.080      0.037169
   4.083      0.036750
   4.087      0.036331
   4.090      0.035914
   4.093      0.035497
   4.096      0.035081
   4.100      0.034667
   4.103      0.034253
   4.106      0.033841
   4.109      0.033429
   4.113      0.033018
   4.116      0.032608
   4.119      0.032199
   4.123      0.031791
   4.126      0.031385
   4.129      0.030978
   4.132      0.030573
   4.136      0.030169
   4.139      0.029766
   4.142      0.029364
   4.145      0.028962
   4.149      0.028562
   4.152      0.028162
   4.155      0.027763
   4.158      0.027365
   4.162      0.026968
   4.165      0.026572
   4.168      0.026177
   4.172      0.025782
   4.175      0.025389
   4.178      0.024996
   4.181      0.024604
   4.185      0.024213
   4.188      0.023823
   4.191      0.023433
   4.194      0.023045
   4.198      0.022657
   4.201      0.022270
   4.204      0.021884
   4.207      0.021499
   4.211      0.021114
   4.214      0.020730
   4.217      0.020347
   4.221      0.019965
   4.224      0.019584
   4.227      0.019203
   4.230      0.018823
   4.234      0.018444
   4.237      0.018066
   4.240      0.017688
   4.243      0.017311
   4.247      0.016935
   4.250      0.016560
   4.253      0.016185
   4.256      0.015811
   4.260      0.015438
   4.263      0.015065
   4.266      0.014693
   4.270      0.014322
   4.273      0.013952
   4.276      0.013582
   4.279      0.013213
   4.283      0.012845
   4.286      0.012477
   4.289      0.012110
   4.292      0.011744
   4.296      0.011378
   4.299      0.011013
   4.302      0.010649
   4.305      0.010285
   4.309      0.009922
   4.312      0.009560
   4.315      0.009198
   4.319      0.008837
   4.322      0.008476
   4.325      0.008116
   4.328      0.007757
   4.332      0.007398
   4.335      0.007040
   4.338      0.006683
   4.341      0.006326
   4.345      0.005970
   4.348      0.005614
   4.351      0.005259
   4.354      0.004905
   4.358      0.004551
   4.361      0.004197
   4.364      0.003844
   4.368      0.003492
   4.371      0.003141
   4.374      0.002789
   4.377      0.002439
   4.381      0.002089
   4.384      0.001739
   4.387      0.001390
   4.390      0.001042
   4.394      0.000694
   4.397      0.000347
   4.400      0.000000
