   0.000      3.635264
   0.004      3.634720
   0.008      3.634190
   0.012      3.633383
   0.016      3.632292
   0.021      3.630968
   0.025      3.629389
   0.029      3.627585
   0.033      3.625533
   0.037      3.623223
   0.041      3.620692
   0.045      3.617928
   0.049      3.614937
   0.053      3.611725
   0.057      3.608290
   0.062      3.604632
   0.066      3.600767
   0.070      3.596705
   0.074      3.592425
   0.078      3.587950
   0.082      3.583283
   0.086      3.578421
   0.090      3.573371
   0.094      3.568131
   0.098      3.562707
   0.103      3.557105
   0.107      3.551323
   0.111      3.545366
   0.115      3.539234
   0.119      3.532935
   0.123      3.526463
   0.127      3.519820
   0.131      3.513016
   0.135      3.506041
   0.139      3.498901
   0.144      3.491590
   0.148      3.484115
   0.152      3.476473
   0.156      3.468668
   0.160      3.460691
   0.164      3.452545
   0.168      3.444236
   0.172      3.435754
   0.176      3.427105
   0.180      3.418290
   0.185      3.409305
   0.189      3.400155
   0.193      3.390835
   0.197      3.381350
   0.201      3.371699
   0.205      3.361884
   0.209      3.351907
   0.213      3.341764
   0.217      3.331464
   0.221      3.321000
   0.226      3.310376
   0.230      3.299595
   0.234      3.288656
   0.238      3.277559
   0.242      3.266307
   0.246      3.254897
   0.250      3.243331
   0.254      3.231609
   0.258      3.219732
   0.262      3.207700
   0.267      3.195511
   0.271      3.183167
   0.275      3.170667
   0.279      3.158011
   0.283      3.145200
   0.287      3.132233
   0.291      3.119112
   0.295      3.105837
   0.299      3.092407
   0.303      3.078826
   0.308      3.065092
   0.312      3.051208
   0.316      3.037175
   0.320      3.022994
   0.324      3.008668
   0.328      2.994196
   0.332      2.979581
   0.336      2.964824
   0.340      2.949926
   0.344      2.934889
   0.349      2.919716
   0.353      2.904405
   0.357      2.888960
   0.361      2.873382
   0.365      2.857671
   0.369      2.841828
   0.373      2.825855
   0.377      2.809753
   0.381      2.793521
   0.386      2.777163
   0.390      2.760677
   0.394      2.744064
   0.398      2.727326
   0.402      2.710461
   0.406      2.693472
   0.410      2.676358
   0.414      2.659120
   0.418      2.641759
   0.422      2.624274
   0.427      2.606666
   0.431      2.588935
   0.435      2.571083
   0.439      2.553108
   0.443      2.535011
   0.447      2.516794
   0.451      2.498457
   0.455      2.479999
   0.459      2.461422
   0.463      2.442725
   0.468      2.423910
   0.472      2.404978
   0.476      2.385928
   0.480      2.366763
   0.484      2.347482
   0.488      2.328086
   0.492      2.308578
   0.496      2.288957
   0.500      2.269225
   0.504      2.249384
   0.509      2.229435
   0.513      2.209378
   0.517      2.189217
   0.521      2.168953
   0.525      2.148586
   0.529      2.128121
   0.533      2.107558
   0.537      2.086900
   0.541      2.066150
   0.545      2.045311
   0.550      2.024383
   0.554      2.003370
   0.558      1.982277
   0.562      1.961105
   0.566      1.939858
   0.570      1.918540
   0.574      1.897154
   0.578      1.875704
   0.582      1.854195
   0.586      1.832629
   0.591      1.811013
   0.595      1.789350
   0.599      1.767646
   0.603      1.745906
   0.607      1.724134
   0.611      1.702336
   0.615      1.680518
   0.619      1.658686
   0.623      1.636846
   0.627      1.615005
   0.632      1.593168
   0.636      1.571344
   0.640      1.549537
   0.644      1.527759
   0.648      1.506012
   0.652      1.484307
   0.656      1.462651
   0.660      1.441052
   0.664      1.419518
   0.668      1.398058
   0.673      1.376680
   0.677      1.355392
   0.681      1.334203
   0.685      1.313122
   0.689      1.292159
   0.693      1.271321
   0.697      1.250616
   0.701      1.230054
   0.705      1.209643
   0.709      1.189390
   0.714      1.169303
   0.718      1.149391
   0.722      1.129661
   0.726      1.110118
   0.730      1.090766
   0.734      1.071611
   0.738      1.052656
   0.742      1.033904
   0.746      1.015358
   0.751      0.997016
   0.755      0.978878
   0.759      0.960938
   0.763      0.943202
   0.767      0.925669
   0.771      0.908337
   0.775      0.891206
   0.779      0.874274
   0.783      0.857543
   0.787      0.841015
   0.792      0.824689
   0.796      0.808571
   0.800      0.792657
   0.804      0.776945
   0.808      0.761435
   0.812      0.746122
   0.816      0.731004
   0.820      0.716082
   0.824      0.701354
   0.828      0.686819
   0.833      0.672477
   0.837      0.658326
   0.841      0.644366
   0.845      0.630596
   0.849      0.617015
   0.853      0.603621
   0.857      0.590417
   0.861      0.577400
   0.865      0.564568
   0.869      0.551922
   0.874      0.539459
   0.878      0.527181
   0.882      0.515085
   0.886      0.503170
   0.890      0.491436
   0.894      0.479882
   0.898      0.468506
   0.902      0.457308
   0.906      0.446286
   0.910      0.435440
   0.915      0.424769
   0.919      0.414271
   0.923      0.403946
   0.927      0.393792
   0.931      0.383808
   0.935      0.373995
   0.939      0.364349
   0.943      0.354871
   0.947      0.345558
   0.951      0.336410
   0.956      0.327426
   0.960      0.318605
   0.964      0.309946
   0.968      0.301447
   0.972      0.293106
   0.976      0.284925
   0.980      0.276900
   0.984      0.269030
   0.988      0.261315
   0.992      0.253755
   0.997      0.246345
   1.001      0.239087
   1.005      0.231978
   1.009      0.225017
   1.013      0.218204
   1.017      0.211537
   1.021      0.205015
   1.025      0.198635
   1.029      0.192399
   1.033      0.186302
   1.038      0.180345
   1.042      0.174527
   1.046      0.168846
   1.050      0.163300
   1.054      0.157888
   1.058      0.152610
   1.062      0.147462
   1.066      0.142445
   1.070      0.137557
   1.074      0.132796
   1.079      0.128161
   1.083      0.123651
   1.087      0.119264
   1.091      0.114999
   1.095      0.110854
   1.099      0.106828
   1.103      0.102919
   1.107      0.099126
   1.111      0.095448
   1.116      0.091883
   1.120      0.088429
   1.124      0.085085
   1.128      0.081849
   1.132      0.078721
   1.136      0.075698
   1.140      0.072778
   1.144      0.069961
   1.148      0.067244
   1.152      0.064626
   1.157      0.062106
   1.161      0.059682
   1.165      0.057352
   1.169      0.055114
   1.173      0.052968
   1.177      0.050911
   1.181      0.048941
   1.185      0.047058
   1.189      0.045259
   1.193      0.043543
   1.198      0.041907
   1.202      0.040351
   1.206      0.038873
   1.210      0.037471
   1.214      0.036143
   1.218      0.034888
   1.222      0.033704
   1.226      0.032589
   1.230      0.031541
   1.234      0.030559
   1.239      0.029642
   1.243      0.028786
   1.247      0.027992
   1.251      0.027257
   1.255      0.026578
   1.259      0.025956
   1.263      0.025387
   1.267      0.024870
   1.271      0.024405
   1.275      0.023988
   1.280      0.023618
   1.284      0.023294
   1.288      0.023014
   1.292      0.022776
   1.296      0.022578
   1.300      0.022419
   1.304      0.022298
   1.308      0.022213
   1.312      0.022162
   1.316      0.022144
   1.321      0.022157
   1.325      0.022199
   1.329      0.022269
   1.333      0.022365
   1.337      0.022487
   1.341      0.022632
   1.345      0.022799
   1.349      0.022988
   1.353      0.023195
   1.357      0.023420
   1.362      0.023662
   1.366      0.023918
   1.370      0.024189
   1.374      0.024472
   1.378      0.024766
   1.382      0.025070
   1.386      0.025384
   1.390      0.025704
   1.394      0.026032
   1.398      0.026364
   1.403      0.026700
   1.407      0.027040
   1.411      0.027381
   1.415      0.027724
   1.419      0.028067
   1.423      0.028408
   1.427      0.028748
   1.431      0.029085
   1.435      0.029418
   1.439      0.029747
   1.444      0.030070
   1.448      0.030387
   1.452      0.030698
   1.456      0.031000
   1.460      0.031295
   1.464      0.031580
   1.468      0.031856
   1.472      0.032122
   1.476      0.032377
   1.481      0.032621
   1.485      0.032853
   1.489      0.033072
   1.493      0.033280
   1.497      0.033474
   1.501      0.033654
   1.505      0.033821
   1.509      0.033974
   1.513      0.034113
   1.517      0.034237
   1.522      0.034346
   1.526      0.034439
   1.530      0.034518
   1.534      0.034582
   1.538      0.034630
   1.542      0.034662
   1.546      0.034680
   1.550      0.034681
   1.554      0.034666
   1.558      0.034636
   1.563      0.034591
   1.567      0.034529
   1.571      0.034453
   1.575      0.034361
   1.579      0.034254
   1.583      0.034132
   1.587      0.033995
   1.591      0.033844
   1.595      0.033678
   1.599      0.033497
   1.604      0.033302
   1.608      0.033094
   1.612      0.032873
   1.616      0.032638
   1.620      0.032391
   1.624      0.032131
   1.628      0.031858
   1.632      0.031574
   1.636      0.031278
   1.640      0.030971
   1.645      0.030652
   1.649      0.030324
   1.653      0.029986
   1.657      0.029638
   1.661      0.029281
   1.665      0.028915
   1.669      0.028540
   1.673      0.028158
   1.677      0.027767
   1.681      0.027370
   1.686      0.026965
   1.690      0.026555
   1.694      0.026139
   1.698      0.025717
   1.702      0.025290
   1.706      0.024858
   1.710      0.024422
   1.714      0.023982
   1.718      0.023539
   1.722      0.023093
   1.727      0.022644
   1.731      0.022193
   1.735      0.021740
   1.739      0.021286
   1.743      0.020831
   1.747      0.020376
   1.751      0.019920
   1.755      0.019464
   1.759      0.019008
   1.763      0.018554
   1.768      0.018100
   1.772      0.017648
   1.776      0.017198
   1.780      0.016750
   1.784      0.016305
   1.788      0.015862
   1.792      0.015423
   1.796      0.014986
   1.800      0.014553
   1.804      0.014124
   1.809      0.013699
   1.813      0.013279
   1.817      0.012863
   1.821      0.012452
   1.825      0.012045
   1.829      0.011644
   1.833      0.011249
   1.837      0.010858
   1.841      0.010474
   1.846      0.010095
   1.850      0.009723
   1.854      0.009356
   1.858      0.008996
   1.862      0.008642
   1.866      0.008295
   1.870      0.007954
   1.874      0.007620
   1.878      0.007292
   1.882      0.006972
   1.887      0.006658
   1.891      0.006351
   1.895      0.006051
   1.899      0.005758
   1.903      0.005472
   1.907      0.005193
   1.911      0.004921
   1.915      0.004656
   1.919      0.004398
   1.923      0.004147
   1.928      0.003903
   1.932      0.003666
   1.936      0.003435
   1.940      0.003212
   1.944      0.002996
   1.948      0.002786
   1.952      0.002583
   1.956      0.002387
   1.960      0.002196
   1.964      0.002013
   1.969      0.001836
   1.973      0.001665
   1.977      0.001500
   1.981      0.001342
   1.985      0.001189
   1.989      0.001043
   1.993      0.000902
   1.997      0.000768
   2.001      0.000638
   2.005      0.000514
   2.010      0.000396
   2.014      0.000283
   2.018      0.000175
   2.022      0.000072
   2.026     -0.000026
   2.030     -0.000119
   2.034     -0.000208
   2.038     -0.000291
   2.042     -0.000370
   2.046     -0.000445
   2.051     -0.000515
   2.055     -0.000582
   2.059     -0.000645
   2.063     -0.000704
   2.067     -0.000759
   2.071     -0.000810
   2.075     -0.000858
   2.079     -0.000902
   2.083     -0.000943
   2.087     -0.000981
   2.092     -0.001015
   2.096     -0.001047
   2.100     -0.001076
   2.104     -0.001102
   2.108     -0.001126
   2.112     -0.001147
   2.116     -0.001165
   2.120     -0.001182
   2.124     -0.001196
   2.128     -0.001207
   2.133     -0.001217
   2.137     -0.001225
   2.141     -0.001231
   2.145     -0.001235
   2.149     -0.001238
   2.153     -0.001239
   2.157     -0.001238
   2.161     -0.001236
   2.165     -0.001233
   2.169     -0.001229
   2.174     -0.001223
   2.178     -0.001216
   2.182     -0.001208
   2.186     -0.001199
   2.190     -0.001189
   2.194     -0.001178
   2.198     -0.001167
   2.202     -0.001154
   2.206     -0.001141
   2.211     -0.001128
   2.215     -0.001113
   2.219     -0.001099
   2.223     -0.001083
   2.227     -0.001068
   2.231     -0.001051
   2.235     -0.001035
   2.239     -0.001018
   2.243     -0.001001
   2.247     -0.000984
   2.252     -0.000966
   2.256     -0.000949
   2.260     -0.000931
   2.264     -0.000913
   2.268     -0.000895
   2.272     -0.000877
   2.276     -0.000859
   2.280     -0.000841
   2.284     -0.000822
   2.288     -0.000805
   2.293     -0.000786
   2.297     -0.000769
   2.301     -0.000751
   2.305     -0.000733
   2.309     -0.000716
   2.313     -0.000699
   2.317     -0.000681
   2.321     -0.000664
   2.325     -0.000648
   2.329     -0.000631
   2.334     -0.000614
   2.338     -0.000598
   2.342     -0.000582
   2.346     -0.000566
   2.350     -0.000551
   2.354     -0.000536
   2.358     -0.000521
   2.362     -0.000506
   2.366     -0.000491
   2.370     -0.000477
   2.375     -0.000463
   2.379     -0.000450
   2.383     -0.000436
   2.387     -0.000423
   2.391     -0.000410
   2.395     -0.000397
   2.399     -0.000385
   2.403     -0.000373
   2.407     -0.000361
   2.411     -0.000349
   2.416     -0.000338
   2.420     -0.000327
   2.424     -0.000316
   2.428     -0.000306
   2.432     -0.000295
   2.436     -0.000285
   2.440     -0.000275
   2.444     -0.000266
   2.448     -0.000256
   2.452     -0.000247
   2.457     -0.000238
   2.461     -0.000230
   2.465     -0.000221
   2.469     -0.000213
   2.473     -0.000206
   2.477     -0.000198
   2.481     -0.000191
   2.485     -0.000184
   2.489     -0.000177
   2.493     -0.000170
   2.498     -0.000164
   2.502     -0.000158
   2.506     -0.000152
   2.510     -0.000146
   2.514     -0.000141
   2.518     -0.000135
   2.522     -0.000130
   2.526     -0.000125
   2.530     -0.000120
   2.534     -0.000116
   2.539     -0.000111
   2.543     -0.000107
   2.547     -0.000103
   2.551     -0.000099
   2.555     -0.000095
   2.559     -0.000091
   2.563     -0.000087
   2.567     -0.000084
   2.571     -0.000080
   2.576     -0.000077
   2.580     -0.000074
   2.584     -0.000071
   2.588     -0.000068
   2.592     -0.000065
   2.596     -0.000063
   2.600     -0.000060
   2.604     -0.000058
   2.608     -0.000055
   2.612     -0.000053
   2.617     -0.000051
   2.621     -0.000049
   2.625     -0.000047
   2.629     -0.000045
   2.633     -0.000043
   2.637     -0.000041
   2.641     -0.000039
   2.645     -0.000038
   2.649     -0.000036
   2.653     -0.000034
   2.658     -0.000033
   2.662     -0.000032
   2.666     -0.000030
   2.670     -0.000029
   2.674     -0.000028
   2.678     -0.000026
   2.682     -0.000025
   2.686     -0.000024
   2.690     -0.000023
   2.694     -0.000022
   2.699     -0.000021
   2.703     -0.000020
   2.707     -0.000019
   2.711     -0.000018
   2.715     -0.000018
   2.719     -0.000017
   2.723     -0.000016
   2.727     -0.000015
   2.731     -0.000015
   2.735     -0.000014
   2.740     -0.000013
   2.744     -0.000013
   2.748     -0.000012
   2.752     -0.000011
   2.756     -0.000011
   2.760     -0.000010
   2.764     -0.000010
   2.768     -0.000009
   2.772     -0.000009
   2.776     -0.000009
   2.781     -0.000008
   2.785     -0.000008
   2.789     -0.000007
   2.793     -0.000007
   2.797     -0.000007
   2.801     -0.000006
   2.805     -0.000006
   2.809     -0.000006
   2.813     -0.000006
   2.817     -0.000005
   2.822     -0.000005
   2.826     -0.000005
   2.830     -0.000004
   2.834     -0.000004
   2.838     -0.000004
   2.842     -0.000004
   2.846     -0.000004
   2.850     -0.000003
   2.854     -0.000003
   2.858     -0.000003
   2.863     -0.000003
   2.867     -0.000003
   2.871     -0.000003
   2.875     -0.000003
   2.879     -0.000002
   2.883     -0.000002
   2.887     -0.000002
   2.891     -0.000002
   2.895     -0.000002
   2.899     -0.000002
   2.904     -0.000002
   2.908     -0.000002
   2.912     -0.000002
   2.916     -0.000001
   2.920     -0.000001
   2.924     -0.000001
   2.928     -0.000001
   2.932     -0.000001
   2.936     -0.000001
   2.941     -0.000001
   2.945     -0.000001
   2.949     -0.000001
   2.953     -0.000001
   2.957     -0.000001
   2.961     -0.000001
   2.965     -0.000001
   2.969     -0.000001
   2.973     -0.000001
   2.977     -0.000001
   2.982     -0.000001
   2.986      0.000000
   2.990      0.000000
   2.994      0.000000
   2.998      0.000000
   3.002      0.000000
   3.006      0.000000
   3.010      0.000000
   3.014      0.000000
   3.018      0.000000
   3.023      0.000000
   3.027      0.000000
   3.031      0.000000
   3.035      0.000000
   3.039      0.000000
   3.043      0.000000
   3.047      0.000000
   3.051      0.000000
   3.055      0.000000
   3.059      0.000000
   3.064      0.000000
   3.068      0.000000
   3.072      0.000000
   3.076      0.000000
   3.080      0.000000
   3.084      0.000000
   3.088      0.000000
   3.092      0.000000
   3.096      0.000000
   3.100      0.000000
   3.105      0.000000
   3.109      0.000000
   3.113      0.000000
   3.117      0.000000
   3.121      0.000000
   3.125      0.000000
   3.129      0.000000
   3.133      0.000000
   3.137      0.000000
   3.141      0.000000
   3.146      0.000000
   3.150      0.000000
   3.154      0.000000
   3.158      0.000000
   3.162      0.000000
   3.166      0.000000
   3.170      0.000000
   3.174      0.000000
   3.178      0.000000
   3.182      0.000000
   3.187      0.000000
   3.191      0.000000
   3.195      0.000000
   3.199      0.000000
   3.203      0.000000
   3.207      0.000000
   3.211      0.000000
   3.215      0.000000
   3.219      0.000000
   3.223      0.000000
   3.228      0.000000
   3.232      0.000000
   3.236      0.000000
   3.240      0.000000
   3.244      0.000000
   3.248      0.000000
   3.252      0.000000
   3.256      0.000000
   3.260      0.000000
   3.264      0.000000
   3.269      0.000000
   3.273      0.000000
   3.277      0.000000
   3.281      0.000000
