   0.000      0.756643
   0.004      0.756643
   0.008      0.756643
   0.012      0.756643
   0.016      0.756643
   0.021      0.756643
   0.025      0.756643
   0.029      0.756643
   0.033      0.756643
   0.037      0.756643
   0.041      0.756643
   0.045      0.756643
   0.049      0.756643
   0.053      0.756643
   0.057      0.756643
   0.062      0.756643
   0.066      0.756643
   0.070      0.756643
   0.074      0.756643
   0.078      0.756643
   0.082      0.756643
   0.086      0.756643
   0.090      0.756642
   0.094      0.756642
   0.098      0.756642
   0.103      0.756642
   0.107      0.756642
   0.111      0.756642
   0.115      0.756641
   0.119      0.756641
   0.123      0.756641
   0.127      0.756640
   0.131      0.756640
   0.135      0.756639
   0.139      0.756639
   0.144      0.756638
   0.148      0.756638
   0.152      0.756637
   0.156      0.756637
   0.160      0.756636
   0.164      0.756635
   0.168      0.756634
   0.172      0.756633
   0.176      0.756632
   0.180      0.756631
   0.185      0.756630
   0.189      0.756629
   0.193      0.756627
   0.197      0.756626
   0.201      0.756625
   0.205      0.756623
   0.209      0.756621
   0.213      0.756619
   0.217      0.756617
   0.221      0.756615
   0.226      0.756613
   0.230      0.756611
   0.234      0.756608
   0.238      0.756605
   0.242      0.756603
   0.246      0.756600
   0.250      0.756597
   0.254      0.756593
   0.258      0.756590
   0.262      0.756586
   0.267      0.756582
   0.271      0.756578
   0.275      0.756574
   0.279      0.756569
   0.283      0.756564
   0.287      0.756559
   0.291      0.756554
   0.295      0.756549
   0.299      0.756543
   0.303      0.756537
   0.308      0.756530
   0.312      0.756524
   0.316      0.756517
   0.320      0.756509
   0.324      0.756502
   0.328      0.756494
   0.332      0.756486
   0.336      0.756477
   0.340      0.756468
   0.344      0.756458
   0.349      0.756448
   0.353      0.756438
   0.357      0.756427
   0.361      0.756416
   0.365      0.756404
   0.369      0.756392
   0.373      0.756380
   0.377      0.756366
   0.381      0.756353
   0.386      0.756338
   0.390      0.756324
   0.394      0.756308
   0.398      0.756292
   0.402      0.756276
   0.406      0.756258
   0.410      0.756240
   0.414      0.756222
   0.418      0.756203
   0.422      0.756183
   0.427      0.756162
   0.431      0.756140
   0.435      0.756118
   0.439      0.756095
   0.443      0.756071
   0.447      0.756046
   0.451      0.756021
   0.455      0.755994
   0.459      0.755966
   0.463      0.755938
   0.468      0.755909
   0.472      0.755878
   0.476      0.755847
   0.480      0.755814
   0.484      0.755781
   0.488      0.755746
   0.492      0.755710
   0.496      0.755673
   0.500      0.755635
   0.504      0.755595
   0.509      0.755554
   0.513      0.755512
   0.517      0.755469
   0.521      0.755424
   0.525      0.755378
   0.529      0.755330
   0.533      0.755281
   0.537      0.755230
   0.541      0.755178
   0.545      0.755124
   0.550      0.755069
   0.554      0.755012
   0.558      0.754953
   0.562      0.754893
   0.566      0.754830
   0.570      0.754766
   0.574      0.754700
   0.578      0.754632
   0.582      0.754562
   0.586      0.754491
   0.591      0.754417
   0.595      0.754341
   0.599      0.754263
   0.603      0.754183
   0.607      0.754100
   0.611      0.754015
   0.615      0.753928
   0.619      0.753839
   0.623      0.753747
   0.627      0.753653
   0.632      0.753556
   0.636      0.753457
   0.640      0.753355
   0.644      0.753250
   0.648      0.753143
   0.652      0.753033
   0.656      0.752920
   0.660      0.752805
   0.664      0.752686
   0.668      0.752564
   0.673      0.752440
   0.677      0.752312
   0.681      0.752181
   0.685      0.752047
   0.689      0.751910
   0.693      0.751769
   0.697      0.751625
   0.701      0.751478
   0.705      0.751327
   0.709      0.751173
   0.714      0.751015
   0.718      0.750854
   0.722      0.750688
   0.726      0.750519
   0.730      0.750347
   0.734      0.750170
   0.738      0.749990
   0.742      0.749805
   0.746      0.749616
   0.751      0.749424
   0.755      0.749227
   0.759      0.749026
   0.763      0.748821
   0.767      0.748611
   0.771      0.748397
   0.775      0.748179
   0.779      0.747956
   0.783      0.747728
   0.787      0.747496
   0.792      0.747260
   0.796      0.747018
   0.800      0.746772
   0.804      0.746521
   0.808      0.746265
   0.812      0.746004
   0.816      0.745739
   0.820      0.745468
   0.824      0.745192
   0.828      0.744911
   0.833      0.744625
   0.837      0.744333
   0.841      0.744036
   0.845      0.743734
   0.849      0.743427
   0.853      0.743114
   0.857      0.742795
   0.861      0.742472
   0.865      0.742142
   0.869      0.741807
   0.874      0.741466
   0.878      0.741120
   0.882      0.740768
   0.886      0.740410
   0.890      0.740046
   0.894      0.739676
   0.898      0.739300
   0.902      0.738919
   0.906      0.738531
   0.910      0.738138
   0.915      0.737738
   0.919      0.737333
   0.923      0.736921
   0.927      0.736503
   0.931      0.736079
   0.935      0.735649
   0.939      0.735213
   0.943      0.734770
   0.947      0.734321
   0.951      0.733866
   0.956      0.733404
   0.960      0.732936
   0.964      0.732462
   0.968      0.731981
   0.972      0.731494
   0.976      0.731001
   0.980      0.730501
   0.984      0.729995
   0.988      0.729482
   0.992      0.728963
   0.997      0.728437
   1.001      0.727905
   1.005      0.727367
   1.009      0.726821
   1.013      0.726270
   1.017      0.725712
   1.021      0.725147
   1.025      0.724576
   1.029      0.723999
   1.033      0.723415
   1.038      0.722824
   1.042      0.722227
   1.046      0.721624
   1.050      0.721014
   1.054      0.720398
   1.058      0.719775
   1.062      0.719146
   1.066      0.718510
   1.070      0.717868
   1.074      0.717220
   1.079      0.716565
   1.083      0.715904
   1.087      0.715237
   1.091      0.714563
   1.095      0.713883
   1.099      0.713196
   1.103      0.712504
   1.107      0.711805
   1.111      0.711100
   1.116      0.710389
   1.120      0.709672
   1.124      0.708949
   1.128      0.708219
   1.132      0.707484
   1.136      0.706742
   1.140      0.705995
   1.144      0.705242
   1.148      0.704482
   1.152      0.703717
   1.157      0.702946
   1.161      0.702169
   1.165      0.701387
   1.169      0.700599
   1.173      0.699805
   1.177      0.699006
   1.181      0.698201
   1.185      0.697390
   1.189      0.696574
   1.193      0.695752
   1.198      0.694925
   1.202      0.694093
   1.206      0.693256
   1.210      0.692413
   1.214      0.691565
   1.218      0.690712
   1.222      0.689853
   1.226      0.688990
   1.230      0.688122
   1.234      0.687248
   1.239      0.686370
   1.243      0.685487
   1.247      0.684599
   1.251      0.683707
   1.255      0.682809
   1.259      0.681907
   1.263      0.681001
   1.267      0.680090
   1.271      0.679175
   1.275      0.678255
   1.280      0.677331
   1.284      0.676402
   1.288      0.675469
   1.292      0.674532
   1.296      0.673591
   1.300      0.672646
   1.304      0.671697
   1.308      0.670744
   1.312      0.669787
   1.316      0.668827
   1.321      0.667862
   1.325      0.666894
   1.329      0.665922
   1.333      0.664947
   1.337      0.663968
   1.341      0.662986
   1.345      0.662000
   1.349      0.661011
   1.353      0.660018
   1.357      0.659023
   1.362      0.658024
   1.366      0.657022
   1.370      0.656017
   1.374      0.655009
   1.378      0.653998
   1.382      0.652984
   1.386      0.651968
   1.390      0.650949
   1.394      0.649927
   1.398      0.648902
   1.403      0.647875
   1.407      0.646845
   1.411      0.645813
   1.415      0.644779
   1.419      0.643742
   1.423      0.642703
   1.427      0.641662
   1.431      0.640618
   1.435      0.639573
   1.439      0.638525
   1.444      0.637476
   1.448      0.636424
   1.452      0.635371
   1.456      0.634316
   1.460      0.633259
   1.464      0.632200
   1.468      0.631140
   1.472      0.630079
   1.476      0.629015
   1.481      0.627951
   1.485      0.626884
   1.489      0.625817
   1.493      0.624748
   1.497      0.623678
   1.501      0.622607
   1.505      0.621535
   1.509      0.620461
   1.513      0.619387
   1.517      0.618311
   1.522      0.617235
   1.526      0.616158
   1.530      0.615080
   1.534      0.614001
   1.538      0.612921
   1.542      0.611841
   1.546      0.610760
   1.550      0.609679
   1.554      0.608597
   1.558      0.607514
   1.563      0.606432
   1.567      0.605348
   1.571      0.604265
   1.575      0.603181
   1.579      0.602097
   1.583      0.601013
   1.587      0.599928
   1.591      0.598844
   1.595      0.597759
   1.599      0.596675
   1.604      0.595590
   1.608      0.594506
   1.612      0.593422
   1.616      0.592338
   1.620      0.591254
   1.624      0.590170
   1.628      0.589087
   1.632      0.588004
   1.636      0.586921
   1.640      0.585839
   1.645      0.584757
   1.649      0.583676
   1.653      0.582595
   1.657      0.581515
   1.661      0.580436
   1.665      0.579357
   1.669      0.578279
   1.673      0.577201
   1.677      0.576125
   1.681      0.575049
   1.686      0.573974
   1.690      0.572900
   1.694      0.571827
   1.698      0.570754
   1.702      0.569683
   1.706      0.568613
   1.710      0.567543
   1.714      0.566475
   1.718      0.565408
   1.722      0.564342
   1.727      0.563277
   1.731      0.562214
   1.735      0.561151
   1.739      0.560090
   1.743      0.559030
   1.747      0.557972
   1.751      0.556915
   1.755      0.555859
   1.759      0.554805
   1.763      0.553752
   1.768      0.552700
   1.772      0.551650
   1.776      0.550602
   1.780      0.549555
   1.784      0.548509
   1.788      0.547466
   1.792      0.546423
   1.796      0.545383
   1.800      0.544344
   1.804      0.543307
   1.809      0.542271
   1.813      0.541237
   1.817      0.540205
   1.821      0.539175
   1.825      0.538147
   1.829      0.537120
   1.833      0.536095
   1.837      0.535072
   1.841      0.534051
   1.846      0.533032
   1.850      0.532015
   1.854      0.530999
   1.858      0.529986
   1.862      0.528974
   1.866      0.527965
   1.870      0.526957
   1.874      0.525952
   1.878      0.524948
   1.882      0.523947
   1.887      0.522948
   1.891      0.521950
   1.895      0.520955
   1.899      0.519962
   1.903      0.518971
   1.907      0.517982
   1.911      0.516996
   1.915      0.516011
   1.919      0.515029
   1.923      0.514049
   1.928      0.513071
   1.932      0.512095
   1.936      0.511122
   1.940      0.510151
   1.944      0.509182
   1.948      0.508215
   1.952      0.507250
   1.956      0.506288
   1.960      0.505328
   1.964      0.504371
   1.969      0.503415
   1.973      0.502462
   1.977      0.501512
   1.981      0.500563
   1.985      0.499617
   1.989      0.498674
   1.993      0.497732
   1.997      0.496794
   2.001      0.495857
   2.005      0.494923
   2.010      0.493991
   2.014      0.493062
   2.018      0.492135
   2.022      0.491210
   2.026      0.490288
   2.030      0.489368
   2.034      0.488451
   2.038      0.487536
   2.042      0.486623
   2.046      0.485713
   2.051      0.484805
   2.055      0.483900
   2.059      0.482997
   2.063      0.482097
   2.067      0.481199
   2.071      0.480303
   2.075      0.479410
   2.079      0.478520
   2.083      0.477632
   2.087      0.476746
   2.092      0.475863
   2.096      0.474982
   2.100      0.474104
   2.104      0.473228
   2.108      0.472355
   2.112      0.471484
   2.116      0.470616
   2.120      0.469750
   2.124      0.468886
   2.128      0.468025
   2.133      0.467167
   2.137      0.466311
   2.141      0.465457
   2.145      0.464606
   2.149      0.463757
   2.153      0.462911
   2.157      0.462067
   2.161      0.461226
   2.165      0.460387
   2.169      0.459551
   2.174      0.458717
   2.178      0.457885
   2.182      0.457056
   2.186      0.456230
   2.190      0.455406
   2.194      0.454584
   2.198      0.453765
   2.202      0.452948
   2.206      0.452134
   2.211      0.451322
   2.215      0.450512
   2.219      0.449705
   2.223      0.448900
   2.227      0.448098
   2.231      0.447298
   2.235      0.446501
   2.239      0.445706
   2.243      0.444914
   2.247      0.444123
   2.252      0.443336
   2.256      0.442550
   2.260      0.441767
   2.264      0.440987
   2.268      0.440209
   2.272      0.439433
   2.276      0.438659
   2.280      0.437888
   2.284      0.437119
   2.288      0.436353
   2.293      0.435589
   2.297      0.434827
   2.301      0.434068
   2.305      0.433311
   2.309      0.432556
   2.313      0.431804
   2.317      0.431054
   2.321      0.430306
   2.325      0.429561
   2.329      0.428818
   2.334      0.428077
   2.338      0.427339
   2.342      0.426603
   2.346      0.425869
   2.350      0.425137
   2.354      0.424408
   2.358      0.423681
   2.362      0.422956
   2.366      0.422233
   2.370      0.421513
   2.375      0.420795
   2.379      0.420079
   2.383      0.419365
   2.387      0.418654
   2.391      0.417944
   2.395      0.417237
   2.399      0.416532
   2.403      0.415830
   2.407      0.415129
   2.411      0.414431
   2.416      0.413735
   2.420      0.413041
   2.424      0.412349
   2.428      0.411660
   2.432      0.410972
   2.436      0.410287
   2.440      0.409604
   2.444      0.408923
   2.448      0.408244
   2.452      0.407567
   2.457      0.406892
   2.461      0.406219
   2.465      0.405549
   2.469      0.404880
   2.473      0.404214
   2.477      0.403550
   2.481      0.402887
   2.485      0.402227
   2.489      0.401569
   2.493      0.400913
   2.498      0.400259
   2.502      0.399607
   2.506      0.398957
   2.510      0.398309
   2.514      0.397663
   2.518      0.397019
   2.522      0.396377
   2.526      0.395737
   2.530      0.395099
   2.534      0.394462
   2.539      0.393828
   2.543      0.393196
   2.547      0.392566
   2.551      0.391938
   2.555      0.391311
   2.559      0.390687
   2.563      0.390064
   2.567      0.389444
   2.571      0.388825
   2.576      0.388208
   2.580      0.387593
   2.584      0.386980
   2.588      0.386369
   2.592      0.385760
   2.596      0.385152
   2.600      0.384547
   2.604      0.383943
   2.608      0.383341
   2.612      0.382741
   2.617      0.382143
   2.621      0.381547
   2.625      0.380952
   2.629      0.380359
   2.633      0.379768
   2.637      0.379179
   2.641      0.378592
   2.645      0.378006
   2.649      0.377422
   2.653      0.376840
   2.658      0.376260
   2.662      0.375681
   2.666      0.375104
   2.670      0.374529
   2.674      0.373956
   2.678      0.373384
   2.682      0.372814
   2.686      0.372246
   2.690      0.371679
   2.694      0.371114
   2.699      0.370551
   2.703      0.369990
   2.707      0.369430
   2.711      0.368872
   2.715      0.368315
   2.719      0.367760
   2.723      0.367207
   2.727      0.366656
   2.731      0.366106
   2.735      0.365557
   2.740      0.365011
   2.744      0.364466
   2.748      0.363922
   2.752      0.363380
   2.756      0.362840
   2.760      0.362301
   2.764      0.361764
   2.768      0.361229
   2.772      0.360695
   2.776      0.360162
   2.781      0.359632
   2.785      0.359102
   2.789      0.358575
   2.793      0.358048
   2.797      0.357524
   2.801      0.357001
   2.805      0.356479
   2.809      0.355959
   2.813      0.355440
   2.817      0.354923
   2.822      0.354407
   2.826      0.353893
   2.830      0.353381
   2.834      0.352869
   2.838      0.352360
   2.842      0.351852
   2.846      0.351345
   2.850      0.350839
   2.854      0.350335
   2.858      0.349833
   2.863      0.349332
   2.867      0.348832
   2.871      0.348334
   2.875      0.347837
   2.879      0.347342
   2.883      0.346848
   2.887      0.346355
   2.891      0.345864
   2.895      0.345375
   2.899      0.344886
   2.904      0.344399
   2.908      0.343913
   2.912      0.343429
   2.916      0.342946
   2.920      0.342465
   2.924      0.341984
   2.928      0.341505
   2.932      0.341028
   2.936      0.340552
   2.941      0.340077
   2.945      0.339603
   2.949      0.339131
   2.953      0.338660
   2.957      0.338190
   2.961      0.337722
   2.965      0.337255
   2.969      0.336789
   2.973      0.336325
   2.977      0.335861
   2.982      0.335399
   2.986      0.334939
   2.990      0.334479
   2.994      0.334021
   2.998      0.333564
   3.002      0.333109
   3.006      0.332654
   3.010      0.332201
   3.014      0.331749
   3.018      0.331298
   3.023      0.330849
   3.027      0.330400
   3.031      0.329953
   3.035      0.329508
   3.039      0.329063
   3.043      0.328619
   3.047      0.328177
   3.051      0.327736
   3.055      0.327296
   3.059      0.326857
   3.064      0.326420
   3.068      0.325983
   3.072      0.325548
   3.076      0.325114
   3.080      0.324681
   3.084      0.324250
   3.088      0.323819
   3.092      0.323389
   3.096      0.322961
   3.100      0.322534
   3.105      0.322108
   3.109      0.321683
   3.113      0.321259
   3.117      0.320836
   3.121      0.320415
   3.125      0.319994
   3.129      0.319575
   3.133      0.319157
   3.137      0.318739
   3.141      0.318323
   3.146      0.317908
   3.150      0.317494
   3.154      0.317082
   3.158      0.316670
   3.162      0.316259
   3.166      0.315849
   3.170      0.315441
   3.174      0.315033
   3.178      0.314627
   3.182      0.314221
   3.187      0.313817
   3.191      0.313414
   3.195      0.313011
   3.199      0.312610
   3.203      0.312210
   3.207      0.311810
   3.211      0.311412
   3.215      0.311015
   3.219      0.310619
   3.223      0.310224
   3.228      0.309829
   3.232      0.309436
   3.236      0.309044
   3.240      0.308653
   3.244      0.308263
   3.248      0.307873
   3.252      0.307485
   3.256      0.307098
   3.260      0.306712
   3.264      0.306326
   3.269      0.305942
   3.273      0.305559
   3.277      0.305176
   3.281      0.304795
