   0.000      0.149917
   0.004      0.149934
   0.008      0.149951
   0.012      0.149978
   0.017      0.150017
   0.021      0.150067
   0.025      0.150128
   0.029      0.150200
   0.033      0.150283
   0.037      0.150377
   0.041      0.150482
   0.045      0.150599
   0.050      0.150726
   0.054      0.150865
   0.058      0.151015
   0.062      0.151176
   0.066      0.151348
   0.070      0.151532
   0.074      0.151726
   0.079      0.151932
   0.083      0.152150
   0.087      0.152378
   0.091      0.152618
   0.095      0.152869
   0.099      0.153131
   0.103      0.153405
   0.107      0.153690
   0.112      0.153987
   0.116      0.154295
   0.120      0.154614
   0.124      0.154945
   0.128      0.155287
   0.132      0.155640
   0.136      0.156006
   0.141      0.156382
   0.145      0.156770
   0.149      0.157170
   0.153      0.157582
   0.157      0.158004
   0.161      0.158439
   0.165      0.158885
   0.169      0.159343
   0.174      0.159813
   0.178      0.160294
   0.182      0.160787
   0.186      0.161292
   0.190      0.161809
   0.194      0.162338
   0.198      0.162878
   0.203      0.163430
   0.207      0.163994
   0.211      0.164571
   0.215      0.165159
   0.219      0.165759
   0.223      0.166371
   0.227      0.166995
   0.231      0.167632
   0.236      0.168280
   0.240      0.168941
   0.244      0.169614
   0.248      0.170299
   0.252      0.170996
   0.256      0.171706
   0.260      0.172427
   0.265      0.173162
   0.269      0.173908
   0.273      0.174667
   0.277      0.175439
   0.281      0.176223
   0.285      0.177020
   0.289      0.177829
   0.293      0.178650
   0.298      0.179485
   0.302      0.180332
   0.306      0.181191
   0.310      0.182064
   0.314      0.182949
   0.318      0.183847
   0.322      0.184758
   0.327      0.185682
   0.331      0.186618
   0.335      0.187568
   0.339      0.188530
   0.343      0.189506
   0.347      0.190495
   0.351      0.191496
   0.355      0.192511
   0.360      0.193540
   0.364      0.194581
   0.368      0.195635
   0.372      0.196703
   0.376      0.197784
   0.380      0.198879
   0.384      0.199987
   0.389      0.201108
   0.393      0.202243
   0.397      0.203391
   0.401      0.204553
   0.405      0.205729
   0.409      0.206918
   0.413      0.208120
   0.417      0.209337
   0.422      0.210567
   0.426      0.211811
   0.430      0.213068
   0.434      0.214340
   0.438      0.215625
   0.442      0.216924
   0.446      0.218237
   0.451      0.219565
   0.455      0.220906
   0.459      0.222261
   0.463      0.223630
   0.467      0.225013
   0.471      0.226411
   0.475      0.227822
   0.479      0.229248
   0.484      0.230688
   0.488      0.232142
   0.492      0.233610
   0.496      0.235093
   0.500      0.236590
   0.504      0.238102
   0.508      0.239627
   0.513      0.241168
   0.517      0.242722
   0.521      0.244292
   0.525      0.245875
   0.529      0.247473
   0.533      0.249086
   0.537      0.250713
   0.541      0.252355
   0.546      0.254012
   0.550      0.255683
   0.554      0.257369
   0.558      0.259069
   0.562      0.260784
   0.566      0.262514
   0.570      0.264259
   0.575      0.266018
   0.579      0.267792
   0.583      0.269581
   0.587      0.271384
   0.591      0.273203
   0.595      0.275036
   0.599      0.276884
   0.603      0.278747
   0.608      0.280624
   0.612      0.282517
   0.616      0.284424
   0.620      0.286346
   0.624      0.288283
   0.628      0.290235
   0.632      0.292202
   0.637      0.294184
   0.641      0.296180
   0.645      0.298191
   0.649      0.300218
   0.653      0.302259
   0.657      0.304314
   0.661      0.306385
   0.665      0.308471
   0.670      0.310571
   0.674      0.312686
   0.678      0.314816
   0.682      0.316961
   0.686      0.319120
   0.690      0.321294
   0.694      0.323483
   0.699      0.325687
   0.703      0.327905
   0.707      0.330138
   0.711      0.332386
   0.715      0.334648
   0.719      0.336925
   0.723      0.339216
   0.727      0.341522
   0.732      0.343842
   0.736      0.346177
   0.740      0.348526
   0.744      0.350890
   0.748      0.353268
   0.752      0.355660
   0.756      0.358067
   0.761      0.360487
   0.765      0.362922
   0.769      0.365371
   0.773      0.367834
   0.777      0.370312
   0.781      0.372803
   0.785      0.375308
   0.789      0.377827
   0.794      0.380359
   0.798      0.382906
   0.802      0.385466
   0.806      0.388040
   0.810      0.390627
   0.814      0.393228
   0.818      0.395842
   0.823      0.398469
   0.827      0.401110
   0.831      0.403764
   0.835      0.406431
   0.839      0.409111
   0.843      0.411804
   0.847      0.414509
   0.851      0.417228
   0.856      0.419959
   0.860      0.422703
   0.864      0.425459
   0.868      0.428227
   0.872      0.431008
   0.876      0.433801
   0.880      0.436606
   0.885      0.439423
   0.889      0.442251
   0.893      0.445092
   0.897      0.447944
   0.901      0.450807
   0.905      0.453682
   0.909      0.456568
   0.913      0.459465
   0.918      0.462373
   0.922      0.465292
   0.926      0.468222
   0.930      0.471162
   0.934      0.474113
   0.938      0.477074
   0.942      0.480045
   0.947      0.483026
   0.951      0.486017
   0.955      0.489017
   0.959      0.492027
   0.963      0.495047
   0.967      0.498075
   0.971      0.501113
   0.975      0.504160
   0.980      0.507215
   0.984      0.510279
   0.988      0.513351
   0.992      0.516431
   0.996      0.519519
   1.000      0.522615
   1.004      0.525719
   1.009      0.528830
   1.013      0.531949
   1.017      0.535074
   1.021      0.538206
   1.025      0.541345
   1.029      0.544491
   1.033      0.547642
   1.037      0.550800
   1.042      0.553963
   1.046      0.557132
   1.050      0.560307
   1.054      0.563487
   1.058      0.566671
   1.062      0.569860
   1.066      0.573054
   1.071      0.576252
   1.075      0.579454
   1.079      0.582660
   1.083      0.585870
   1.087      0.589083
   1.091      0.592298
   1.095      0.595517
   1.099      0.598739
   1.104      0.601962
   1.108      0.605188
   1.112      0.608416
   1.116      0.611645
   1.120      0.614875
   1.124      0.618107
   1.128      0.621340
   1.133      0.624573
   1.137      0.627806
   1.141      0.631039
   1.145      0.634272
   1.149      0.637505
   1.153      0.640737
   1.157      0.643967
   1.161      0.647197
   1.166      0.650424
   1.170      0.653650
   1.174      0.656874
   1.178      0.660095
   1.182      0.663314
   1.186      0.666529
   1.190      0.669741
   1.195      0.672949
   1.199      0.676154
   1.203      0.679354
   1.207      0.682550
   1.211      0.685741
   1.215      0.688928
   1.219      0.692108
   1.223      0.695283
   1.228      0.698452
   1.232      0.701615
   1.236      0.704772
   1.240      0.707921
   1.244      0.711063
   1.248      0.714198
   1.252      0.717325
   1.257      0.720444
   1.261      0.723555
   1.265      0.726657
   1.269      0.729751
   1.273      0.732834
   1.277      0.735909
   1.281      0.738973
   1.285      0.742028
   1.290      0.745072
   1.294      0.748105
   1.298      0.751127
   1.302      0.754138
   1.306      0.757138
   1.310      0.760125
   1.314      0.763100
   1.319      0.766063
   1.323      0.769013
   1.327      0.771950
   1.331      0.774873
   1.335      0.777783
   1.339      0.780679
   1.343      0.783560
   1.347      0.786427
   1.352      0.789280
   1.356      0.792117
   1.360      0.794939
   1.364      0.797745
   1.368      0.800535
   1.372      0.803309
   1.376      0.806067
   1.381      0.808807
   1.385      0.811531
   1.389      0.814238
   1.393      0.816927
   1.397      0.819598
   1.401      0.822251
   1.405      0.824886
   1.409      0.827503
   1.414      0.830100
   1.418      0.832679
   1.422      0.835238
   1.426      0.837778
   1.430      0.840298
   1.434      0.842798
   1.438      0.845278
   1.443      0.847737
   1.447      0.850176
   1.451      0.852594
   1.455      0.854990
   1.459      0.857366
   1.463      0.859719
   1.467      0.862051
   1.471      0.864361
   1.476      0.866649
   1.480      0.868915
   1.484      0.871158
   1.488      0.873378
   1.492      0.875575
   1.496      0.877749
   1.500      0.879900
   1.505      0.882027
   1.509      0.884131
   1.513      0.886211
   1.517      0.888267
   1.521      0.890299
   1.525      0.892306
   1.529      0.894290
   1.533      0.896248
   1.538      0.898182
   1.542      0.900091
   1.546      0.901975
   1.550      0.903833
   1.554      0.905667
   1.558      0.907475
   1.562      0.909257
   1.567      0.911014
   1.571      0.912745
   1.575      0.914451
   1.579      0.916130
   1.583      0.917783
   1.587      0.919411
   1.591      0.921012
   1.595      0.922586
   1.600      0.924134
   1.604      0.925656
   1.608      0.927151
   1.612      0.928620
   1.616      0.930062
   1.620      0.931477
   1.624      0.932865
   1.629      0.934226
   1.633      0.935561
   1.637      0.936869
   1.641      0.938149
   1.645      0.939403
   1.649      0.940629
   1.653      0.941829
   1.657      0.943001
   1.662      0.944146
   1.666      0.945264
   1.670      0.946355
   1.674      0.947419
   1.678      0.948455
   1.682      0.949465
   1.686      0.950447
   1.691      0.951402
   1.695      0.952330
   1.699      0.953231
   1.703      0.954104
   1.707      0.954951
   1.711      0.955771
   1.715      0.956563
   1.719      0.957329
   1.724      0.958067
   1.728      0.958779
   1.732      0.959464
   1.736      0.960122
   1.740      0.960753
   1.744      0.961358
   1.748      0.961936
   1.753      0.962487
   1.757      0.963012
   1.761      0.963511
   1.765      0.963983
   1.769      0.964429
   1.773      0.964848
   1.777      0.965242
   1.781      0.965609
   1.786      0.965951
   1.790      0.966266
   1.794      0.966556
   1.798      0.966821
   1.802      0.967059
   1.806      0.967272
   1.810      0.967460
   1.815      0.967623
   1.819      0.967760
   1.823      0.967872
   1.827      0.967960
   1.831      0.968023
   1.835      0.968061
   1.839      0.968074
   1.843      0.968063
   1.848      0.968028
   1.852      0.967968
   1.856      0.967885
   1.860      0.967777
   1.864      0.967646
   1.868      0.967491
   1.872      0.967313
   1.877      0.967111
   1.881      0.966886
   1.885      0.966638
   1.889      0.966367
   1.893      0.966074
   1.897      0.965758
   1.901      0.965419
   1.905      0.965058
   1.910      0.964674
   1.914      0.964269
   1.918      0.963842
   1.922      0.963393
   1.926      0.962923
   1.930      0.962431
   1.934      0.961918
   1.939      0.961384
   1.943      0.960829
   1.947      0.960253
   1.951      0.959657
   1.955      0.959040
   1.959      0.958403
   1.963      0.957746
   1.967      0.957069
   1.972      0.956372
   1.976      0.955656
   1.980      0.954920
   1.984      0.954165
   1.988      0.953391
   1.992      0.952598
   1.996      0.951786
   2.001      0.950956
   2.005      0.950107
   2.009      0.949240
   2.013      0.948356
   2.017      0.947453
   2.021      0.946532
   2.025      0.945594
   2.029      0.944639
   2.034      0.943666
   2.038      0.942676
   2.042      0.941670
   2.046      0.940647
   2.050      0.939607
   2.054      0.938551
   2.058      0.937479
   2.063      0.936390
   2.067      0.935286
   2.071      0.934167
   2.075      0.933031
   2.079      0.931881
   2.083      0.930715
   2.087      0.929534
   2.091      0.928339
   2.096      0.927128
   2.100      0.925904
   2.104      0.924665
   2.108      0.923411
   2.112      0.922144
   2.116      0.920863
   2.120      0.919568
   2.125      0.918260
   2.129      0.916938
   2.133      0.915604
   2.137      0.914256
   2.141      0.912895
   2.145      0.911522
   2.149      0.910136
   2.153      0.908737
   2.158      0.907326
   2.162      0.905904
   2.166      0.904469
   2.170      0.903023
   2.174      0.901564
   2.178      0.900095
   2.182      0.898614
   2.187      0.897122
   2.191      0.895619
   2.195      0.894105
   2.199      0.892580
   2.203      0.891045
   2.207      0.889499
   2.211      0.887943
   2.215      0.886377
   2.220      0.884800
   2.224      0.883214
   2.228      0.881618
   2.232      0.880013
   2.236      0.878398
   2.240      0.876774
   2.244      0.875140
   2.249      0.873498
   2.253      0.871846
   2.257      0.870186
   2.261      0.868517
   2.265      0.866840
   2.269      0.865154
   2.273      0.863460
   2.277      0.861758
   2.282      0.860048
   2.286      0.858330
   2.290      0.856604
   2.294      0.854871
   2.298      0.853130
   2.302      0.851382
   2.306      0.849626
   2.311      0.847863
   2.315      0.846093
   2.319      0.844317
   2.323      0.842533
   2.327      0.840743
   2.331      0.838946
   2.335      0.837143
   2.339      0.835334
   2.344      0.833518
   2.348      0.831696
   2.352      0.829868
   2.356      0.828034
   2.360      0.826195
   2.364      0.824350
   2.368      0.822499
   2.373      0.820642
   2.377      0.818781
   2.381      0.816914
   2.385      0.815042
   2.389      0.813164
   2.393      0.811282
   2.397      0.809395
   2.401      0.807503
   2.406      0.805607
   2.410      0.803706
   2.414      0.801800
   2.418      0.799891
   2.422      0.797976
   2.426      0.796058
   2.430      0.794135
   2.435      0.792209
   2.439      0.790278
   2.443      0.788344
   2.447      0.786406
   2.451      0.784464
   2.455      0.782519
   2.459      0.780570
   2.463      0.778618
   2.468      0.776663
   2.472      0.774704
   2.476      0.772742
   2.480      0.770777
   2.484      0.768809
   2.488      0.766838
   2.492      0.764864
   2.497      0.762888
   2.501      0.760909
   2.505      0.758927
   2.509      0.756943
   2.513      0.754956
   2.517      0.752967
   2.521      0.750976
   2.525      0.748982
   2.530      0.746987
   2.534      0.744989
   2.538      0.742989
   2.542      0.740987
   2.546      0.738984
   2.550      0.736978
   2.554      0.734971
   2.559      0.732963
   2.563      0.730952
   2.567      0.728940
   2.571      0.726927
   2.575      0.724912
   2.579      0.722896
   2.583      0.720879
   2.587      0.718860
   2.592      0.716841
   2.596      0.714820
   2.600      0.712798
   2.604      0.710776
   2.608      0.708752
   2.612      0.706728
   2.616      0.704703
   2.621      0.702677
   2.625      0.700650
   2.629      0.698623
   2.633      0.696595
   2.637      0.694567
   2.641      0.692539
   2.645      0.690510
   2.649      0.688481
   2.654      0.686451
   2.658      0.684421
   2.662      0.682392
   2.666      0.680362
   2.670      0.678332
   2.674      0.676302
   2.678      0.674272
   2.683      0.672242
   2.687      0.670212
   2.691      0.668183
   2.695      0.666154
   2.699      0.664125
   2.703      0.662096
   2.707      0.660068
   2.711      0.658040
   2.716      0.656013
   2.720      0.653987
   2.724      0.651961
   2.728      0.649935
   2.732      0.647910
   2.736      0.645886
   2.740      0.643863
   2.745      0.641841
   2.749      0.639819
   2.753      0.637799
   2.757      0.635779
   2.761      0.633760
   2.765      0.631742
   2.769      0.629726
   2.773      0.627710
   2.778      0.625696
   2.782      0.623683
   2.786      0.621671
   2.790      0.619660
   2.794      0.617650
   2.798      0.615642
   2.802      0.613636
   2.807      0.611631
   2.811      0.609627
   2.815      0.607624
   2.819      0.605624
   2.823      0.603624
   2.827      0.601627
   2.831      0.599631
   2.835      0.597637
   2.840      0.595644
   2.844      0.593653
   2.848      0.591664
   2.852      0.589677
   2.856      0.587692
   2.860      0.585708
   2.864      0.583726
   2.869      0.581747
   2.873      0.579769
   2.877      0.577793
   2.881      0.575820
   2.885      0.573848
   2.889      0.571879
   2.893      0.569911
   2.897      0.567946
   2.902      0.565983
   2.906      0.564022
   2.910      0.562064
   2.914      0.560107
   2.918      0.558153
   2.922      0.556202
   2.926      0.554252
   2.931      0.552305
   2.935      0.550361
   2.939      0.548419
   2.943      0.546479
   2.947      0.544542
   2.951      0.542608
   2.955      0.540675
   2.959      0.538746
   2.964      0.536819
   2.968      0.534895
   2.972      0.532973
   2.976      0.531054
   2.980      0.529138
   2.984      0.527224
   2.988      0.525314
   2.993      0.523406
   2.997      0.521500
   3.001      0.519598
   3.005      0.517698
   3.009      0.515801
   3.013      0.513908
   3.017      0.512017
   3.021      0.510128
   3.026      0.508243
   3.030      0.506361
   3.034      0.504482
   3.038      0.502606
   3.042      0.500732
   3.046      0.498862
   3.050      0.496995
   3.055      0.495131
   3.059      0.493270
   3.063      0.491412
   3.067      0.489558
   3.071      0.487706
   3.075      0.485858
   3.079      0.484013
   3.083      0.482171
   3.088      0.480332
   3.092      0.478496
   3.096      0.476664
   3.100      0.474835
   3.104      0.473009
   3.108      0.471187
   3.112      0.469368
   3.117      0.467552
   3.121      0.465740
   3.125      0.463931
   3.129      0.462125
   3.133      0.460323
   3.137      0.458524
   3.141      0.456729
   3.145      0.454937
   3.150      0.453148
   3.154      0.451363
   3.158      0.449582
   3.162      0.447804
   3.166      0.446029
   3.170      0.444258
   3.174      0.442491
   3.179      0.440727
   3.183      0.438967
   3.187      0.437210
   3.191      0.435457
   3.195      0.433707
   3.199      0.431961
   3.203      0.430219
   3.207      0.428481
   3.212      0.426746
   3.216      0.425014
   3.220      0.423286
   3.224      0.421562
   3.228      0.419842
   3.232      0.418126
   3.236      0.416413
   3.241      0.414703
   3.245      0.412998
   3.249      0.411296
   3.253      0.409598
   3.257      0.407904
   3.261      0.406214
   3.265      0.404527
   3.269      0.402844
   3.274      0.401165
   3.278      0.399490
   3.282      0.397819
   3.286      0.396151
   3.290      0.394487
   3.294      0.392827
   3.298      0.391171
   3.303      0.389519
   3.307      0.387871
   3.311      0.386226
   3.315      0.384586
   3.319      0.382949
   3.323      0.381316
   3.327      0.379687
   3.331      0.378062
   3.336      0.376441
   3.340      0.374824
   3.344      0.373211
   3.348      0.371602
   3.352      0.369996
   3.356      0.368395
   3.360      0.366797
   3.365      0.365204
   3.369      0.363614
   3.373      0.362029
   3.377      0.360447
   3.381      0.358869
   3.385      0.357296
   3.389      0.355726
   3.393      0.354160
   3.398      0.352599
   3.402      0.351041
   3.406      0.349487
   3.410      0.347938
   3.414      0.346392
   3.418      0.344850
   3.422      0.343313
   3.427      0.341779
   3.431      0.340249
   3.435      0.338724
   3.439      0.337202
   3.443      0.335685
   3.447      0.334171
   3.451      0.332662
   3.455      0.331157
   3.460      0.329655
   3.464      0.328158
   3.468      0.326665
   3.472      0.325176
   3.476      0.323691
   3.480      0.322210
   3.484      0.320733
   3.489      0.319260
   3.493      0.317791
   3.497      0.316326
   3.501      0.314866
   3.505      0.313409
   3.509      0.311957
   3.513      0.310508
   3.517      0.309064
   3.522      0.307624
   3.526      0.306187
   3.530      0.304755
   3.534      0.303327
   3.538      0.301903
   3.542      0.300483
   3.546      0.299068
   3.551      0.297656
   3.555      0.296248
   3.559      0.294845
   3.563      0.293445
   3.567      0.292050
   3.571      0.290659
   3.575      0.289271
   3.579      0.287888
   3.584      0.286509
   3.588      0.285134
   3.592      0.283763
   3.596      0.282397
   3.600      0.281034
   3.604      0.279675
   3.608      0.278321
   3.613      0.276970
   3.617      0.275624
   3.621      0.274282
   3.625      0.272943
   3.629      0.271609
   3.633      0.270279
   3.637      0.268953
   3.641      0.267631
   3.646      0.266314
   3.650      0.265000
   3.654      0.263690
   3.658      0.262384
   3.662      0.261083
   3.666      0.259785
   3.670      0.258492
   3.675      0.257203
   3.679      0.255917
   3.683      0.254636
   3.687      0.253359
   3.691      0.252086
   3.695      0.250816
   3.699      0.249551
   3.703      0.248290
   3.708      0.247033
   3.712      0.245780
   3.716      0.244532
   3.720      0.243287
   3.724      0.242046
   3.728      0.240809
   3.732      0.239576
   3.737      0.238347
   3.741      0.237123
   3.745      0.235902
   3.749      0.234685
   3.753      0.233472
   3.757      0.232264
   3.761      0.231059
   3.765      0.229858
   3.770      0.228662
   3.774      0.227469
   3.778      0.226280
   3.782      0.225095
   3.786      0.223915
   3.790      0.222738
   3.794      0.221565
   3.799      0.220396
   3.803      0.219231
   3.807      0.218070
   3.811      0.216913
   3.815      0.215760
   3.819      0.214611
   3.823      0.213466
   3.827      0.212325
   3.832      0.211188
   3.836      0.210054
   3.840      0.208925
   3.844      0.207799
   3.848      0.206678
   3.852      0.205560
   3.856      0.204446
   3.861      0.203336
   3.865      0.202231
   3.869      0.201128
   3.873      0.200030
   3.877      0.198936
   3.881      0.197846
   3.885      0.196759
   3.889      0.195676
   3.894      0.194598
   3.898      0.193523
   3.902      0.192452
   3.906      0.191384
   3.910      0.190321
   3.914      0.189262
   3.918      0.188206
   3.923      0.187154
   3.927      0.186106
   3.931      0.185062
   3.935      0.184021
   3.939      0.182985
   3.943      0.181952
   3.947      0.180923
   3.951      0.179897
   3.956      0.178876
   3.960      0.177858
   3.964      0.176844
   3.968      0.175834
   3.972      0.174828
   3.976      0.173825
   3.980      0.172826
   3.985      0.171831
   3.989      0.170840
   3.993      0.169852
   3.997      0.168868
   4.001      0.167888
   4.005      0.166911
   4.009      0.165939
   4.013      0.164970
   4.018      0.164004
   4.022      0.163042
   4.026      0.162084
   4.030      0.161130
   4.034      0.160179
   4.038      0.159232
   4.042      0.158289
   4.047      0.157349
   4.051      0.156413
   4.055      0.155480
   4.059      0.154552
   4.063      0.153626
   4.067      0.152705
   4.071      0.151787
   4.075      0.150872
   4.080      0.149962
   4.084      0.149054
   4.088      0.148151
   4.092      0.147251
   4.096      0.146354
   4.100      0.145461
   4.104      0.144572
   4.109      0.143686
   4.113      0.142804
   4.117      0.141925
   4.121      0.141050
   4.125      0.140178
   4.129      0.139310
   4.133      0.138446
   4.137      0.137584
   4.142      0.136727
   4.146      0.135873
   4.150      0.135022
   4.154      0.134175
   4.158      0.133331
   4.162      0.132491
   4.166      0.131654
   4.171      0.130820
   4.175      0.129990
   4.179      0.129164
   4.183      0.128341
   4.187      0.127521
   4.191      0.126705
   4.195      0.125892
   4.199      0.125082
   4.204      0.124276
   4.208      0.123474
   4.212      0.122674
   4.216      0.121878
   4.220      0.121086
   4.224      0.120296
   4.228      0.119510
   4.233      0.118728
   4.237      0.117948
   4.241      0.117172
   4.245      0.116400
   4.249      0.115630
   4.253      0.114864
   4.257      0.114102
   4.261      0.113342
   4.266      0.112586
   4.270      0.111833
   4.274      0.111083
   4.278      0.110337
   4.282      0.109594
   4.286      0.108854
   4.290      0.108117
   4.295      0.107383
   4.299      0.106653
   4.303      0.105926
   4.307      0.105202
   4.311      0.104481
   4.315      0.103764
   4.319      0.103049
   4.323      0.102338
   4.328      0.101630
   4.332      0.100925
   4.336      0.100224
   4.340      0.099525
   4.344      0.098829
   4.348      0.098137
   4.352      0.097448
   4.357      0.096762
   4.361      0.096079
   4.365      0.095399
   4.369      0.094722
   4.373      0.094048
   4.377      0.093377
   4.381      0.092710
   4.385      0.092045
   4.390      0.091383
   4.394      0.090725
   4.398      0.090069
   4.402      0.089417
   4.406      0.088767
   4.410      0.088121
   4.414      0.087477
   4.419      0.086837
   4.423      0.086199
   4.427      0.085565
   4.431      0.084933
   4.435      0.084305
   4.439      0.083679
   4.443      0.083056
   4.447      0.082436
   4.452      0.081819
   4.456      0.081205
   4.460      0.080594
   4.464      0.079986
   4.468      0.079381
   4.472      0.078778
   4.476      0.078179
   4.481      0.077582
   4.485      0.076988
   4.489      0.076397
   4.493      0.075809
   4.497      0.075224
   4.501      0.074642
   4.505      0.074062
   4.509      0.073485
   4.514      0.072911
   4.518      0.072340
   4.522      0.071771
   4.526      0.071206
   4.530      0.070643
   4.534      0.070083
   4.538      0.069525
   4.543      0.068971
   4.547      0.068419
   4.551      0.067870
   4.555      0.067323
   4.559      0.066780
   4.563      0.066239
   4.567      0.065700
   4.571      0.065165
   4.576      0.064632
   4.580      0.064102
   4.584      0.063574
   4.588      0.063049
   4.592      0.062527
   4.596      0.062007
   4.600      0.061490
   4.605      0.060976
   4.609      0.060464
   4.613      0.059955
   4.617      0.059449
   4.621      0.058945
   4.625      0.058443
   4.629      0.057945
   4.633      0.057449
   4.638      0.056955
   4.642      0.056464
   4.646      0.055975
   4.650      0.055489
   4.654      0.055006
   4.658      0.054525
   4.662      0.054047
   4.667      0.053571
   4.671      0.053098
   4.675      0.052627
   4.679      0.052158
   4.683      0.051692
   4.687      0.051229
   4.691      0.050768
   4.695      0.050309
   4.700      0.049853
   4.704      0.049400
   4.708      0.048949
   4.712      0.048500
   4.716      0.048053
   4.720      0.047609
   4.724      0.047168
   4.729      0.046729
   4.733      0.046292
   4.737      0.045858
   4.741      0.045426
   4.745      0.044996
   4.749      0.044569
   4.753      0.044144
   4.757      0.043721
   4.762      0.043301
   4.766      0.042883
   4.770      0.042467
   4.774      0.042054
   4.778      0.041643
   4.782      0.041234
   4.786      0.040827
   4.791      0.040423
   4.795      0.040021
   4.799      0.039621
   4.803      0.039224
   4.807      0.038829
   4.811      0.038436
   4.815      0.038045
   4.819      0.037657
   4.824      0.037270
   4.828      0.036886
   4.832      0.036504
   4.836      0.036125
   4.840      0.035747
   4.844      0.035372
   4.848      0.034999
   4.853      0.034628
   4.857      0.034259
   4.861      0.033892
   4.865      0.033528
   4.869      0.033165
   4.873      0.032805
   4.877      0.032447
   4.881      0.032091
   4.886      0.031737
   4.890      0.031385
   4.894      0.031035
   4.898      0.030687
   4.902      0.030342
   4.906      0.029998
   4.910      0.029657
   4.915      0.029317
   4.919      0.028980
   4.923      0.028644
   4.927      0.028311
   4.931      0.027980
   4.935      0.027650
   4.939      0.027323
   4.943      0.026998
   4.948      0.026674
   4.952      0.026353
   4.956      0.026034
   4.960      0.025716
   4.964      0.025401
   4.968      0.025087
   4.972      0.024776
   4.977      0.024466
   4.981      0.024158
   4.985      0.023853
   4.989      0.023549
   4.993      0.023247
   4.997      0.022947
   5.001      0.022649
   5.005      0.022352
   5.010      0.022058
   5.014      0.021766
   5.018      0.021475
   5.022      0.021186
   5.026      0.020899
   5.030      0.020614
   5.034      0.020331
   5.039      0.020050
   5.043      0.019770
   5.047      0.019492
   5.051      0.019216
   5.055      0.018942
   5.059      0.018670
   5.063      0.018399
   5.067      0.018131
   5.072      0.017864
   5.076      0.017598
   5.080      0.017335
   5.084      0.017073
   5.088      0.016813
   5.092      0.016555
   5.096      0.016298
   5.101      0.016044
   5.105      0.015791
   5.109      0.015539
   5.113      0.015290
   5.117      0.015042
   5.121      0.014796
   5.125      0.014551
   5.129      0.014308
   5.134      0.014067
   5.138      0.013828
   5.142      0.013590
   5.146      0.013353
   5.150      0.013119
   5.154      0.012886
   5.158      0.012655
   5.163      0.012425
   5.167      0.012197
   5.171      0.011971
   5.175      0.011746
   5.179      0.011523
   5.183      0.011301
   5.187      0.011081
   5.191      0.010862
   5.196      0.010645
   5.200      0.010430
   5.204      0.010216
   5.208      0.010004
   5.212      0.009793
   5.216      0.009584
   5.220      0.009377
   5.225      0.009171
   5.229      0.008966
   5.233      0.008763
   5.237      0.008562
   5.241      0.008362
   5.245      0.008163
   5.249      0.007966
   5.253      0.007770
   5.258      0.007576
   5.262      0.007384
   5.266      0.007192
   5.270      0.007003
   5.274      0.006815
   5.278      0.006628
   5.282      0.006442
   5.287      0.006258
   5.291      0.006076
   5.295      0.005895
   5.299      0.005715
   5.303      0.005537
   5.307      0.005360
   5.311      0.005184
   5.315      0.005010
   5.320      0.004838
   5.324      0.004666
   5.328      0.004496
   5.332      0.004328
   5.336      0.004160
   5.340      0.003994
   5.344      0.003830
   5.349      0.003667
   5.353      0.003505
   5.357      0.003344
   5.361      0.003185
   5.365      0.003027
   5.369      0.002870
   5.373      0.002715
   5.377      0.002561
   5.382      0.002408
   5.386      0.002257
   5.390      0.002106
   5.394      0.001957
   5.398      0.001810
   5.402      0.001663
   5.406      0.001518
   5.411      0.001374
   5.415      0.001231
   5.419      0.001090
   5.423      0.000949
   5.427      0.000810
   5.431      0.000672
   5.435      0.000536
   5.439      0.000400
   5.444      0.000266
   5.448      0.000132
   5.452      0.000000
