   0.000      0.566285
   0.004      0.566332
   0.008      0.566379
   0.012      0.566458
   0.017      0.566568
   0.021      0.566710
   0.025      0.566883
   0.029      0.567087
   0.033      0.567323
   0.037      0.567591
   0.041      0.567890
   0.045      0.568220
   0.050      0.568583
   0.054      0.568976
   0.058      0.569402
   0.062      0.569859
   0.066      0.570348
   0.070      0.570868
   0.074      0.571421
   0.079      0.572004
   0.083      0.572620
   0.087      0.573267
   0.091      0.573946
   0.095      0.574657
   0.099      0.575400
   0.103      0.576174
   0.107      0.576980
   0.112      0.577818
   0.116      0.578687
   0.120      0.579589
   0.124      0.580522
   0.128      0.581487
   0.132      0.582483
   0.136      0.583512
   0.141      0.584572
   0.145      0.585664
   0.149      0.586788
   0.153      0.587943
   0.157      0.589130
   0.161      0.590349
   0.165      0.591600
   0.169      0.592882
   0.174      0.594197
   0.178      0.595543
   0.182      0.596920
   0.186      0.598329
   0.190      0.599770
   0.194      0.601243
   0.198      0.602747
   0.203      0.604283
   0.207      0.605850
   0.211      0.607450
   0.215      0.609080
   0.219      0.610742
   0.223      0.612436
   0.227      0.614161
   0.231      0.615918
   0.236      0.617706
   0.240      0.619526
   0.244      0.621376
   0.248      0.623259
   0.252      0.625172
   0.256      0.627117
   0.260      0.629094
   0.265      0.631101
   0.269      0.633140
   0.273      0.635210
   0.277      0.637311
   0.281      0.639443
   0.285      0.641606
   0.289      0.643800
   0.293      0.646025
   0.298      0.648281
   0.302      0.650568
   0.306      0.652886
   0.310      0.655234
   0.314      0.657613
   0.318      0.660023
   0.322      0.662464
   0.327      0.664935
   0.331      0.667436
   0.335      0.669968
   0.339      0.672530
   0.343      0.675123
   0.347      0.677745
   0.351      0.680398
   0.355      0.683081
   0.360      0.685794
   0.364      0.688537
   0.368      0.691309
   0.372      0.694111
   0.376      0.696943
   0.380      0.699805
   0.384      0.702696
   0.389      0.705616
   0.393      0.708566
   0.397      0.711545
   0.401      0.714552
   0.405      0.717589
   0.409      0.720655
   0.413      0.723749
   0.417      0.726872
   0.422      0.730024
   0.426      0.733204
   0.430      0.736412
   0.434      0.739648
   0.438      0.742913
   0.442      0.746205
   0.446      0.749525
   0.451      0.752872
   0.455      0.756247
   0.459      0.759650
   0.463      0.763079
   0.467      0.766536
   0.471      0.770019
   0.475      0.773529
   0.479      0.777066
   0.484      0.780629
   0.488      0.784218
   0.492      0.787833
   0.496      0.791474
   0.500      0.795141
   0.504      0.798834
   0.508      0.802551
   0.513      0.806294
   0.517      0.810062
   0.521      0.813854
   0.525      0.817671
   0.529      0.821512
   0.533      0.825378
   0.537      0.829267
   0.541      0.833180
   0.546      0.837116
   0.550      0.841076
   0.554      0.845059
   0.558      0.849064
   0.562      0.853092
   0.566      0.857142
   0.570      0.861214
   0.575      0.865308
   0.579      0.869424
   0.583      0.873561
   0.587      0.877718
   0.591      0.881897
   0.595      0.886096
   0.599      0.890315
   0.603      0.894553
   0.608      0.898812
   0.612      0.903090
   0.616      0.907386
   0.620      0.911702
   0.624      0.916035
   0.628      0.920387
   0.632      0.924757
   0.637      0.929144
   0.641      0.933548
   0.645      0.937968
   0.649      0.942406
   0.653      0.946859
   0.657      0.951328
   0.661      0.955812
   0.665      0.960311
   0.670      0.964825
   0.674      0.969354
   0.678      0.973896
   0.682      0.978451
   0.686      0.983020
   0.690      0.987602
   0.694      0.992196
   0.699      0.996802
   0.703      1.001419
   0.707      1.006048
   0.711      1.010688
   0.715      1.015337
   0.719      1.019997
   0.723      1.024666
   0.727      1.029345
   0.732      1.034032
   0.736      1.038727
   0.740      1.043430
   0.744      1.048140
   0.748      1.052857
   0.752      1.057580
   0.756      1.062310
   0.761      1.067044
   0.765      1.071784
   0.769      1.076528
   0.773      1.081277
   0.777      1.086028
   0.781      1.090783
   0.785      1.095541
   0.789      1.100300
   0.794      1.105061
   0.798      1.109823
   0.802      1.114585
   0.806      1.119347
   0.810      1.124109
   0.814      1.128870
   0.818      1.133629
   0.823      1.138386
   0.827      1.143140
   0.831      1.147891
   0.835      1.152638
   0.839      1.157381
   0.843      1.162118
   0.847      1.166850
   0.851      1.171576
   0.856      1.176296
   0.860      1.181008
   0.864      1.185712
   0.868      1.190408
   0.872      1.195094
   0.876      1.199771
   0.880      1.204438
   0.885      1.209094
   0.889      1.213738
   0.893      1.218371
   0.897      1.222990
   0.901      1.227596
   0.905      1.232189
   0.909      1.236766
   0.913      1.241328
   0.918      1.245875
   0.922      1.250405
   0.926      1.254917
   0.930      1.259412
   0.934      1.263888
   0.938      1.268345
   0.942      1.272783
   0.947      1.277199
   0.951      1.281595
   0.955      1.285968
   0.959      1.290320
   0.963      1.294648
   0.967      1.298952
   0.971      1.303231
   0.975      1.307485
   0.980      1.311714
   0.984      1.315915
   0.988      1.320089
   0.992      1.324236
   0.996      1.328353
   1.000      1.332441
   1.004      1.336499
   1.009      1.340526
   1.013      1.344522
   1.017      1.348485
   1.021      1.352415
   1.025      1.356312
   1.029      1.360174
   1.033      1.364002
   1.037      1.367793
   1.042      1.371548
   1.046      1.375266
   1.050      1.378945
   1.054      1.382586
   1.058      1.386188
   1.062      1.389750
   1.066      1.393271
   1.071      1.396750
   1.075      1.400187
   1.079      1.403582
   1.083      1.406932
   1.087      1.410239
   1.091      1.413500
   1.095      1.416715
   1.099      1.419885
   1.104      1.423007
   1.108      1.426081
   1.112      1.429106
   1.116      1.432083
   1.120      1.435009
   1.124      1.437885
   1.128      1.440710
   1.133      1.443483
   1.137      1.446203
   1.141      1.448869
   1.145      1.451482
   1.149      1.454040
   1.153      1.456543
   1.157      1.458990
   1.161      1.461380
   1.166      1.463713
   1.170      1.465988
   1.174      1.468204
   1.178      1.470362
   1.182      1.472459
   1.186      1.474496
   1.190      1.476472
   1.195      1.478386
   1.199      1.480239
   1.203      1.482028
   1.207      1.483754
   1.211      1.485416
   1.215      1.487013
   1.219      1.488545
   1.223      1.490011
   1.228      1.491412
   1.232      1.492745
   1.236      1.494011
   1.240      1.495209
   1.244      1.496339
   1.248      1.497400
   1.252      1.498391
   1.257      1.499313
   1.261      1.500164
   1.265      1.500945
   1.269      1.501654
   1.273      1.502292
   1.277      1.502857
   1.281      1.503350
   1.285      1.503769
   1.290      1.504116
   1.294      1.504388
   1.298      1.504586
   1.302      1.504710
   1.306      1.504759
   1.310      1.504732
   1.314      1.504630
   1.319      1.504452
   1.323      1.504197
   1.327      1.503866
   1.331      1.503458
   1.335      1.502973
   1.339      1.502410
   1.343      1.501770
   1.347      1.501052
   1.352      1.500255
   1.356      1.499381
   1.360      1.498427
   1.364      1.497395
   1.368      1.496284
   1.372      1.495094
   1.376      1.493825
   1.381      1.492476
   1.385      1.491048
   1.389      1.489540
   1.393      1.487953
   1.397      1.486285
   1.401      1.484538
   1.405      1.482711
   1.409      1.480804
   1.414      1.478817
   1.418      1.476750
   1.422      1.474604
   1.426      1.472377
   1.430      1.470070
   1.434      1.467684
   1.438      1.465217
   1.443      1.462671
   1.447      1.460046
   1.451      1.457340
   1.455      1.454556
   1.459      1.451692
   1.463      1.448749
   1.467      1.445727
   1.471      1.442626
   1.476      1.439447
   1.480      1.436189
   1.484      1.432853
   1.488      1.429439
   1.492      1.425948
   1.496      1.422379
   1.500      1.418733
   1.505      1.415009
   1.509      1.411210
   1.513      1.407334
   1.517      1.403382
   1.521      1.399354
   1.525      1.395251
   1.529      1.391074
   1.533      1.386821
   1.538      1.382495
   1.542      1.378095
   1.546      1.373621
   1.550      1.369075
   1.554      1.364456
   1.558      1.359765
   1.562      1.355002
   1.567      1.350169
   1.571      1.345264
   1.575      1.340290
   1.579      1.335246
   1.583      1.330133
   1.587      1.324952
   1.591      1.319702
   1.595      1.314385
   1.600      1.309001
   1.604      1.303551
   1.608      1.298035
   1.612      1.292454
   1.616      1.286808
   1.620      1.281098
   1.624      1.275325
   1.629      1.269490
   1.633      1.263592
   1.637      1.257633
   1.641      1.251613
   1.645      1.245533
   1.649      1.239394
   1.653      1.233196
   1.657      1.226940
   1.662      1.220626
   1.666      1.214256
   1.670      1.207830
   1.674      1.201349
   1.678      1.194813
   1.682      1.188224
   1.686      1.181582
   1.691      1.174887
   1.695      1.168141
   1.699      1.161344
   1.703      1.154497
   1.707      1.147601
   1.711      1.140656
   1.715      1.133664
   1.719      1.126625
   1.724      1.119540
   1.728      1.112409
   1.732      1.105234
   1.736      1.098016
   1.740      1.090754
   1.744      1.083450
   1.748      1.076105
   1.753      1.068720
   1.757      1.061295
   1.761      1.053831
   1.765      1.046329
   1.769      1.038790
   1.773      1.031214
   1.777      1.023603
   1.781      1.015957
   1.786      1.008277
   1.790      1.000565
   1.794      0.992820
   1.798      0.985043
   1.802      0.977236
   1.806      0.969400
   1.810      0.961534
   1.815      0.953641
   1.819      0.945720
   1.823      0.937773
   1.827      0.929800
   1.831      0.921803
   1.835      0.913782
   1.839      0.905737
   1.843      0.897671
   1.848      0.889583
   1.852      0.881475
   1.856      0.873346
   1.860      0.865199
   1.864      0.857034
   1.868      0.848852
   1.872      0.840653
   1.877      0.832438
   1.881      0.824209
   1.885      0.815965
   1.889      0.807709
   1.893      0.799440
   1.897      0.791159
   1.901      0.782867
   1.905      0.774566
   1.910      0.766255
   1.914      0.757936
   1.918      0.749609
   1.922      0.741275
   1.926      0.732935
   1.930      0.724590
   1.934      0.716240
   1.939      0.707886
   1.943      0.699529
   1.947      0.691170
   1.951      0.682809
   1.955      0.674448
   1.959      0.666086
   1.963      0.657725
   1.967      0.649365
   1.972      0.641007
   1.976      0.632652
   1.980      0.624301
   1.984      0.615953
   1.988      0.607611
   1.992      0.599274
   1.996      0.590943
   2.001      0.582619
   2.005      0.574303
   2.009      0.565995
   2.013      0.557696
   2.017      0.549407
   2.021      0.541127
   2.025      0.532859
   2.029      0.524602
   2.034      0.516357
   2.038      0.508125
   2.042      0.499906
   2.046      0.491701
   2.050      0.483511
   2.054      0.475336
   2.058      0.467177
   2.063      0.459034
   2.067      0.450908
   2.071      0.442799
   2.075      0.434708
   2.079      0.426636
   2.083      0.418584
   2.087      0.410550
   2.091      0.402537
   2.096      0.394545
   2.100      0.386574
   2.104      0.378625
   2.108      0.370698
   2.112      0.362794
   2.116      0.354913
   2.120      0.347056
   2.125      0.339223
   2.129      0.331415
   2.133      0.323632
   2.137      0.315874
   2.141      0.308143
   2.145      0.300438
   2.149      0.292760
   2.153      0.285110
   2.158      0.277487
   2.162      0.269893
   2.166      0.262327
   2.170      0.254790
   2.174      0.247283
   2.178      0.239805
   2.182      0.232358
   2.187      0.224941
   2.191      0.217556
   2.195      0.210201
   2.199      0.202879
   2.203      0.195588
   2.207      0.188330
   2.211      0.181104
   2.215      0.173911
   2.220      0.166752
   2.224      0.159627
   2.228      0.152535
   2.232      0.145478
   2.236      0.138455
   2.240      0.131467
   2.244      0.124515
   2.249      0.117597
   2.253      0.110716
   2.257      0.103870
   2.261      0.097061
   2.265      0.090288
   2.269      0.083552
   2.273      0.076853
   2.277      0.070191
   2.282      0.063567
   2.286      0.056980
   2.290      0.050431
   2.294      0.043920
   2.298      0.037447
   2.302      0.031013
   2.306      0.024618
   2.311      0.018261
   2.315      0.011944
   2.319      0.005665
   2.323     -0.000574
   2.327     -0.006773
   2.331     -0.012933
   2.335     -0.019052
   2.339     -0.025132
   2.344     -0.031172
   2.348     -0.037171
   2.352     -0.043130
   2.356     -0.049048
   2.360     -0.054925
   2.364     -0.060762
   2.368     -0.066558
   2.373     -0.072313
   2.377     -0.078026
   2.381     -0.083699
   2.385     -0.089330
   2.389     -0.094919
   2.393     -0.100468
   2.397     -0.105974
   2.401     -0.111439
   2.406     -0.116862
   2.410     -0.122244
   2.414     -0.127584
   2.418     -0.132881
   2.422     -0.138137
   2.426     -0.143351
   2.430     -0.148523
   2.435     -0.153653
   2.439     -0.158740
   2.443     -0.163786
   2.447     -0.168789
   2.451     -0.173751
   2.455     -0.178670
   2.459     -0.183547
   2.463     -0.188381
   2.468     -0.193174
   2.472     -0.197924
   2.476     -0.202632
   2.480     -0.207298
   2.484     -0.211921
   2.488     -0.216503
   2.492     -0.221042
   2.497     -0.225539
   2.501     -0.229994
   2.505     -0.234407
   2.509     -0.238778
   2.513     -0.243107
   2.517     -0.247394
   2.521     -0.251640
   2.525     -0.255843
   2.530     -0.260004
   2.534     -0.264124
   2.538     -0.268202
   2.542     -0.272238
   2.546     -0.276233
   2.550     -0.280186
   2.554     -0.284098
   2.559     -0.287968
   2.563     -0.291797
   2.567     -0.295585
   2.571     -0.299332
   2.575     -0.303037
   2.579     -0.306702
   2.583     -0.310326
   2.587     -0.313909
   2.592     -0.317451
   2.596     -0.320952
   2.600     -0.324414
   2.604     -0.327834
   2.608     -0.331215
   2.612     -0.334555
   2.616     -0.337856
   2.621     -0.341116
   2.625     -0.344336
   2.629     -0.347517
   2.633     -0.350658
   2.637     -0.353760
   2.641     -0.356822
   2.645     -0.359845
   2.649     -0.362829
   2.654     -0.365774
   2.658     -0.368680
   2.662     -0.371547
   2.666     -0.374376
   2.670     -0.377167
   2.674     -0.379919
   2.678     -0.382633
   2.683     -0.385309
   2.687     -0.387947
   2.691     -0.390547
   2.695     -0.393110
   2.699     -0.395636
   2.703     -0.398124
   2.707     -0.400575
   2.711     -0.402989
   2.716     -0.405366
   2.720     -0.407707
   2.724     -0.410011
   2.728     -0.412279
   2.732     -0.414511
   2.736     -0.416707
   2.740     -0.418867
   2.745     -0.420991
   2.749     -0.423080
   2.753     -0.425134
   2.757     -0.427153
   2.761     -0.429136
   2.765     -0.431085
   2.769     -0.432999
   2.773     -0.434879
   2.778     -0.436724
   2.782     -0.438536
   2.786     -0.440313
   2.790     -0.442057
   2.794     -0.443767
   2.798     -0.445444
   2.802     -0.447088
   2.807     -0.448699
   2.811     -0.450277
   2.815     -0.451822
   2.819     -0.453335
   2.823     -0.454815
   2.827     -0.456264
   2.831     -0.457681
   2.835     -0.459066
   2.840     -0.460420
   2.844     -0.461742
   2.848     -0.463033
   2.852     -0.464293
   2.856     -0.465523
   2.860     -0.466722
   2.864     -0.467891
   2.869     -0.469030
   2.873     -0.470138
   2.877     -0.471217
   2.881     -0.472267
   2.885     -0.473287
   2.889     -0.474278
   2.893     -0.475240
   2.897     -0.476173
   2.902     -0.477077
   2.906     -0.477954
   2.910     -0.478802
   2.914     -0.479622
   2.918     -0.480414
   2.922     -0.481179
   2.926     -0.481916
   2.931     -0.482626
   2.935     -0.483310
   2.939     -0.483966
   2.943     -0.484596
   2.947     -0.485199
   2.951     -0.485777
   2.955     -0.486328
   2.959     -0.486854
   2.964     -0.487353
   2.968     -0.487828
   2.972     -0.488277
   2.976     -0.488702
   2.980     -0.489101
   2.984     -0.489476
   2.988     -0.489827
   2.993     -0.490153
   2.997     -0.490455
   3.001     -0.490734
   3.005     -0.490989
   3.009     -0.491221
   3.013     -0.491429
   3.017     -0.491614
   3.021     -0.491777
   3.026     -0.491917
   3.030     -0.492034
   3.034     -0.492129
   3.038     -0.492202
   3.042     -0.492254
   3.046     -0.492284
   3.050     -0.492292
   3.055     -0.492279
   3.059     -0.492245
   3.063     -0.492190
   3.067     -0.492114
   3.071     -0.492018
   3.075     -0.491902
   3.079     -0.491765
   3.083     -0.491609
   3.088     -0.491433
   3.092     -0.491237
   3.096     -0.491022
   3.100     -0.490788
   3.104     -0.490535
   3.108     -0.490263
   3.112     -0.489973
   3.117     -0.489664
   3.121     -0.489337
   3.125     -0.488992
   3.129     -0.488629
   3.133     -0.488248
   3.137     -0.487850
   3.141     -0.487435
   3.145     -0.487002
   3.150     -0.486553
   3.154     -0.486087
   3.158     -0.485604
   3.162     -0.485105
   3.166     -0.484590
   3.170     -0.484058
   3.174     -0.483511
   3.179     -0.482948
   3.183     -0.482370
   3.187     -0.481776
   3.191     -0.481167
   3.195     -0.480543
   3.199     -0.479905
   3.203     -0.479251
   3.207     -0.478584
   3.212     -0.477902
   3.216     -0.477205
   3.220     -0.476495
   3.224     -0.475771
   3.228     -0.475034
   3.232     -0.474283
   3.236     -0.473519
   3.241     -0.472741
   3.245     -0.471951
   3.249     -0.471148
   3.253     -0.470332
   3.257     -0.469504
   3.261     -0.468664
   3.265     -0.467811
   3.269     -0.466946
   3.274     -0.466070
   3.278     -0.465182
   3.282     -0.464282
   3.286     -0.463371
   3.290     -0.462449
   3.294     -0.461516
   3.298     -0.460572
   3.303     -0.459617
   3.307     -0.458652
   3.311     -0.457676
   3.315     -0.456690
   3.319     -0.455693
   3.323     -0.454687
   3.327     -0.453671
   3.331     -0.452645
   3.336     -0.451610
   3.340     -0.450565
   3.344     -0.449511
   3.348     -0.448448
   3.352     -0.447376
   3.356     -0.446295
   3.360     -0.445205
   3.365     -0.444107
   3.369     -0.443001
   3.373     -0.441886
   3.377     -0.440763
   3.381     -0.439632
   3.385     -0.438493
   3.389     -0.437346
   3.393     -0.436192
   3.398     -0.435030
   3.402     -0.433861
   3.406     -0.432685
   3.410     -0.431501
   3.414     -0.430311
   3.418     -0.429114
   3.422     -0.427910
   3.427     -0.426699
   3.431     -0.425483
   3.435     -0.424259
   3.439     -0.423030
   3.443     -0.421794
   3.447     -0.420553
   3.451     -0.419305
   3.455     -0.418052
   3.460     -0.416794
   3.464     -0.415530
   3.468     -0.414260
   3.472     -0.412985
   3.476     -0.411705
   3.480     -0.410420
   3.484     -0.409130
   3.489     -0.407836
   3.493     -0.406536
   3.497     -0.405232
   3.501     -0.403924
   3.505     -0.402611
   3.509     -0.401294
   3.513     -0.399973
   3.517     -0.398647
   3.522     -0.397318
   3.526     -0.395985
   3.530     -0.394648
   3.534     -0.393307
   3.538     -0.391963
   3.542     -0.390616
   3.546     -0.389265
   3.551     -0.387911
   3.555     -0.386554
   3.559     -0.385194
   3.563     -0.383831
   3.567     -0.382465
   3.571     -0.381096
   3.575     -0.379724
   3.579     -0.378350
   3.584     -0.376974
   3.588     -0.375595
   3.592     -0.374214
   3.596     -0.372831
   3.600     -0.371445
   3.604     -0.370058
   3.608     -0.368668
   3.613     -0.367277
   3.617     -0.365884
   3.621     -0.364489
   3.625     -0.363092
   3.629     -0.361695
   3.633     -0.360295
   3.637     -0.358894
   3.641     -0.357492
   3.646     -0.356089
   3.650     -0.354685
   3.654     -0.353280
   3.658     -0.351873
   3.662     -0.350466
   3.666     -0.349058
   3.670     -0.347649
   3.675     -0.346240
   3.679     -0.344830
   3.683     -0.343419
   3.687     -0.342008
   3.691     -0.340597
   3.695     -0.339185
   3.699     -0.337773
   3.703     -0.336361
   3.708     -0.334948
   3.712     -0.333536
   3.716     -0.332124
   3.720     -0.330712
   3.724     -0.329300
   3.728     -0.327888
   3.732     -0.326476
   3.737     -0.325065
   3.741     -0.323654
   3.745     -0.322244
   3.749     -0.320834
   3.753     -0.319425
   3.757     -0.318016
   3.761     -0.316609
   3.765     -0.315202
   3.770     -0.313795
   3.774     -0.312390
   3.778     -0.310985
   3.782     -0.309582
   3.786     -0.308180
   3.790     -0.306778
   3.794     -0.305378
   3.799     -0.303979
   3.803     -0.302581
   3.807     -0.301185
   3.811     -0.299790
   3.815     -0.298396
   3.819     -0.297004
   3.823     -0.295613
   3.827     -0.294224
   3.832     -0.292836
   3.836     -0.291450
   3.840     -0.290066
   3.844     -0.288684
   3.848     -0.287303
   3.852     -0.285924
   3.856     -0.284547
   3.861     -0.283172
   3.865     -0.281798
   3.869     -0.280427
   3.873     -0.279058
   3.877     -0.277691
   3.881     -0.276326
   3.885     -0.274963
   3.889     -0.273602
   3.894     -0.272244
   3.898     -0.270888
   3.902     -0.269534
   3.906     -0.268182
   3.910     -0.266833
   3.914     -0.265486
   3.918     -0.264142
   3.923     -0.262800
   3.927     -0.261461
   3.931     -0.260124
   3.935     -0.258790
   3.939     -0.257458
   3.943     -0.256129
   3.947     -0.254803
   3.951     -0.253479
   3.956     -0.252159
   3.960     -0.250841
   3.964     -0.249525
   3.968     -0.248213
   3.972     -0.246903
   3.976     -0.245597
   3.980     -0.244293
   3.985     -0.242992
   3.989     -0.241694
   3.993     -0.240399
   3.997     -0.239107
   4.001     -0.237819
   4.005     -0.236533
   4.009     -0.235250
   4.013     -0.233971
   4.018     -0.232694
   4.022     -0.231421
   4.026     -0.230151
   4.030     -0.228884
   4.034     -0.227620
   4.038     -0.226360
   4.042     -0.225103
   4.047     -0.223849
   4.051     -0.222598
   4.055     -0.221351
   4.059     -0.220107
   4.063     -0.218867
   4.067     -0.217630
   4.071     -0.216396
   4.075     -0.215166
   4.080     -0.213939
   4.084     -0.212716
   4.088     -0.211496
   4.092     -0.210279
   4.096     -0.209067
   4.100     -0.207857
   4.104     -0.206651
   4.109     -0.205449
   4.113     -0.204250
   4.117     -0.203055
   4.121     -0.201864
   4.125     -0.200676
   4.129     -0.199492
   4.133     -0.198311
   4.137     -0.197134
   4.142     -0.195961
   4.146     -0.194791
   4.150     -0.193625
   4.154     -0.192463
   4.158     -0.191304
   4.162     -0.190149
   4.166     -0.188998
   4.171     -0.187850
   4.175     -0.186707
   4.179     -0.185567
   4.183     -0.184431
   4.187     -0.183298
   4.191     -0.182170
   4.195     -0.181045
   4.199     -0.179924
   4.204     -0.178807
   4.208     -0.177693
   4.212     -0.176584
   4.216     -0.175478
   4.220     -0.174376
   4.224     -0.173278
   4.228     -0.172184
   4.233     -0.171094
   4.237     -0.170007
   4.241     -0.168924
   4.245     -0.167846
   4.249     -0.166771
   4.253     -0.165700
   4.257     -0.164633
   4.261     -0.163569
   4.266     -0.162510
   4.270     -0.161455
   4.274     -0.160403
   4.278     -0.159355
   4.282     -0.158312
   4.286     -0.157272
   4.290     -0.156236
   4.295     -0.155204
   4.299     -0.154176
   4.303     -0.153152
   4.307     -0.152131
   4.311     -0.151115
   4.315     -0.150102
   4.319     -0.149094
   4.323     -0.148089
   4.328     -0.147089
   4.332     -0.146092
   4.336     -0.145099
   4.340     -0.144110
   4.344     -0.143125
   4.348     -0.142144
   4.352     -0.141167
   4.357     -0.140194
   4.361     -0.139225
   4.365     -0.138259
   4.369     -0.137298
   4.373     -0.136341
   4.377     -0.135387
   4.381     -0.134437
   4.385     -0.133492
   4.390     -0.132550
   4.394     -0.131612
   4.398     -0.130678
   4.402     -0.129748
   4.406     -0.128822
   4.410     -0.127899
   4.414     -0.126981
   4.419     -0.126066
   4.423     -0.125156
   4.427     -0.124249
   4.431     -0.123346
   4.435     -0.122447
   4.439     -0.121552
   4.443     -0.120661
   4.447     -0.119774
   4.452     -0.118890
   4.456     -0.118011
   4.460     -0.117135
   4.464     -0.116263
   4.468     -0.115395
   4.472     -0.114531
   4.476     -0.113671
   4.481     -0.112814
   4.485     -0.111962
   4.489     -0.111113
   4.493     -0.110268
   4.497     -0.109427
   4.501     -0.108589
   4.505     -0.107756
   4.509     -0.106926
   4.514     -0.106100
   4.518     -0.105278
   4.522     -0.104460
   4.526     -0.103645
   4.530     -0.102834
   4.534     -0.102027
   4.538     -0.101224
   4.543     -0.100424
   4.547     -0.099628
   4.551     -0.098836
   4.555     -0.098048
   4.559     -0.097263
   4.563     -0.096483
   4.567     -0.095705
   4.571     -0.094932
   4.576     -0.094162
   4.580     -0.093396
   4.584     -0.092634
   4.588     -0.091875
   4.592     -0.091120
   4.596     -0.090369
   4.600     -0.089621
   4.605     -0.088877
   4.609     -0.088137
   4.613     -0.087400
   4.617     -0.086667
   4.621     -0.085937
   4.625     -0.085211
   4.629     -0.084489
   4.633     -0.083770
   4.638     -0.083055
   4.642     -0.082343
   4.646     -0.081635
   4.650     -0.080931
   4.654     -0.080230
   4.658     -0.079533
   4.662     -0.078839
   4.667     -0.078149
   4.671     -0.077462
   4.675     -0.076779
   4.679     -0.076099
   4.683     -0.075423
   4.687     -0.074750
   4.691     -0.074081
   4.695     -0.073415
   4.700     -0.072752
   4.704     -0.072093
   4.708     -0.071438
   4.712     -0.070786
   4.716     -0.070137
   4.720     -0.069492
   4.724     -0.068850
   4.729     -0.068212
   4.733     -0.067577
   4.737     -0.066945
   4.741     -0.066317
   4.745     -0.065692
   4.749     -0.065071
   4.753     -0.064452
   4.757     -0.063838
   4.762     -0.063226
   4.766     -0.062618
   4.770     -0.062013
   4.774     -0.061411
   4.778     -0.060813
   4.782     -0.060218
   4.786     -0.059626
   4.791     -0.059037
   4.795     -0.058452
   4.799     -0.057870
   4.803     -0.057291
   4.807     -0.056715
   4.811     -0.056143
   4.815     -0.055574
   4.819     -0.055008
   4.824     -0.054445
   4.828     -0.053885
   4.832     -0.053329
   4.836     -0.052775
   4.840     -0.052225
   4.844     -0.051678
   4.848     -0.051134
   4.853     -0.050593
   4.857     -0.050055
   4.861     -0.049521
   4.865     -0.048989
   4.869     -0.048461
   4.873     -0.047935
   4.877     -0.047413
   4.881     -0.046893
   4.886     -0.046377
   4.890     -0.045864
   4.894     -0.045353
   4.898     -0.044846
   4.902     -0.044342
   4.906     -0.043840
   4.910     -0.043342
   4.915     -0.042847
   4.919     -0.042354
   4.923     -0.041865
   4.927     -0.041378
   4.931     -0.040894
   4.935     -0.040414
   4.939     -0.039936
   4.943     -0.039461
   4.948     -0.038989
   4.952     -0.038520
   4.956     -0.038053
   4.960     -0.037590
   4.964     -0.037129
   4.968     -0.036672
   4.972     -0.036217
   4.977     -0.035765
   4.981     -0.035315
   4.985     -0.034869
   4.989     -0.034425
   4.993     -0.033984
   4.997     -0.033546
   5.001     -0.033110
   5.005     -0.032677
   5.010     -0.032247
   5.014     -0.031820
   5.018     -0.031396
   5.022     -0.030974
   5.026     -0.030555
   5.030     -0.030138
   5.034     -0.029724
   5.039     -0.029313
   5.043     -0.028905
   5.047     -0.028499
   5.051     -0.028096
   5.055     -0.027695
   5.059     -0.027297
   5.063     -0.026902
   5.067     -0.026509
   5.072     -0.026119
   5.076     -0.025731
   5.080     -0.025346
   5.084     -0.024964
   5.088     -0.024584
   5.092     -0.024206
   5.096     -0.023832
   5.101     -0.023459
   5.105     -0.023089
   5.109     -0.022722
   5.113     -0.022357
   5.117     -0.021995
   5.121     -0.021635
   5.125     -0.021277
   5.129     -0.020922
   5.134     -0.020570
   5.138     -0.020220
   5.142     -0.019872
   5.146     -0.019527
   5.150     -0.019184
   5.154     -0.018843
   5.158     -0.018505
   5.163     -0.018169
   5.167     -0.017836
   5.171     -0.017505
   5.175     -0.017176
   5.179     -0.016850
   5.183     -0.016526
   5.187     -0.016204
   5.191     -0.015885
   5.196     -0.015568
   5.200     -0.015253
   5.204     -0.014940
   5.208     -0.014630
   5.212     -0.014322
   5.216     -0.014016
   5.220     -0.013713
   5.225     -0.013411
   5.229     -0.013112
   5.233     -0.012815
   5.237     -0.012521
   5.241     -0.012228
   5.245     -0.011938
   5.249     -0.011650
   5.253     -0.011364
   5.258     -0.011080
   5.262     -0.010798
   5.266     -0.010519
   5.270     -0.010241
   5.274     -0.009966
   5.278     -0.009693
   5.282     -0.009422
   5.287     -0.009153
   5.291     -0.008886
   5.295     -0.008621
   5.299     -0.008358
   5.303     -0.008097
   5.307     -0.007839
   5.311     -0.007582
   5.315     -0.007328
   5.320     -0.007075
   5.324     -0.006824
   5.328     -0.006576
   5.332     -0.006329
   5.336     -0.006085
   5.340     -0.005842
   5.344     -0.005601
   5.349     -0.005362
   5.353     -0.005126
   5.357     -0.004891
   5.361     -0.004658
   5.365     -0.004427
   5.369     -0.004198
   5.373     -0.003971
   5.377     -0.003745
   5.382     -0.003522
   5.386     -0.003300
   5.390     -0.003081
   5.394     -0.002863
   5.398     -0.002647
   5.402     -0.002432
   5.406     -0.002220
   5.411     -0.002010
   5.415     -0.001801
   5.419     -0.001594
   5.423     -0.001389
   5.427     -0.001185
   5.431     -0.000983
   5.435     -0.000783
   5.439     -0.000585
   5.444     -0.000389
   5.448     -0.000194
   5.452      0.000000
