   0.000      0.000468
   0.004      0.005381
   0.008      0.010294
   0.012      0.015374
   0.017      0.020478
   0.021      0.025589
   0.025      0.030703
   0.029      0.035819
   0.033      0.040937
   0.037      0.046056
   0.041      0.051176
   0.045      0.056297
   0.050      0.061420
   0.054      0.066544
   0.058      0.071669
   0.062      0.076797
   0.066      0.081926
   0.070      0.087057
   0.074      0.092190
   0.079      0.097324
   0.083      0.102461
   0.087      0.107601
   0.091      0.112743
   0.095      0.117887
   0.099      0.123034
   0.103      0.128183
   0.107      0.133335
   0.112      0.138491
   0.116      0.143649
   0.120      0.148810
   0.124      0.153975
   0.128      0.159143
   0.132      0.164314
   0.136      0.169489
   0.141      0.174667
   0.145      0.179849
   0.149      0.185035
   0.153      0.190225
   0.157      0.195419
   0.161      0.200617
   0.165      0.205819
   0.169      0.211025
   0.174      0.216236
   0.178      0.221451
   0.182      0.226671
   0.186      0.231895
   0.190      0.237124
   0.194      0.242358
   0.198      0.247596
   0.203      0.252840
   0.207      0.258088
   0.211      0.263342
   0.215      0.268600
   0.219      0.273864
   0.223      0.279134
   0.227      0.284408
   0.231      0.289688
   0.236      0.294974
   0.240      0.300265
   0.244      0.305561
   0.248      0.310864
   0.252      0.316172
   0.256      0.321486
   0.260      0.326805
   0.265      0.332131
   0.269      0.337463
   0.273      0.342800
   0.277      0.348144
   0.281      0.353493
   0.285      0.358849
   0.289      0.364211
   0.293      0.369579
   0.298      0.374953
   0.302      0.380334
   0.306      0.385721
   0.310      0.391114
   0.314      0.396514
   0.318      0.401919
   0.322      0.407332
   0.327      0.412751
   0.331      0.418176
   0.335      0.423607
   0.339      0.429045
   0.343      0.434490
   0.347      0.439941
   0.351      0.445398
   0.355      0.450862
   0.360      0.456333
   0.364      0.461810
   0.368      0.467293
   0.372      0.472783
   0.376      0.478279
   0.380      0.483782
   0.384      0.489291
   0.389      0.494807
   0.393      0.500329
   0.397      0.505857
   0.401      0.511392
   0.405      0.516933
   0.409      0.522480
   0.413      0.528033
   0.417      0.533593
   0.422      0.539159
   0.426      0.544731
   0.430      0.550309
   0.434      0.555893
   0.438      0.561482
   0.442      0.567078
   0.446      0.572680
   0.451      0.578287
   0.455      0.583900
   0.459      0.589519
   0.463      0.595143
   0.467      0.600773
   0.471      0.606409
   0.475      0.612049
   0.479      0.617695
   0.484      0.623346
   0.488      0.629002
   0.492      0.634663
   0.496      0.640329
   0.500      0.645999
   0.504      0.651675
   0.508      0.657355
   0.513      0.663039
   0.517      0.668728
   0.521      0.674421
   0.525      0.680118
   0.529      0.685819
   0.533      0.691524
   0.537      0.697233
   0.541      0.702945
   0.546      0.708661
   0.550      0.714380
   0.554      0.720102
   0.558      0.725827
   0.562      0.731555
   0.566      0.737286
   0.570      0.743019
   0.575      0.748755
   0.579      0.754493
   0.583      0.760233
   0.587      0.765975
   0.591      0.771718
   0.595      0.777463
   0.599      0.783210
   0.603      0.788958
   0.608      0.794706
   0.612      0.800456
   0.616      0.806206
   0.620      0.811956
   0.624      0.817706
   0.628      0.823457
   0.632      0.829207
   0.637      0.834957
   0.641      0.840706
   0.645      0.846454
   0.649      0.852201
   0.653      0.857946
   0.657      0.863690
   0.661      0.869433
   0.665      0.875173
   0.670      0.880910
   0.674      0.886646
   0.678      0.892378
   0.682      0.898107
   0.686      0.903833
   0.690      0.909555
   0.694      0.915274
   0.699      0.920988
   0.703      0.926698
   0.707      0.932403
   0.711      0.938104
   0.715      0.943799
   0.719      0.949488
   0.723      0.955172
   0.727      0.960849
   0.732      0.966521
   0.736      0.972185
   0.740      0.977842
   0.744      0.983493
   0.748      0.989135
   0.752      0.994770
   0.756      1.000396
   0.761      1.006014
   0.765      1.011622
   0.769      1.017222
   0.773      1.022812
   0.777      1.028392
   0.781      1.033962
   0.785      1.039522
   0.789      1.045070
   0.794      1.050607
   0.798      1.056133
   0.802      1.061646
   0.806      1.067148
   0.810      1.072637
   0.814      1.078112
   0.818      1.083575
   0.823      1.089023
   0.827      1.094458
   0.831      1.099877
   0.835      1.105283
   0.839      1.110672
   0.843      1.116047
   0.847      1.121405
   0.851      1.126746
   0.856      1.132071
   0.860      1.137379
   0.864      1.142669
   0.868      1.147942
   0.872      1.153195
   0.876      1.158430
   0.880      1.163646
   0.885      1.168843
   0.889      1.174019
   0.893      1.179174
   0.897      1.184309
   0.901      1.189423
   0.905      1.194515
   0.909      1.199585
   0.913      1.204632
   0.918      1.209656
   0.922      1.214657
   0.926      1.219634
   0.930      1.224587
   0.934      1.229515
   0.938      1.234418
   0.942      1.239295
   0.947      1.244146
   0.951      1.248971
   0.955      1.253769
   0.959      1.258539
   0.963      1.263282
   0.967      1.267996
   0.971      1.272681
   0.975      1.277338
   0.980      1.281964
   0.984      1.286560
   0.988      1.291126
   0.992      1.295661
   0.996      1.300164
   1.000      1.304635
   1.004      1.309074
   1.009      1.313480
   1.013      1.317852
   1.017      1.322190
   1.021      1.326494
   1.025      1.330764
   1.029      1.334997
   1.033      1.339196
   1.037      1.343357
   1.042      1.347482
   1.046      1.351570
   1.050      1.355621
   1.054      1.359633
   1.058      1.363606
   1.062      1.367540
   1.066      1.371435
   1.071      1.375289
   1.075      1.379103
   1.079      1.382876
   1.083      1.386607
   1.087      1.390297
   1.091      1.393944
   1.095      1.397548
   1.099      1.401108
   1.104      1.404625
   1.108      1.408097
   1.112      1.411524
   1.116      1.414906
   1.120      1.418242
   1.124      1.421532
   1.128      1.424775
   1.133      1.427971
   1.137      1.431119
   1.141      1.434219
   1.145      1.437270
   1.149      1.440273
   1.153      1.443226
   1.157      1.446128
   1.161      1.448981
   1.166      1.451782
   1.170      1.454532
   1.174      1.457230
   1.178      1.459876
   1.182      1.462470
   1.186      1.465010
   1.190      1.467497
   1.195      1.469929
   1.199      1.472307
   1.203      1.474631
   1.207      1.476899
   1.211      1.479111
   1.215      1.481267
   1.219      1.483367
   1.223      1.485409
   1.228      1.487395
   1.232      1.489322
   1.236      1.491192
   1.240      1.493003
   1.244      1.494755
   1.248      1.496448
   1.252      1.498081
   1.257      1.499653
   1.261      1.501166
   1.265      1.502618
   1.269      1.504008
   1.273      1.505338
   1.277      1.506605
   1.281      1.507810
   1.285      1.508953
   1.290      1.510032
   1.294      1.511049
   1.298      1.512002
   1.302      1.512892
   1.306      1.513717
   1.310      1.514478
   1.314      1.515174
   1.319      1.515805
   1.323      1.516371
   1.327      1.516872
   1.331      1.517307
   1.335      1.517676
   1.339      1.517978
   1.343      1.518214
   1.347      1.518384
   1.352      1.518486
   1.356      1.518521
   1.360      1.518489
   1.364      1.518390
   1.368      1.518222
   1.372      1.517987
   1.376      1.517684
   1.381      1.517312
   1.385      1.516872
   1.389      1.516363
   1.393      1.515786
   1.397      1.515139
   1.401      1.514424
   1.405      1.513640
   1.409      1.512786
   1.414      1.511863
   1.418      1.510871
   1.422      1.509809
   1.426      1.508678
   1.430      1.507477
   1.434      1.506207
   1.438      1.504867
   1.443      1.503457
   1.447      1.501977
   1.451      1.500428
   1.455      1.498809
   1.459      1.497120
   1.463      1.495362
   1.467      1.493533
   1.471      1.491635
   1.476      1.489668
   1.480      1.487631
   1.484      1.485524
   1.488      1.483348
   1.492      1.481102
   1.496      1.478787
   1.500      1.476403
   1.505      1.473950
   1.509      1.471428
   1.513      1.468837
   1.517      1.466177
   1.521      1.463449
   1.525      1.460652
   1.529      1.457787
   1.533      1.454854
   1.538      1.451853
   1.542      1.448784
   1.546      1.445648
   1.550      1.442444
   1.554      1.439174
   1.558      1.435836
   1.562      1.432432
   1.567      1.428962
   1.571      1.425425
   1.575      1.421823
   1.579      1.418155
   1.583      1.414421
   1.587      1.410623
   1.591      1.406760
   1.595      1.402832
   1.600      1.398841
   1.604      1.394785
   1.608      1.390667
   1.612      1.386485
   1.616      1.382240
   1.620      1.377933
   1.624      1.373564
   1.629      1.369133
   1.633      1.364641
   1.637      1.360089
   1.641      1.355475
   1.645      1.350802
   1.649      1.346069
   1.653      1.341277
   1.657      1.336426
   1.662      1.331516
   1.666      1.326549
   1.670      1.321524
   1.674      1.316442
   1.678      1.311304
   1.682      1.306110
   1.686      1.300860
   1.691      1.295554
   1.695      1.290195
   1.699      1.284781
   1.703      1.279314
   1.707      1.273793
   1.711      1.268220
   1.715      1.262595
   1.719      1.256919
   1.724      1.251191
   1.728      1.245413
   1.732      1.239585
   1.736      1.233708
   1.740      1.227782
   1.744      1.221808
   1.748      1.215787
   1.753      1.209718
   1.757      1.203603
   1.761      1.197442
   1.765      1.191236
   1.769      1.184985
   1.773      1.178690
   1.777      1.172352
   1.781      1.165971
   1.786      1.159547
   1.790      1.153082
   1.794      1.146576
   1.798      1.140030
   1.802      1.133444
   1.806      1.126819
   1.810      1.120155
   1.815      1.113454
   1.819      1.106715
   1.823      1.099940
   1.827      1.093129
   1.831      1.086283
   1.835      1.079402
   1.839      1.072488
   1.843      1.065540
   1.848      1.058559
   1.852      1.051547
   1.856      1.044503
   1.860      1.037429
   1.864      1.030325
   1.868      1.023192
   1.872      1.016030
   1.877      1.008841
   1.881      1.001624
   1.885      0.994380
   1.889      0.987111
   1.893      0.979817
   1.897      0.972498
   1.901      0.965155
   1.905      0.957789
   1.910      0.950401
   1.914      0.942991
   1.918      0.935560
   1.922      0.928109
   1.926      0.920638
   1.930      0.913147
   1.934      0.905639
   1.939      0.898113
   1.943      0.890570
   1.947      0.883010
   1.951      0.875435
   1.955      0.867845
   1.959      0.860241
   1.963      0.852623
   1.967      0.844992
   1.972      0.837349
   1.976      0.829694
   1.980      0.822029
   1.984      0.814353
   1.988      0.806668
   1.992      0.798973
   1.996      0.791271
   2.001      0.783561
   2.005      0.775843
   2.009      0.768120
   2.013      0.760391
   2.017      0.752657
   2.021      0.744919
   2.025      0.737176
   2.029      0.729431
   2.034      0.721684
   2.038      0.713934
   2.042      0.706184
   2.046      0.698433
   2.050      0.690682
   2.054      0.682932
   2.058      0.675183
   2.063      0.667436
   2.067      0.659691
   2.071      0.651950
   2.075      0.644212
   2.079      0.636479
   2.083      0.628751
   2.087      0.621028
   2.091      0.613312
   2.096      0.605602
   2.100      0.597899
   2.104      0.590204
   2.108      0.582518
   2.112      0.574841
   2.116      0.567173
   2.120      0.559515
   2.125      0.551868
   2.129      0.544232
   2.133      0.536608
   2.137      0.528996
   2.141      0.521397
   2.145      0.513811
   2.149      0.506239
   2.153      0.498681
   2.158      0.491139
   2.162      0.483611
   2.166      0.476100
   2.170      0.468605
   2.174      0.461126
   2.178      0.453666
   2.182      0.446222
   2.187      0.438798
   2.191      0.431391
   2.195      0.424005
   2.199      0.416637
   2.203      0.409290
   2.207      0.401964
   2.211      0.394658
   2.215      0.387374
   2.220      0.380112
   2.224      0.372872
   2.228      0.365655
   2.232      0.358461
   2.236      0.351291
   2.240      0.344144
   2.244      0.337022
   2.249      0.329925
   2.253      0.322852
   2.257      0.315806
   2.261      0.308785
   2.265      0.301790
   2.269      0.294822
   2.273      0.287880
   2.277      0.280967
   2.282      0.274080
   2.286      0.267222
   2.290      0.260392
   2.294      0.253591
   2.298      0.246818
   2.302      0.240075
   2.306      0.233362
   2.311      0.226678
   2.315      0.220025
   2.319      0.213402
   2.323      0.206810
   2.327      0.200248
   2.331      0.193719
   2.335      0.187220
   2.339      0.180754
   2.344      0.174320
   2.348      0.167918
   2.352      0.161549
   2.356      0.155213
   2.360      0.148909
   2.364      0.142639
   2.368      0.136403
   2.373      0.130201
   2.377      0.124032
   2.381      0.117898
   2.385      0.111798
   2.389      0.105733
   2.393      0.099702
   2.397      0.093707
   2.401      0.087746
   2.406      0.081821
   2.410      0.075932
   2.414      0.070078
   2.418      0.064260
   2.422      0.058478
   2.426      0.052733
   2.430      0.047024
   2.435      0.041351
   2.439      0.035714
   2.443      0.030115
   2.447      0.024552
   2.451      0.019026
   2.455      0.013538
   2.459      0.008087
   2.463      0.002672
   2.468     -0.002704
   2.472     -0.008043
   2.476     -0.013345
   2.480     -0.018609
   2.484     -0.023834
   2.488     -0.029023
   2.492     -0.034173
   2.497     -0.039285
   2.501     -0.044359
   2.505     -0.049395
   2.509     -0.054392
   2.513     -0.059352
   2.517     -0.064273
   2.521     -0.069156
   2.525     -0.074000
   2.530     -0.078806
   2.534     -0.083573
   2.538     -0.088302
   2.542     -0.092993
   2.546     -0.097645
   2.550     -0.102258
   2.554     -0.106833
   2.559     -0.111369
   2.563     -0.115866
   2.567     -0.120325
   2.571     -0.124746
   2.575     -0.129128
   2.579     -0.133471
   2.583     -0.137776
   2.587     -0.142042
   2.592     -0.146269
   2.596     -0.150459
   2.600     -0.154609
   2.604     -0.158721
   2.608     -0.162795
   2.612     -0.166831
   2.616     -0.170828
   2.621     -0.174787
   2.625     -0.178707
   2.629     -0.182590
   2.633     -0.186434
   2.637     -0.190240
   2.641     -0.194008
   2.645     -0.197739
   2.649     -0.201431
   2.654     -0.205086
   2.658     -0.208702
   2.662     -0.212282
   2.666     -0.215823
   2.670     -0.219327
   2.674     -0.222794
   2.678     -0.226223
   2.683     -0.229615
   2.687     -0.232970
   2.691     -0.236287
   2.695     -0.239568
   2.699     -0.242812
   2.703     -0.246019
   2.707     -0.249190
   2.711     -0.252323
   2.716     -0.255421
   2.720     -0.258482
   2.724     -0.261506
   2.728     -0.264495
   2.732     -0.267448
   2.736     -0.270364
   2.740     -0.273245
   2.745     -0.276090
   2.749     -0.278900
   2.753     -0.281674
   2.757     -0.284413
   2.761     -0.287117
   2.765     -0.289786
   2.769     -0.292420
   2.773     -0.295019
   2.778     -0.297584
   2.782     -0.300114
   2.786     -0.302610
   2.790     -0.305071
   2.794     -0.307499
   2.798     -0.309893
   2.802     -0.312252
   2.807     -0.314579
   2.811     -0.316872
   2.815     -0.319131
   2.819     -0.321357
   2.823     -0.323551
   2.827     -0.325711
   2.831     -0.327839
   2.835     -0.329934
   2.840     -0.331997
   2.844     -0.334028
   2.848     -0.336027
   2.852     -0.337993
   2.856     -0.339928
   2.860     -0.341832
   2.864     -0.343704
   2.869     -0.345545
   2.873     -0.347355
   2.877     -0.349134
   2.881     -0.350882
   2.885     -0.352599
   2.889     -0.354287
   2.893     -0.355944
   2.897     -0.357571
   2.902     -0.359168
   2.906     -0.360735
   2.910     -0.362273
   2.914     -0.363782
   2.918     -0.365261
   2.922     -0.366712
   2.926     -0.368133
   2.931     -0.369526
   2.935     -0.370891
   2.939     -0.372227
   2.943     -0.373535
   2.947     -0.374816
   2.951     -0.376068
   2.955     -0.377293
   2.959     -0.378491
   2.964     -0.379661
   2.968     -0.380805
   2.972     -0.381921
   2.976     -0.383011
   2.980     -0.384075
   2.984     -0.385112
   2.988     -0.386123
   2.993     -0.387109
   2.997     -0.388068
   3.001     -0.389002
   3.005     -0.389911
   3.009     -0.390794
   3.013     -0.391653
   3.017     -0.392486
   3.021     -0.393295
   3.026     -0.394080
   3.030     -0.394840
   3.034     -0.395577
   3.038     -0.396289
   3.042     -0.396978
   3.046     -0.397643
   3.050     -0.398285
   3.055     -0.398904
   3.059     -0.399500
   3.063     -0.400073
   3.067     -0.400623
   3.071     -0.401151
   3.075     -0.401657
   3.079     -0.402141
   3.083     -0.402603
   3.088     -0.403043
   3.092     -0.403462
   3.096     -0.403860
   3.100     -0.404236
   3.104     -0.404591
   3.108     -0.404926
   3.112     -0.405240
   3.117     -0.405534
   3.121     -0.405807
   3.125     -0.406061
   3.129     -0.406294
   3.133     -0.406508
   3.137     -0.406702
   3.141     -0.406877
   3.145     -0.407033
   3.150     -0.407170
   3.154     -0.407288
   3.158     -0.407388
   3.162     -0.407469
   3.166     -0.407532
   3.170     -0.407577
   3.174     -0.407603
   3.179     -0.407613
   3.183     -0.407604
   3.187     -0.407578
   3.191     -0.407535
   3.195     -0.407475
   3.199     -0.407398
   3.203     -0.407304
   3.207     -0.407194
   3.212     -0.407067
   3.216     -0.406924
   3.220     -0.406766
   3.224     -0.406591
   3.228     -0.406400
   3.232     -0.406194
   3.236     -0.405973
   3.241     -0.405737
   3.245     -0.405485
   3.249     -0.405219
   3.253     -0.404937
   3.257     -0.404642
   3.261     -0.404332
   3.265     -0.404007
   3.269     -0.403669
   3.274     -0.403316
   3.278     -0.402950
   3.282     -0.402571
   3.286     -0.402178
   3.290     -0.401771
   3.294     -0.401352
   3.298     -0.400919
   3.303     -0.400474
   3.307     -0.400016
   3.311     -0.399546
   3.315     -0.399063
   3.319     -0.398568
   3.323     -0.398060
   3.327     -0.397541
   3.331     -0.397011
   3.336     -0.396468
   3.340     -0.395914
   3.344     -0.395349
   3.348     -0.394773
   3.352     -0.394185
   3.356     -0.393587
   3.360     -0.392978
   3.365     -0.392358
   3.369     -0.391728
   3.373     -0.391087
   3.377     -0.390437
   3.381     -0.389776
   3.385     -0.389105
   3.389     -0.388425
   3.393     -0.387735
   3.398     -0.387035
   3.402     -0.386326
   3.406     -0.385608
   3.410     -0.384880
   3.414     -0.384144
   3.418     -0.383399
   3.422     -0.382645
   3.427     -0.381882
   3.431     -0.381111
   3.435     -0.380332
   3.439     -0.379544
   3.443     -0.378749
   3.447     -0.377945
   3.451     -0.377134
   3.455     -0.376314
   3.460     -0.375488
   3.464     -0.374653
   3.468     -0.373812
   3.472     -0.372963
   3.476     -0.372107
   3.480     -0.371244
   3.484     -0.370374
   3.489     -0.369497
   3.493     -0.368614
   3.497     -0.367724
   3.501     -0.366828
   3.505     -0.365925
   3.509     -0.365016
   3.513     -0.364102
   3.517     -0.363181
   3.522     -0.362254
   3.526     -0.361321
   3.530     -0.360383
   3.534     -0.359439
   3.538     -0.358490
   3.542     -0.357535
   3.546     -0.356575
   3.551     -0.355610
   3.555     -0.354640
   3.559     -0.353665
   3.563     -0.352686
   3.567     -0.351701
   3.571     -0.350712
   3.575     -0.349718
   3.579     -0.348720
   3.584     -0.347717
   3.588     -0.346710
   3.592     -0.345699
   3.596     -0.344684
   3.600     -0.343665
   3.604     -0.342642
   3.608     -0.341616
   3.613     -0.340585
   3.617     -0.339551
   3.621     -0.338514
   3.625     -0.337473
   3.629     -0.336428
   3.633     -0.335381
   3.637     -0.334330
   3.641     -0.333276
   3.646     -0.332219
   3.650     -0.331159
   3.654     -0.330096
   3.658     -0.329031
   3.662     -0.327963
   3.666     -0.326892
   3.670     -0.325819
   3.675     -0.324743
   3.679     -0.323665
   3.683     -0.322585
   3.687     -0.321502
   3.691     -0.320417
   3.695     -0.319330
   3.699     -0.318241
   3.703     -0.317151
   3.708     -0.316058
   3.712     -0.314964
   3.716     -0.313868
   3.720     -0.312770
   3.724     -0.311670
   3.728     -0.310570
   3.732     -0.309467
   3.737     -0.308364
   3.741     -0.307259
   3.745     -0.306153
   3.749     -0.305045
   3.753     -0.303937
   3.757     -0.302828
   3.761     -0.301717
   3.765     -0.300606
   3.770     -0.299493
   3.774     -0.298380
   3.778     -0.297267
   3.782     -0.296152
   3.786     -0.295037
   3.790     -0.293922
   3.794     -0.292806
   3.799     -0.291689
   3.803     -0.290572
   3.807     -0.289455
   3.811     -0.288337
   3.815     -0.287220
   3.819     -0.286102
   3.823     -0.284984
   3.827     -0.283866
   3.832     -0.282747
   3.836     -0.281629
   3.840     -0.280511
   3.844     -0.279394
   3.848     -0.278276
   3.852     -0.277159
   3.856     -0.276041
   3.861     -0.274925
   3.865     -0.273808
   3.869     -0.272692
   3.873     -0.271577
   3.877     -0.270462
   3.881     -0.269347
   3.885     -0.268234
   3.889     -0.267121
   3.894     -0.266008
   3.898     -0.264896
   3.902     -0.263786
   3.906     -0.262675
   3.910     -0.261566
   3.914     -0.260458
   3.918     -0.259351
   3.923     -0.258244
   3.927     -0.257139
   3.931     -0.256035
   3.935     -0.254931
   3.939     -0.253829
   3.943     -0.252728
   3.947     -0.251629
   3.951     -0.250530
   3.956     -0.249433
   3.960     -0.248337
   3.964     -0.247243
   3.968     -0.246150
   3.972     -0.245058
   3.976     -0.243968
   3.980     -0.242879
   3.985     -0.241792
   3.989     -0.240706
   3.993     -0.239622
   3.997     -0.238540
   4.001     -0.237459
   4.005     -0.236380
   4.009     -0.235302
   4.013     -0.234226
   4.018     -0.233152
   4.022     -0.232080
   4.026     -0.231010
   4.030     -0.229941
   4.034     -0.228874
   4.038     -0.227810
   4.042     -0.226747
   4.047     -0.225686
   4.051     -0.224627
   4.055     -0.223570
   4.059     -0.222515
   4.063     -0.221462
   4.067     -0.220411
   4.071     -0.219362
   4.075     -0.218316
   4.080     -0.217271
   4.084     -0.216229
   4.088     -0.215189
   4.092     -0.214151
   4.096     -0.213115
   4.100     -0.212081
   4.104     -0.211050
   4.109     -0.210021
   4.113     -0.208994
   4.117     -0.207970
   4.121     -0.206948
   4.125     -0.205928
   4.129     -0.204911
   4.133     -0.203896
   4.137     -0.202884
   4.142     -0.201874
   4.146     -0.200866
   4.150     -0.199861
   4.154     -0.198858
   4.158     -0.197858
   4.162     -0.196861
   4.166     -0.195866
   4.171     -0.194873
   4.175     -0.193883
   4.179     -0.192896
   4.183     -0.191911
   4.187     -0.190928
   4.191     -0.189949
   4.195     -0.188972
   4.199     -0.187997
   4.204     -0.187026
   4.208     -0.186057
   4.212     -0.185090
   4.216     -0.184126
   4.220     -0.183165
   4.224     -0.182207
   4.228     -0.181252
   4.233     -0.180299
   4.237     -0.179349
   4.241     -0.178401
   4.245     -0.177457
   4.249     -0.176515
   4.253     -0.175576
   4.257     -0.174640
   4.261     -0.173706
   4.266     -0.172776
   4.270     -0.171848
   4.274     -0.170923
   4.278     -0.170001
   4.282     -0.169082
   4.286     -0.168165
   4.290     -0.167252
   4.295     -0.166341
   4.299     -0.165433
   4.303     -0.164528
   4.307     -0.163626
   4.311     -0.162727
   4.315     -0.161831
   4.319     -0.160938
   4.323     -0.160047
   4.328     -0.159160
   4.332     -0.158275
   4.336     -0.157393
   4.340     -0.156515
   4.344     -0.155639
   4.348     -0.154766
   4.352     -0.153896
   4.357     -0.153029
   4.361     -0.152165
   4.365     -0.151304
   4.369     -0.150446
   4.373     -0.149591
   4.377     -0.148739
   4.381     -0.147890
   4.385     -0.147044
   4.390     -0.146201
   4.394     -0.145361
   4.398     -0.144523
   4.402     -0.143689
   4.406     -0.142858
   4.410     -0.142030
   4.414     -0.141205
   4.419     -0.140382
   4.423     -0.139563
   4.427     -0.138747
   4.431     -0.137934
   4.435     -0.137124
   4.439     -0.136316
   4.443     -0.135512
   4.447     -0.134711
   4.452     -0.133913
   4.456     -0.133118
   4.460     -0.132325
   4.464     -0.131536
   4.468     -0.130750
   4.472     -0.129967
   4.476     -0.129187
   4.481     -0.128410
   4.485     -0.127636
   4.489     -0.126865
   4.493     -0.126096
   4.497     -0.125331
   4.501     -0.124569
   4.505     -0.123810
   4.509     -0.123054
   4.514     -0.122301
   4.518     -0.121551
   4.522     -0.120804
   4.526     -0.120060
   4.530     -0.119319
   4.534     -0.118581
   4.538     -0.117846
   4.543     -0.117114
   4.547     -0.116385
   4.551     -0.115658
   4.555     -0.114935
   4.559     -0.114215
   4.563     -0.113498
   4.567     -0.112784
   4.571     -0.112073
   4.576     -0.111364
   4.580     -0.110659
   4.584     -0.109957
   4.588     -0.109258
   4.592     -0.108561
   4.596     -0.107868
   4.600     -0.107177
   4.605     -0.106490
   4.609     -0.105805
   4.613     -0.105124
   4.617     -0.104445
   4.621     -0.103769
   4.625     -0.103097
   4.629     -0.102427
   4.633     -0.101760
   4.638     -0.101096
   4.642     -0.100435
   4.646     -0.099777
   4.650     -0.099121
   4.654     -0.098469
   4.658     -0.097819
   4.662     -0.097173
   4.667     -0.096529
   4.671     -0.095888
   4.675     -0.095250
   4.679     -0.094615
   4.683     -0.093983
   4.687     -0.093354
   4.691     -0.092728
   4.695     -0.092104
   4.700     -0.091483
   4.704     -0.090866
   4.708     -0.090251
   4.712     -0.089638
   4.716     -0.089029
   4.720     -0.088423
   4.724     -0.087819
   4.729     -0.087218
   4.733     -0.086620
   4.737     -0.086025
   4.741     -0.085432
   4.745     -0.084843
   4.749     -0.084256
   4.753     -0.083672
   4.757     -0.083090
   4.762     -0.082512
   4.766     -0.081936
   4.770     -0.081363
   4.774     -0.080793
   4.778     -0.080225
   4.782     -0.079661
   4.786     -0.079099
   4.791     -0.078539
   4.795     -0.077983
   4.799     -0.077429
   4.803     -0.076878
   4.807     -0.076330
   4.811     -0.075784
   4.815     -0.075241
   4.819     -0.074701
   4.824     -0.074163
   4.828     -0.073628
   4.832     -0.073096
   4.836     -0.072566
   4.840     -0.072039
   4.844     -0.071515
   4.848     -0.070993
   4.853     -0.070474
   4.857     -0.069958
   4.861     -0.069444
   4.865     -0.068933
   4.869     -0.068424
   4.873     -0.067918
   4.877     -0.067415
   4.881     -0.066914
   4.886     -0.066416
   4.890     -0.065921
   4.894     -0.065428
   4.898     -0.064937
   4.902     -0.064449
   4.906     -0.063964
   4.910     -0.063481
   4.915     -0.063001
   4.919     -0.062523
   4.923     -0.062048
   4.927     -0.061575
   4.931     -0.061105
   4.935     -0.060637
   4.939     -0.060172
   4.943     -0.059709
   4.948     -0.059249
   4.952     -0.058791
   4.956     -0.058336
   4.960     -0.057883
   4.964     -0.057433
   4.968     -0.056985
   4.972     -0.056539
   4.977     -0.056096
   4.981     -0.055655
   4.985     -0.055217
   4.989     -0.054781
   4.993     -0.054348
   4.997     -0.053917
   5.001     -0.053488
   5.005     -0.053062
   5.010     -0.052638
   5.014     -0.052216
   5.018     -0.051797
   5.022     -0.051380
   5.026     -0.050966
   5.030     -0.050554
   5.034     -0.050144
   5.039     -0.049736
   5.043     -0.049331
   5.047     -0.048928
   5.051     -0.048527
   5.055     -0.048129
   5.059     -0.047733
   5.063     -0.047339
   5.067     -0.046948
   5.072     -0.046558
   5.076     -0.046171
   5.080     -0.045786
   5.084     -0.045404
   5.088     -0.045024
   5.092     -0.044645
   5.096     -0.044270
   5.101     -0.043896
   5.105     -0.043524
   5.109     -0.043155
   5.113     -0.042788
   5.117     -0.042423
   5.121     -0.042060
   5.125     -0.041700
   5.129     -0.041341
   5.134     -0.040985
   5.138     -0.040631
   5.142     -0.040279
   5.146     -0.039929
   5.150     -0.039581
   5.154     -0.039235
   5.158     -0.038892
   5.163     -0.038550
   5.167     -0.038211
   5.171     -0.037873
   5.175     -0.037538
   5.179     -0.037205
   5.183     -0.036874
   5.187     -0.036545
   5.191     -0.036218
   5.196     -0.035893
   5.200     -0.035570
   5.204     -0.035249
   5.208     -0.034930
   5.212     -0.034613
   5.216     -0.034298
   5.220     -0.033984
   5.225     -0.033673
   5.229     -0.033364
   5.233     -0.033057
   5.237     -0.032752
   5.241     -0.032449
   5.245     -0.032148
   5.249     -0.031848
   5.253     -0.031551
   5.258     -0.031255
   5.262     -0.030962
   5.266     -0.030670
   5.270     -0.030380
   5.274     -0.030092
   5.278     -0.029806
   5.282     -0.029522
   5.287     -0.029240
   5.291     -0.028960
   5.295     -0.028681
   5.299     -0.028404
   5.303     -0.028129
   5.307     -0.027856
   5.311     -0.027585
   5.315     -0.027316
   5.320     -0.027048
   5.324     -0.026782
   5.328     -0.026518
   5.332     -0.026256
   5.336     -0.025995
   5.340     -0.025737
   5.344     -0.025480
   5.349     -0.025225
   5.353     -0.024971
   5.357     -0.024719
   5.361     -0.024469
   5.365     -0.024221
   5.369     -0.023975
   5.373     -0.023730
   5.377     -0.023486
   5.382     -0.023245
   5.386     -0.023005
   5.390     -0.022767
   5.394     -0.022531
   5.398     -0.022296
   5.402     -0.022063
   5.406     -0.021831
   5.411     -0.021601
   5.415     -0.021373
   5.419     -0.021147
   5.423     -0.020922
   5.427     -0.020698
   5.431     -0.020477
   5.435     -0.020256
   5.439     -0.020038
   5.444     -0.019821
   5.448     -0.019605
   5.452     -0.019392
   5.456     -0.019179
   5.460     -0.018968
   5.464     -0.018759
   5.468     -0.018552
   5.473     -0.018345
   5.477     -0.018141
   5.481     -0.017938
   5.485     -0.017736
   5.489     -0.017536
   5.493     -0.017338
   5.497     -0.017141
   5.501     -0.016945
   5.506     -0.016751
   5.510     -0.016558
   5.514     -0.016367
   5.518     -0.016177
   5.522     -0.015989
   5.526     -0.015802
   5.530     -0.015617
   5.535     -0.015433
   5.539     -0.015250
   5.543     -0.015069
   5.547     -0.014889
   5.551     -0.014711
   5.555     -0.014534
   5.559     -0.014358
   5.563     -0.014184
   5.568     -0.014011
   5.572     -0.013840
   5.576     -0.013669
   5.580     -0.013501
   5.584     -0.013333
   5.588     -0.013167
   5.592     -0.013002
   5.597     -0.012839
   5.601     -0.012677
   5.605     -0.012516
   5.609     -0.012357
   5.613     -0.012198
   5.617     -0.012042
   5.621     -0.011886
   5.625     -0.011732
   5.630     -0.011579
   5.634     -0.011427
   5.638     -0.011276
   5.642     -0.011127
   5.646     -0.010979
   5.650     -0.010832
   5.654     -0.010687
   5.659     -0.010542
   5.663     -0.010399
   5.667     -0.010257
   5.671     -0.010116
   5.675     -0.009977
   5.679     -0.009839
   5.683     -0.009702
   5.687     -0.009566
   5.692     -0.009431
   5.696     -0.009297
   5.700     -0.009165
   5.704     -0.009034
   5.708     -0.008903
   5.712     -0.008775
   5.716     -0.008647
   5.721     -0.008520
   5.725     -0.008394
   5.729     -0.008270
   5.733     -0.008147
   5.737     -0.008024
   5.741     -0.007903
   5.745     -0.007783
   5.749     -0.007664
   5.754     -0.007547
   5.758     -0.007430
   5.762     -0.007314
   5.766     -0.007199
   5.770     -0.007086
   5.774     -0.006973
   5.778     -0.006862
   5.783     -0.006751
   5.787     -0.006642
   5.791     -0.006534
   5.795     -0.006426
   5.799     -0.006320
   5.803     -0.006215
   5.807     -0.006110
   5.811     -0.006007
   5.816     -0.005905
   5.820     -0.005803
   5.824     -0.005703
   5.828     -0.005604
   5.832     -0.005505
   5.836     -0.005408
   5.840     -0.005312
   5.845     -0.005216
   5.849     -0.005122
   5.853     -0.005028
   5.857     -0.004935
   5.861     -0.004844
   5.865     -0.004753
   5.869     -0.004663
   5.873     -0.004574
   5.878     -0.004486
   5.882     -0.004399
   5.886     -0.004313
   5.890     -0.004227
   5.894     -0.004143
   5.898     -0.004059
   5.902     -0.003976
   5.907     -0.003895
   5.911     -0.003814
   5.915     -0.003734
   5.919     -0.003654
   5.923     -0.003576
   5.927     -0.003499
   5.931     -0.003422
   5.935     -0.003346
   5.940     -0.003271
   5.944     -0.003197
   5.948     -0.003123
   5.952     -0.003051
   5.956     -0.002979
   5.960     -0.002908
   5.964     -0.002838
   5.969     -0.002769
   5.973     -0.002700
   5.977     -0.002632
   5.981     -0.002565
   5.985     -0.002499
   5.989     -0.002434
   5.993     -0.002369
   5.997     -0.002305
   6.002     -0.002242
   6.006     -0.002179
   6.010     -0.002118
   6.014     -0.002057
   6.018     -0.001996
   6.022     -0.001937
   6.026     -0.001878
   6.031     -0.001820
   6.035     -0.001763
   6.039     -0.001706
   6.043     -0.001650
   6.047     -0.001595
   6.051     -0.001541
   6.055     -0.001487
   6.059     -0.001434
   6.064     -0.001381
   6.068     -0.001329
   6.072     -0.001278
   6.076     -0.001228
   6.080     -0.001178
   6.084     -0.001129
   6.088     -0.001080
   6.093     -0.001032
   6.097     -0.000985
   6.101     -0.000939
   6.105     -0.000893
   6.109     -0.000847
   6.113     -0.000803
   6.117     -0.000759
   6.121     -0.000715
   6.126     -0.000672
   6.130     -0.000630
   6.134     -0.000589
   6.138     -0.000548
   6.142     -0.000507
   6.146     -0.000467
   6.150     -0.000428
   6.155     -0.000389
   6.159     -0.000351
   6.163     -0.000314
   6.167     -0.000277
   6.171     -0.000240
   6.175     -0.000204
   6.179     -0.000169
   6.183     -0.000134
   6.188     -0.000100
   6.192     -0.000066
   6.196     -0.000033
   6.200      0.000000
