   0.000      0.843154
   0.004      0.843154
   0.008      0.843154
   0.012      0.843153
   0.016      0.843153
   0.021      0.843152
   0.025      0.843151
   0.029      0.843151
   0.033      0.843150
   0.037      0.843149
   0.041      0.843147
   0.045      0.843146
   0.049      0.843145
   0.053      0.843143
   0.057      0.843141
   0.062      0.843139
   0.066      0.843137
   0.070      0.843135
   0.074      0.843133
   0.078      0.843130
   0.082      0.843128
   0.086      0.843125
   0.090      0.843122
   0.094      0.843119
   0.098      0.843116
   0.103      0.843112
   0.107      0.843109
   0.111      0.843105
   0.115      0.843101
   0.119      0.843097
   0.123      0.843093
   0.127      0.843088
   0.131      0.843084
   0.135      0.843079
   0.139      0.843074
   0.144      0.843069
   0.148      0.843063
   0.152      0.843058
   0.156      0.843052
   0.160      0.843046
   0.164      0.843039
   0.168      0.843033
   0.172      0.843026
   0.176      0.843019
   0.180      0.843012
   0.185      0.843004
   0.189      0.842996
   0.193      0.842988
   0.197      0.842980
   0.201      0.842971
   0.205      0.842962
   0.209      0.842953
   0.213      0.842943
   0.217      0.842933
   0.221      0.842923
   0.226      0.842912
   0.230      0.842901
   0.234      0.842890
   0.238      0.842878
   0.242      0.842866
   0.246      0.842853
   0.250      0.842840
   0.254      0.842827
   0.258      0.842813
   0.262      0.842798
   0.267      0.842784
   0.271      0.842768
   0.275      0.842753
   0.279      0.842736
   0.283      0.842719
   0.287      0.842702
   0.291      0.842684
   0.295      0.842665
   0.299      0.842646
   0.303      0.842626
   0.308      0.842606
   0.312      0.842585
   0.316      0.842563
   0.320      0.842540
   0.324      0.842517
   0.328      0.842493
   0.332      0.842468
   0.336      0.842443
   0.340      0.842416
   0.344      0.842389
   0.349      0.842361
   0.353      0.842332
   0.357      0.842302
   0.361      0.842271
   0.365      0.842239
   0.369      0.842207
   0.373      0.842173
   0.377      0.842138
   0.381      0.842102
   0.386      0.842064
   0.390      0.842026
   0.394      0.841986
   0.398      0.841946
   0.402      0.841904
   0.406      0.841860
   0.410      0.841815
   0.414      0.841769
   0.418      0.841722
   0.422      0.841673
   0.427      0.841622
   0.431      0.841570
   0.435      0.841516
   0.439      0.841461
   0.443      0.841404
   0.447      0.841345
   0.451      0.841285
   0.455      0.841222
   0.459      0.841158
   0.463      0.841092
   0.468      0.841024
   0.472      0.840954
   0.476      0.840882
   0.480      0.840807
   0.484      0.840731
   0.488      0.840652
   0.492      0.840571
   0.496      0.840487
   0.500      0.840401
   0.504      0.840313
   0.509      0.840222
   0.513      0.840128
   0.517      0.840032
   0.521      0.839933
   0.525      0.839831
   0.529      0.839726
   0.533      0.839619
   0.537      0.839508
   0.541      0.839394
   0.545      0.839277
   0.550      0.839157
   0.554      0.839034
   0.558      0.838907
   0.562      0.838777
   0.566      0.838643
   0.570      0.838505
   0.574      0.838364
   0.578      0.838219
   0.582      0.838070
   0.586      0.837918
   0.591      0.837761
   0.595      0.837600
   0.599      0.837435
   0.603      0.837266
   0.607      0.837092
   0.611      0.836914
   0.615      0.836731
   0.619      0.836544
   0.623      0.836352
   0.627      0.836155
   0.632      0.835954
   0.636      0.835747
   0.640      0.835536
   0.644      0.835319
   0.648      0.835097
   0.652      0.834870
   0.656      0.834637
   0.660      0.834399
   0.664      0.834155
   0.668      0.833905
   0.673      0.833650
   0.677      0.833389
   0.681      0.833122
   0.685      0.832849
   0.689      0.832569
   0.693      0.832284
   0.697      0.831992
   0.701      0.831694
   0.705      0.831389
   0.709      0.831078
   0.714      0.830760
   0.718      0.830436
   0.722      0.830104
   0.726      0.829766
   0.730      0.829420
   0.734      0.829068
   0.738      0.828708
   0.742      0.828341
   0.746      0.827967
   0.751      0.827585
   0.755      0.827196
   0.759      0.826800
   0.763      0.826395
   0.767      0.825983
   0.771      0.825563
   0.775      0.825136
   0.779      0.824700
   0.783      0.824257
   0.787      0.823805
   0.792      0.823346
   0.796      0.822878
   0.800      0.822402
   0.804      0.821917
   0.808      0.821425
   0.812      0.820924
   0.816      0.820414
   0.820      0.819896
   0.824      0.819370
   0.828      0.818835
   0.833      0.818291
   0.837      0.817739
   0.841      0.817177
   0.845      0.816608
   0.849      0.816029
   0.853      0.815442
   0.857      0.814845
   0.861      0.814240
   0.865      0.813626
   0.869      0.813003
   0.874      0.812371
   0.878      0.811731
   0.882      0.811081
   0.886      0.810422
   0.890      0.809755
   0.894      0.809078
   0.898      0.808392
   0.902      0.807698
   0.906      0.806994
   0.910      0.806281
   0.915      0.805560
   0.919      0.804829
   0.923      0.804090
   0.927      0.803341
   0.931      0.802584
   0.935      0.801818
   0.939      0.801042
   0.943      0.800258
   0.947      0.799465
   0.951      0.798664
   0.956      0.797853
   0.960      0.797034
   0.964      0.796206
   0.968      0.795369
   0.972      0.794524
   0.976      0.793670
   0.980      0.792807
   0.984      0.791936
   0.988      0.791057
   0.992      0.790169
   0.997      0.789273
   1.001      0.788368
   1.005      0.787455
   1.009      0.786534
   1.013      0.785605
   1.017      0.784667
   1.021      0.783722
   1.025      0.782769
   1.029      0.781807
   1.033      0.780838
   1.038      0.779861
   1.042      0.778877
   1.046      0.777885
   1.050      0.776885
   1.054      0.775878
   1.058      0.774863
   1.062      0.773841
   1.066      0.772812
   1.070      0.771775
   1.074      0.770732
   1.079      0.769681
   1.083      0.768624
   1.087      0.767559
   1.091      0.766488
   1.095      0.765410
   1.099      0.764326
   1.103      0.763235
   1.107      0.762138
   1.111      0.761034
   1.116      0.759924
   1.120      0.758808
   1.124      0.757686
   1.128      0.756558
   1.132      0.755424
   1.136      0.754284
   1.140      0.753138
   1.144      0.751987
   1.148      0.750830
   1.152      0.749668
   1.157      0.748501
   1.161      0.747328
   1.165      0.746150
   1.169      0.744967
   1.173      0.743779
   1.177      0.742586
   1.181      0.741388
   1.185      0.740186
   1.189      0.738979
   1.193      0.737768
   1.198      0.736552
   1.202      0.735332
   1.206      0.734107
   1.210      0.732879
   1.214      0.731646
   1.218      0.730409
   1.222      0.729169
   1.226      0.727925
   1.230      0.726677
   1.234      0.725426
   1.239      0.724171
   1.243      0.722912
   1.247      0.721651
   1.251      0.720386
   1.255      0.719118
   1.259      0.717847
   1.263      0.716573
   1.267      0.715296
   1.271      0.714016
   1.275      0.712734
   1.280      0.711449
   1.284      0.710161
   1.288      0.708871
   1.292      0.707579
   1.296      0.706284
   1.300      0.704988
   1.304      0.703689
   1.308      0.702388
   1.312      0.701086
   1.316      0.699781
   1.321      0.698475
   1.325      0.697167
   1.329      0.695857
   1.333      0.694546
   1.337      0.693233
   1.341      0.691919
   1.345      0.690604
   1.349      0.689288
   1.353      0.687970
   1.357      0.686651
   1.362      0.685332
   1.366      0.684011
   1.370      0.682690
   1.374      0.681368
   1.378      0.680045
   1.382      0.678722
   1.386      0.677398
   1.390      0.676073
   1.394      0.674748
   1.398      0.673423
   1.403      0.672098
   1.407      0.670772
   1.411      0.669446
   1.415      0.668120
   1.419      0.666794
   1.423      0.665468
   1.427      0.664143
   1.431      0.662817
   1.435      0.661492
   1.439      0.660167
   1.444      0.658842
   1.448      0.657518
   1.452      0.656194
   1.456      0.654871
   1.460      0.653548
   1.464      0.652226
   1.468      0.650905
   1.472      0.649585
   1.476      0.648265
   1.481      0.646946
   1.485      0.645628
   1.489      0.644311
   1.493      0.642996
   1.497      0.641681
   1.501      0.640367
   1.505      0.639055
   1.509      0.637743
   1.513      0.636434
   1.517      0.635125
   1.522      0.633818
   1.526      0.632512
   1.530      0.631207
   1.534      0.629905
   1.538      0.628603
   1.542      0.627304
   1.546      0.626005
   1.550      0.624709
   1.554      0.623414
   1.558      0.622121
   1.563      0.620830
   1.567      0.619541
   1.571      0.618254
   1.575      0.616968
   1.579      0.615685
   1.583      0.614403
   1.587      0.613123
   1.591      0.611846
   1.595      0.610571
   1.599      0.609297
   1.604      0.608026
   1.608      0.606757
   1.612      0.605491
   1.616      0.604226
   1.620      0.602964
   1.624      0.601704
   1.628      0.600447
   1.632      0.599191
   1.636      0.597939
   1.640      0.596688
   1.645      0.595441
   1.649      0.594195
   1.653      0.592952
   1.657      0.591712
   1.661      0.590474
   1.665      0.589239
   1.669      0.588007
   1.673      0.586777
   1.677      0.585549
   1.681      0.584325
   1.686      0.583103
   1.690      0.581884
   1.694      0.580667
   1.698      0.579454
   1.702      0.578243
   1.706      0.577035
   1.710      0.575829
   1.714      0.574627
   1.718      0.573427
   1.722      0.572231
   1.727      0.571037
   1.731      0.569846
   1.735      0.568658
   1.739      0.567473
   1.743      0.566290
   1.747      0.565111
   1.751      0.563935
   1.755      0.562762
   1.759      0.561592
   1.763      0.560424
   1.768      0.559260
   1.772      0.558099
   1.776      0.556941
   1.780      0.555786
   1.784      0.554634
   1.788      0.553485
   1.792      0.552339
   1.796      0.551197
   1.800      0.550057
   1.804      0.548920
   1.809      0.547787
   1.813      0.546657
   1.817      0.545530
   1.821      0.544406
   1.825      0.543285
   1.829      0.542167
   1.833      0.541053
   1.837      0.539942
   1.841      0.538834
   1.846      0.537729
   1.850      0.536627
   1.854      0.535529
   1.858      0.534433
   1.862      0.533341
   1.866      0.532252
   1.870      0.531166
   1.874      0.530084
   1.878      0.529005
   1.882      0.527929
   1.887      0.526856
   1.891      0.525786
   1.895      0.524720
   1.899      0.523656
   1.903      0.522596
   1.907      0.521540
   1.911      0.520486
   1.915      0.519436
   1.919      0.518389
   1.923      0.517345
   1.928      0.516304
   1.932      0.515267
   1.936      0.514233
   1.940      0.513202
   1.944      0.512174
   1.948      0.511149
   1.952      0.510128
   1.956      0.509110
   1.960      0.508095
   1.964      0.507083
   1.969      0.506075
   1.973      0.505069
   1.977      0.504067
   1.981      0.503068
   1.985      0.502073
   1.989      0.501080
   1.993      0.500091
   1.997      0.499105
   2.001      0.498122
   2.005      0.497142
   2.010      0.496165
   2.014      0.495192
   2.018      0.494222
   2.022      0.493254
   2.026      0.492290
   2.030      0.491329
   2.034      0.490372
   2.038      0.489417
   2.042      0.488466
   2.046      0.487517
   2.051      0.486572
   2.055      0.485630
   2.059      0.484691
   2.063      0.483755
   2.067      0.482822
   2.071      0.481892
   2.075      0.480966
   2.079      0.480042
   2.083      0.479121
   2.087      0.478204
   2.092      0.477289
   2.096      0.476378
   2.100      0.475469
   2.104      0.474564
   2.108      0.473662
   2.112      0.472762
   2.116      0.471866
   2.120      0.470973
   2.124      0.470082
   2.128      0.469195
   2.133      0.468310
   2.137      0.467429
   2.141      0.466550
   2.145      0.465675
   2.149      0.464802
   2.153      0.463933
   2.157      0.463066
   2.161      0.462202
   2.165      0.461341
   2.169      0.460483
   2.174      0.459628
   2.178      0.458775
   2.182      0.457926
   2.186      0.457079
   2.190      0.456235
   2.194      0.455394
   2.198      0.454556
   2.202      0.453721
   2.206      0.452889
   2.211      0.452059
   2.215      0.451232
   2.219      0.450408
   2.223      0.449587
   2.227      0.448768
   2.231      0.447952
   2.235      0.447139
   2.239      0.446329
   2.243      0.445521
   2.247      0.444716
   2.252      0.443914
   2.256      0.443115
   2.260      0.442318
   2.264      0.441524
   2.268      0.440733
   2.272      0.439944
   2.276      0.439158
   2.280      0.438374
   2.284      0.437593
   2.288      0.436815
   2.293      0.436039
   2.297      0.435266
   2.301      0.434496
   2.305      0.433728
   2.309      0.432963
   2.313      0.432200
   2.317      0.431440
   2.321      0.430682
   2.325      0.429927
   2.329      0.429175
   2.334      0.428425
   2.338      0.427677
   2.342      0.426932
   2.346      0.426189
   2.350      0.425449
   2.354      0.424712
   2.358      0.423976
   2.362      0.423244
   2.366      0.422513
   2.370      0.421785
   2.375      0.421060
   2.379      0.420337
   2.383      0.419616
   2.387      0.418898
   2.391      0.418182
   2.395      0.417468
   2.399      0.416757
   2.403      0.416048
   2.407      0.415342
   2.411      0.414637
   2.416      0.413935
   2.420      0.413236
   2.424      0.412539
   2.428      0.411844
   2.432      0.411151
   2.436      0.410460
   2.440      0.409772
   2.444      0.409086
   2.448      0.408402
   2.452      0.407721
   2.457      0.407042
   2.461      0.406365
   2.465      0.405690
   2.469      0.405017
   2.473      0.404347
   2.477      0.403678
   2.481      0.403012
   2.485      0.402348
   2.489      0.401686
   2.493      0.401027
   2.498      0.400369
   2.502      0.399714
   2.506      0.399060
   2.510      0.398409
   2.514      0.397760
   2.518      0.397113
   2.522      0.396468
   2.526      0.395825
   2.530      0.395184
   2.534      0.394545
   2.539      0.393908
   2.543      0.393274
   2.547      0.392641
   2.551      0.392010
   2.555      0.391381
   2.559      0.390755
   2.563      0.390130
   2.567      0.389507
   2.571      0.388886
   2.576      0.388267
   2.580      0.387651
   2.584      0.387036
   2.588      0.386423
   2.592      0.385811
   2.596      0.385202
   2.600      0.384595
   2.604      0.383989
   2.608      0.383386
   2.612      0.382784
   2.617      0.382185
   2.621      0.381587
   2.625      0.380991
   2.629      0.380396
   2.633      0.379804
   2.637      0.379214
   2.641      0.378625
   2.645      0.378038
   2.649      0.377453
   2.653      0.376870
   2.658      0.376288
   2.662      0.375709
   2.666      0.375131
   2.670      0.374555
   2.674      0.373980
   2.678      0.373408
   2.682      0.372837
   2.686      0.372267
   2.690      0.371700
   2.694      0.371134
   2.699      0.370570
   2.703      0.370008
   2.707      0.369448
   2.711      0.368889
   2.715      0.368332
   2.719      0.367776
   2.723      0.367222
   2.727      0.366670
   2.731      0.366119
   2.735      0.365571
   2.740      0.365023
   2.744      0.364478
   2.748      0.363934
   2.752      0.363391
   2.756      0.362851
   2.760      0.362312
   2.764      0.361774
   2.768      0.361238
   2.772      0.360704
   2.776      0.360171
   2.781      0.359640
   2.785      0.359110
   2.789      0.358582
   2.793      0.358055
   2.797      0.357530
   2.801      0.357007
   2.805      0.356485
   2.809      0.355965
   2.813      0.355446
   2.817      0.354928
   2.822      0.354412
   2.826      0.353898
   2.830      0.353385
   2.834      0.352874
   2.838      0.352364
   2.842      0.351855
   2.846      0.351348
   2.850      0.350843
   2.854      0.350339
   2.858      0.349836
   2.863      0.349335
   2.867      0.348835
   2.871      0.348337
   2.875      0.347840
   2.879      0.347344
   2.883      0.346850
   2.887      0.346358
   2.891      0.345866
   2.895      0.345376
   2.899      0.344888
   2.904      0.344401
   2.908      0.343915
   2.912      0.343431
   2.916      0.342948
   2.920      0.342466
   2.924      0.341986
   2.928      0.341507
   2.932      0.341029
   2.936      0.340553
   2.941      0.340078
   2.945      0.339604
   2.949      0.339132
   2.953      0.338661
   2.957      0.338191
   2.961      0.337723
   2.965      0.337255
   2.969      0.336790
   2.973      0.336325
   2.977      0.335862
   2.982      0.335400
   2.986      0.334939
   2.990      0.334480
   2.994      0.334022
   2.998      0.333565
   3.002      0.333109
   3.006      0.332654
   3.010      0.332201
   3.014      0.331749
   3.018      0.331299
   3.023      0.330849
   3.027      0.330401
   3.031      0.329954
   3.035      0.329508
   3.039      0.329063
   3.043      0.328620
   3.047      0.328177
   3.051      0.327736
   3.055      0.327296
   3.059      0.326858
   3.064      0.326420
   3.068      0.325984
   3.072      0.325548
   3.076      0.325114
   3.080      0.324681
   3.084      0.324250
   3.088      0.323819
   3.092      0.323390
   3.096      0.322961
   3.100      0.322534
   3.105      0.322108
   3.109      0.321683
   3.113      0.321259
   3.117      0.320836
   3.121      0.320415
   3.125      0.319994
   3.129      0.319575
   3.133      0.319157
   3.137      0.318739
   3.141      0.318323
   3.146      0.317908
   3.150      0.317494
   3.154      0.317082
   3.158      0.316670
   3.162      0.316259
   3.166      0.315849
   3.170      0.315441
   3.174      0.315033
   3.178      0.314627
   3.182      0.314221
   3.187      0.313817
   3.191      0.313414
   3.195      0.313011
   3.199      0.312610
   3.203      0.312210
   3.207      0.311810
   3.211      0.311412
   3.215      0.311015
   3.219      0.310619
   3.223      0.310224
   3.228      0.309829
   3.232      0.309436
   3.236      0.309044
   3.240      0.308653
   3.244      0.308263
   3.248      0.307873
   3.252      0.307485
   3.256      0.307098
   3.260      0.306712
   3.264      0.306326
   3.269      0.305942
   3.273      0.305559
   3.277      0.305176
   3.281      0.304795
