   0.000      0.677762
   0.003      0.677762
   0.006      0.677762
   0.009      0.677762
   0.013      0.677762
   0.016      0.677762
   0.019      0.677762
   0.022      0.677762
   0.025      0.677762
   0.028      0.677762
   0.031      0.677762
   0.035      0.677762
   0.038      0.677762
   0.041      0.677762
   0.044      0.677762
   0.047      0.677762
   0.050      0.677762
   0.053      0.677762
   0.057      0.677762
   0.060      0.677762
   0.063      0.677762
   0.066      0.677762
   0.069      0.677762
   0.072      0.677762
   0.075      0.677762
   0.079      0.677762
   0.082      0.677762
   0.085      0.677762
   0.088      0.677762
   0.091      0.677762
   0.094      0.677761
   0.097      0.677761
   0.101      0.677761
   0.104      0.677761
   0.107      0.677761
   0.110      0.677761
   0.113      0.677760
   0.116      0.677760
   0.119      0.677760
   0.123      0.677759
   0.126      0.677759
   0.129      0.677758
   0.132      0.677758
   0.135      0.677757
   0.138      0.677756
   0.141      0.677756
   0.145      0.677755
   0.148      0.677754
   0.151      0.677753
   0.154      0.677751
   0.157      0.677750
   0.160      0.677749
   0.163      0.677747
   0.167      0.677745
   0.170      0.677743
   0.173      0.677741
   0.176      0.677739
   0.179      0.677736
   0.182      0.677734
   0.185      0.677731
   0.189      0.677727
   0.192      0.677724
   0.195      0.677720
   0.198      0.677716
   0.201      0.677712
   0.204      0.677707
   0.207      0.677702
   0.211      0.677697
   0.214      0.677691
   0.217      0.677685
   0.220      0.677678
   0.223      0.677671
   0.226      0.677663
   0.229      0.677655
   0.233      0.677647
   0.236      0.677637
   0.239      0.677628
   0.242      0.677617
   0.245      0.677606
   0.248      0.677595
   0.251      0.677583
   0.255      0.677570
   0.258      0.677556
   0.261      0.677541
   0.264      0.677526
   0.267      0.677510
   0.270      0.677493
   0.273      0.677475
   0.276      0.677456
   0.280      0.677436
   0.283      0.677416
   0.286      0.677394
   0.289      0.677371
   0.292      0.677347
   0.295      0.677322
   0.298      0.677296
   0.302      0.677268
   0.305      0.677239
   0.308      0.677209
   0.311      0.677178
   0.314      0.677146
   0.317      0.677111
   0.320      0.677076
   0.324      0.677039
   0.327      0.677001
   0.330      0.676961
   0.333      0.676919
   0.336      0.676876
   0.339      0.676831
   0.342      0.676784
   0.346      0.676736
   0.349      0.676686
   0.352      0.676634
   0.355      0.676581
   0.358      0.676525
   0.361      0.676467
   0.364      0.676408
   0.368      0.676346
   0.371      0.676283
   0.374      0.676217
   0.377      0.676149
   0.380      0.676079
   0.383      0.676007
   0.386      0.675933
   0.390      0.675856
   0.393      0.675777
   0.396      0.675696
   0.399      0.675612
   0.402      0.675526
   0.405      0.675438
   0.408      0.675347
   0.412      0.675254
   0.415      0.675158
   0.418      0.675059
   0.421      0.674958
   0.424      0.674854
   0.427      0.674748
   0.430      0.674639
   0.434      0.674527
   0.437      0.674412
   0.440      0.674295
   0.443      0.674175
   0.446      0.674052
   0.449      0.673926
   0.452      0.673798
   0.456      0.673666
   0.459      0.673532
   0.462      0.673395
   0.465      0.673254
   0.468      0.673111
   0.471      0.672965
   0.474      0.672816
   0.478      0.672664
   0.481      0.672508
   0.484      0.672350
   0.487      0.672189
   0.490      0.672024
   0.493      0.671857
   0.496      0.671686
   0.500      0.671512
   0.503      0.671335
   0.506      0.671155
   0.509      0.670972
   0.512      0.670786
   0.515      0.670596
   0.518      0.670403
   0.522      0.670207
   0.525      0.670008
   0.528      0.669806
   0.531      0.669600
   0.534      0.669391
   0.537      0.669179
   0.540      0.668964
   0.544      0.668746
   0.547      0.668524
   0.550      0.668299
   0.553      0.668071
   0.556      0.667840
   0.559      0.667605
   0.562      0.667368
   0.566      0.667127
   0.569      0.666882
   0.572      0.666635
   0.575      0.666384
   0.578      0.666130
   0.581      0.665873
   0.584      0.665613
   0.588      0.665349
   0.591      0.665083
   0.594      0.664813
   0.597      0.664540
   0.600      0.664264
   0.603      0.663984
   0.606      0.663702
   0.610      0.663416
   0.613      0.663128
   0.616      0.662836
   0.619      0.662541
   0.622      0.662243
   0.625      0.661942
   0.628      0.661637
   0.632      0.661330
   0.635      0.661020
   0.638      0.660707
   0.641      0.660391
   0.644      0.660071
   0.647      0.659749
   0.650      0.659424
   0.654      0.659096
   0.657      0.658765
   0.660      0.658431
   0.663      0.658094
   0.666      0.657755
   0.669      0.657412
   0.672      0.657067
   0.676      0.656719
   0.679      0.656368
   0.682      0.656015
   0.685      0.655659
   0.688      0.655300
   0.691      0.654938
   0.694      0.654574
   0.698      0.654208
   0.701      0.653838
   0.704      0.653466
   0.707      0.653092
   0.710      0.652715
   0.713      0.652336
   0.716      0.651954
   0.720      0.651570
   0.723      0.651183
   0.726      0.650794
   0.729      0.650403
   0.732      0.650010
   0.735      0.649614
   0.738      0.649216
   0.742      0.648816
   0.745      0.648414
   0.748      0.648009
   0.751      0.647603
   0.754      0.647194
   0.757      0.646784
   0.760      0.646371
   0.764      0.645957
   0.767      0.645541
   0.770      0.645122
   0.773      0.644702
   0.776      0.644280
   0.779      0.643857
   0.782      0.643432
   0.785      0.643005
   0.789      0.642576
   0.792      0.642146
   0.795      0.641714
   0.798      0.641281
   0.801      0.640846
   0.804      0.640410
   0.807      0.639972
   0.811      0.639533
   0.814      0.639093
   0.817      0.638651
   0.820      0.638209
   0.823      0.637765
   0.826      0.637319
   0.829      0.636873
   0.833      0.636426
   0.836      0.635977
   0.839      0.635528
   0.842      0.635077
   0.845      0.634626
   0.848      0.634174
   0.851      0.633721
   0.855      0.633267
   0.858      0.632813
   0.861      0.632357
   0.864      0.631902
   0.867      0.631445
   0.870      0.630988
   0.873      0.630530
   0.877      0.630072
   0.880      0.629613
   0.883      0.629154
   0.886      0.628695
   0.889      0.628235
   0.892      0.627775
   0.895      0.627315
   0.899      0.626855
   0.902      0.626394
   0.905      0.625933
   0.908      0.625472
   0.911      0.625011
   0.914      0.624550
   0.917      0.624090
   0.921      0.623629
   0.924      0.623168
   0.927      0.622707
   0.930      0.622247
   0.933      0.621787
   0.936      0.621327
   0.939      0.620867
   0.943      0.620408
   0.946      0.619949
   0.949      0.619491
   0.952      0.619033
   0.955      0.618576
   0.958      0.618119
   0.961      0.617662
   0.965      0.617206
   0.968      0.616751
   0.971      0.616297
   0.974      0.615843
   0.977      0.615390
   0.980      0.614938
   0.983      0.614486
   0.987      0.614036
   0.990      0.613586
   0.993      0.613137
   0.996      0.612689
   0.999      0.612242
   1.002      0.611796
   1.005      0.611352
   1.009      0.610908
   1.012      0.610465
   1.015      0.610023
   1.018      0.609583
   1.021      0.609144
   1.024      0.608705
   1.027      0.608269
   1.031      0.607833
   1.034      0.607399
   1.037      0.606966
   1.040      0.606534
   1.043      0.606104
   1.046      0.605675
   1.049      0.605247
   1.053      0.604821
   1.056      0.604396
   1.059      0.603973
   1.062      0.603551
   1.065      0.603131
   1.068      0.602713
   1.071      0.602296
   1.075      0.601880
   1.078      0.601466
   1.081      0.601054
   1.084      0.600643
   1.087      0.600234
   1.090      0.599826
   1.093      0.599421
   1.097      0.599017
   1.100      0.598614
   1.103      0.598213
   1.106      0.597814
   1.109      0.597417
   1.112      0.597022
   1.115      0.596628
   1.119      0.596236
   1.122      0.595846
   1.125      0.595457
   1.128      0.595071
   1.131      0.594686
   1.134      0.594303
   1.137      0.593922
   1.141      0.593542
   1.144      0.593165
   1.147      0.592789
   1.150      0.592415
   1.153      0.592043
   1.156      0.591672
   1.159      0.591304
   1.163      0.590937
   1.166      0.590572
   1.169      0.590209
   1.172      0.589848
   1.175      0.589489
   1.178      0.589131
   1.181      0.588775
   1.185      0.588422
   1.188      0.588069
   1.191      0.587719
   1.194      0.587371
   1.197      0.587024
   1.200      0.586679
   1.203      0.586336
   1.207      0.585995
   1.210      0.585655
   1.213      0.585317
   1.216      0.584981
   1.219      0.584647
   1.222      0.584314
   1.225      0.583983
   1.229      0.583654
   1.232      0.583326
   1.235      0.583000
   1.238      0.582676
   1.241      0.582353
   1.244      0.582032
   1.247      0.581713
   1.251      0.581395
   1.254      0.581079
   1.257      0.580764
   1.260      0.580451
   1.263      0.580139
   1.266      0.579829
   1.269      0.579520
   1.273      0.579213
   1.276      0.578908
   1.279      0.578603
   1.282      0.578300
   1.285      0.577999
   1.288      0.577698
   1.291      0.577399
   1.294      0.577102
   1.298      0.576805
   1.301      0.576510
   1.304      0.576216
   1.307      0.575924
   1.310      0.575632
   1.313      0.575342
   1.316      0.575053
   1.320      0.574765
   1.323      0.574477
   1.326      0.574191
   1.329      0.573906
   1.332      0.573622
   1.335      0.573339
   1.338      0.573057
   1.342      0.572776
   1.345      0.572496
   1.348      0.572216
   1.351      0.571937
   1.354      0.571659
   1.357      0.571382
   1.360      0.571106
   1.364      0.570830
   1.367      0.570555
   1.370      0.570280
   1.373      0.570006
   1.376      0.569733
   1.379      0.569460
   1.382      0.569187
   1.386      0.568915
   1.389      0.568644
   1.392      0.568373
   1.395      0.568102
   1.398      0.567831
   1.401      0.567561
   1.404      0.567291
   1.408      0.567021
   1.411      0.566752
   1.414      0.566482
   1.417      0.566213
   1.420      0.565944
   1.423      0.565675
   1.426      0.565406
   1.430      0.565136
   1.433      0.564867
   1.436      0.564598
   1.439      0.564328
   1.442      0.564059
   1.445      0.563789
   1.448      0.563519
   1.452      0.563248
   1.455      0.562978
   1.458      0.562707
   1.461      0.562435
   1.464      0.562164
   1.467      0.561891
   1.470      0.561619
   1.474      0.561345
   1.477      0.561072
   1.480      0.560797
   1.483      0.560522
   1.486      0.560247
   1.489      0.559970
   1.492      0.559693
   1.496      0.559415
   1.499      0.559137
   1.502      0.558857
   1.505      0.558577
   1.508      0.558296
   1.511      0.558014
   1.514      0.557731
   1.518      0.557447
   1.521      0.557162
   1.524      0.556876
   1.527      0.556589
   1.530      0.556300
   1.533      0.556011
   1.536      0.555720
   1.540      0.555429
   1.543      0.555136
   1.546      0.554841
   1.549      0.554546
   1.552      0.554249
   1.555      0.553951
   1.558      0.553651
   1.562      0.553350
   1.565      0.553047
   1.568      0.552743
   1.571      0.552438
   1.574      0.552131
   1.577      0.551822
   1.580      0.551512
   1.584      0.551200
   1.587      0.550887
   1.590      0.550572
   1.593      0.550255
   1.596      0.549937
   1.599      0.549617
   1.602      0.549295
   1.606      0.548971
   1.609      0.548646
   1.612      0.548318
   1.615      0.547989
   1.618      0.547658
   1.621      0.547325
   1.624      0.546991
   1.628      0.546654
   1.631      0.546315
   1.634      0.545975
   1.637      0.545632
   1.640      0.545287
   1.643      0.544941
   1.646      0.544592
   1.650      0.544241
   1.653      0.543888
   1.656      0.543533
   1.659      0.543176
   1.662      0.542817
   1.665      0.542456
   1.668      0.542093
   1.672      0.541727
   1.675      0.541359
   1.678      0.540989
   1.681      0.540617
   1.684      0.540243
   1.687      0.539866
   1.690      0.539487
   1.694      0.539106
   1.697      0.538723
   1.700      0.538337
   1.703      0.537949
   1.706      0.537559
   1.709      0.537167
   1.712      0.536772
   1.716      0.536375
   1.719      0.535975
   1.722      0.535574
   1.725      0.535170
   1.728      0.534763
   1.731      0.534355
   1.734      0.533944
   1.738      0.533530
   1.741      0.533115
   1.744      0.532697
   1.747      0.532276
   1.750      0.531854
   1.753      0.531428
   1.756      0.531001
   1.760      0.530571
   1.763      0.530139
   1.766      0.529705
   1.769      0.529268
   1.772      0.528829
   1.775      0.528387
   1.778      0.527943
   1.782      0.527497
   1.785      0.527049
   1.788      0.526598
   1.791      0.526145
   1.794      0.525690
   1.797      0.525232
   1.800      0.524772
   1.804      0.524309
   1.807      0.523845
   1.810      0.523378
   1.813      0.522909
   1.816      0.522437
   1.819      0.521964
   1.822      0.521488
   1.825      0.521010
   1.829      0.520529
   1.832      0.520047
   1.835      0.519562
   1.838      0.519075
   1.841      0.518586
   1.844      0.518094
   1.847      0.517601
   1.851      0.517105
   1.854      0.516608
   1.857      0.516108
   1.860      0.515606
   1.863      0.515102
   1.866      0.514596
   1.869      0.514087
   1.873      0.513577
   1.876      0.513065
   1.879      0.512551
   1.882      0.512034
   1.885      0.511516
   1.888      0.510996
   1.891      0.510474
   1.895      0.509950
   1.898      0.509424
   1.901      0.508896
   1.904      0.508366
   1.907      0.507834
   1.910      0.507301
   1.913      0.506766
   1.917      0.506229
   1.920      0.505690
   1.923      0.505149
   1.926      0.504607
   1.929      0.504063
   1.932      0.503517
   1.935      0.502970
   1.939      0.502421
   1.942      0.501870
   1.945      0.501318
   1.948      0.500764
   1.951      0.500208
   1.954      0.499651
   1.957      0.499093
   1.961      0.498533
   1.964      0.497971
   1.967      0.497408
   1.970      0.496844
   1.973      0.496278
   1.976      0.495711
   1.979      0.495143
   1.983      0.494573
   1.986      0.494002
   1.989      0.493429
   1.992      0.492855
   1.995      0.492281
   1.998      0.491704
   2.001      0.491127
   2.005      0.490549
   2.008      0.489969
   2.011      0.489388
   2.014      0.488806
   2.017      0.488223
   2.020      0.487640
   2.023      0.487055
   2.027      0.486469
   2.030      0.485882
   2.033      0.485294
   2.036      0.484705
   2.039      0.484116
   2.042      0.483525
   2.045      0.482934
   2.049      0.482342
   2.052      0.481749
   2.055      0.481155
   2.058      0.480561
   2.061      0.479966
   2.064      0.479370
   2.067      0.478774
   2.071      0.478177
   2.074      0.477579
   2.077      0.476981
   2.080      0.476382
   2.083      0.475783
   2.086      0.475183
   2.089      0.474583
   2.093      0.473982
   2.096      0.473381
   2.099      0.472779
   2.102      0.472178
   2.105      0.471575
   2.108      0.470973
   2.111      0.470370
   2.115      0.469767
   2.118      0.469164
   2.121      0.468560
   2.124      0.467956
   2.127      0.467352
   2.130      0.466748
   2.133      0.466144
   2.137      0.465540
   2.140      0.464936
   2.143      0.464331
   2.146      0.463727
   2.149      0.463122
   2.152      0.462518
   2.155      0.461914
   2.159      0.461309
   2.162      0.460705
   2.165      0.460101
   2.168      0.459497
   2.171      0.458894
   2.174      0.458290
   2.177      0.457687
   2.181      0.457084
   2.184      0.456481
   2.187      0.455878
   2.190      0.455276
   2.193      0.454674
   2.196      0.454073
   2.199      0.453471
   2.203      0.452870
   2.206      0.452270
   2.209      0.451670
   2.212      0.451071
   2.215      0.450471
   2.218      0.449873
   2.221      0.449275
   2.225      0.448677
   2.228      0.448080
   2.231      0.447484
   2.234      0.446888
   2.237      0.446293
   2.240      0.445698
   2.243      0.445104
   2.247      0.444511
   2.250      0.443918
   2.253      0.443326
   2.256      0.442735
   2.259      0.442145
   2.262      0.441555
   2.265      0.440966
   2.269      0.440378
   2.272      0.439791
   2.275      0.439204
   2.278      0.438618
   2.281      0.438034
   2.284      0.437450
   2.287      0.436866
   2.291      0.436284
   2.294      0.435703
   2.297      0.435122
   2.300      0.434543
   2.303      0.433965
   2.306      0.433387
   2.309      0.432810
   2.313      0.432235
   2.316      0.431660
   2.319      0.431087
   2.322      0.430514
   2.325      0.429943
   2.328      0.429372
   2.331      0.428803
   2.334      0.428234
   2.338      0.427667
   2.341      0.427101
   2.344      0.426536
   2.347      0.425972
   2.350      0.425409
   2.353      0.424848
   2.356      0.424287
   2.360      0.423728
   2.363      0.423170
   2.366      0.422613
   2.369      0.422057
   2.372      0.421502
   2.375      0.420949
   2.378      0.420396
   2.382      0.419845
   2.385      0.419295
   2.388      0.418747
   2.391      0.418199
   2.394      0.417653
   2.397      0.417108
   2.400      0.416564
   2.404      0.416022
   2.407      0.415480
   2.410      0.414941
   2.413      0.414402
   2.416      0.413864
   2.419      0.413328
   2.422      0.412793
   2.426      0.412260
   2.429      0.411727
   2.432      0.411196
   2.435      0.410666
   2.438      0.410138
   2.441      0.409610
   2.444      0.409084
   2.448      0.408560
   2.451      0.408036
   2.454      0.407514
   2.457      0.406993
   2.460      0.406474
   2.463      0.405956
   2.466      0.405439
   2.470      0.404923
   2.473      0.404409
   2.476      0.403895
   2.479      0.403384
   2.482      0.402873
   2.485      0.402364
   2.488      0.401856
   2.492      0.401349
   2.495      0.400843
   2.498      0.400339
   2.501      0.399836
   2.504      0.399335
   2.507      0.398834
   2.510      0.398335
   2.514      0.397837
