   0.000     -0.000045
   0.003      0.000022
   0.006      0.000089
   0.009      0.000201
   0.013      0.000357
   0.016      0.000558
   0.019      0.000803
   0.022      0.001093
   0.025      0.001428
   0.028      0.001807
   0.032      0.002231
   0.035      0.002699
   0.038      0.003211
   0.041      0.003768
   0.044      0.004370
   0.047      0.005015
   0.051      0.005705
   0.054      0.006439
   0.057      0.007218
   0.060      0.008040
   0.063      0.008907
   0.066      0.009817
   0.070      0.010771
   0.073      0.011769
   0.076      0.012811
   0.079      0.013897
   0.082      0.015026
   0.085      0.016199
   0.089      0.017415
   0.092      0.018674
   0.095      0.019977
   0.098      0.021323
   0.101      0.022712
   0.104      0.024143
   0.108      0.025618
   0.111      0.027135
   0.114      0.028695
   0.117      0.030297
   0.120      0.031941
   0.123      0.033628
   0.127      0.035357
   0.130      0.037128
   0.133      0.038940
   0.136      0.040794
   0.139      0.042690
   0.143      0.044627
   0.146      0.046605
   0.149      0.048624
   0.152      0.050684
   0.155      0.052784
   0.158      0.054925
   0.162      0.057107
   0.165      0.059328
   0.168      0.061590
   0.171      0.063891
   0.174      0.066232
   0.177      0.068612
   0.181      0.071032
   0.184      0.073490
   0.187      0.075988
   0.190      0.078523
   0.193      0.081097
   0.196      0.083710
   0.200      0.086360
   0.203      0.089048
   0.206      0.091773
   0.209      0.094536
   0.212      0.097335
   0.215      0.100171
   0.219      0.103044
   0.222      0.105953
   0.225      0.108898
   0.228      0.111878
   0.231      0.114894
   0.234      0.117945
   0.238      0.121031
   0.241      0.124152
   0.244      0.127307
   0.247      0.130496
   0.250      0.133719
   0.253      0.136975
   0.257      0.140264
   0.260      0.143587
   0.263      0.146941
   0.266      0.150328
   0.269      0.153747
   0.272      0.157198
   0.276      0.160680
   0.279      0.164193
   0.282      0.167736
   0.285      0.171310
   0.288      0.174914
   0.291      0.178547
   0.295      0.182210
   0.298      0.185901
   0.301      0.189621
   0.304      0.193369
   0.307      0.197145
   0.310      0.200949
   0.314      0.204780
   0.317      0.208637
   0.320      0.212521
   0.323      0.216430
   0.326      0.220366
   0.329      0.224326
   0.333      0.228312
   0.336      0.232321
   0.339      0.236355
   0.342      0.240412
   0.345      0.244493
   0.348      0.248596
   0.351      0.252722
   0.355      0.256870
   0.358      0.261039
   0.361      0.265230
   0.364      0.269441
   0.367      0.273673
   0.370      0.277924
   0.374      0.282195
   0.377      0.286485
   0.380      0.290793
   0.383      0.295120
   0.386      0.299464
   0.389      0.303826
   0.393      0.308204
   0.396      0.312599
   0.399      0.317010
   0.402      0.321436
   0.405      0.325878
   0.408      0.330333
   0.412      0.334803
   0.415      0.339287
   0.418      0.343784
   0.421      0.348294
   0.424      0.352816
   0.427      0.357349
   0.431      0.361895
   0.434      0.366451
   0.437      0.371017
   0.440      0.375594
   0.443      0.380180
   0.446      0.384775
   0.450      0.389379
   0.453      0.393991
   0.456      0.398611
   0.459      0.403238
   0.462      0.407872
   0.465      0.412512
   0.469      0.417158
   0.472      0.421809
   0.475      0.426465
   0.478      0.431126
   0.481      0.435791
   0.484      0.440459
   0.488      0.445131
   0.491      0.449805
   0.494      0.454481
   0.497      0.459159
   0.500      0.463838
   0.503      0.468519
   0.507      0.473199
   0.510      0.477880
   0.513      0.482560
   0.516      0.487240
   0.519      0.491918
   0.522      0.496594
   0.526      0.501269
   0.529      0.505940
   0.532      0.510609
   0.535      0.515274
   0.538      0.519935
   0.541      0.524592
   0.545      0.529245
   0.548      0.533892
   0.551      0.538534
   0.554      0.543170
   0.557      0.547800
   0.560      0.552423
   0.564      0.557039
   0.567      0.561648
   0.570      0.566249
   0.573      0.570842
   0.576      0.575427
   0.579      0.580002
   0.583      0.584569
   0.586      0.589126
   0.589      0.593673
   0.592      0.598209
   0.595      0.602736
   0.598      0.607251
   0.602      0.611755
   0.605      0.616248
   0.608      0.620729
   0.611      0.625197
   0.614      0.629653
   0.617      0.634097
   0.621      0.638527
   0.624      0.642945
   0.627      0.647348
   0.630      0.651738
   0.633      0.656114
   0.636      0.660475
   0.640      0.664822
   0.643      0.669154
   0.646      0.673470
   0.649      0.677772
   0.652      0.682058
   0.655      0.686328
   0.659      0.690582
   0.662      0.694820
   0.665      0.699042
   0.668      0.703247
   0.671      0.707435
   0.674      0.711606
   0.678      0.715760
   0.681      0.719897
   0.684      0.724017
   0.687      0.728119
   0.690      0.732203
   0.693      0.736269
   0.697      0.740317
   0.700      0.744347
   0.703      0.748359
   0.706      0.752352
   0.709      0.756327
   0.712      0.760283
   0.716      0.764221
   0.719      0.768140
   0.722      0.772039
   0.725      0.775920
   0.728      0.779782
   0.731      0.783625
   0.735      0.787448
   0.738      0.791252
   0.741      0.795037
   0.744      0.798802
   0.747      0.802548
   0.750      0.806275
   0.754      0.809982
   0.757      0.813670
   0.760      0.817338
   0.763      0.820986
   0.766      0.824615
   0.769      0.828225
   0.773      0.831814
   0.776      0.835385
   0.779      0.838935
   0.782      0.842466
   0.785      0.845978
   0.788      0.849470
   0.792      0.852942
   0.795      0.856395
   0.798      0.859828
   0.801      0.863242
   0.804      0.866636
   0.807      0.870011
   0.811      0.873367
   0.814      0.876703
   0.817      0.880021
   0.820      0.883318
   0.823      0.886597
   0.826      0.889857
   0.830      0.893097
   0.833      0.896318
   0.836      0.899521
   0.839      0.902704
   0.842      0.905869
   0.845      0.909015
   0.849      0.912142
   0.852      0.915250
   0.855      0.918340
   0.858      0.921411
   0.861      0.924464
   0.864      0.927498
   0.868      0.930514
   0.871      0.933512
   0.874      0.936491
   0.877      0.939453
   0.880      0.942396
   0.883      0.945321
   0.887      0.948229
   0.890      0.951118
   0.893      0.953990
   0.896      0.956844
   0.899      0.959681
   0.902      0.962499
   0.906      0.965301
   0.909      0.968085
   0.912      0.970851
   0.915      0.973600
   0.918      0.976332
   0.921      0.979047
   0.925      0.981745
   0.928      0.984426
   0.931      0.987089
   0.934      0.989736
   0.937      0.992366
   0.940      0.994979
   0.944      0.997575
   0.947      1.000155
   0.950      1.002718
   0.953      1.005265
   0.956      1.007795
   0.959      1.010308
   0.963      1.012805
   0.966      1.015286
   0.969      1.017750
   0.972      1.020199
   0.975      1.022630
   0.978      1.025046
   0.982      1.027446
   0.985      1.029829
   0.988      1.032196
   0.991      1.034548
   0.994      1.036883
   0.997      1.039202
   1.001      1.041506
   1.004      1.043793
   1.007      1.046065
   1.010      1.048321
   1.013      1.050561
   1.016      1.052785
   1.020      1.054993
   1.023      1.057186
   1.026      1.059363
   1.029      1.061524
   1.032      1.063669
   1.035      1.065799
   1.039      1.067913
   1.042      1.070012
   1.045      1.072094
   1.048      1.074162
   1.051      1.076213
   1.054      1.078249
   1.058      1.080269
   1.061      1.082274
   1.064      1.084263
   1.067      1.086237
   1.070      1.088195
   1.073      1.090137
   1.077      1.092064
   1.080      1.093975
   1.083      1.095871
   1.086      1.097751
   1.089      1.099615
   1.092      1.101464
   1.096      1.103297
   1.099      1.105115
   1.102      1.106917
   1.105      1.108704
   1.108      1.110475
   1.112      1.112230
   1.115      1.113970
   1.118      1.115694
   1.121      1.117402
   1.124      1.119095
   1.127      1.120772
   1.131      1.122434
   1.134      1.124080
   1.137      1.125710
   1.140      1.127324
   1.143      1.128923
   1.146      1.130507
   1.150      1.132074
   1.153      1.133626
   1.156      1.135162
   1.159      1.136683
   1.162      1.138187
   1.165      1.139676
   1.169      1.141150
   1.172      1.142607
   1.175      1.144049
   1.178      1.145475
   1.181      1.146886
   1.184      1.148280
   1.188      1.149659
   1.191      1.151022
   1.194      1.152370
   1.197      1.153701
   1.200      1.155017
   1.203      1.156317
   1.207      1.157602
   1.210      1.158870
   1.213      1.160123
   1.216      1.161360
   1.219      1.162581
   1.222      1.163787
   1.226      1.164976
   1.229      1.166150
   1.232      1.167309
   1.235      1.168451
   1.238      1.169578
   1.241      1.170688
   1.245      1.171784
   1.248      1.172863
   1.251      1.173927
   1.254      1.174974
   1.257      1.176007
   1.260      1.177023
   1.264      1.178024
   1.267      1.179009
   1.270      1.179978
   1.273      1.180931
   1.276      1.181869
   1.279      1.182792
   1.283      1.183698
   1.286      1.184589
   1.289      1.185464
   1.292      1.186324
   1.295      1.187168
   1.298      1.187996
   1.302      1.188809
   1.305      1.189606
   1.308      1.190388
   1.311      1.191154
   1.314      1.191904
   1.317      1.192639
   1.321      1.193359
   1.324      1.194063
   1.327      1.194751
   1.330      1.195425
   1.333      1.196082
   1.336      1.196724
   1.340      1.197351
   1.343      1.197963
   1.346      1.198559
   1.349      1.199140
   1.352      1.199705
   1.355      1.200255
   1.359      1.200790
   1.362      1.201310
   1.365      1.201814
   1.368      1.202303
   1.371      1.202777
   1.374      1.203236
   1.378      1.203680
   1.381      1.204108
   1.384      1.204522
   1.387      1.204920
   1.390      1.205304
   1.393      1.205672
   1.397      1.206025
   1.400      1.206364
   1.403      1.206687
   1.406      1.206996
   1.409      1.207290
   1.412      1.207568
   1.416      1.207832
   1.419      1.208082
   1.422      1.208316
   1.425      1.208536
   1.428      1.208741
   1.431      1.208931
   1.435      1.209107
   1.438      1.209268
   1.441      1.209414
   1.444      1.209546
   1.447      1.209664
   1.450      1.209766
   1.454      1.209855
   1.457      1.209929
   1.460      1.209988
   1.463      1.210033
   1.466      1.210064
   1.469      1.210081
   1.473      1.210083
   1.476      1.210071
   1.479      1.210045
   1.482      1.210005
   1.485      1.209950
   1.488      1.209881
   1.492      1.209799
   1.495      1.209702
   1.498      1.209591
   1.501      1.209466
   1.504      1.209328
   1.507      1.209175
   1.511      1.209009
   1.514      1.208828
   1.517      1.208634
   1.520      1.208427
   1.523      1.208205
   1.526      1.207970
   1.530      1.207721
   1.533      1.207458
   1.536      1.207182
   1.539      1.206893
   1.542      1.206590
   1.545      1.206273
   1.549      1.205943
   1.552      1.205600
   1.555      1.205243
   1.558      1.204873
   1.561      1.204490
   1.564      1.204093
   1.568      1.203683
   1.571      1.203260
   1.574      1.202824
   1.577      1.202375
   1.580      1.201913
   1.583      1.201438
   1.587      1.200950
   1.590      1.200449
   1.593      1.199935
   1.596      1.199408
   1.599      1.198868
   1.602      1.198316
   1.606      1.197751
   1.609      1.197173
   1.612      1.196583
   1.615      1.195980
   1.618      1.195365
   1.621      1.194737
   1.625      1.194096
   1.628      1.193443
   1.631      1.192778
   1.634      1.192100
   1.637      1.191411
   1.640      1.190708
   1.644      1.189994
   1.647      1.189267
   1.650      1.188529
   1.653      1.187778
   1.656      1.187015
   1.659      1.186240
   1.663      1.185454
   1.666      1.184655
   1.669      1.183844
   1.672      1.183022
   1.675      1.182188
   1.678      1.181342
   1.682      1.180484
   1.685      1.179615
   1.688      1.178734
   1.691      1.177842
   1.694      1.176938
   1.697      1.176023
   1.701      1.175096
   1.704      1.174158
   1.707      1.173208
   1.710      1.172247
   1.713      1.171275
   1.716      1.170292
   1.720      1.169297
   1.723      1.168292
   1.726      1.167275
   1.729      1.166248
   1.732      1.165209
   1.735      1.164160
   1.739      1.163099
   1.742      1.162028
   1.745      1.160946
   1.748      1.159854
   1.751      1.158750
   1.754      1.157636
   1.758      1.156512
   1.761      1.155376
   1.764      1.154231
   1.767      1.153075
   1.770      1.151908
   1.773      1.150731
   1.777      1.149544
   1.780      1.148346
   1.783      1.147139
   1.786      1.145921
   1.789      1.144693
   1.792      1.143455
   1.796      1.142207
   1.799      1.140949
   1.802      1.139681
   1.805      1.138403
   1.808      1.137115
   1.811      1.135818
   1.815      1.134511
   1.818      1.133194
   1.821      1.131867
   1.824      1.130531
   1.827      1.129185
   1.830      1.127830
   1.834      1.126466
   1.837      1.125092
   1.840      1.123708
   1.843      1.122316
   1.846      1.120914
   1.849      1.119503
   1.853      1.118083
   1.856      1.116653
   1.859      1.115215
   1.862      1.113768
   1.865      1.112311
   1.868      1.110846
   1.872      1.109372
   1.875      1.107889
   1.878      1.106398
   1.881      1.104897
   1.884      1.103388
   1.887      1.101871
   1.891      1.100345
   1.894      1.098810
   1.897      1.097267
   1.900      1.095715
   1.903      1.094155
   1.906      1.092587
   1.910      1.091011
   1.913      1.089426
   1.916      1.087834
   1.919      1.086233
   1.922      1.084624
   1.925      1.083007
   1.929      1.081382
   1.932      1.079749
   1.935      1.078109
   1.938      1.076460
   1.941      1.074804
   1.944      1.073140
   1.948      1.071469
   1.951      1.069790
   1.954      1.068103
   1.957      1.066409
   1.960      1.064707
   1.963      1.062998
   1.967      1.061282
   1.970      1.059558
   1.973      1.057828
   1.976      1.056089
   1.979      1.054344
   1.982      1.052592
   1.986      1.050833
   1.989      1.049066
   1.992      1.047293
   1.995      1.045513
   1.998      1.043726
   2.001      1.041932
   2.005      1.040131
   2.008      1.038324
   2.011      1.036510
   2.014      1.034690
   2.017      1.032863
   2.020      1.031029
   2.024      1.029189
   2.027      1.027343
   2.030      1.025491
   2.033      1.023632
   2.036      1.021766
   2.039      1.019895
   2.043      1.018018
   2.046      1.016134
   2.049      1.014245
   2.052      1.012349
   2.055      1.010448
   2.058      1.008540
   2.062      1.006627
   2.065      1.004708
   2.068      1.002783
   2.071      1.000853
   2.074      0.998917
   2.077      0.996975
   2.081      0.995028
   2.084      0.993076
   2.087      0.991118
   2.090      0.989154
   2.093      0.987185
   2.096      0.985211
   2.100      0.983232
   2.103      0.981248
   2.106      0.979258
   2.109      0.977264
   2.112      0.975264
   2.115      0.973259
   2.119      0.971250
   2.122      0.969235
   2.125      0.967216
   2.128      0.965192
   2.131      0.963163
   2.134      0.961130
   2.138      0.959092
   2.141      0.957049
   2.144      0.955002
   2.147      0.952950
   2.150      0.950894
   2.153      0.948834
   2.157      0.946769
   2.160      0.944700
   2.163      0.942626
   2.166      0.940549
   2.169      0.938467
   2.172      0.936381
   2.176      0.934292
   2.179      0.932198
   2.182      0.930100
   2.185      0.927999
   2.188      0.925893
   2.191      0.923784
   2.195      0.921671
   2.198      0.919554
   2.201      0.917434
   2.204      0.915310
   2.207      0.913182
   2.210      0.911051
   2.214      0.908917
   2.217      0.906779
   2.220      0.904638
   2.223      0.902493
   2.226      0.900345
   2.229      0.898194
   2.233      0.896040
   2.236      0.893882
   2.239      0.891722
   2.242      0.889559
   2.245      0.887392
   2.248      0.885223
   2.252      0.883050
   2.255      0.880875
   2.258      0.878697
   2.261      0.876517
   2.264      0.874333
   2.267      0.872147
   2.271      0.869959
   2.274      0.867767
   2.277      0.865574
   2.280      0.863377
   2.283      0.861179
   2.286      0.858978
   2.290      0.856775
   2.293      0.854569
   2.296      0.852361
   2.299      0.850151
   2.302      0.847939
   2.305      0.845725
   2.309      0.843508
   2.312      0.841290
   2.315      0.839070
   2.318      0.836847
   2.321      0.834623
   2.324      0.832397
   2.328      0.830169
   2.331      0.827940
   2.334      0.825709
   2.337      0.823476
   2.340      0.821241
   2.343      0.819005
   2.347      0.816768
   2.350      0.814529
   2.353      0.812288
   2.356      0.810047
   2.359      0.807803
   2.362      0.805559
   2.366      0.803313
   2.369      0.801066
   2.372      0.798818
   2.375      0.796569
   2.378      0.794318
   2.381      0.792067
   2.385      0.789815
   2.388      0.787561
   2.391      0.785307
   2.394      0.783052
   2.397      0.780796
   2.400      0.778539
   2.404      0.776282
   2.407      0.774023
   2.410      0.771764
   2.413      0.769505
   2.416      0.767245
   2.419      0.764984
   2.423      0.762723
   2.426      0.760462
   2.429      0.758200
   2.432      0.755937
   2.435      0.753674
   2.438      0.751411
   2.442      0.749148
   2.445      0.746885
   2.448      0.744621
   2.451      0.742357
   2.454      0.740093
   2.457      0.737830
   2.461      0.735566
   2.464      0.733302
   2.467      0.731038
   2.470      0.728774
   2.473      0.726511
   2.476      0.724247
   2.480      0.721984
   2.483      0.719721
   2.486      0.717458
   2.489      0.715196
   2.492      0.712934
   2.495      0.710673
   2.499      0.708412
   2.502      0.706151
   2.505      0.703891
   2.508      0.701631
   2.511      0.699373
   2.514      0.697114
   2.518      0.694857
   2.521      0.692600
   2.524      0.690344
   2.527      0.688089
   2.530      0.685834
   2.533      0.683580
   2.537      0.681328
   2.540      0.679076
   2.543      0.676825
   2.546      0.674575
   2.549      0.672326
   2.552      0.670079
   2.556      0.667832
   2.559      0.665587
   2.562      0.663342
   2.565      0.661099
   2.568      0.658858
   2.571      0.656617
   2.575      0.654378
   2.578      0.652140
   2.581      0.649904
   2.584      0.647668
   2.587      0.645435
   2.590      0.643203
   2.594      0.640972
   2.597      0.638743
   2.600      0.636516
   2.603      0.634290
   2.606      0.632066
   2.609      0.629843
   2.613      0.627623
   2.616      0.625404
   2.619      0.623186
   2.622      0.620971
   2.625      0.618757
   2.628      0.616546
   2.632      0.614336
   2.635      0.612128
   2.638      0.609922
   2.641      0.607718
   2.644      0.605517
   2.647      0.603317
   2.651      0.601119
   2.654      0.598924
   2.657      0.596730
   2.660      0.594539
   2.663      0.592350
   2.666      0.590164
   2.670      0.587979
   2.673      0.585797
   2.676      0.583617
   2.679      0.581440
   2.682      0.579265
   2.685      0.577093
   2.688      0.574922
   2.692      0.572755
   2.695      0.570590
   2.698      0.568427
   2.701      0.566267
   2.704      0.564110
   2.707      0.561955
   2.711      0.559803
   2.714      0.557653
   2.717      0.555507
   2.720      0.553363
   2.723      0.551221
   2.726      0.549083
   2.730      0.546947
   2.733      0.544814
   2.736      0.542684
   2.739      0.540557
   2.742      0.538433
   2.745      0.536312
   2.749      0.534194
   2.752      0.532078
   2.755      0.529966
   2.758      0.527857
   2.761      0.525751
   2.764      0.523648
   2.768      0.521548
   2.771      0.519451
   2.774      0.517358
   2.777      0.515267
   2.780      0.513180
   2.783      0.511096
   2.787      0.509015
   2.790      0.506938
   2.793      0.504864
   2.796      0.502793
   2.799      0.500726
   2.802      0.498662
   2.806      0.496601
   2.809      0.494544
   2.812      0.492490
   2.815      0.490440
   2.818      0.488393
   2.821      0.486350
   2.825      0.484310
   2.828      0.482274
   2.831      0.480241
   2.834      0.478212
   2.837      0.476187
   2.840      0.474165
   2.844      0.472147
   2.847      0.470133
   2.850      0.468122
   2.853      0.466115
   2.856      0.464112
   2.859      0.462112
   2.863      0.460117
   2.866      0.458125
   2.869      0.456137
   2.872      0.454152
   2.875      0.452172
   2.878      0.450195
   2.882      0.448223
   2.885      0.446254
   2.888      0.444289
   2.891      0.442329
   2.894      0.440372
   2.897      0.438419
   2.901      0.436470
   2.904      0.434525
   2.907      0.432584
   2.910      0.430648
   2.913      0.428715
   2.916      0.426786
   2.920      0.424862
   2.923      0.422941
   2.926      0.421025
   2.929      0.419113
   2.932      0.417205
   2.935      0.415301
   2.939      0.413402
   2.942      0.411507
   2.945      0.409616
   2.948      0.407729
   2.951      0.405846
   2.954      0.403968
   2.958      0.402094
   2.961      0.400224
   2.964      0.398359
   2.967      0.396498
   2.970      0.394641
   2.973      0.392789
   2.977      0.390941
   2.980      0.389098
   2.983      0.387258
   2.986      0.385424
   2.989      0.383593
   2.992      0.381768
   2.996      0.379946
   2.999      0.378129
   3.002      0.376317
   3.005      0.374509
   3.008      0.372706
   3.011      0.370907
   3.015      0.369112
   3.018      0.367323
   3.021      0.365537
   3.024      0.363757
   3.027      0.361981
   3.030      0.360209
   3.034      0.358442
   3.037      0.356680
   3.040      0.354922
   3.043      0.353169
   3.046      0.351421
   3.049      0.349677
   3.053      0.347938
   3.056      0.346203
   3.059      0.344474
   3.062      0.342749
   3.065      0.341028
   3.068      0.339313
   3.072      0.337602
   3.075      0.335896
   3.078      0.334194
   3.081      0.332497
   3.084      0.330806
   3.087      0.329118
   3.091      0.327436
   3.094      0.325758
   3.097      0.324086
   3.100      0.322417
   3.103      0.320754
   3.106      0.319096
   3.110      0.317442
   3.113      0.315793
   3.116      0.314150
   3.119      0.312510
   3.122      0.310876
   3.125      0.309247
   3.129      0.307622
   3.132      0.306003
   3.135      0.304388
   3.138      0.302778
   3.141      0.301173
   3.144      0.299573
   3.148      0.297977
   3.151      0.296387
   3.154      0.294802
   3.157      0.293221
   3.160      0.291645
   3.163      0.290075
   3.167      0.288509
   3.170      0.286948
   3.173      0.285392
   3.176      0.283841
   3.179      0.282295
   3.182      0.280754
   3.186      0.279218
   3.189      0.277687
   3.192      0.276161
   3.195      0.274640
   3.198      0.273123
   3.201      0.271612
   3.205      0.270106
   3.208      0.268605
   3.211      0.267108
   3.214      0.265617
   3.217      0.264131
   3.220      0.262649
   3.224      0.261173
   3.227      0.259701
   3.230      0.258235
   3.233      0.256774
   3.236      0.255317
   3.239      0.253866
   3.243      0.252419
   3.246      0.250978
   3.249      0.249542
   3.252      0.248110
   3.255      0.246684
   3.258      0.245263
   3.262      0.243846
   3.265      0.242435
   3.268      0.241029
   3.271      0.239627
   3.274      0.238231
   3.277      0.236840
   3.281      0.235454
   3.284      0.234073
   3.287      0.232696
   3.290      0.231325
   3.293      0.229959
   3.296      0.228598
   3.300      0.227242
   3.303      0.225891
   3.306      0.224544
   3.309      0.223203
   3.312      0.221867
   3.315      0.220536
   3.319      0.219210
   3.322      0.217889
   3.325      0.216573
   3.328      0.215262
   3.331      0.213956
   3.334      0.212655
   3.338      0.211359
   3.341      0.210068
   3.344      0.208782
   3.347      0.207501
   3.350      0.206224
   3.353      0.204953
   3.357      0.203687
   3.360      0.202426
   3.363      0.201170
   3.366      0.199919
   3.369      0.198673
   3.372      0.197431
   3.376      0.196195
   3.379      0.194964
   3.382      0.193738
   3.385      0.192516
   3.388      0.191300
   3.391      0.190088
   3.395      0.188882
   3.398      0.187680
   3.401      0.186484
   3.404      0.185292
   3.407      0.184105
   3.410      0.182923
   3.414      0.181747
   3.417      0.180575
   3.420      0.179407
   3.423      0.178245
   3.426      0.177088
   3.429      0.175936
   3.433      0.174788
   3.436      0.173646
   3.439      0.172508
   3.442      0.171375
   3.445      0.170247
   3.448      0.169124
   3.452      0.168006
   3.455      0.166893
   3.458      0.165784
   3.461      0.164681
   3.464      0.163582
   3.467      0.162488
   3.471      0.161399
   3.474      0.160314
   3.477      0.159235
   3.480      0.158160
   3.483      0.157090
   3.486      0.156025
   3.490      0.154965
   3.493      0.153909
   3.496      0.152859
   3.499      0.151813
   3.502      0.150771
   3.505      0.149735
   3.509      0.148703
   3.512      0.147676
   3.515      0.146654
   3.518      0.145637
   3.521      0.144624
   3.524      0.143616
   3.528      0.142613
   3.531      0.141614
   3.534      0.140620
   3.537      0.139631
   3.540      0.138646
   3.543      0.137666
   3.547      0.136691
   3.550      0.135720
   3.553      0.134754
   3.556      0.133793
   3.559      0.132836
   3.562      0.131884
   3.566      0.130937
   3.569      0.129994
   3.572      0.129056
   3.575      0.128122
   3.578      0.127193
   3.581      0.126268
   3.585      0.125348
   3.588      0.124433
   3.591      0.123522
   3.594      0.122616
   3.597      0.121714
   3.600      0.120816
   3.604      0.119924
   3.607      0.119035
   3.610      0.118152
   3.613      0.117272
   3.616      0.116397
   3.619      0.115527
   3.623      0.114661
   3.626      0.113799
   3.629      0.112942
   3.632      0.112090
   3.635      0.111241
   3.638      0.110397
   3.642      0.109558
   3.645      0.108723
   3.648      0.107892
   3.651      0.107066
   3.654      0.106244
   3.657      0.105426
   3.661      0.104613
   3.664      0.103804
   3.667      0.102999
   3.670      0.102198
   3.673      0.101402
   3.676      0.100610
   3.680      0.099823
   3.683      0.099039
   3.686      0.098260
   3.689      0.097486
   3.692      0.096715
   3.695      0.095949
   3.699      0.095186
   3.702      0.094428
   3.705      0.093674
   3.708      0.092925
   3.711      0.092179
   3.714      0.091438
   3.718      0.090701
   3.721      0.089968
   3.724      0.089239
   3.727      0.088514
   3.730      0.087793
   3.733      0.087076
   3.737      0.086364
   3.740      0.085655
   3.743      0.084951
   3.746      0.084250
   3.749      0.083554
   3.752      0.082861
   3.756      0.082173
   3.759      0.081489
   3.762      0.080808
   3.765      0.080132
   3.768      0.079459
   3.771      0.078791
   3.775      0.078126
   3.778      0.077465
   3.781      0.076808
   3.784      0.076155
   3.787      0.075506
   3.790      0.074861
   3.794      0.074220
   3.797      0.073582
   3.800      0.072949
   3.803      0.072319
   3.806      0.071693
   3.809      0.071071
   3.813      0.070452
   3.816      0.069838
   3.819      0.069227
   3.822      0.068620
   3.825      0.068017
   3.828      0.067417
   3.832      0.066821
   3.835      0.066229
   3.838      0.065640
   3.841      0.065055
   3.844      0.064474
   3.847      0.063897
   3.851      0.063323
   3.854      0.062753
   3.857      0.062186
   3.860      0.061623
   3.863      0.061064
   3.866      0.060508
   3.870      0.059955
   3.873      0.059407
   3.876      0.058861
   3.879      0.058320
   3.882      0.057782
   3.885      0.057247
   3.889      0.056716
   3.892      0.056188
   3.895      0.055664
   3.898      0.055143
   3.901      0.054626
   3.904      0.054112
   3.908      0.053601
   3.911      0.053094
   3.914      0.052591
   3.917      0.052090
   3.920      0.051593
   3.923      0.051100
   3.927      0.050610
   3.930      0.050123
   3.933      0.049639
   3.936      0.049159
   3.939      0.048682
   3.942      0.048208
   3.946      0.047737
   3.949      0.047270
   3.952      0.046806
   3.955      0.046345
   3.958      0.045888
   3.961      0.045433
   3.965      0.044982
   3.968      0.044534
   3.971      0.044089
   3.974      0.043648
   3.977      0.043209
   3.980      0.042774
   3.984      0.042341
   3.987      0.041912
   3.990      0.041486
   3.993      0.041063
   3.996      0.040643
   3.999      0.040226
   4.003      0.039812
   4.006      0.039401
   4.009      0.038993
   4.012      0.038588
   4.015      0.038186
   4.018      0.037787
   4.022      0.037390
   4.025      0.036997
   4.028      0.036607
   4.031      0.036220
   4.034      0.035835
   4.037      0.035454
   4.041      0.035075
   4.044      0.034699
   4.047      0.034326
   4.050      0.033956
   4.053      0.033589
   4.056      0.033224
   4.060      0.032863
   4.063      0.032504
   4.066      0.032148
   4.069      0.031794
   4.072      0.031444
   4.075      0.031096
   4.079      0.030751
   4.082      0.030408
   4.085      0.030068
   4.088      0.029731
   4.091      0.029397
   4.094      0.029065
   4.098      0.028736
   4.101      0.028409
   4.104      0.028085
   4.107      0.027764
   4.110      0.027445
   4.113      0.027129
   4.117      0.026816
   4.120      0.026505
   4.123      0.026196
   4.126      0.025890
   4.129      0.025587
   4.132      0.025286
   4.136      0.024988
   4.139      0.024692
   4.142      0.024398
   4.145      0.024107
   4.148      0.023819
   4.151      0.023532
   4.155      0.023249
   4.158      0.022967
   4.161      0.022688
   4.164      0.022412
   4.167      0.022138
   4.170      0.021866
   4.174      0.021596
   4.177      0.021329
   4.180      0.021064
   4.183      0.020801
   4.186      0.020541
   4.189      0.020283
   4.193      0.020027
   4.196      0.019774
   4.199      0.019523
   4.202      0.019274
   4.205      0.019027
   4.208      0.018782
   4.212      0.018540
   4.215      0.018299
   4.218      0.018061
   4.221      0.017825
   4.224      0.017592
   4.227      0.017360
   4.231      0.017130
   4.234      0.016903
   4.237      0.016678
   4.240      0.016454
   4.243      0.016233
   4.246      0.016014
   4.250      0.015797
   4.253      0.015582
   4.256      0.015369
   4.259      0.015158
   4.262      0.014949
   4.265      0.014742
   4.269      0.014537
   4.272      0.014334
   4.275      0.014133
   4.278      0.013933
   4.281      0.013736
   4.284      0.013541
   4.288      0.013347
   4.291      0.013156
   4.294      0.012966
   4.297      0.012778
   4.300      0.012592
   4.303      0.012408
   4.307      0.012226
   4.310      0.012046
   4.313      0.011867
   4.316      0.011690
   4.319      0.011515
   4.322      0.011342
   4.326      0.011170
   4.329      0.011001
   4.332      0.010833
   4.335      0.010666
   4.338      0.010502
   4.341      0.010339
   4.345      0.010178
   4.348      0.010019
   4.351      0.009861
   4.354      0.009705
   4.357      0.009550
   4.360      0.009397
   4.364      0.009246
   4.367      0.009097
   4.370      0.008949
   4.373      0.008803
   4.376      0.008658
   4.379      0.008515
   4.383      0.008373
   4.386      0.008233
   4.389      0.008095
   4.392      0.007958
   4.395      0.007822
   4.398      0.007688
   4.402      0.007556
   4.405      0.007425
   4.408      0.007296
   4.411      0.007168
   4.414      0.007041
   4.417      0.006916
   4.421      0.006793
   4.424      0.006671
   4.427      0.006550
   4.430      0.006431
   4.433      0.006313
   4.436      0.006196
   4.440      0.006081
   4.443      0.005967
   4.446      0.005855
   4.449      0.005744
   4.452      0.005634
   4.455      0.005526
   4.459      0.005419
   4.462      0.005313
   4.465      0.005208
   4.468      0.005105
   4.471      0.005003
   4.474      0.004903
   4.478      0.004803
   4.481      0.004705
   4.484      0.004608
   4.487      0.004513
   4.490      0.004418
   4.493      0.004325
   4.497      0.004233
   4.500      0.004143
   4.503      0.004053
   4.506      0.003965
   4.509      0.003877
   4.512      0.003791
   4.516      0.003706
   4.519      0.003622
   4.522      0.003540
   4.525      0.003458
   4.528      0.003378
   4.532      0.003298
   4.535      0.003220
   4.538      0.003143
   4.541      0.003067
   4.544      0.002992
   4.547      0.002918
   4.551      0.002845
   4.554      0.002773
   4.557      0.002702
   4.560      0.002632
   4.563      0.002564
   4.566      0.002496
   4.570      0.002429
   4.573      0.002363
   4.576      0.002298
   4.579      0.002234
   4.582      0.002171
   4.585      0.002110
   4.589      0.002048
   4.592      0.001988
   4.595      0.001929
   4.598      0.001871
   4.601      0.001814
   4.604      0.001757
   4.608      0.001702
   4.611      0.001647
   4.614      0.001593
   4.617      0.001540
   4.620      0.001488
   4.623      0.001437
   4.627      0.001387
   4.630      0.001337
   4.633      0.001289
   4.636      0.001241
   4.639      0.001194
   4.642      0.001147
   4.646      0.001102
   4.649      0.001057
   4.652      0.001014
   4.655      0.000970
   4.658      0.000928
   4.661      0.000887
   4.665      0.000846
   4.668      0.000806
   4.671      0.000766
   4.674      0.000728
   4.677      0.000690
   4.680      0.000653
   4.684      0.000616
   4.687      0.000580
   4.690      0.000545
   4.693      0.000511
   4.696      0.000477
   4.699      0.000444
   4.703      0.000412
   4.706      0.000380
   4.709      0.000349
   4.712      0.000319
   4.715      0.000289
   4.718      0.000260
   4.722      0.000231
   4.725      0.000203
   4.728      0.000176
   4.731      0.000149
   4.734      0.000123
   4.737      0.000097
   4.741      0.000072
   4.744      0.000048
   4.747      0.000024
   4.750      0.000000
