   0.000     -0.000376
   0.004      0.000188
   0.008      0.000752
   0.012      0.001693
   0.016      0.003009
   0.020      0.004700
   0.024      0.006766
   0.028      0.009205
   0.031      0.012018
   0.035      0.015203
   0.039      0.018758
   0.043      0.022684
   0.047      0.026977
   0.051      0.031638
   0.055      0.036663
   0.059      0.042052
   0.063      0.047802
   0.067      0.053912
   0.071      0.060379
   0.075      0.067201
   0.079      0.074376
   0.083      0.081900
   0.087      0.089772
   0.090      0.097989
   0.094      0.106547
   0.098      0.115444
   0.102      0.124676
   0.106      0.134241
   0.110      0.144134
   0.114      0.154352
   0.118      0.164892
   0.122      0.175750
   0.126      0.186922
   0.130      0.198404
   0.134      0.210191
   0.138      0.222281
   0.142      0.234668
   0.146      0.247347
   0.149      0.260315
   0.153      0.273567
   0.157      0.287099
   0.161      0.300904
   0.165      0.314978
   0.169      0.329317
   0.173      0.343915
   0.177      0.358767
   0.181      0.373868
   0.185      0.389212
   0.189      0.404793
   0.193      0.420607
   0.197      0.436647
   0.201      0.452908
   0.205      0.469383
   0.208      0.486068
   0.212      0.502956
   0.216      0.520041
   0.220      0.537316
   0.224      0.554777
   0.228      0.572416
   0.232      0.590227
   0.236      0.608203
   0.240      0.626339
   0.244      0.644628
   0.248      0.663063
   0.252      0.681638
   0.256      0.700346
   0.260      0.719180
   0.264      0.738134
   0.267      0.757201
   0.271      0.776374
   0.275      0.795646
   0.279      0.815010
   0.283      0.834460
   0.287      0.853988
   0.291      0.873588
   0.295      0.893253
   0.299      0.912975
   0.303      0.932748
   0.307      0.952564
   0.311      0.972417
   0.315      0.992299
   0.319      1.012204
   0.323      1.032124
   0.326      1.052053
   0.330      1.071983
   0.334      1.091907
   0.338      1.111819
   0.342      1.131712
   0.346      1.151577
   0.350      1.171410
   0.354      1.191201
   0.358      1.210946
   0.362      1.230636
   0.366      1.250265
   0.370      1.269827
   0.374      1.289313
   0.378      1.308719
   0.382      1.328036
   0.385      1.347259
   0.389      1.366381
   0.393      1.385395
   0.397      1.404295
   0.401      1.423074
   0.405      1.441726
   0.409      1.460245
   0.413      1.478624
   0.417      1.496858
   0.421      1.514940
   0.425      1.532864
   0.429      1.550625
   0.433      1.568216
   0.437      1.585631
   0.441      1.602866
   0.444      1.619914
   0.448      1.636770
   0.452      1.653428
   0.456      1.669884
   0.460      1.686131
   0.464      1.702165
   0.468      1.717980
   0.472      1.733573
   0.476      1.748937
   0.480      1.764068
   0.484      1.778961
   0.488      1.793613
   0.492      1.808018
   0.496      1.822172
   0.500      1.836071
   0.503      1.849711
   0.507      1.863087
   0.511      1.876197
   0.515      1.889036
   0.519      1.901601
   0.523      1.913887
   0.527      1.925893
   0.531      1.937614
   0.535      1.949047
   0.539      1.960189
   0.543      1.971038
   0.547      1.981590
   0.551      1.991844
   0.555      2.001795
   0.559      2.011443
   0.562      2.020785
   0.566      2.029818
   0.570      2.038540
   0.574      2.046950
   0.578      2.055046
   0.582      2.062827
   0.586      2.070290
   0.590      2.077434
   0.594      2.084258
   0.598      2.090761
   0.602      2.096943
   0.606      2.102801
   0.610      2.108335
   0.614      2.113545
   0.618      2.118429
   0.621      2.122989
   0.625      2.127222
   0.629      2.131130
   0.633      2.134712
   0.637      2.137969
   0.641      2.140899
   0.645      2.143505
   0.649      2.145785
   0.653      2.147741
   0.657      2.149374
   0.661      2.150684
   0.665      2.151671
   0.669      2.152338
   0.673      2.152684
   0.677      2.152712
   0.680      2.152423
   0.684      2.151817
   0.688      2.150897
   0.692      2.149664
   0.696      2.148119
   0.700      2.146266
   0.704      2.144104
   0.708      2.141637
   0.712      2.138867
   0.716      2.135795
   0.720      2.132424
   0.724      2.128756
   0.728      2.124794
   0.732      2.120539
   0.736      2.115996
   0.739      2.111166
   0.743      2.106051
   0.747      2.100656
   0.751      2.094982
   0.755      2.089033
   0.759      2.082811
   0.763      2.076319
   0.767      2.069562
   0.771      2.062541
   0.775      2.055260
   0.779      2.047722
   0.783      2.039931
   0.787      2.031890
   0.791      2.023602
   0.795      2.015072
   0.798      2.006301
   0.802      1.997294
   0.806      1.988054
   0.810      1.978586
   0.814      1.968892
   0.818      1.958976
   0.822      1.948842
   0.826      1.938494
   0.830      1.927935
   0.834      1.917170
   0.838      1.906201
   0.842      1.895033
   0.846      1.883669
   0.850      1.872114
   0.854      1.860371
   0.857      1.848444
   0.861      1.836336
   0.865      1.824053
   0.869      1.811597
   0.873      1.798972
   0.877      1.786182
   0.881      1.773231
   0.885      1.760124
   0.889      1.746862
   0.893      1.733452
   0.897      1.719896
   0.901      1.706197
   0.905      1.692361
   0.909      1.678391
   0.913      1.664290
   0.916      1.650062
   0.920      1.635711
   0.924      1.621240
   0.928      1.606654
   0.932      1.591956
   0.936      1.577149
   0.940      1.562238
   0.944      1.547225
   0.948      1.532115
   0.952      1.516910
   0.956      1.501615
   0.960      1.486233
   0.964      1.470766
   0.968      1.455220
   0.972      1.439596
   0.975      1.423899
   0.979      1.408132
   0.983      1.392297
   0.987      1.376398
   0.991      1.360439
   0.995      1.344423
   0.999      1.328352
   1.003      1.312229
   1.007      1.296059
   1.011      1.279843
   1.015      1.263585
   1.019      1.247288
   1.023      1.230954
   1.027      1.214587
   1.031      1.198189
   1.034      1.181763
   1.038      1.165311
   1.042      1.148838
   1.046      1.132344
   1.050      1.115833
   1.054      1.099307
   1.058      1.082769
   1.062      1.066221
   1.066      1.049666
   1.070      1.033106
   1.074      1.016544
   1.078      0.999981
   1.082      0.983421
   1.086      0.966865
   1.090      0.950315
   1.093      0.933775
   1.097      0.917245
   1.101      0.900728
   1.105      0.884226
   1.109      0.867741
   1.113      0.851275
   1.117      0.834830
   1.121      0.818408
   1.125      0.802011
   1.129      0.785639
   1.133      0.769297
   1.137      0.752984
   1.141      0.736703
   1.145      0.720455
   1.149      0.704242
   1.152      0.688066
   1.156      0.671928
   1.160      0.655830
   1.164      0.639773
   1.168      0.623759
   1.172      0.607788
   1.176      0.591863
   1.180      0.575986
   1.184      0.560156
   1.188      0.544375
   1.192      0.528646
   1.196      0.512968
   1.200      0.497344
   1.204      0.481774
   1.208      0.466259
   1.211      0.450801
   1.215      0.435401
   1.219      0.420060
   1.223      0.404778
   1.227      0.389557
   1.231      0.374398
   1.235      0.359302
   1.239      0.344269
   1.243      0.329301
   1.247      0.314398
   1.251      0.299562
   1.255      0.284793
   1.259      0.270092
   1.263      0.255459
   1.267      0.240896
   1.270      0.226404
   1.274      0.211982
   1.278      0.197632
   1.282      0.183354
   1.286      0.169149
   1.290      0.155018
   1.294      0.140961
   1.298      0.126978
   1.302      0.113072
   1.306      0.099241
   1.310      0.085486
   1.314      0.071809
   1.318      0.058209
   1.322      0.044687
   1.326      0.031244
   1.329      0.017879
   1.333      0.004594
   1.337     -0.008611
   1.341     -0.021736
   1.345     -0.034781
   1.349     -0.047744
   1.353     -0.060626
   1.357     -0.073426
   1.361     -0.086144
   1.365     -0.098780
   1.369     -0.111333
   1.373     -0.123802
   1.377     -0.136189
   1.381     -0.148492
   1.385     -0.160710
   1.388     -0.172845
   1.392     -0.184895
   1.396     -0.196861
   1.400     -0.208741
   1.404     -0.220536
   1.408     -0.232246
   1.412     -0.243871
   1.416     -0.255409
   1.420     -0.266861
   1.424     -0.278228
   1.428     -0.289508
   1.432     -0.300701
   1.436     -0.311808
   1.440     -0.322827
   1.444     -0.333760
   1.447     -0.344606
   1.451     -0.355364
   1.455     -0.366035
   1.459     -0.376619
   1.463     -0.387115
   1.467     -0.397523
   1.471     -0.407843
   1.475     -0.418075
   1.479     -0.428220
   1.483     -0.438276
   1.487     -0.448244
   1.491     -0.458124
   1.495     -0.467915
   1.499     -0.477618
   1.503     -0.487232
   1.506     -0.496758
   1.510     -0.506195
   1.514     -0.515544
   1.518     -0.524804
   1.522     -0.533975
   1.526     -0.543058
   1.530     -0.552052
   1.534     -0.560956
   1.538     -0.569773
   1.542     -0.578500
   1.546     -0.587138
   1.550     -0.595688
   1.554     -0.604148
   1.558     -0.612520
   1.562     -0.620803
   1.565     -0.628996
   1.569     -0.637101
   1.573     -0.645117
   1.577     -0.653045
   1.581     -0.660883
   1.585     -0.668633
   1.589     -0.676293
   1.593     -0.683866
   1.597     -0.691349
   1.601     -0.698743
   1.605     -0.706049
   1.609     -0.713266
   1.613     -0.720395
   1.617     -0.727435
   1.621     -0.734387
   1.624     -0.741250
   1.628     -0.748025
   1.632     -0.754712
   1.636     -0.761310
   1.640     -0.767820
   1.644     -0.774243
   1.648     -0.780577
   1.652     -0.786823
   1.656     -0.792982
   1.660     -0.799052
   1.664     -0.805035
   1.668     -0.810931
   1.672     -0.816739
   1.676     -0.822460
   1.680     -0.828094
   1.683     -0.833640
   1.687     -0.839100
   1.691     -0.844472
   1.695     -0.849758
   1.699     -0.854958
   1.703     -0.860071
   1.707     -0.865098
   1.711     -0.870039
   1.715     -0.874893
   1.719     -0.879662
   1.723     -0.884346
   1.727     -0.888944
   1.731     -0.893456
   1.735     -0.897884
   1.739     -0.902227
   1.742     -0.906485
   1.746     -0.910658
   1.750     -0.914748
   1.754     -0.918753
   1.758     -0.922674
   1.762     -0.926512
   1.766     -0.930267
   1.770     -0.933938
   1.774     -0.937527
   1.778     -0.941033
   1.782     -0.944456
   1.786     -0.947798
   1.790     -0.951058
   1.794     -0.954236
   1.798     -0.957333
   1.801     -0.960349
   1.805     -0.963285
   1.809     -0.966140
   1.813     -0.968916
   1.817     -0.971611
   1.821     -0.974228
   1.825     -0.976765
   1.829     -0.979224
   1.833     -0.981605
   1.837     -0.983908
   1.841     -0.986134
   1.845     -0.988282
   1.849     -0.990354
   1.853     -0.992349
   1.857     -0.994269
   1.860     -0.996113
   1.864     -0.997882
   1.868     -0.999577
   1.872     -1.001198
   1.876     -1.002745
   1.880     -1.004218
   1.884     -1.005619
   1.888     -1.006948
   1.892     -1.008205
   1.896     -1.009391
   1.900     -1.010506
   1.904     -1.011551
   1.908     -1.012526
   1.912     -1.013433
   1.916     -1.014270
   1.919     -1.015040
   1.923     -1.015742
   1.927     -1.016377
   1.931     -1.016945
   1.935     -1.017448
   1.939     -1.017886
   1.943     -1.018259
   1.947     -1.018569
   1.951     -1.018815
   1.955     -1.018998
   1.959     -1.019119
   1.963     -1.019179
   1.967     -1.019177
   1.971     -1.019116
   1.975     -1.018995
   1.978     -1.018815
   1.982     -1.018578
   1.986     -1.018282
   1.990     -1.017930
   1.994     -1.017522
   1.998     -1.017058
   2.002     -1.016539
   2.006     -1.015967
   2.010     -1.015341
   2.014     -1.014662
   2.018     -1.013932
   2.022     -1.013150
   2.026     -1.012318
   2.030     -1.011436
   2.034     -1.010505
   2.037     -1.009525
   2.041     -1.008498
   2.045     -1.007424
   2.049     -1.006304
   2.053     -1.005138
   2.057     -1.003928
   2.061     -1.002674
   2.065     -1.001376
   2.069     -1.000036
   2.073     -0.998654
   2.077     -0.997231
   2.081     -0.995767
   2.085     -0.994264
   2.089     -0.992722
   2.093     -0.991141
   2.096     -0.989523
   2.100     -0.987868
   2.104     -0.986177
   2.108     -0.984450
   2.112     -0.982688
   2.116     -0.980892
   2.120     -0.979063
   2.124     -0.977200
   2.128     -0.975306
   2.132     -0.973380
   2.136     -0.971423
   2.140     -0.969435
   2.144     -0.967418
   2.148     -0.965372
   2.152     -0.963298
   2.155     -0.961196
   2.159     -0.959066
   2.163     -0.956910
   2.167     -0.954729
   2.171     -0.952521
   2.175     -0.950289
   2.179     -0.948033
   2.183     -0.945753
   2.187     -0.943450
   2.191     -0.941125
   2.195     -0.938778
   2.199     -0.936409
   2.203     -0.934020
   2.207     -0.931610
   2.211     -0.929181
   2.214     -0.926732
   2.218     -0.924265
   2.222     -0.921780
   2.226     -0.919277
   2.230     -0.916757
   2.234     -0.914220
   2.238     -0.911667
   2.242     -0.909099
   2.246     -0.906515
   2.250     -0.903917
   2.254     -0.901305
   2.258     -0.898678
   2.262     -0.896039
   2.266     -0.893387
   2.270     -0.890722
   2.273     -0.888046
   2.277     -0.885358
   2.281     -0.882658
   2.285     -0.879949
   2.289     -0.877229
   2.293     -0.874499
   2.297     -0.871760
   2.301     -0.869012
   2.305     -0.866255
   2.309     -0.863491
   2.313     -0.860718
   2.317     -0.857938
   2.321     -0.855151
   2.325     -0.852357
   2.329     -0.849557
   2.332     -0.846751
   2.336     -0.843939
   2.340     -0.841122
   2.344     -0.838300
   2.348     -0.835473
   2.352     -0.832642
   2.356     -0.829808
   2.360     -0.826969
   2.364     -0.824127
   2.368     -0.821283
   2.372     -0.818435
   2.376     -0.815585
   2.380     -0.812733
   2.384     -0.809879
   2.388     -0.807024
   2.391     -0.804167
   2.395     -0.801310
   2.399     -0.798451
   2.403     -0.795592
   2.407     -0.792733
   2.411     -0.789874
   2.415     -0.787015
   2.419     -0.784157
   2.423     -0.781300
   2.427     -0.778443
   2.431     -0.775588
   2.435     -0.772734
   2.439     -0.769882
   2.443     -0.767031
   2.447     -0.764183
   2.450     -0.761337
   2.454     -0.758494
   2.458     -0.755653
   2.462     -0.752815
   2.466     -0.749980
   2.470     -0.747149
   2.474     -0.744320
   2.478     -0.741496
   2.482     -0.738675
   2.486     -0.735858
   2.490     -0.733046
   2.494     -0.730237
   2.498     -0.727433
   2.502     -0.724634
   2.506     -0.721839
   2.509     -0.719050
   2.513     -0.716265
   2.517     -0.713485
   2.521     -0.710711
   2.525     -0.707942
   2.529     -0.705179
   2.533     -0.702421
   2.537     -0.699670
   2.541     -0.696924
   2.545     -0.694184
   2.549     -0.691450
   2.553     -0.688723
   2.557     -0.686002
   2.561     -0.683287
   2.565     -0.680579
   2.568     -0.677878
   2.572     -0.675183
   2.576     -0.672495
   2.580     -0.669815
   2.584     -0.667141
   2.588     -0.664474
   2.592     -0.661815
   2.596     -0.659162
   2.600     -0.656517
   2.604     -0.653880
   2.608     -0.651250
   2.612     -0.648627
   2.616     -0.646012
   2.620     -0.643405
   2.624     -0.640806
   2.627     -0.638214
   2.631     -0.635630
   2.635     -0.633054
   2.639     -0.630486
   2.643     -0.627926
   2.647     -0.625374
   2.651     -0.622830
   2.655     -0.620294
   2.659     -0.617767
   2.663     -0.615247
   2.667     -0.612736
   2.671     -0.610233
   2.675     -0.607739
   2.679     -0.605253
   2.683     -0.602775
   2.686     -0.600305
   2.690     -0.597844
   2.694     -0.595392
   2.698     -0.592948
   2.702     -0.590512
   2.706     -0.588085
   2.710     -0.585667
   2.714     -0.583257
   2.718     -0.580855
   2.722     -0.578462
   2.726     -0.576078
   2.730     -0.573703
   2.734     -0.571336
   2.738     -0.568977
   2.742     -0.566627
   2.745     -0.564286
   2.749     -0.561954
   2.753     -0.559630
   2.757     -0.557315
   2.761     -0.555008
   2.765     -0.552711
   2.769     -0.550421
   2.773     -0.548141
   2.777     -0.545869
   2.781     -0.543606
   2.785     -0.541351
   2.789     -0.539105
   2.793     -0.536868
   2.797     -0.534639
   2.801     -0.532419
   2.804     -0.530207
   2.808     -0.528004
   2.812     -0.525810
   2.816     -0.523624
   2.820     -0.521447
   2.824     -0.519278
   2.828     -0.517118
   2.832     -0.514966
   2.836     -0.512823
   2.840     -0.510688
   2.844     -0.508562
   2.848     -0.506444
   2.852     -0.504335
   2.856     -0.502234
   2.860     -0.500142
   2.863     -0.498058
   2.867     -0.495982
   2.871     -0.493914
   2.875     -0.491855
   2.879     -0.489804
   2.883     -0.487762
   2.887     -0.485727
   2.891     -0.483701
   2.895     -0.481683
   2.899     -0.479674
   2.903     -0.477672
   2.907     -0.475679
   2.911     -0.473693
   2.915     -0.471716
   2.919     -0.469747
   2.922     -0.467786
   2.926     -0.465833
   2.930     -0.463888
   2.934     -0.461950
   2.938     -0.460021
   2.942     -0.458100
   2.946     -0.456186
   2.950     -0.454281
   2.954     -0.452383
   2.958     -0.450493
   2.962     -0.448610
   2.966     -0.446736
   2.970     -0.444869
   2.974     -0.443010
   2.978     -0.441158
   2.981     -0.439314
   2.985     -0.437478
   2.989     -0.435649
   2.993     -0.433828
   2.997     -0.432014
   3.001     -0.430208
   3.005     -0.428409
   3.009     -0.426617
   3.013     -0.424833
   3.017     -0.423057
   3.021     -0.421287
   3.025     -0.419525
   3.029     -0.417770
   3.033     -0.416023
   3.037     -0.414282
   3.040     -0.412549
   3.044     -0.410823
   3.048     -0.409104
   3.052     -0.407392
   3.056     -0.405687
   3.060     -0.403989
   3.064     -0.402298
   3.068     -0.400614
   3.072     -0.398937
   3.076     -0.397267
   3.080     -0.395603
   3.084     -0.393947
   3.088     -0.392297
   3.092     -0.390654
   3.096     -0.389018
   3.099     -0.387389
   3.103     -0.385766
   3.107     -0.384150
   3.111     -0.382540
   3.115     -0.380938
   3.119     -0.379341
   3.123     -0.377751
   3.127     -0.376168
   3.131     -0.374591
   3.135     -0.373021
   3.139     -0.371457
   3.143     -0.369899
   3.147     -0.368348
   3.151     -0.366803
   3.155     -0.365264
   3.158     -0.363731
   3.162     -0.362205
   3.166     -0.360685
   3.170     -0.359171
   3.174     -0.357664
   3.178     -0.356162
   3.182     -0.354666
   3.186     -0.353177
   3.190     -0.351693
   3.194     -0.350216
   3.198     -0.348744
   3.202     -0.347279
   3.206     -0.345819
   3.210     -0.344365
   3.214     -0.342917
   3.217     -0.341475
   3.221     -0.340039
   3.225     -0.338608
   3.229     -0.337184
   3.233     -0.335765
   3.237     -0.334351
   3.241     -0.332943
   3.245     -0.331541
   3.249     -0.330145
   3.253     -0.328754
   3.257     -0.327368
   3.261     -0.325988
   3.265     -0.324614
   3.269     -0.323245
   3.273     -0.321882
   3.276     -0.320523
   3.280     -0.319171
   3.284     -0.317823
   3.288     -0.316481
   3.292     -0.315145
   3.296     -0.313813
   3.300     -0.312487
   3.304     -0.311166
   3.308     -0.309850
   3.312     -0.308540
   3.316     -0.307235
   3.320     -0.305934
   3.324     -0.304639
   3.328     -0.303349
   3.332     -0.302064
   3.335     -0.300784
   3.339     -0.299509
   3.343     -0.298239
   3.347     -0.296974
   3.351     -0.295714
   3.355     -0.294458
   3.359     -0.293208
   3.363     -0.291963
   3.367     -0.290722
   3.371     -0.289486
   3.375     -0.288255
   3.379     -0.287029
   3.383     -0.285807
   3.387     -0.284590
   3.391     -0.283378
   3.394     -0.282171
   3.398     -0.280968
   3.402     -0.279770
   3.406     -0.278576
   3.410     -0.277387
   3.414     -0.276203
   3.418     -0.275023
   3.422     -0.273847
   3.426     -0.272676
   3.430     -0.271510
   3.434     -0.270348
   3.438     -0.269190
   3.442     -0.268037
   3.446     -0.266888
   3.450     -0.265744
   3.453     -0.264604
   3.457     -0.263468
   3.461     -0.262336
   3.465     -0.261209
   3.469     -0.260086
   3.473     -0.258968
   3.477     -0.257853
   3.481     -0.256743
   3.485     -0.255637
   3.489     -0.254535
   3.493     -0.253437
   3.497     -0.252343
   3.501     -0.251253
   3.505     -0.250168
   3.509     -0.249086
   3.512     -0.248009
   3.516     -0.246935
   3.520     -0.245866
   3.524     -0.244800
   3.528     -0.243739
   3.532     -0.242681
   3.536     -0.241628
   3.540     -0.240578
   3.544     -0.239532
   3.548     -0.238490
   3.552     -0.237452
   3.556     -0.236417
   3.560     -0.235387
   3.564     -0.234360
   3.568     -0.233337
   3.571     -0.232318
   3.575     -0.231302
   3.579     -0.230290
   3.583     -0.229282
   3.587     -0.228278
   3.591     -0.227277
   3.595     -0.226280
   3.599     -0.225286
   3.603     -0.224297
   3.607     -0.223310
   3.611     -0.222328
   3.615     -0.221348
   3.619     -0.220373
   3.623     -0.219401
   3.627     -0.218432
   3.630     -0.217467
   3.634     -0.216505
   3.638     -0.215547
   3.642     -0.214593
   3.646     -0.213641
   3.650     -0.212693
   3.654     -0.211749
   3.658     -0.210808
   3.662     -0.209870
   3.666     -0.208936
   3.670     -0.208005
   3.674     -0.207077
   3.678     -0.206152
   3.682     -0.205231
   3.686     -0.204313
   3.689     -0.203399
   3.693     -0.202487
   3.697     -0.201579
   3.701     -0.200674
   3.705     -0.199772
   3.709     -0.198874
   3.713     -0.197978
   3.717     -0.197086
   3.721     -0.196197
   3.725     -0.195310
   3.729     -0.194427
   3.733     -0.193548
   3.737     -0.192671
   3.741     -0.191797
   3.745     -0.190926
   3.748     -0.190058
   3.752     -0.189194
   3.756     -0.188332
   3.760     -0.187473
   3.764     -0.186618
   3.768     -0.185765
   3.772     -0.184915
   3.776     -0.184068
   3.780     -0.183224
   3.784     -0.182383
   3.788     -0.181545
   3.792     -0.180710
   3.796     -0.179877
   3.800     -0.179048
   3.804     -0.178221
   3.807     -0.177397
   3.811     -0.176576
   3.815     -0.175758
   3.819     -0.174942
   3.823     -0.174129
   3.827     -0.173319
   3.831     -0.172512
   3.835     -0.171707
   3.839     -0.170906
   3.843     -0.170106
   3.847     -0.169310
   3.851     -0.168516
   3.855     -0.167725
   3.859     -0.166937
   3.863     -0.166151
   3.866     -0.165368
   3.870     -0.164587
   3.874     -0.163810
   3.878     -0.163034
   3.882     -0.162262
   3.886     -0.161491
   3.890     -0.160724
   3.894     -0.159959
   3.898     -0.159196
   3.902     -0.158436
   3.906     -0.157679
   3.910     -0.156924
   3.914     -0.156171
   3.918     -0.155422
   3.922     -0.154674
   3.925     -0.153929
   3.929     -0.153186
   3.933     -0.152446
   3.937     -0.151708
   3.941     -0.150973
   3.945     -0.150240
   3.949     -0.149510
   3.953     -0.148781
   3.957     -0.148056
   3.961     -0.147332
   3.965     -0.146611
   3.969     -0.145892
   3.973     -0.145176
   3.977     -0.144462
   3.981     -0.143750
   3.984     -0.143040
   3.988     -0.142333
   3.992     -0.141628
   3.996     -0.140925
   4.000     -0.140225
   4.004     -0.139527
   4.008     -0.138831
   4.012     -0.138137
   4.016     -0.137445
   4.020     -0.136756
   4.024     -0.136069
   4.028     -0.135384
   4.032     -0.134701
   4.036     -0.134021
   4.040     -0.133342
   4.043     -0.132666
   4.047     -0.131991
   4.051     -0.131319
   4.055     -0.130649
   4.059     -0.129981
   4.063     -0.129316
   4.067     -0.128652
   4.071     -0.127990
   4.075     -0.127331
   4.079     -0.126673
   4.083     -0.126018
   4.087     -0.125364
   4.091     -0.124713
   4.095     -0.124063
   4.099     -0.123416
   4.102     -0.122771
   4.106     -0.122127
   4.110     -0.121486
   4.114     -0.120846
   4.118     -0.120209
   4.122     -0.119573
   4.126     -0.118940
   4.130     -0.118308
   4.134     -0.117678
   4.138     -0.117051
   4.142     -0.116425
   4.146     -0.115801
   4.150     -0.115179
   4.154     -0.114558
   4.158     -0.113940
   4.161     -0.113324
   4.165     -0.112709
   4.169     -0.112096
   4.173     -0.111485
   4.177     -0.110876
   4.181     -0.110269
   4.185     -0.109664
   4.189     -0.109060
   4.193     -0.108458
   4.197     -0.107858
   4.201     -0.107260
   4.205     -0.106663
   4.209     -0.106069
   4.213     -0.105476
   4.217     -0.104885
   4.220     -0.104295
   4.224     -0.103707
   4.228     -0.103122
   4.232     -0.102537
   4.236     -0.101955
   4.240     -0.101374
   4.244     -0.100795
   4.248     -0.100217
   4.252     -0.099642
   4.256     -0.099067
   4.260     -0.098495
   4.264     -0.097924
   4.268     -0.097355
   4.272     -0.096788
   4.276     -0.096222
   4.279     -0.095658
   4.283     -0.095095
   4.287     -0.094534
   4.291     -0.093975
   4.295     -0.093417
   4.299     -0.092861
   4.303     -0.092306
   4.307     -0.091753
   4.311     -0.091202
   4.315     -0.090652
   4.319     -0.090103
   4.323     -0.089557
   4.327     -0.089011
   4.331     -0.088468
   4.335     -0.087926
   4.338     -0.087385
   4.342     -0.086846
   4.346     -0.086308
   4.350     -0.085772
   4.354     -0.085238
   4.358     -0.084704
   4.362     -0.084173
   4.366     -0.083643
   4.370     -0.083114
   4.374     -0.082587
   4.378     -0.082061
   4.382     -0.081536
   4.386     -0.081014
   4.390     -0.080492
   4.394     -0.079972
   4.397     -0.079453
   4.401     -0.078936
   4.405     -0.078420
   4.409     -0.077906
   4.413     -0.077393
   4.417     -0.076881
   4.421     -0.076371
   4.425     -0.075862
   4.429     -0.075355
   4.433     -0.074849
   4.437     -0.074344
   4.441     -0.073840
   4.445     -0.073338
   4.449     -0.072838
   4.453     -0.072338
   4.456     -0.071840
   4.460     -0.071343
   4.464     -0.070848
   4.468     -0.070354
   4.472     -0.069861
   4.476     -0.069369
   4.480     -0.068879
   4.484     -0.068390
   4.488     -0.067902
   4.492     -0.067416
   4.496     -0.066931
   4.500     -0.066447
   4.504     -0.065964
   4.508     -0.065483
   4.512     -0.065003
   4.515     -0.064524
   4.519     -0.064046
   4.523     -0.063570
   4.527     -0.063094
   4.531     -0.062620
   4.535     -0.062147
   4.539     -0.061676
   4.543     -0.061205
   4.547     -0.060736
   4.551     -0.060268
   4.555     -0.059801
   4.559     -0.059336
   4.563     -0.058871
   4.567     -0.058408
   4.571     -0.057946
   4.574     -0.057484
   4.578     -0.057025
   4.582     -0.056566
   4.586     -0.056108
   4.590     -0.055652
   4.594     -0.055196
   4.598     -0.054742
   4.602     -0.054289
   4.606     -0.053837
   4.610     -0.053386
   4.614     -0.052936
   4.618     -0.052487
   4.622     -0.052040
   4.626     -0.051593
   4.630     -0.051148
   4.633     -0.050703
   4.637     -0.050260
   4.641     -0.049818
   4.645     -0.049376
   4.649     -0.048936
   4.653     -0.048497
   4.657     -0.048059
   4.661     -0.047622
   4.665     -0.047186
   4.669     -0.046751
   4.673     -0.046317
   4.677     -0.045884
   4.681     -0.045452
   4.685     -0.045021
   4.689     -0.044591
   4.692     -0.044163
   4.696     -0.043735
   4.700     -0.043308
   4.704     -0.042882
   4.708     -0.042457
   4.712     -0.042033
   4.716     -0.041610
   4.720     -0.041188
   4.724     -0.040767
   4.728     -0.040346
   4.732     -0.039927
   4.736     -0.039509
   4.740     -0.039092
   4.744     -0.038675
   4.748     -0.038260
   4.751     -0.037845
   4.755     -0.037432
   4.759     -0.037019
   4.763     -0.036607
   4.767     -0.036196
   4.771     -0.035787
   4.775     -0.035377
   4.779     -0.034969
   4.783     -0.034562
   4.787     -0.034156
   4.791     -0.033750
   4.795     -0.033346
   4.799     -0.032942
   4.803     -0.032539
   4.807     -0.032137
   4.810     -0.031736
   4.814     -0.031335
   4.818     -0.030936
   4.822     -0.030537
   4.826     -0.030140
   4.830     -0.029743
   4.834     -0.029347
   4.838     -0.028951
   4.842     -0.028557
   4.846     -0.028163
   4.850     -0.027770
   4.854     -0.027378
   4.858     -0.026987
   4.862     -0.026597
   4.866     -0.026207
   4.869     -0.025819
   4.873     -0.025431
   4.877     -0.025043
   4.881     -0.024657
   4.885     -0.024271
   4.889     -0.023886
   4.893     -0.023502
   4.897     -0.023119
   4.901     -0.022736
   4.905     -0.022355
   4.909     -0.021973
   4.913     -0.021593
   4.917     -0.021214
   4.921     -0.020835
   4.925     -0.020457
   4.928     -0.020079
   4.932     -0.019703
   4.936     -0.019327
   4.940     -0.018952
   4.944     -0.018577
   4.948     -0.018203
   4.952     -0.017830
   4.956     -0.017458
   4.960     -0.017086
   4.964     -0.016716
   4.968     -0.016345
   4.972     -0.015976
   4.976     -0.015607
   4.980     -0.015239
   4.984     -0.014871
   4.987     -0.014504
   4.991     -0.014138
   4.995     -0.013773
   4.999     -0.013408
   5.003     -0.013044
   5.007     -0.012680
   5.011     -0.012317
   5.015     -0.011955
   5.019     -0.011594
   5.023     -0.011233
   5.027     -0.010872
   5.031     -0.010513
   5.035     -0.010154
   5.039     -0.009795
   5.043     -0.009438
   5.046     -0.009081
   5.050     -0.008724
   5.054     -0.008368
   5.058     -0.008013
   5.062     -0.007658
   5.066     -0.007304
   5.070     -0.006950
   5.074     -0.006598
   5.078     -0.006245
   5.082     -0.005893
   5.086     -0.005542
   5.090     -0.005192
   5.094     -0.004842
   5.098     -0.004492
   5.102     -0.004143
   5.105     -0.003795
   5.109     -0.003447
   5.113     -0.003100
   5.117     -0.002754
   5.121     -0.002407
   5.125     -0.002062
   5.129     -0.001717
   5.133     -0.001372
   5.137     -0.001029
   5.141     -0.000685
   5.145     -0.000342
   5.149      0.000000
