   0.000      0.835504
   0.004      0.835504
   0.008      0.835503
   0.012      0.835501
   0.016      0.835499
   0.020      0.835496
   0.023      0.835493
   0.027      0.835489
   0.031      0.835485
   0.035      0.835480
   0.039      0.835474
   0.043      0.835468
   0.047      0.835461
   0.051      0.835453
   0.055      0.835445
   0.059      0.835437
   0.062      0.835427
   0.066      0.835417
   0.070      0.835407
   0.074      0.835396
   0.078      0.835384
   0.082      0.835371
   0.086      0.835358
   0.090      0.835344
   0.094      0.835330
   0.098      0.835315
   0.101      0.835299
   0.105      0.835283
   0.109      0.835266
   0.113      0.835248
   0.117      0.835230
   0.121      0.835211
   0.125      0.835191
   0.129      0.835171
   0.133      0.835150
   0.137      0.835128
   0.140      0.835105
   0.144      0.835082
   0.148      0.835058
   0.152      0.835033
   0.156      0.835008
   0.160      0.834982
   0.164      0.834955
   0.168      0.834927
   0.172      0.834898
   0.176      0.834869
   0.180      0.834839
   0.183      0.834808
   0.187      0.834776
   0.191      0.834743
   0.195      0.834710
   0.199      0.834676
   0.203      0.834641
   0.207      0.834605
   0.211      0.834568
   0.215      0.834530
   0.219      0.834491
   0.222      0.834451
   0.226      0.834411
   0.230      0.834369
   0.234      0.834327
   0.238      0.834283
   0.242      0.834239
   0.246      0.834193
   0.250      0.834147
   0.254      0.834099
   0.258      0.834050
   0.261      0.834001
   0.265      0.833950
   0.269      0.833898
   0.273      0.833845
   0.277      0.833791
   0.281      0.833735
   0.285      0.833679
   0.289      0.833621
   0.293      0.833562
   0.297      0.833502
   0.301      0.833440
   0.304      0.833377
   0.308      0.833313
   0.312      0.833248
   0.316      0.833181
   0.320      0.833113
   0.324      0.833043
   0.328      0.832972
   0.332      0.832900
   0.336      0.832826
   0.340      0.832750
   0.343      0.832673
   0.347      0.832595
   0.351      0.832515
   0.355      0.832433
   0.359      0.832350
   0.363      0.832264
   0.367      0.832178
   0.371      0.832089
   0.375      0.831999
   0.379      0.831907
   0.382      0.831813
   0.386      0.831717
   0.390      0.831620
   0.394      0.831520
   0.398      0.831418
   0.402      0.831315
   0.406      0.831209
   0.410      0.831102
   0.414      0.830992
   0.418      0.830880
   0.421      0.830766
   0.425      0.830650
   0.429      0.830531
   0.433      0.830410
   0.437      0.830287
   0.441      0.830161
   0.445      0.830033
   0.449      0.829903
   0.453      0.829770
   0.457      0.829634
   0.461      0.829496
   0.464      0.829355
   0.468      0.829211
   0.472      0.829065
   0.476      0.828916
   0.480      0.828764
   0.484      0.828609
   0.488      0.828451
   0.492      0.828290
   0.496      0.828127
   0.500      0.827960
   0.503      0.827790
   0.507      0.827616
   0.511      0.827440
   0.515      0.827260
   0.519      0.827077
   0.523      0.826890
   0.527      0.826700
   0.531      0.826507
   0.535      0.826310
   0.539      0.826109
   0.542      0.825904
   0.546      0.825696
   0.550      0.825484
   0.554      0.825268
   0.558      0.825048
   0.562      0.824825
   0.566      0.824597
   0.570      0.824365
   0.574      0.824129
   0.578      0.823889
   0.581      0.823644
   0.585      0.823395
   0.589      0.823142
   0.593      0.822884
   0.597      0.822622
   0.601      0.822355
   0.605      0.822083
   0.609      0.821807
   0.613      0.821526
   0.617      0.821240
   0.621      0.820950
   0.624      0.820654
   0.628      0.820354
   0.632      0.820048
   0.636      0.819737
   0.640      0.819421
   0.644      0.819100
   0.648      0.818773
   0.652      0.818442
   0.656      0.818104
   0.660      0.817762
   0.663      0.817413
   0.667      0.817060
   0.671      0.816700
   0.675      0.816335
   0.679      0.815964
   0.683      0.815588
   0.687      0.815205
   0.691      0.814817
   0.695      0.814422
   0.699      0.814022
   0.702      0.813616
   0.706      0.813203
   0.710      0.812785
   0.714      0.812360
   0.718      0.811929
   0.722      0.811492
   0.726      0.811048
   0.730      0.810599
   0.734      0.810142
   0.738      0.809680
   0.742      0.809211
   0.745      0.808735
   0.749      0.808253
   0.753      0.807764
   0.757      0.807269
   0.761      0.806768
   0.765      0.806259
   0.769      0.805744
   0.773      0.805222
   0.777      0.804694
   0.781      0.804159
   0.784      0.803617
   0.788      0.803068
   0.792      0.802513
   0.796      0.801951
   0.800      0.801382
   0.804      0.800806
   0.808      0.800224
   0.812      0.799634
   0.816      0.799038
   0.820      0.798435
   0.823      0.797825
   0.827      0.797209
   0.831      0.796585
   0.835      0.795955
   0.839      0.795318
   0.843      0.794674
   0.847      0.794023
   0.851      0.793366
   0.855      0.792702
   0.859      0.792031
   0.862      0.791353
   0.866      0.790669
   0.870      0.789978
   0.874      0.789280
   0.878      0.788576
   0.882      0.787865
   0.886      0.787147
   0.890      0.786423
   0.894      0.785692
   0.898      0.784955
   0.902      0.784211
   0.905      0.783461
   0.909      0.782705
   0.913      0.781942
   0.917      0.781173
   0.921      0.780397
   0.925      0.779616
   0.929      0.778828
   0.933      0.778033
   0.937      0.777233
   0.941      0.776427
   0.944      0.775614
   0.948      0.774796
   0.952      0.773972
   0.956      0.773142
   0.960      0.772306
   0.964      0.771464
   0.968      0.770616
   0.972      0.769763
   0.976      0.768904
   0.980      0.768039
   0.983      0.767169
   0.987      0.766294
   0.991      0.765413
   0.995      0.764527
   0.999      0.763635
   1.003      0.762738
   1.007      0.761836
   1.011      0.760929
   1.015      0.760017
   1.019      0.759099
   1.023      0.758177
   1.026      0.757250
   1.030      0.756318
   1.034      0.755381
   1.038      0.754440
   1.042      0.753494
   1.046      0.752543
   1.050      0.751588
   1.054      0.750628
   1.058      0.749664
   1.062      0.748695
   1.065      0.747722
   1.069      0.746745
   1.073      0.745764
   1.077      0.744778
   1.081      0.743789
   1.085      0.742796
   1.089      0.741798
   1.093      0.740797
   1.097      0.739792
   1.101      0.738783
   1.104      0.737771
   1.108      0.736755
   1.112      0.735735
   1.116      0.734712
   1.120      0.733685
   1.124      0.732655
   1.128      0.731622
   1.132      0.730585
   1.136      0.729545
   1.140      0.728502
   1.143      0.727456
   1.147      0.726407
   1.151      0.725355
   1.155      0.724300
   1.159      0.723243
   1.163      0.722182
   1.167      0.721119
   1.171      0.720053
   1.175      0.718984
   1.179      0.717913
   1.183      0.716839
   1.186      0.715763
   1.190      0.714685
   1.194      0.713604
   1.198      0.712520
   1.202      0.711435
   1.206      0.710348
   1.210      0.709258
   1.214      0.708166
   1.218      0.707072
   1.222      0.705977
   1.225      0.704879
   1.229      0.703780
   1.233      0.702678
   1.237      0.701575
   1.241      0.700471
   1.245      0.699364
   1.249      0.698256
   1.253      0.697147
   1.257      0.696036
   1.261      0.694923
   1.264      0.693810
   1.268      0.692694
   1.272      0.691578
   1.276      0.690460
   1.280      0.689341
   1.284      0.688221
   1.288      0.687100
   1.292      0.685978
   1.296      0.684855
   1.300      0.683730
   1.303      0.682605
   1.307      0.681479
   1.311      0.680353
   1.315      0.679225
   1.319      0.678097
   1.323      0.676968
   1.327      0.675838
   1.331      0.674708
   1.335      0.673577
   1.339      0.672445
   1.343      0.671314
   1.346      0.670181
   1.350      0.669049
   1.354      0.667916
   1.358      0.666782
   1.362      0.665648
   1.366      0.664515
   1.370      0.663380
   1.374      0.662246
   1.378      0.661112
   1.382      0.659977
   1.385      0.658843
   1.389      0.657708
   1.393      0.656574
   1.397      0.655439
   1.401      0.654305
   1.405      0.653170
   1.409      0.652036
   1.413      0.650902
   1.417      0.649769
   1.421      0.648635
   1.424      0.647502
   1.428      0.646370
   1.432      0.645237
   1.436      0.644105
   1.440      0.642974
   1.444      0.641843
   1.448      0.640712
   1.452      0.639582
   1.456      0.638452
   1.460      0.637323
   1.464      0.636195
   1.467      0.635068
   1.471      0.633941
   1.475      0.632814
   1.479      0.631689
   1.483      0.630564
   1.487      0.629440
   1.491      0.628317
   1.495      0.627194
   1.499      0.626073
   1.503      0.624952
   1.506      0.623833
   1.510      0.622714
   1.514      0.621596
   1.518      0.620479
   1.522      0.619364
   1.526      0.618249
   1.530      0.617136
   1.534      0.616023
   1.538      0.614912
   1.542      0.613801
   1.545      0.612692
   1.549      0.611584
   1.553      0.610478
   1.557      0.609372
   1.561      0.608268
   1.565      0.607165
   1.569      0.606064
   1.573      0.604963
   1.577      0.603864
   1.581      0.602767
   1.584      0.601670
   1.588      0.600576
   1.592      0.599482
   1.596      0.598390
   1.600      0.597300
   1.604      0.596210
   1.608      0.595123
   1.612      0.594037
   1.616      0.592952
   1.620      0.591869
   1.624      0.590788
   1.627      0.589708
   1.631      0.588630
   1.635      0.587553
   1.639      0.586478
   1.643      0.585404
   1.647      0.584333
   1.651      0.583262
   1.655      0.582194
   1.659      0.581127
   1.663      0.580062
   1.666      0.578999
   1.670      0.577937
   1.674      0.576878
   1.678      0.575820
   1.682      0.574763
   1.686      0.573709
   1.690      0.572656
   1.694      0.571605
   1.698      0.570556
   1.702      0.569509
   1.705      0.568464
   1.709      0.567421
   1.713      0.566379
   1.717      0.565339
   1.721      0.564302
   1.725      0.563266
   1.729      0.562232
   1.733      0.561200
   1.737      0.560170
   1.741      0.559142
   1.744      0.558116
   1.748      0.557091
   1.752      0.556069
   1.756      0.555049
   1.760      0.554031
   1.764      0.553015
   1.768      0.552000
   1.772      0.550988
   1.776      0.549978
   1.780      0.548970
   1.784      0.547964
   1.787      0.546960
   1.791      0.545958
   1.795      0.544958
   1.799      0.543960
   1.803      0.542965
   1.807      0.541971
   1.811      0.540979
   1.815      0.539990
   1.819      0.539003
   1.823      0.538018
   1.826      0.537034
   1.830      0.536054
   1.834      0.535075
   1.838      0.534098
   1.842      0.533123
   1.846      0.532151
   1.850      0.531181
   1.854      0.530213
   1.858      0.529247
   1.862      0.528283
   1.865      0.527322
   1.869      0.526362
   1.873      0.525405
   1.877      0.524450
   1.881      0.523497
   1.885      0.522546
   1.889      0.521598
   1.893      0.520652
   1.897      0.519707
   1.901      0.518766
   1.905      0.517826
   1.908      0.516888
   1.912      0.515953
   1.916      0.515020
   1.920      0.514089
   1.924      0.513161
   1.928      0.512234
   1.932      0.511310
   1.936      0.510388
   1.940      0.509468
   1.944      0.508551
   1.947      0.507636
   1.951      0.506723
   1.955      0.505812
   1.959      0.504903
   1.963      0.503997
   1.967      0.503093
   1.971      0.502191
   1.975      0.501291
   1.979      0.500394
   1.983      0.499499
   1.986      0.498606
   1.990      0.497715
   1.994      0.496827
   1.998      0.495940
   2.002      0.495056
   2.006      0.494175
   2.010      0.493295
   2.014      0.492418
   2.018      0.491543
   2.022      0.490670
   2.025      0.489800
   2.029      0.488931
   2.033      0.488065
   2.037      0.487201
   2.041      0.486340
   2.045      0.485481
   2.049      0.484623
   2.053      0.483769
   2.057      0.482916
   2.061      0.482065
   2.065      0.481217
   2.068      0.480371
   2.072      0.479528
   2.076      0.478686
   2.080      0.477847
   2.084      0.477010
   2.088      0.476175
   2.092      0.475342
   2.096      0.474512
   2.100      0.473684
   2.104      0.472858
   2.107      0.472034
   2.111      0.471212
   2.115      0.470393
   2.119      0.469576
   2.123      0.468761
   2.127      0.467948
   2.131      0.467137
   2.135      0.466329
   2.139      0.465523
   2.143      0.464719
   2.146      0.463917
   2.150      0.463117
   2.154      0.462320
   2.158      0.461525
   2.162      0.460731
   2.166      0.459941
   2.170      0.459152
   2.174      0.458365
   2.178      0.457581
   2.182      0.456798
   2.186      0.456018
   2.189      0.455240
   2.193      0.454465
   2.197      0.453691
   2.201      0.452919
   2.205      0.452150
   2.209      0.451383
   2.213      0.450618
   2.217      0.449855
   2.221      0.449094
   2.225      0.448335
   2.228      0.447578
   2.232      0.446824
   2.236      0.446071
   2.240      0.445321
   2.244      0.444573
   2.248      0.443827
   2.252      0.443083
   2.256      0.442341
   2.260      0.441601
   2.264      0.440863
   2.267      0.440127
   2.271      0.439394
   2.275      0.438662
   2.279      0.437933
   2.283      0.437205
   2.287      0.436480
   2.291      0.435757
   2.295      0.435036
   2.299      0.434316
   2.303      0.433599
   2.306      0.432884
   2.310      0.432171
   2.314      0.431460
   2.318      0.430751
   2.322      0.430044
   2.326      0.429339
   2.330      0.428636
   2.334      0.427935
   2.338      0.427236
   2.342      0.426539
   2.346      0.425844
   2.349      0.425151
   2.353      0.424460
   2.357      0.423770
   2.361      0.423083
   2.365      0.422398
   2.369      0.421715
   2.373      0.421034
   2.377      0.420354
   2.381      0.419677
   2.385      0.419002
   2.388      0.418328
   2.392      0.417657
   2.396      0.416987
   2.400      0.416319
   2.404      0.415654
   2.408      0.414990
   2.412      0.414328
   2.416      0.413668
   2.420      0.413010
   2.424      0.412354
   2.427      0.411699
   2.431      0.411047
   2.435      0.410396
   2.439      0.409747
   2.443      0.409100
   2.447      0.408455
   2.451      0.407812
   2.455      0.407171
   2.459      0.406532
   2.463      0.405894
   2.466      0.405258
   2.470      0.404624
   2.474      0.403992
   2.478      0.403362
   2.482      0.402733
   2.486      0.402107
   2.490      0.401482
   2.494      0.400859
   2.498      0.400238
   2.502      0.399618
   2.506      0.399000
   2.509      0.398384
   2.513      0.397770
   2.517      0.397158
   2.521      0.396547
   2.525      0.395939
   2.529      0.395331
   2.533      0.394726
   2.537      0.394122
   2.541      0.393521
   2.545      0.392920
   2.548      0.392322
   2.552      0.391725
   2.556      0.391130
   2.560      0.390537
   2.564      0.389946
   2.568      0.389356
   2.572      0.388767
   2.576      0.388181
   2.580      0.387596
   2.584      0.387013
   2.587      0.386432
   2.591      0.385852
   2.595      0.385274
   2.599      0.384697
   2.603      0.384122
   2.607      0.383549
   2.611      0.382978
   2.615      0.382408
   2.619      0.381840
   2.623      0.381273
   2.627      0.380708
   2.630      0.380144
   2.634      0.379583
   2.638      0.379023
   2.642      0.378464
   2.646      0.377907
   2.650      0.377351
   2.654      0.376798
   2.658      0.376245
   2.662      0.375695
   2.666      0.375146
   2.669      0.374598
   2.673      0.374052
   2.677      0.373508
   2.681      0.372965
   2.685      0.372423
   2.689      0.371883
   2.693      0.371345
   2.697      0.370808
   2.701      0.370273
   2.705      0.369739
   2.708      0.369207
   2.712      0.368676
   2.716      0.368147
   2.720      0.367619
   2.724      0.367093
   2.728      0.366568
   2.732      0.366045
   2.736      0.365523
   2.740      0.365003
   2.744      0.364484
   2.747      0.363966
   2.751      0.363450
   2.755      0.362936
   2.759      0.362423
   2.763      0.361911
   2.767      0.361401
   2.771      0.360892
   2.775      0.360384
   2.779      0.359878
   2.783      0.359374
   2.787      0.358870
   2.790      0.358369
   2.794      0.357868
   2.798      0.357369
   2.802      0.356872
   2.806      0.356375
   2.810      0.355880
   2.814      0.355387
   2.818      0.354895
   2.822      0.354404
   2.826      0.353914
   2.829      0.353426
   2.833      0.352939
   2.837      0.352454
   2.841      0.351970
   2.845      0.351487
   2.849      0.351006
   2.853      0.350525
   2.857      0.350047
   2.861      0.349569
   2.865      0.349093
   2.868      0.348618
   2.872      0.348144
   2.876      0.347672
   2.880      0.347201
   2.884      0.346731
   2.888      0.346262
   2.892      0.345795
   2.896      0.345329
   2.900      0.344864
   2.904      0.344401
   2.907      0.343938
   2.911      0.343477
   2.915      0.343018
   2.919      0.342559
   2.923      0.342102
   2.927      0.341646
   2.931      0.341191
   2.935      0.340737
   2.939      0.340284
   2.943      0.339833
   2.947      0.339383
   2.950      0.338934
   2.954      0.338486
   2.958      0.338040
   2.962      0.337594
   2.966      0.337150
   2.970      0.336707
   2.974      0.336265
   2.978      0.335825
   2.982      0.335385
   2.986      0.334947
   2.989      0.334509
   2.993      0.334073
   2.997      0.333638
   3.001      0.333204
   3.005      0.332772
   3.009      0.332340
   3.013      0.331910
   3.017      0.331480
   3.021      0.331052
   3.025      0.330625
   3.028      0.330199
   3.032      0.329774
   3.036      0.329350
   3.040      0.328927
   3.044      0.328505
   3.048      0.328085
   3.052      0.327665
   3.056      0.327247
   3.060      0.326829
   3.064      0.326413
   3.068      0.325998
   3.071      0.325583
   3.075      0.325170
   3.079      0.324758
   3.083      0.324347
   3.087      0.323937
   3.091      0.323528
   3.095      0.323120
   3.099      0.322713
   3.103      0.322307
   3.107      0.321902
   3.110      0.321498
   3.114      0.321095
   3.118      0.320694
   3.122      0.320293
