   0.000     -0.000608
   0.004      0.000304
   0.008      0.001216
   0.012      0.002735
   0.016      0.004862
   0.020      0.007594
   0.024      0.010932
   0.028      0.014874
   0.031      0.019419
   0.035      0.024565
   0.039      0.030311
   0.043      0.036653
   0.047      0.043591
   0.051      0.051121
   0.055      0.059242
   0.059      0.067949
   0.063      0.077241
   0.067      0.087113
   0.071      0.097563
   0.075      0.108586
   0.079      0.120179
   0.083      0.132338
   0.087      0.145058
   0.090      0.158335
   0.094      0.172164
   0.098      0.186541
   0.102      0.201460
   0.106      0.216916
   0.110      0.232903
   0.114      0.249417
   0.118      0.266450
   0.122      0.283998
   0.126      0.302054
   0.130      0.320611
   0.134      0.339663
   0.138      0.359204
   0.142      0.379226
   0.146      0.399722
   0.149      0.420686
   0.153      0.442109
   0.157      0.463985
   0.161      0.486305
   0.165      0.509061
   0.169      0.532247
   0.173      0.555852
   0.177      0.579870
   0.181      0.604292
   0.185      0.629108
   0.189      0.654311
   0.193      0.679892
   0.197      0.705841
   0.201      0.732149
   0.205      0.758808
   0.208      0.785807
   0.212      0.813137
   0.216      0.840789
   0.220      0.868754
   0.224      0.897020
   0.228      0.925578
   0.232      0.954419
   0.236      0.983532
   0.240      1.012906
   0.244      1.042533
   0.248      1.072400
   0.252      1.102499
   0.256      1.132818
   0.260      1.163346
   0.264      1.194074
   0.267      1.224990
   0.271      1.256084
   0.275      1.287345
   0.279      1.318762
   0.283      1.350324
   0.287      1.382020
   0.291      1.413839
   0.295      1.445771
   0.299      1.477804
   0.303      1.509927
   0.307      1.542129
   0.311      1.574399
   0.315      1.606727
   0.319      1.639100
   0.323      1.671508
   0.326      1.703940
   0.330      1.736385
   0.334      1.768832
   0.338      1.801269
   0.342      1.833686
   0.346      1.866073
   0.350      1.898417
   0.354      1.930708
   0.358      1.962936
   0.362      1.995090
   0.366      2.027158
   0.370      2.059131
   0.374      2.090997
   0.378      2.122747
   0.382      2.154369
   0.385      2.185854
   0.389      2.217191
   0.393      2.248370
   0.397      2.279380
   0.401      2.310213
   0.405      2.340858
   0.409      2.371305
   0.413      2.401545
   0.417      2.431568
   0.421      2.461364
   0.425      2.490925
   0.429      2.520241
   0.433      2.549303
   0.437      2.578102
   0.441      2.606630
   0.444      2.634877
   0.448      2.662835
   0.452      2.690496
   0.456      2.717852
   0.460      2.744895
   0.464      2.771616
   0.468      2.798008
   0.472      2.824064
   0.476      2.849776
   0.480      2.875136
   0.484      2.900139
   0.488      2.924776
   0.492      2.949041
   0.496      2.972929
   0.500      2.996431
   0.503      3.019543
   0.507      3.042258
   0.511      3.064571
   0.515      3.086475
   0.519      3.107966
   0.523      3.129039
   0.527      3.149687
   0.531      3.169908
   0.535      3.189695
   0.539      3.209045
   0.543      3.227953
   0.547      3.246416
   0.551      3.264429
   0.555      3.281990
   0.559      3.299094
   0.562      3.315738
   0.566      3.331921
   0.570      3.347637
   0.574      3.362886
   0.578      3.377665
   0.582      3.391972
   0.586      3.405804
   0.590      3.419161
   0.594      3.432040
   0.598      3.444440
   0.602      3.456360
   0.606      3.467799
   0.610      3.478757
   0.614      3.489233
   0.618      3.499226
   0.621      3.508736
   0.625      3.517764
   0.629      3.526310
   0.633      3.534374
   0.637      3.541957
   0.641      3.549060
   0.645      3.555683
   0.649      3.561829
   0.653      3.567497
   0.657      3.572691
   0.661      3.577411
   0.665      3.581659
   0.669      3.585438
   0.673      3.588751
   0.677      3.591598
   0.680      3.593983
   0.684      3.595909
   0.688      3.597378
   0.692      3.598394
   0.696      3.598960
   0.700      3.599079
   0.704      3.598755
   0.708      3.597991
   0.712      3.596791
   0.716      3.595159
   0.720      3.593100
   0.724      3.590616
   0.728      3.587713
   0.732      3.584395
   0.736      3.580667
   0.739      3.576533
   0.743      3.571998
   0.747      3.567066
   0.751      3.561744
   0.755      3.556035
   0.759      3.549946
   0.763      3.543481
   0.767      3.536645
   0.771      3.529445
   0.775      3.521885
   0.779      3.513971
   0.783      3.505709
   0.787      3.497105
   0.791      3.488164
   0.795      3.478892
   0.798      3.469295
   0.802      3.459379
   0.806      3.449150
   0.810      3.438614
   0.814      3.427777
   0.818      3.416646
   0.822      3.405226
   0.826      3.393523
   0.830      3.381544
   0.834      3.369295
   0.838      3.356783
   0.842      3.344013
   0.846      3.330991
   0.850      3.317725
   0.854      3.304220
   0.857      3.290483
   0.861      3.276519
   0.865      3.262336
   0.869      3.247939
   0.873      3.233335
   0.877      3.218530
   0.881      3.203530
   0.885      3.188342
   0.889      3.172971
   0.893      3.157424
   0.897      3.141707
   0.901      3.125825
   0.905      3.109786
   0.909      3.093595
   0.913      3.077258
   0.916      3.060781
   0.920      3.044169
   0.924      3.027430
   0.928      3.010568
   0.932      2.993590
   0.936      2.976500
   0.940      2.959305
   0.944      2.942011
   0.948      2.924622
   0.952      2.907145
   0.956      2.889585
   0.960      2.871946
   0.964      2.854235
   0.968      2.836457
   0.972      2.818616
   0.975      2.800718
   0.979      2.782769
   0.983      2.764772
   0.987      2.746732
   0.991      2.728656
   0.995      2.710546
   0.999      2.692409
   1.003      2.674247
   1.007      2.656067
   1.011      2.637873
   1.015      2.619668
   1.019      2.601457
   1.023      2.583245
   1.027      2.565035
   1.031      2.546831
   1.034      2.528638
   1.038      2.510458
   1.042      2.492297
   1.046      2.474158
   1.050      2.456044
   1.054      2.437959
   1.058      2.419906
   1.062      2.401889
   1.066      2.383912
   1.070      2.365976
   1.074      2.348086
   1.078      2.330245
   1.082      2.312455
   1.086      2.294719
   1.090      2.277041
   1.093      2.259423
   1.097      2.241868
   1.101      2.224378
   1.105      2.206956
   1.109      2.189604
   1.113      2.172325
   1.117      2.155120
   1.121      2.137993
   1.125      2.120946
   1.129      2.103979
   1.133      2.087096
   1.137      2.070299
   1.141      2.053589
   1.145      2.036967
   1.149      2.020437
   1.152      2.003998
   1.156      1.987654
   1.160      1.971405
   1.164      1.955253
   1.168      1.939200
   1.172      1.923246
   1.176      1.907393
   1.180      1.891643
   1.184      1.875995
   1.188      1.860452
   1.192      1.845014
   1.196      1.829683
   1.200      1.814459
   1.204      1.799343
   1.208      1.784336
   1.211      1.769438
   1.215      1.754651
   1.219      1.739975
   1.223      1.725411
   1.227      1.710958
   1.231      1.696619
   1.235      1.682392
   1.239      1.668279
   1.243      1.654279
   1.247      1.640394
   1.251      1.626624
   1.255      1.612967
   1.259      1.599426
   1.263      1.586000
   1.267      1.572689
   1.270      1.559492
   1.274      1.546411
   1.278      1.533446
   1.282      1.520595
   1.286      1.507859
   1.290      1.495238
   1.294      1.482733
   1.298      1.470341
   1.302      1.458064
   1.306      1.445901
   1.310      1.433852
   1.314      1.421917
   1.318      1.410095
   1.322      1.398386
   1.326      1.386790
   1.329      1.375305
   1.333      1.363933
   1.337      1.352671
   1.341      1.341521
   1.345      1.330481
   1.349      1.319551
   1.353      1.308730
   1.357      1.298017
   1.361      1.287413
   1.365      1.276917
   1.369      1.266528
   1.373      1.256245
   1.377      1.246068
   1.381      1.235996
   1.385      1.226028
   1.388      1.216164
   1.392      1.206404
   1.396      1.196746
   1.400      1.187189
   1.404      1.177733
   1.408      1.168378
   1.412      1.159122
   1.416      1.149965
   1.420      1.140906
   1.424      1.131944
   1.428      1.123078
   1.432      1.114309
   1.436      1.105634
   1.440      1.097053
   1.444      1.088565
   1.447      1.080169
   1.451      1.071866
   1.455      1.063653
   1.459      1.055530
   1.463      1.047496
   1.467      1.039551
   1.471      1.031692
   1.475      1.023921
   1.479      1.016235
   1.483      1.008635
   1.487      1.001118
   1.491      0.993685
   1.495      0.986334
   1.499      0.979064
   1.503      0.971876
   1.506      0.964767
   1.510      0.957737
   1.514      0.950786
   1.518      0.943911
   1.522      0.937113
   1.526      0.930391
   1.530      0.923744
   1.534      0.917170
   1.538      0.910670
   1.542      0.904242
   1.546      0.897885
   1.550      0.891599
   1.554      0.885383
   1.558      0.879235
   1.562      0.873156
   1.565      0.867144
   1.569      0.861199
   1.573      0.855319
   1.577      0.849504
   1.581      0.843753
   1.585      0.838066
   1.589      0.832441
   1.593      0.826877
   1.597      0.821374
   1.601      0.815932
   1.605      0.810549
   1.609      0.805224
   1.613      0.799957
   1.617      0.794747
   1.621      0.789594
   1.624      0.784496
   1.628      0.779452
   1.632      0.774463
   1.636      0.769527
   1.640      0.764643
   1.644      0.759812
   1.648      0.755031
   1.652      0.750301
   1.656      0.745620
   1.660      0.740989
   1.664      0.736406
   1.668      0.731870
   1.672      0.727381
   1.676      0.722939
   1.680      0.718542
   1.683      0.714190
   1.687      0.709882
   1.691      0.705618
   1.695      0.701397
   1.699      0.697218
   1.703      0.693081
   1.707      0.688985
   1.711      0.684929
   1.715      0.680913
   1.719      0.676937
   1.723      0.672999
   1.727      0.669099
   1.731      0.665237
   1.735      0.661412
   1.739      0.657623
   1.742      0.653869
   1.746      0.650151
   1.750      0.646468
   1.754      0.642819
   1.758      0.639203
   1.762      0.635620
   1.766      0.632070
   1.770      0.628552
   1.774      0.625066
   1.778      0.621611
   1.782      0.618186
   1.786      0.614791
   1.790      0.611426
   1.794      0.608090
   1.798      0.604783
   1.801      0.601503
   1.805      0.598252
   1.809      0.595028
   1.813      0.591831
   1.817      0.588660
   1.821      0.585516
   1.825      0.582397
   1.829      0.579303
   1.833      0.576234
   1.837      0.573189
   1.841      0.570169
   1.845      0.567172
   1.849      0.564199
   1.853      0.561248
   1.857      0.558320
   1.860      0.555415
   1.864      0.552531
   1.868      0.549669
   1.872      0.546828
   1.876      0.544008
   1.880      0.541208
   1.884      0.538429
   1.888      0.535670
   1.892      0.532931
   1.896      0.530211
   1.900      0.527510
   1.904      0.524828
   1.908      0.522164
   1.912      0.519519
   1.916      0.516892
   1.919      0.514283
   1.923      0.511691
   1.927      0.509117
   1.931      0.506560
   1.935      0.504020
   1.939      0.501496
   1.943      0.498989
   1.947      0.496498
   1.951      0.494023
   1.955      0.491564
   1.959      0.489121
   1.963      0.486693
   1.967      0.484280
   1.971      0.481882
   1.975      0.479500
   1.978      0.477132
   1.982      0.474779
   1.986      0.472440
   1.990      0.470116
   1.994      0.467805
   1.998      0.465509
   2.002      0.463227
   2.006      0.460958
   2.010      0.458703
   2.014      0.456461
   2.018      0.454233
   2.022      0.452018
   2.026      0.449816
   2.030      0.447628
   2.034      0.445452
   2.037      0.443289
   2.041      0.441138
   2.045      0.439001
   2.049      0.436875
   2.053      0.434762
   2.057      0.432662
   2.061      0.430573
   2.065      0.428497
   2.069      0.426433
   2.073      0.424381
   2.077      0.422340
   2.081      0.420312
   2.085      0.418295
   2.089      0.416290
   2.093      0.414296
   2.096      0.412314
   2.100      0.410343
   2.104      0.408383
   2.108      0.406435
   2.112      0.404498
   2.116      0.402571
   2.120      0.400656
   2.124      0.398752
   2.128      0.396858
   2.132      0.394975
   2.136      0.393103
   2.140      0.391242
   2.144      0.389391
   2.148      0.387550
   2.152      0.385720
   2.155      0.383900
   2.159      0.382091
   2.163      0.380291
   2.167      0.378502
   2.171      0.376723
   2.175      0.374953
   2.179      0.373194
   2.183      0.371444
   2.187      0.369704
   2.191      0.367974
   2.195      0.366253
   2.199      0.364542
   2.203      0.362840
   2.207      0.361148
   2.211      0.359465
   2.214      0.357792
   2.218      0.356127
   2.222      0.354472
   2.226      0.352826
   2.230      0.351189
   2.234      0.349561
   2.238      0.347942
   2.242      0.346332
   2.246      0.344730
   2.250      0.343137
   2.254      0.341553
   2.258      0.339978
   2.262      0.338411
   2.266      0.336852
   2.270      0.335302
   2.273      0.333761
   2.277      0.332227
   2.281      0.330702
   2.285      0.329186
   2.289      0.327677
   2.293      0.326177
   2.297      0.324684
   2.301      0.323200
   2.305      0.321723
   2.309      0.320255
   2.313      0.318794
   2.317      0.317341
   2.321      0.315896
   2.325      0.314458
   2.329      0.313028
   2.332      0.311606
   2.336      0.310191
   2.340      0.308784
   2.344      0.307384
   2.348      0.305992
   2.352      0.304607
   2.356      0.303229
   2.360      0.301858
   2.364      0.300495
   2.368      0.299139
   2.372      0.297790
   2.376      0.296448
   2.380      0.295113
   2.384      0.293784
   2.388      0.292463
   2.391      0.291149
   2.395      0.289842
   2.399      0.288541
   2.403      0.287247
   2.407      0.285960
   2.411      0.284679
   2.415      0.283406
   2.419      0.282138
   2.423      0.280877
   2.427      0.279623
   2.431      0.278375
   2.435      0.277134
   2.439      0.275899
   2.443      0.274670
   2.447      0.273447
   2.450      0.272231
   2.454      0.271021
   2.458      0.269817
   2.462      0.268620
   2.466      0.267428
   2.470      0.266242
   2.474      0.265063
   2.478      0.263889
   2.482      0.262721
   2.486      0.261560
   2.490      0.260404
   2.494      0.259254
   2.498      0.258109
   2.502      0.256971
   2.506      0.255838
   2.509      0.254711
   2.513      0.253589
   2.517      0.252473
   2.521      0.251363
   2.525      0.250258
   2.529      0.249159
   2.533      0.248065
   2.537      0.246977
   2.541      0.245894
   2.545      0.244816
   2.549      0.243744
   2.553      0.242677
   2.557      0.241615
   2.561      0.240559
   2.565      0.239507
   2.568      0.238461
   2.572      0.237420
   2.576      0.236385
   2.580      0.235354
   2.584      0.234328
   2.588      0.233307
   2.592      0.232292
   2.596      0.231281
   2.600      0.230275
   2.604      0.229274
   2.608      0.228278
   2.612      0.227287
   2.616      0.226301
   2.620      0.225319
   2.624      0.224342
   2.627      0.223370
   2.631      0.222403
   2.635      0.221440
   2.639      0.220482
   2.643      0.219528
   2.647      0.218579
   2.651      0.217635
   2.655      0.216695
   2.659      0.215759
   2.663      0.214828
   2.667      0.213902
   2.671      0.212980
   2.675      0.212062
   2.679      0.211149
   2.683      0.210240
   2.686      0.209335
   2.690      0.208435
   2.694      0.207539
   2.698      0.206647
   2.702      0.205759
   2.706      0.204876
   2.710      0.203997
   2.714      0.203121
   2.718      0.202250
   2.722      0.201383
   2.726      0.200521
   2.730      0.199662
   2.734      0.198807
   2.738      0.197956
   2.742      0.197109
   2.745      0.196266
   2.749      0.195427
   2.753      0.194592
   2.757      0.193761
   2.761      0.192934
   2.765      0.192110
   2.769      0.191291
   2.773      0.190475
   2.777      0.189662
   2.781      0.188854
   2.785      0.188049
   2.789      0.187248
   2.793      0.186451
   2.797      0.185658
   2.801      0.184868
   2.804      0.184081
   2.808      0.183298
   2.812      0.182519
   2.816      0.181744
   2.820      0.180972
   2.824      0.180203
   2.828      0.179438
   2.832      0.178676
   2.836      0.177918
   2.840      0.177163
   2.844      0.176412
   2.848      0.175664
   2.852      0.174920
   2.856      0.174178
   2.860      0.173441
   2.863      0.172706
   2.867      0.171975
   2.871      0.171247
   2.875      0.170522
   2.879      0.169801
   2.883      0.169083
   2.887      0.168368
   2.891      0.167656
   2.895      0.166947
   2.899      0.166242
   2.903      0.165540
   2.907      0.164841
   2.911      0.164144
   2.915      0.163451
   2.919      0.162762
   2.922      0.162075
   2.926      0.161391
   2.930      0.160710
   2.934      0.160032
   2.938      0.159357
   2.942      0.158686
   2.946      0.158017
   2.950      0.157351
   2.954      0.156688
   2.958      0.156027
   2.962      0.155370
   2.966      0.154716
   2.970      0.154064
   2.974      0.153416
   2.978      0.152770
   2.981      0.152127
   2.985      0.151486
   2.989      0.150849
   2.993      0.150214
   2.997      0.149582
   3.001      0.148953
   3.005      0.148326
   3.009      0.147702
   3.013      0.147081
   3.017      0.146463
   3.021      0.145847
   3.025      0.145234
   3.029      0.144623
   3.033      0.144015
   3.037      0.143410
   3.040      0.142807
   3.044      0.142207
   3.048      0.141610
   3.052      0.141015
   3.056      0.140422
   3.060      0.139832
   3.064      0.139245
   3.068      0.138660
   3.072      0.138077
   3.076      0.137497
   3.080      0.136919
   3.084      0.136344
   3.088      0.135771
   3.092      0.135201
   3.096      0.134633
   3.099      0.134068
   3.103      0.133504
   3.107      0.132944
   3.111      0.132385
   3.115      0.131829
   3.119      0.131275
   3.123      0.130724
   3.127      0.130174
   3.131      0.129628
   3.135      0.129083
   3.139      0.128541
   3.143      0.128000
   3.147      0.127463
   3.151      0.126927
   3.155      0.126394
   3.158      0.125862
   3.162      0.125333
   3.166      0.124806
   3.170      0.124282
   3.174      0.123759
   3.178      0.123239
   3.182      0.122721
   3.186      0.122204
   3.190      0.121690
   3.194      0.121179
   3.198      0.120669
   3.202      0.120161
   3.206      0.119655
   3.210      0.119152
   3.214      0.118650
   3.217      0.118151
   3.221      0.117653
   3.225      0.117158
   3.229      0.116664
   3.233      0.116173
   3.237      0.115683
   3.241      0.115196
   3.245      0.114710
   3.249      0.114227
   3.253      0.113745
   3.257      0.113265
   3.261      0.112788
   3.265      0.112312
   3.269      0.111838
   3.273      0.111366
   3.276      0.110895
   3.280      0.110427
   3.284      0.109961
   3.288      0.109496
   3.292      0.109033
   3.296      0.108573
   3.300      0.108113
   3.304      0.107656
   3.308      0.107201
   3.312      0.106747
   3.316      0.106295
   3.320      0.105845
   3.324      0.105397
   3.328      0.104950
   3.332      0.104506
   3.335      0.104063
   3.339      0.103621
   3.343      0.103182
   3.347      0.102744
   3.351      0.102308
   3.355      0.101874
   3.359      0.101441
   3.363      0.101010
   3.367      0.100580
   3.371      0.100153
   3.375      0.099727
   3.379      0.099302
   3.383      0.098880
   3.387      0.098459
   3.391      0.098039
   3.394      0.097621
   3.398      0.097205
   3.402      0.096790
   3.406      0.096377
   3.410      0.095966
   3.414      0.095556
   3.418      0.095148
   3.422      0.094741
   3.426      0.094336
   3.430      0.093932
   3.434      0.093530
   3.438      0.093130
   3.442      0.092731
   3.446      0.092333
   3.450      0.091937
   3.453      0.091543
   3.457      0.091150
   3.461      0.090758
   3.465      0.090368
   3.469      0.089980
   3.473      0.089593
   3.477      0.089207
   3.481      0.088823
   3.485      0.088440
   3.489      0.088059
   3.493      0.087679
   3.497      0.087301
   3.501      0.086924
   3.505      0.086548
   3.509      0.086174
   3.512      0.085801
   3.516      0.085430
   3.520      0.085060
   3.524      0.084691
   3.528      0.084324
   3.532      0.083958
   3.536      0.083593
   3.540      0.083230
   3.544      0.082868
   3.548      0.082508
   3.552      0.082149
   3.556      0.081791
   3.560      0.081434
   3.564      0.081079
   3.568      0.080725
   3.571      0.080372
   3.575      0.080021
   3.579      0.079671
   3.583      0.079322
   3.587      0.078975
   3.591      0.078628
   3.595      0.078283
   3.599      0.077940
   3.603      0.077597
   3.607      0.077256
   3.611      0.076916
   3.615      0.076577
   3.619      0.076240
   3.623      0.075903
   3.627      0.075568
   3.630      0.075234
   3.634      0.074902
   3.638      0.074570
   3.642      0.074240
   3.646      0.073911
   3.650      0.073583
   3.654      0.073256
   3.658      0.072931
   3.662      0.072606
   3.666      0.072283
   3.670      0.071961
   3.674      0.071640
   3.678      0.071320
   3.682      0.071001
   3.686      0.070684
   3.689      0.070367
   3.693      0.070052
   3.697      0.069738
   3.701      0.069425
   3.705      0.069113
   3.709      0.068802
   3.713      0.068492
   3.717      0.068183
   3.721      0.067876
   3.725      0.067569
   3.729      0.067264
   3.733      0.066959
   3.737      0.066656
   3.741      0.066354
   3.745      0.066052
   3.748      0.065752
   3.752      0.065453
   3.756      0.065155
   3.760      0.064858
   3.764      0.064562
   3.768      0.064267
   3.772      0.063973
   3.776      0.063680
   3.780      0.063388
   3.784      0.063097
   3.788      0.062807
   3.792      0.062518
   3.796      0.062230
   3.800      0.061943
   3.804      0.061657
   3.807      0.061372
   3.811      0.061088
   3.815      0.060805
   3.819      0.060522
   3.823      0.060241
   3.827      0.059961
   3.831      0.059682
   3.835      0.059403
   3.839      0.059126
   3.843      0.058850
   3.847      0.058574
   3.851      0.058299
   3.855      0.058026
   3.859      0.057753
   3.863      0.057481
   3.866      0.057210
   3.870      0.056940
   3.874      0.056671
   3.878      0.056403
   3.882      0.056136
   3.886      0.055869
   3.890      0.055604
   3.894      0.055339
   3.898      0.055075
   3.902      0.054812
   3.906      0.054550
   3.910      0.054289
   3.914      0.054029
   3.918      0.053769
   3.922      0.053511
   3.925      0.053253
   3.929      0.052996
   3.933      0.052740
   3.937      0.052485
   3.941      0.052230
   3.945      0.051977
   3.949      0.051724
   3.953      0.051472
   3.957      0.051221
   3.961      0.050971
   3.965      0.050721
   3.969      0.050473
   3.973      0.050225
   3.977      0.049978
   3.981      0.049731
   3.984      0.049486
   3.988      0.049241
   3.992      0.048997
   3.996      0.048754
   4.000      0.048512
   4.004      0.048270
   4.008      0.048030
   4.012      0.047790
   4.016      0.047550
   4.020      0.047312
   4.024      0.047074
   4.028      0.046837
   4.032      0.046601
   4.036      0.046365
   4.040      0.046131
   4.043      0.045897
   4.047      0.045663
   4.051      0.045431
   4.055      0.045199
   4.059      0.044968
   4.063      0.044738
   4.067      0.044508
   4.071      0.044279
   4.075      0.044051
   4.079      0.043824
   4.083      0.043597
   4.087      0.043371
   4.091      0.043145
   4.095      0.042921
   4.099      0.042697
   4.102      0.042473
   4.106      0.042251
   4.110      0.042029
   4.114      0.041808
   4.118      0.041587
   4.122      0.041367
   4.126      0.041148
   4.130      0.040930
   4.134      0.040712
   4.138      0.040495
   4.142      0.040278
   4.146      0.040062
   4.150      0.039847
   4.154      0.039632
   4.158      0.039418
   4.161      0.039205
   4.165      0.038993
   4.169      0.038781
   4.173      0.038569
   4.177      0.038359
   4.181      0.038148
   4.185      0.037939
   4.189      0.037730
   4.193      0.037522
   4.197      0.037314
   4.201      0.037107
   4.205      0.036901
   4.209      0.036695
   4.213      0.036490
   4.217      0.036286
   4.220      0.036082
   4.224      0.035878
   4.228      0.035676
   4.232      0.035474
   4.236      0.035272
   4.240      0.035071
   4.244      0.034871
   4.248      0.034671
   4.252      0.034472
   4.256      0.034273
   4.260      0.034075
   4.264      0.033878
   4.268      0.033681
   4.272      0.033484
   4.276      0.033289
   4.279      0.033093
   4.283      0.032899
   4.287      0.032705
   4.291      0.032511
   4.295      0.032318
   4.299      0.032126
   4.303      0.031934
   4.307      0.031743
   4.311      0.031552
   4.315      0.031362
   4.319      0.031172
   4.323      0.030983
   4.327      0.030794
   4.331      0.030606
   4.335      0.030419
   4.338      0.030231
   4.342      0.030045
   4.346      0.029859
   4.350      0.029674
   4.354      0.029489
   4.358      0.029304
   4.362      0.029120
   4.366      0.028937
   4.370      0.028754
   4.374      0.028571
   4.378      0.028390
   4.382      0.028208
   4.386      0.028027
   4.390      0.027847
   4.394      0.027667
   4.397      0.027487
   4.401      0.027309
   4.405      0.027130
   4.409      0.026952
   4.413      0.026775
   4.417      0.026598
   4.421      0.026421
   4.425      0.026245
   4.429      0.026070
   4.433      0.025894
   4.437      0.025720
   4.441      0.025546
   4.445      0.025372
   4.449      0.025199
   4.453      0.025026
   4.456      0.024854
   4.460      0.024682
   4.464      0.024510
   4.468      0.024339
   4.472      0.024169
   4.476      0.023999
   4.480      0.023829
   4.484      0.023660
   4.488      0.023491
   4.492      0.023323
   4.496      0.023155
   4.500      0.022988
   4.504      0.022821
   4.508      0.022654
   4.512      0.022488
   4.515      0.022322
   4.519      0.022157
   4.523      0.021992
   4.527      0.021828
   4.531      0.021664
   4.535      0.021500
   4.539      0.021337
   4.543      0.021174
   4.547      0.021012
   4.551      0.020850
   4.555      0.020689
   4.559      0.020528
   4.563      0.020367
   4.567      0.020207
   4.571      0.020047
   4.574      0.019887
   4.578      0.019728
   4.582      0.019569
   4.586      0.019411
   4.590      0.019253
   4.594      0.019096
   4.598      0.018938
   4.602      0.018782
   4.606      0.018625
   4.610      0.018469
   4.614      0.018314
   4.618      0.018158
   4.622      0.018004
   4.626      0.017849
   4.630      0.017695
   4.633      0.017541
   4.637      0.017388
   4.641      0.017235
   4.645      0.017082
   4.649      0.016930
   4.653      0.016778
   4.657      0.016626
   4.661      0.016475
   4.665      0.016324
   4.669      0.016174
   4.673      0.016024
   4.677      0.015874
   4.681      0.015725
   4.685      0.015575
   4.689      0.015427
   4.692      0.015278
   4.696      0.015130
   4.700      0.014983
   4.704      0.014835
   4.708      0.014688
   4.712      0.014542
   4.716      0.014395
   4.720      0.014249
   4.724      0.014104
   4.728      0.013958
   4.732      0.013813
   4.736      0.013668
   4.740      0.013524
   4.744      0.013380
   4.748      0.013236
   4.751      0.013093
   4.755      0.012950
   4.759      0.012807
   4.763      0.012665
   4.767      0.012522
   4.771      0.012381
   4.775      0.012239
   4.779      0.012098
   4.783      0.011957
   4.787      0.011816
   4.791      0.011676
   4.795      0.011536
   4.799      0.011396
   4.803      0.011257
   4.807      0.011118
   4.810      0.010979
   4.814      0.010841
   4.818      0.010703
   4.822      0.010565
   4.826      0.010427
   4.830      0.010290
   4.834      0.010153
   4.838      0.010016
   4.842      0.009879
   4.846      0.009743
   4.850      0.009607
   4.854      0.009472
   4.858      0.009336
   4.862      0.009201
   4.866      0.009067
   4.869      0.008932
   4.873      0.008798
   4.877      0.008664
   4.881      0.008530
   4.885      0.008397
   4.889      0.008264
   4.893      0.008131
   4.897      0.007998
   4.901      0.007866
   4.905      0.007734
   4.909      0.007602
   4.913      0.007470
   4.917      0.007339
   4.921      0.007208
   4.925      0.007077
   4.928      0.006947
   4.932      0.006816
   4.936      0.006686
   4.940      0.006556
   4.944      0.006427
   4.948      0.006298
   4.952      0.006169
   4.956      0.006040
   4.960      0.005911
   4.964      0.005783
   4.968      0.005655
   4.972      0.005527
   4.976      0.005399
   4.980      0.005272
   4.984      0.005145
   4.987      0.005018
   4.991      0.004891
   4.995      0.004765
   4.999      0.004639
   5.003      0.004513
   5.007      0.004387
   5.011      0.004261
   5.015      0.004136
   5.019      0.004011
   5.023      0.003886
   5.027      0.003761
   5.031      0.003637
   5.035      0.003513
   5.039      0.003389
   5.043      0.003265
   5.046      0.003141
   5.050      0.003018
   5.054      0.002895
   5.058      0.002772
   5.062      0.002649
   5.066      0.002527
   5.070      0.002405
   5.074      0.002282
   5.078      0.002161
   5.082      0.002039
   5.086      0.001917
   5.090      0.001796
   5.094      0.001675
   5.098      0.001554
   5.102      0.001433
   5.105      0.001313
   5.109      0.001193
   5.113      0.001073
   5.117      0.000953
   5.121      0.000833
   5.125      0.000713
   5.129      0.000594
   5.133      0.000475
   5.137      0.000356
   5.141      0.000237
   5.145      0.000118
   5.149      0.000000
