   0.000      0.835258
   0.004      0.835257
   0.008      0.835257
   0.012      0.835257
   0.016      0.835257
   0.020      0.835257
   0.023      0.835257
   0.027      0.835257
   0.031      0.835257
   0.035      0.835257
   0.039      0.835257
   0.043      0.835257
   0.047      0.835257
   0.051      0.835257
   0.055      0.835257
   0.059      0.835257
   0.062      0.835257
   0.066      0.835256
   0.070      0.835256
   0.074      0.835256
   0.078      0.835255
   0.082      0.835255
   0.086      0.835254
   0.090      0.835253
   0.094      0.835253
   0.098      0.835252
   0.101      0.835251
   0.105      0.835250
   0.109      0.835249
   0.113      0.835247
   0.117      0.835246
   0.121      0.835244
   0.125      0.835242
   0.129      0.835240
   0.133      0.835238
   0.137      0.835236
   0.140      0.835233
   0.144      0.835230
   0.148      0.835227
   0.152      0.835224
   0.156      0.835220
   0.160      0.835217
   0.164      0.835212
   0.168      0.835208
   0.172      0.835203
   0.176      0.835198
   0.180      0.835193
   0.183      0.835187
   0.187      0.835181
   0.191      0.835174
   0.195      0.835167
   0.199      0.835159
   0.203      0.835152
   0.207      0.835143
   0.211      0.835134
   0.215      0.835125
   0.219      0.835115
   0.222      0.835104
   0.226      0.835093
   0.230      0.835082
   0.234      0.835069
   0.238      0.835056
   0.242      0.835043
   0.246      0.835029
   0.250      0.835014
   0.254      0.834998
   0.258      0.834981
   0.261      0.834964
   0.265      0.834946
   0.269      0.834927
   0.273      0.834908
   0.277      0.834887
   0.281      0.834866
   0.285      0.834843
   0.289      0.834820
   0.293      0.834796
   0.297      0.834771
   0.301      0.834744
   0.304      0.834717
   0.308      0.834689
   0.312      0.834659
   0.316      0.834628
   0.320      0.834596
   0.324      0.834563
   0.328      0.834529
   0.332      0.834493
   0.336      0.834457
   0.340      0.834418
   0.343      0.834379
   0.347      0.834338
   0.351      0.834295
   0.355      0.834252
   0.359      0.834206
   0.363      0.834159
   0.367      0.834111
   0.371      0.834061
   0.375      0.834009
   0.379      0.833956
   0.382      0.833901
   0.386      0.833844
   0.390      0.833785
   0.394      0.833725
   0.398      0.833663
   0.402      0.833599
   0.406      0.833533
   0.410      0.833465
   0.414      0.833395
   0.418      0.833323
   0.421      0.833248
   0.425      0.833172
   0.429      0.833094
   0.433      0.833013
   0.437      0.832930
   0.441      0.832845
   0.445      0.832757
   0.449      0.832668
   0.453      0.832575
   0.457      0.832480
   0.461      0.832383
   0.464      0.832283
   0.468      0.832181
   0.472      0.832076
   0.476      0.831968
   0.480      0.831857
   0.484      0.831744
   0.488      0.831628
   0.492      0.831509
   0.496      0.831387
   0.500      0.831262
   0.503      0.831134
   0.507      0.831003
   0.511      0.830869
   0.515      0.830732
   0.519      0.830592
   0.523      0.830448
   0.527      0.830301
   0.531      0.830151
   0.535      0.829997
   0.539      0.829840
   0.542      0.829680
   0.546      0.829515
   0.550      0.829348
   0.554      0.829176
   0.558      0.829001
   0.562      0.828822
   0.566      0.828640
   0.570      0.828453
   0.574      0.828263
   0.578      0.828069
   0.581      0.827870
   0.585      0.827668
   0.589      0.827462
   0.593      0.827251
   0.597      0.827036
   0.601      0.826817
   0.605      0.826594
   0.609      0.826366
   0.613      0.826134
   0.617      0.825898
   0.621      0.825657
   0.624      0.825411
   0.628      0.825161
   0.632      0.824906
   0.636      0.824647
   0.640      0.824382
   0.644      0.824113
   0.648      0.823839
   0.652      0.823560
   0.656      0.823277
   0.660      0.822988
   0.663      0.822694
   0.667      0.822395
   0.671      0.822091
   0.675      0.821782
   0.679      0.821468
   0.683      0.821148
   0.687      0.820823
   0.691      0.820492
   0.695      0.820157
   0.699      0.819815
   0.702      0.819469
   0.706      0.819116
   0.710      0.818758
   0.714      0.818395
   0.718      0.818026
   0.722      0.817651
   0.726      0.817270
   0.730      0.816883
   0.734      0.816491
   0.738      0.816093
   0.742      0.815689
   0.745      0.815279
   0.749      0.814863
   0.753      0.814441
   0.757      0.814013
   0.761      0.813579
   0.765      0.813138
   0.769      0.812692
   0.773      0.812239
   0.777      0.811781
   0.781      0.811315
   0.784      0.810844
   0.788      0.810367
   0.792      0.809883
   0.796      0.809392
   0.800      0.808896
   0.804      0.808393
   0.808      0.807883
   0.812      0.807367
   0.816      0.806845
   0.820      0.806316
   0.823      0.805780
   0.827      0.805238
   0.831      0.804690
   0.835      0.804135
   0.839      0.803573
   0.843      0.803005
   0.847      0.802431
   0.851      0.801849
   0.855      0.801261
   0.859      0.800667
   0.862      0.800066
   0.866      0.799458
   0.870      0.798843
   0.874      0.798222
   0.878      0.797594
   0.882      0.796960
   0.886      0.796319
   0.890      0.795671
   0.894      0.795017
   0.898      0.794356
   0.902      0.793688
   0.905      0.793014
   0.909      0.792333
   0.913      0.791646
   0.917      0.790951
   0.921      0.790251
   0.925      0.789543
   0.929      0.788830
   0.933      0.788109
   0.937      0.787382
   0.941      0.786649
   0.944      0.785909
   0.948      0.785162
   0.952      0.784409
   0.956      0.783650
   0.960      0.782884
   0.964      0.782112
   0.968      0.781333
   0.972      0.780548
   0.976      0.779757
   0.980      0.778959
   0.983      0.778156
   0.987      0.777345
   0.991      0.776529
   0.995      0.775707
   0.999      0.774878
   1.003      0.774043
   1.007      0.773202
   1.011      0.772356
   1.015      0.771503
   1.019      0.770644
   1.023      0.769779
   1.026      0.768908
   1.030      0.768032
   1.034      0.767149
   1.038      0.766261
   1.042      0.765368
   1.046      0.764468
   1.050      0.763563
   1.054      0.762652
   1.058      0.761736
   1.062      0.760814
   1.065      0.759887
   1.069      0.758954
   1.073      0.758016
   1.077      0.757073
   1.081      0.756124
   1.085      0.755170
   1.089      0.754211
   1.093      0.753247
   1.097      0.752278
   1.101      0.751304
   1.104      0.750325
   1.108      0.749341
   1.112      0.748352
   1.116      0.747359
   1.120      0.746360
   1.124      0.745357
   1.128      0.744350
   1.132      0.743337
   1.136      0.742321
   1.140      0.741300
   1.143      0.740274
   1.147      0.739244
   1.151      0.738210
   1.155      0.737172
   1.159      0.736129
   1.163      0.735082
   1.167      0.734032
   1.171      0.732977
   1.175      0.731918
   1.179      0.730856
   1.183      0.729790
   1.186      0.728719
   1.190      0.727646
   1.194      0.726568
   1.198      0.725487
   1.202      0.724403
   1.206      0.723315
   1.210      0.722224
   1.214      0.721129
   1.218      0.720031
   1.222      0.718930
   1.225      0.717826
   1.229      0.716718
   1.233      0.715608
   1.237      0.714494
   1.241      0.713378
   1.245      0.712259
   1.249      0.711137
   1.253      0.710012
   1.257      0.708885
   1.261      0.707755
   1.264      0.706622
   1.268      0.705487
   1.272      0.704350
   1.276      0.703210
   1.280      0.702068
   1.284      0.700923
   1.288      0.699777
   1.292      0.698628
   1.296      0.697477
   1.300      0.696324
   1.303      0.695169
   1.307      0.694012
   1.311      0.692854
   1.315      0.691693
   1.319      0.690531
   1.323      0.689367
   1.327      0.688202
   1.331      0.687035
   1.335      0.685866
   1.339      0.684696
   1.343      0.683524
   1.346      0.682352
   1.350      0.681177
   1.354      0.680002
   1.358      0.678825
   1.362      0.677648
   1.366      0.676469
   1.370      0.675289
   1.374      0.674108
   1.378      0.672926
   1.382      0.671744
   1.385      0.670560
   1.389      0.669376
   1.393      0.668191
   1.397      0.667006
   1.401      0.665819
   1.405      0.664632
   1.409      0.663445
   1.413      0.662257
   1.417      0.661069
   1.421      0.659880
   1.424      0.658691
   1.428      0.657502
   1.432      0.656313
   1.436      0.655123
   1.440      0.653933
   1.444      0.652744
   1.448      0.651554
   1.452      0.650364
   1.456      0.649174
   1.460      0.647984
   1.464      0.646794
   1.467      0.645605
   1.471      0.644416
   1.475      0.643227
   1.479      0.642038
   1.483      0.640850
   1.487      0.639662
   1.491      0.638474
   1.495      0.637287
   1.499      0.636100
   1.503      0.634914
   1.506      0.633729
   1.510      0.632544
   1.514      0.631360
   1.518      0.630177
   1.522      0.628994
   1.526      0.627812
   1.530      0.626631
   1.534      0.625451
   1.538      0.624272
   1.542      0.623093
   1.545      0.621916
   1.549      0.620739
   1.553      0.619564
   1.557      0.618390
   1.561      0.617216
   1.565      0.616044
   1.569      0.614873
   1.573      0.613704
   1.577      0.612535
   1.581      0.611368
   1.584      0.610202
   1.588      0.609037
   1.592      0.607874
   1.596      0.606712
   1.600      0.605552
   1.604      0.604393
   1.608      0.603235
   1.612      0.602079
   1.616      0.600925
   1.620      0.599772
   1.624      0.598621
   1.627      0.597471
   1.631      0.596323
   1.635      0.595176
   1.639      0.594032
   1.643      0.592889
   1.647      0.591747
   1.651      0.590608
   1.655      0.589470
   1.659      0.588334
   1.663      0.587200
   1.666      0.586068
   1.670      0.584938
   1.674      0.583809
   1.678      0.582683
   1.682      0.581558
   1.686      0.580436
   1.690      0.579315
   1.694      0.578197
   1.698      0.577080
   1.702      0.575966
   1.705      0.574853
   1.709      0.573743
   1.713      0.572635
   1.717      0.571529
   1.721      0.570425
   1.725      0.569323
   1.729      0.568223
   1.733      0.567126
   1.737      0.566031
   1.741      0.564938
   1.744      0.563847
   1.748      0.562758
   1.752      0.561672
   1.756      0.560588
   1.760      0.559507
   1.764      0.558427
   1.768      0.557350
   1.772      0.556276
   1.776      0.555203
   1.780      0.554133
   1.784      0.553066
   1.787      0.552001
   1.791      0.550938
   1.795      0.549878
   1.799      0.548820
   1.803      0.547764
   1.807      0.546711
   1.811      0.545661
   1.815      0.544613
   1.819      0.543567
   1.823      0.542524
   1.826      0.541484
   1.830      0.540446
   1.834      0.539410
   1.838      0.538377
   1.842      0.537346
   1.846      0.536318
   1.850      0.535293
   1.854      0.534270
   1.858      0.533250
   1.862      0.532232
   1.865      0.531217
   1.869      0.530204
   1.873      0.529194
   1.877      0.528187
   1.881      0.527182
   1.885      0.526180
   1.889      0.525181
   1.893      0.524184
   1.897      0.523189
   1.901      0.522198
   1.905      0.521208
   1.908      0.520222
   1.912      0.519238
   1.916      0.518257
   1.920      0.517278
   1.924      0.516303
   1.928      0.515329
   1.932      0.514359
   1.936      0.513391
   1.940      0.512426
   1.944      0.511463
   1.947      0.510503
   1.951      0.509546
   1.955      0.508591
   1.959      0.507639
   1.963      0.506690
   1.967      0.505743
   1.971      0.504799
   1.975      0.503858
   1.979      0.502919
   1.983      0.501983
   1.986      0.501050
   1.990      0.500119
   1.994      0.499191
   1.998      0.498266
   2.002      0.497343
   2.006      0.496423
   2.010      0.495506
   2.014      0.494591
   2.018      0.493679
   2.022      0.492770
   2.025      0.491863
   2.029      0.490959
   2.033      0.490058
   2.037      0.489159
   2.041      0.488263
   2.045      0.487370
   2.049      0.486479
   2.053      0.485591
   2.057      0.484705
   2.061      0.483823
   2.065      0.482942
   2.068      0.482065
   2.072      0.481190
   2.076      0.480317
   2.080      0.479448
   2.084      0.478580
   2.088      0.477716
   2.092      0.476854
   2.096      0.475995
   2.100      0.475138
   2.104      0.474284
   2.107      0.473432
   2.111      0.472584
   2.115      0.471737
   2.119      0.470893
   2.123      0.470052
   2.127      0.469214
   2.131      0.468378
   2.135      0.467544
   2.139      0.466713
   2.143      0.465885
   2.146      0.465059
   2.150      0.464235
   2.154      0.463415
   2.158      0.462596
   2.162      0.461781
   2.166      0.460967
   2.170      0.460157
   2.174      0.459348
   2.178      0.458543
   2.182      0.457740
   2.186      0.456939
   2.189      0.456141
   2.193      0.455345
   2.197      0.454551
   2.201      0.453761
   2.205      0.452972
   2.209      0.452186
   2.213      0.451403
   2.217      0.450622
   2.221      0.449843
   2.225      0.449067
   2.228      0.448293
   2.232      0.447521
   2.236      0.446752
   2.240      0.445986
   2.244      0.445222
   2.248      0.444460
   2.252      0.443700
   2.256      0.442943
   2.260      0.442188
   2.264      0.441436
   2.267      0.440686
   2.271      0.439938
   2.275      0.439193
   2.279      0.438450
   2.283      0.437709
   2.287      0.436971
   2.291      0.436235
   2.295      0.435501
   2.299      0.434769
   2.303      0.434040
   2.306      0.433313
   2.310      0.432588
   2.314      0.431866
   2.318      0.431146
   2.322      0.430428
   2.326      0.429712
   2.330      0.428999
   2.334      0.428287
   2.338      0.427578
   2.342      0.426871
   2.346      0.426167
   2.349      0.425464
   2.353      0.424764
   2.357      0.424066
   2.361      0.423370
   2.365      0.422676
   2.369      0.421985
   2.373      0.421295
   2.377      0.420608
   2.381      0.419923
   2.385      0.419240
   2.388      0.418559
   2.392      0.417880
   2.396      0.417203
   2.400      0.416529
   2.404      0.415856
   2.408      0.415186
   2.412      0.414517
   2.416      0.413851
   2.420      0.413187
   2.424      0.412524
   2.427      0.411864
   2.431      0.411206
   2.435      0.410550
   2.439      0.409896
   2.443      0.409244
   2.447      0.408593
   2.451      0.407945
   2.455      0.407299
   2.459      0.406655
   2.463      0.406013
   2.466      0.405373
   2.470      0.404734
   2.474      0.404098
   2.478      0.403464
   2.482      0.402831
   2.486      0.402201
   2.490      0.401572
   2.494      0.400945
   2.498      0.400321
   2.502      0.399698
   2.506      0.399077
   2.509      0.398458
   2.513      0.397840
   2.517      0.397225
   2.521      0.396612
   2.525      0.396000
   2.529      0.395390
   2.533      0.394782
   2.537      0.394176
   2.541      0.393572
   2.545      0.392969
   2.548      0.392368
   2.552      0.391769
   2.556      0.391172
   2.560      0.390577
   2.564      0.389983
   2.568      0.389392
   2.572      0.388802
   2.576      0.388213
   2.580      0.387627
   2.584      0.387042
   2.587      0.386459
   2.591      0.385878
   2.595      0.385298
   2.599      0.384720
   2.603      0.384144
   2.607      0.383570
   2.611      0.382997
   2.615      0.382426
   2.619      0.381857
   2.623      0.381289
   2.627      0.380723
   2.630      0.380159
   2.634      0.379596
   2.638      0.379035
   2.642      0.378475
   2.646      0.377918
   2.650      0.377361
   2.654      0.376807
   2.658      0.376254
   2.662      0.375702
   2.666      0.375153
   2.669      0.374605
   2.673      0.374058
   2.677      0.373513
   2.681      0.372970
   2.685      0.372428
   2.689      0.371888
   2.693      0.371349
   2.697      0.370812
   2.701      0.370276
   2.705      0.369742
   2.708      0.369209
   2.712      0.368678
   2.716      0.368149
   2.720      0.367621
   2.724      0.367094
   2.728      0.366569
   2.732      0.366046
   2.736      0.365524
   2.740      0.365003
   2.744      0.364484
   2.747      0.363967
   2.751      0.363450
   2.755      0.362936
   2.759      0.362423
   2.763      0.361911
   2.767      0.361400
   2.771      0.360892
   2.775      0.360384
   2.779      0.359878
   2.783      0.359373
   2.787      0.358870
   2.790      0.358368
   2.794      0.357868
   2.798      0.357369
   2.802      0.356871
   2.806      0.356375
   2.810      0.355880
   2.814      0.355386
   2.818      0.354894
   2.822      0.354403
   2.826      0.353914
   2.829      0.353426
   2.833      0.352939
   2.837      0.352454
   2.841      0.351969
   2.845      0.351487
   2.849      0.351005
   2.853      0.350525
   2.857      0.350046
   2.861      0.349569
   2.865      0.349093
   2.868      0.348618
   2.872      0.348144
   2.876      0.347672
   2.880      0.347200
   2.884      0.346731
   2.888      0.346262
   2.892      0.345795
   2.896      0.345329
   2.900      0.344864
   2.904      0.344401
   2.907      0.343938
   2.911      0.343477
   2.915      0.343017
   2.919      0.342559
   2.923      0.342102
   2.927      0.341645
   2.931      0.341191
   2.935      0.340737
   2.939      0.340284
   2.943      0.339833
   2.947      0.339383
   2.950      0.338934
   2.954      0.338486
   2.958      0.338040
   2.962      0.337594
   2.966      0.337150
   2.970      0.336707
   2.974      0.336265
   2.978      0.335825
   2.982      0.335385
   2.986      0.334947
   2.989      0.334509
   2.993      0.334073
   2.997      0.333638
   3.001      0.333204
   3.005      0.332772
   3.009      0.332340
   3.013      0.331910
   3.017      0.331480
   3.021      0.331052
   3.025      0.330625
   3.028      0.330199
   3.032      0.329774
   3.036      0.329350
   3.040      0.328927
   3.044      0.328505
   3.048      0.328085
   3.052      0.327665
   3.056      0.327247
   3.060      0.326829
   3.064      0.326413
   3.068      0.325998
   3.071      0.325583
   3.075      0.325170
   3.079      0.324758
   3.083      0.324347
   3.087      0.323937
   3.091      0.323528
   3.095      0.323120
   3.099      0.322713
   3.103      0.322307
   3.107      0.321902
   3.110      0.321498
   3.114      0.321095
   3.118      0.320694
   3.122      0.320293
