   0.000      1.139742
   0.004      1.139741
   0.008      1.139741
   0.012      1.139741
   0.016      1.139741
   0.020      1.139741
   0.023      1.139741
   0.027      1.139741
   0.031      1.139741
   0.035      1.139741
   0.039      1.139741
   0.043      1.139741
   0.047      1.139741
   0.051      1.139740
   0.055      1.139740
   0.059      1.139739
   0.062      1.139739
   0.066      1.139737
   0.070      1.139736
   0.074      1.139734
   0.078      1.139732
   0.082      1.139728
   0.086      1.139724
   0.090      1.139719
   0.094      1.139713
   0.098      1.139705
   0.101      1.139696
   0.105      1.139685
   0.109      1.139672
   0.113      1.139656
   0.117      1.139638
   0.121      1.139616
   0.125      1.139591
   0.129      1.139562
   0.133      1.139528
   0.137      1.139490
   0.140      1.139446
   0.144      1.139397
   0.148      1.139341
   0.152      1.139278
   0.156      1.139207
   0.160      1.139127
   0.164      1.139039
   0.168      1.138941
   0.172      1.138832
   0.176      1.138712
   0.180      1.138580
   0.183      1.138435
   0.187      1.138276
   0.191      1.138102
   0.195      1.137913
   0.199      1.137708
   0.203      1.137485
   0.207      1.137244
   0.211      1.136983
   0.215      1.136702
   0.219      1.136401
   0.222      1.136077
   0.226      1.135730
   0.230      1.135359
   0.234      1.134963
   0.238      1.134541
   0.242      1.134093
   0.246      1.133617
   0.250      1.133112
   0.254      1.132578
   0.258      1.132013
   0.261      1.131417
   0.265      1.130789
   0.269      1.130129
   0.273      1.129435
   0.277      1.128707
   0.281      1.127944
   0.285      1.127146
   0.289      1.126311
   0.293      1.125440
   0.297      1.124532
   0.301      1.123587
   0.304      1.122604
   0.308      1.121582
   0.312      1.120523
   0.316      1.119424
   0.320      1.118287
   0.324      1.117110
   0.328      1.115895
   0.332      1.114640
   0.336      1.113347
   0.340      1.112015
   0.343      1.110644
   0.347      1.109234
   0.351      1.107787
   0.355      1.106301
   0.359      1.104778
   0.363      1.103218
   0.367      1.101622
   0.371      1.099990
   0.375      1.098322
   0.379      1.096619
   0.382      1.094883
   0.386      1.093113
   0.390      1.091311
   0.394      1.089477
   0.398      1.087613
   0.402      1.085718
   0.406      1.083795
   0.410      1.081843
   0.414      1.079865
   0.418      1.077861
   0.421      1.075832
   0.425      1.073779
   0.429      1.071704
   0.433      1.069607
   0.437      1.067490
   0.441      1.065353
   0.445      1.063198
   0.449      1.061027
   0.453      1.058839
   0.457      1.056638
   0.461      1.054422
   0.464      1.052195
   0.468      1.049957
   0.472      1.047709
   0.476      1.045452
   0.480      1.043188
   0.484      1.040917
   0.488      1.038642
   0.492      1.036362
   0.496      1.034079
   0.500      1.031795
   0.503      1.029509
   0.507      1.027224
   0.511      1.024941
   0.515      1.022659
   0.519      1.020381
   0.523      1.018107
   0.527      1.015839
   0.531      1.013576
   0.535      1.011321
   0.539      1.009073
   0.542      1.006834
   0.546      1.004604
   0.550      1.002385
   0.554      1.000176
   0.558      0.997979
   0.562      0.995794
   0.566      0.993623
   0.570      0.991464
   0.574      0.989320
   0.578      0.987191
   0.581      0.985076
   0.585      0.982977
   0.589      0.980895
   0.593      0.978828
   0.597      0.976779
   0.601      0.974747
   0.605      0.972732
   0.609      0.970735
   0.613      0.968757
   0.617      0.966796
   0.621      0.964854
   0.624      0.962931
   0.628      0.961027
   0.632      0.959141
   0.636      0.957275
   0.640      0.955428
   0.644      0.953600
   0.648      0.951791
   0.652      0.950001
   0.656      0.948231
   0.660      0.946480
   0.663      0.944747
   0.667      0.943034
   0.671      0.941340
   0.675      0.939664
   0.679      0.938008
   0.683      0.936369
   0.687      0.934749
   0.691      0.933147
   0.695      0.931562
   0.699      0.929996
   0.702      0.928446
   0.706      0.926914
   0.710      0.925398
   0.714      0.923900
   0.718      0.922417
   0.722      0.920950
   0.726      0.919499
   0.730      0.918064
   0.734      0.916643
   0.738      0.915237
   0.742      0.913845
   0.745      0.912467
   0.749      0.911102
   0.753      0.909751
   0.757      0.908412
   0.761      0.907086
   0.765      0.905772
   0.769      0.904470
   0.773      0.903178
   0.777      0.901898
   0.781      0.900628
   0.784      0.899368
   0.788      0.898117
   0.792      0.896876
   0.796      0.895643
   0.800      0.894419
   0.804      0.893203
   0.808      0.891994
   0.812      0.890793
   0.816      0.889598
   0.820      0.888410
   0.823      0.887227
   0.827      0.886050
   0.831      0.884879
   0.835      0.883712
   0.839      0.882549
   0.843      0.881390
   0.847      0.880235
   0.851      0.879084
   0.855      0.877935
   0.859      0.876788
   0.862      0.875644
   0.866      0.874501
   0.870      0.873360
   0.874      0.872220
   0.878      0.871081
   0.882      0.869943
   0.886      0.868804
   0.890      0.867665
   0.894      0.866526
   0.898      0.865386
   0.902      0.864244
   0.905      0.863102
   0.909      0.861958
   0.913      0.860811
   0.917      0.859663
   0.921      0.858512
   0.925      0.857359
   0.929      0.856203
   0.933      0.855043
   0.937      0.853880
   0.941      0.852714
   0.944      0.851544
   0.948      0.850370
   0.952      0.849192
   0.956      0.848009
   0.960      0.846822
   0.964      0.845630
   0.968      0.844434
   0.972      0.843233
   0.976      0.842026
   0.980      0.840815
   0.983      0.839598
   0.987      0.838376
   0.991      0.837148
   0.995      0.835915
   0.999      0.834676
   1.003      0.833431
   1.007      0.832181
   1.011      0.830925
   1.015      0.829662
   1.019      0.828394
   1.023      0.827120
   1.026      0.825840
   1.030      0.824554
   1.034      0.823262
   1.038      0.821964
   1.042      0.820660
   1.046      0.819350
   1.050      0.818033
   1.054      0.816711
   1.058      0.815383
   1.062      0.814049
   1.065      0.812709
   1.069      0.811363
   1.073      0.810012
   1.077      0.808655
   1.081      0.807292
   1.085      0.805923
   1.089      0.804549
   1.093      0.803170
   1.097      0.801785
   1.101      0.800394
   1.104      0.798999
   1.108      0.797598
   1.112      0.796193
   1.116      0.794782
   1.120      0.793366
   1.124      0.791946
   1.128      0.790521
   1.132      0.789092
   1.136      0.787658
   1.140      0.786219
   1.143      0.784777
   1.147      0.783330
   1.151      0.781880
   1.155      0.780425
   1.159      0.778967
   1.163      0.777505
   1.167      0.776039
   1.171      0.774570
   1.175      0.773098
   1.179      0.771623
   1.183      0.770144
   1.186      0.768663
   1.190      0.767178
   1.194      0.765691
   1.198      0.764202
   1.202      0.762709
   1.206      0.761215
   1.210      0.759718
   1.214      0.758219
   1.218      0.756719
   1.222      0.755216
   1.225      0.753712
   1.229      0.752205
   1.233      0.750698
   1.237      0.749189
   1.241      0.747678
   1.245      0.746167
   1.249      0.744654
   1.253      0.743141
   1.257      0.741626
   1.261      0.740111
   1.264      0.738596
   1.268      0.737079
   1.272      0.735563
   1.276      0.734045
   1.280      0.732528
   1.284      0.731011
   1.288      0.729493
   1.292      0.727976
   1.296      0.726459
   1.300      0.724942
   1.303      0.723426
   1.307      0.721910
   1.311      0.720394
   1.315      0.718879
   1.319      0.717365
   1.323      0.715852
   1.327      0.714339
   1.331      0.712828
   1.335      0.711318
   1.339      0.709808
   1.343      0.708300
   1.346      0.706794
   1.350      0.705288
   1.354      0.703785
   1.358      0.702282
   1.362      0.700782
   1.366      0.699283
   1.370      0.697785
   1.374      0.696290
   1.378      0.694796
   1.382      0.693304
   1.385      0.691815
   1.389      0.690327
   1.393      0.688842
   1.397      0.687358
   1.401      0.685877
   1.405      0.684398
   1.409      0.682922
   1.413      0.681448
   1.417      0.679976
   1.421      0.678507
   1.424      0.677040
   1.428      0.675576
   1.432      0.674115
   1.436      0.672656
   1.440      0.671201
   1.444      0.669747
   1.448      0.668297
   1.452      0.666850
   1.456      0.665405
   1.460      0.663963
   1.464      0.662525
   1.467      0.661089
   1.471      0.659657
   1.475      0.658227
   1.479      0.656801
   1.483      0.655378
   1.487      0.653958
   1.491      0.652541
   1.495      0.651127
   1.499      0.649717
   1.503      0.648310
   1.506      0.646906
   1.510      0.645506
   1.514      0.644109
   1.518      0.642715
   1.522      0.641325
   1.526      0.639938
   1.530      0.638555
   1.534      0.637175
   1.538      0.635799
   1.542      0.634426
   1.545      0.633057
   1.549      0.631691
   1.553      0.630329
   1.557      0.628971
   1.561      0.627616
   1.565      0.626264
   1.569      0.624917
   1.573      0.623573
   1.577      0.622232
   1.581      0.620896
   1.584      0.619563
   1.588      0.618233
   1.592      0.616908
   1.596      0.615586
   1.600      0.614268
   1.604      0.612953
   1.608      0.611643
   1.612      0.610336
   1.616      0.609033
   1.620      0.607733
   1.624      0.606437
   1.627      0.605146
   1.631      0.603858
   1.635      0.602573
   1.639      0.601293
   1.643      0.600016
   1.647      0.598743
   1.651      0.597474
   1.655      0.596209
   1.659      0.594947
   1.663      0.593689
   1.666      0.592435
   1.670      0.591185
   1.674      0.589939
   1.678      0.588696
   1.682      0.587458
   1.686      0.586223
   1.690      0.584992
   1.694      0.583764
   1.698      0.582541
   1.702      0.581321
   1.705      0.580105
   1.709      0.578893
   1.713      0.577685
   1.717      0.576481
   1.721      0.575280
   1.725      0.574083
   1.729      0.572890
   1.733      0.571701
   1.737      0.570515
   1.741      0.569333
   1.744      0.568155
   1.748      0.566981
   1.752      0.565810
   1.756      0.564644
   1.760      0.563481
   1.764      0.562321
   1.768      0.561166
   1.772      0.560014
   1.776      0.558866
   1.780      0.557722
   1.784      0.556581
   1.787      0.555444
   1.791      0.554311
   1.795      0.553181
   1.799      0.552055
   1.803      0.550933
   1.807      0.549815
   1.811      0.548700
   1.815      0.547589
   1.819      0.546481
   1.823      0.545377
   1.826      0.544277
   1.830      0.543180
   1.834      0.542087
   1.838      0.540998
   1.842      0.539912
   1.846      0.538829
   1.850      0.537751
   1.854      0.536676
   1.858      0.535604
   1.862      0.534536
   1.865      0.533472
   1.869      0.532411
   1.873      0.531353
   1.877      0.530299
   1.881      0.529249
   1.885      0.528202
   1.889      0.527159
   1.893      0.526119
   1.897      0.525082
   1.901      0.524049
   1.905      0.523020
   1.908      0.521994
   1.912      0.520971
   1.916      0.519952
   1.920      0.518936
   1.924      0.517924
   1.928      0.516915
   1.932      0.515909
   1.936      0.514907
   1.940      0.513908
   1.944      0.512912
   1.947      0.511920
   1.951      0.510931
   1.955      0.509945
   1.959      0.508963
   1.963      0.507984
   1.967      0.507008
   1.971      0.506036
   1.975      0.505066
   1.979      0.504100
   1.983      0.503138
   1.986      0.502178
   1.990      0.501222
   1.994      0.500269
   1.998      0.499319
   2.002      0.498372
   2.006      0.497429
   2.010      0.496488
   2.014      0.495551
   2.018      0.494617
   2.022      0.493686
   2.025      0.492759
   2.029      0.491834
   2.033      0.490912
   2.037      0.489994
   2.041      0.489078
   2.045      0.488166
   2.049      0.487257
   2.053      0.486351
   2.057      0.485447
   2.061      0.484547
   2.065      0.483650
   2.068      0.482756
   2.072      0.481865
   2.076      0.480977
   2.080      0.480091
   2.084      0.479209
   2.088      0.478330
   2.092      0.477454
   2.096      0.476580
   2.100      0.475710
   2.104      0.474842
   2.107      0.473977
   2.111      0.473115
   2.115      0.472256
   2.119      0.471400
   2.123      0.470547
   2.127      0.469697
   2.131      0.468849
   2.135      0.468004
   2.139      0.467162
   2.143      0.466323
   2.146      0.465487
   2.150      0.464653
   2.154      0.463822
   2.158      0.462994
   2.162      0.462169
   2.166      0.461346
   2.170      0.460527
   2.174      0.459709
   2.178      0.458895
   2.182      0.458083
   2.186      0.457274
   2.189      0.456468
   2.193      0.455664
   2.197      0.454863
   2.201      0.454064
   2.205      0.453269
   2.209      0.452475
   2.213      0.451685
   2.217      0.450897
   2.221      0.450111
   2.225      0.449329
   2.228      0.448548
   2.232      0.447771
   2.236      0.446995
   2.240      0.446223
   2.244      0.445453
   2.248      0.444685
   2.252      0.443920
   2.256      0.443158
   2.260      0.442397
   2.264      0.441640
   2.267      0.440885
   2.271      0.440132
   2.275      0.439382
   2.279      0.438634
   2.283      0.437889
   2.287      0.437146
   2.291      0.436405
   2.295      0.435667
   2.299      0.434931
   2.303      0.434198
   2.306      0.433467
   2.310      0.432738
   2.314      0.432012
   2.318      0.431288
   2.322      0.430566
   2.326      0.429847
   2.330      0.429130
   2.334      0.428415
   2.338      0.427703
   2.342      0.426993
   2.346      0.426285
   2.349      0.425580
   2.353      0.424876
   2.357      0.424175
   2.361      0.423476
   2.365      0.422780
   2.369      0.422085
   2.373      0.421393
   2.377      0.420703
   2.381      0.420016
   2.385      0.419330
   2.388      0.418647
   2.392      0.417965
   2.396      0.417286
   2.400      0.416609
   2.404      0.415935
   2.408      0.415262
   2.412      0.414591
   2.416      0.413923
   2.420      0.413257
   2.424      0.412592
   2.427      0.411930
   2.431      0.411270
   2.435      0.410612
   2.439      0.409956
   2.443      0.409302
   2.447      0.408651
   2.451      0.408001
   2.455      0.407353
   2.459      0.406707
   2.463      0.406063
   2.466      0.405422
   2.470      0.404782
   2.474      0.404144
   2.478      0.403508
   2.482      0.402875
   2.486      0.402243
   2.490      0.401613
   2.494      0.400985
   2.498      0.400359
   2.502      0.399735
   2.506      0.399112
   2.509      0.398492
   2.513      0.397874
   2.517      0.397257
   2.521      0.396643
   2.525      0.396030
   2.529      0.395419
   2.533      0.394810
   2.537      0.394203
   2.541      0.393598
   2.545      0.392994
   2.548      0.392393
   2.552      0.391793
   2.556      0.391195
   2.560      0.390599
   2.564      0.390005
   2.568      0.389412
   2.572      0.388821
   2.576      0.388232
   2.580      0.387645
   2.584      0.387060
   2.587      0.386476
   2.591      0.385894
   2.595      0.385314
   2.599      0.384735
   2.603      0.384158
   2.607      0.383583
   2.611      0.383010
   2.615      0.382439
   2.619      0.381869
   2.623      0.381300
   2.627      0.380734
   2.630      0.380169
   2.634      0.379606
   2.638      0.379044
   2.642      0.378484
   2.646      0.377926
   2.650      0.377370
   2.654      0.376815
   2.658      0.376261
   2.662      0.375710
   2.666      0.375160
   2.669      0.374611
   2.673      0.374064
   2.677      0.373519
   2.681      0.372975
   2.685      0.372433
   2.689      0.371893
   2.693      0.371354
   2.697      0.370816
   2.701      0.370280
   2.705      0.369746
   2.708      0.369213
   2.712      0.368682
   2.716      0.368152
   2.720      0.367624
   2.724      0.367098
   2.728      0.366572
   2.732      0.366049
   2.736      0.365526
   2.740      0.365006
   2.744      0.364487
   2.747      0.363969
   2.751      0.363453
   2.755      0.362938
   2.759      0.362424
   2.763      0.361913
   2.767      0.361402
   2.771      0.360893
   2.775      0.360385
   2.779      0.359879
   2.783      0.359375
   2.787      0.358871
   2.790      0.358369
   2.794      0.357869
   2.798      0.357370
   2.802      0.356872
   2.806      0.356376
   2.810      0.355881
   2.814      0.355387
   2.818      0.354895
   2.822      0.354404
   2.826      0.353914
   2.829      0.353426
   2.833      0.352939
   2.837      0.352454
   2.841      0.351970
   2.845      0.351487
   2.849      0.351006
   2.853      0.350525
   2.857      0.350047
   2.861      0.349569
   2.865      0.349093
   2.868      0.348618
   2.872      0.348144
   2.876      0.347672
   2.880      0.347201
   2.884      0.346731
   2.888      0.346262
   2.892      0.345795
   2.896      0.345329
   2.900      0.344864
   2.904      0.344401
   2.907      0.343938
   2.911      0.343477
   2.915      0.343018
   2.919      0.342559
   2.923      0.342102
   2.927      0.341645
   2.931      0.341191
   2.935      0.340737
   2.939      0.340284
   2.943      0.339833
   2.947      0.339383
   2.950      0.338934
   2.954      0.338486
   2.958      0.338040
   2.962      0.337594
   2.966      0.337150
   2.970      0.336707
   2.974      0.336265
   2.978      0.335824
   2.982      0.335385
   2.986      0.334947
   2.989      0.334509
   2.993      0.334073
   2.997      0.333638
   3.001      0.333204
   3.005      0.332772
   3.009      0.332340
   3.013      0.331909
   3.017      0.331480
   3.021      0.331052
   3.025      0.330625
   3.028      0.330199
   3.032      0.329774
   3.036      0.329350
   3.040      0.328927
   3.044      0.328505
   3.048      0.328085
   3.052      0.327665
   3.056      0.327247
   3.060      0.326829
   3.064      0.326413
   3.068      0.325998
   3.071      0.325583
   3.075      0.325170
   3.079      0.324758
   3.083      0.324347
   3.087      0.323937
   3.091      0.323528
   3.095      0.323120
   3.099      0.322713
   3.103      0.322307
   3.107      0.321902
   3.110      0.321498
   3.114      0.321095
   3.118      0.320693
   3.122      0.320293
