   0.000      2.508373
   0.003      2.508516
   0.005      2.508660
   0.008      2.508868
   0.011      2.509125
   0.014      2.509435
   0.016      2.509808
   0.019      2.510252
   0.022      2.510768
   0.025      2.511355
   0.027      2.512009
   0.030      2.512732
   0.033      2.513525
   0.036      2.514387
   0.038      2.515318
   0.041      2.516320
   0.044      2.517392
   0.046      2.518535
   0.049      2.519748
   0.052      2.521033
   0.055      2.522388
   0.057      2.523814
   0.060      2.525312
   0.063      2.526881
   0.066      2.528521
   0.068      2.530234
   0.071      2.532018
   0.074      2.533874
   0.077      2.535802
   0.079      2.537802
   0.082      2.539875
   0.085      2.542020
   0.087      2.544237
   0.090      2.546527
   0.093      2.548889
   0.096      2.551325
   0.098      2.553832
   0.101      2.556413
   0.104      2.559066
   0.107      2.561793
   0.109      2.564592
   0.112      2.567464
   0.115      2.570408
   0.118      2.573426
   0.120      2.576517
   0.123      2.579680
   0.126      2.582916
   0.128      2.586225
   0.131      2.589606
   0.134      2.593060
   0.137      2.596587
   0.139      2.600186
   0.142      2.603857
   0.145      2.607601
   0.148      2.611416
   0.150      2.615303
   0.153      2.619262
   0.156      2.623293
   0.159      2.627395
   0.161      2.631568
   0.164      2.635812
   0.167      2.640127
   0.169      2.644512
   0.172      2.648967
   0.175      2.653492
   0.178      2.658086
   0.180      2.662750
   0.183      2.667483
   0.186      2.672284
   0.189      2.677153
   0.191      2.682090
   0.194      2.687094
   0.197      2.692165
   0.200      2.697303
   0.202      2.702506
   0.205      2.707775
   0.208      2.713109
   0.210      2.718507
   0.213      2.723969
   0.216      2.729494
   0.219      2.735082
   0.221      2.740732
   0.224      2.746443
   0.227      2.752215
   0.230      2.758046
   0.232      2.763937
   0.235      2.769886
   0.238      2.775893
   0.241      2.781957
   0.243      2.788077
   0.246      2.794252
   0.249      2.800482
   0.251      2.806765
   0.254      2.813101
   0.257      2.819488
   0.260      2.825925
   0.262      2.832413
   0.265      2.838949
   0.268      2.845532
   0.271      2.852162
   0.273      2.858837
   0.276      2.865556
   0.279      2.872318
   0.282      2.879122
   0.284      2.885967
   0.287      2.892851
   0.290      2.899773
   0.292      2.906731
   0.295      2.913725
   0.298      2.920754
   0.301      2.927814
   0.303      2.934906
   0.306      2.942028
   0.309      2.949178
   0.312      2.956354
   0.314      2.963556
   0.317      2.970782
   0.320      2.978030
   0.323      2.985298
   0.325      2.992585
   0.328      2.999889
   0.331      3.007209
   0.333      3.014542
   0.336      3.021888
   0.339      3.029243
   0.342      3.036608
   0.344      3.043978
   0.347      3.051354
   0.350      3.058732
   0.353      3.066112
   0.355      3.073491
   0.358      3.080867
   0.361      3.088238
   0.364      3.095602
   0.366      3.102958
   0.369      3.110303
   0.372      3.117635
   0.374      3.124953
   0.377      3.132254
   0.380      3.139536
   0.383      3.146797
   0.385      3.154034
   0.388      3.161247
   0.391      3.168432
   0.394      3.175588
   0.396      3.182713
   0.399      3.189803
   0.402      3.196858
   0.405      3.203875
   0.407      3.210851
   0.410      3.217785
   0.413      3.224674
   0.415      3.231517
   0.418      3.238310
   0.421      3.245052
   0.424      3.251741
   0.426      3.258374
   0.429      3.264949
   0.432      3.271464
   0.435      3.277917
   0.437      3.284306
   0.440      3.290627
   0.443      3.296880
   0.446      3.303062
   0.448      3.309171
   0.451      3.315204
   0.454      3.321159
   0.456      3.327035
   0.459      3.332829
   0.462      3.338539
   0.465      3.344163
   0.467      3.349699
   0.470      3.355144
   0.473      3.360497
   0.476      3.365756
   0.478      3.370918
   0.481      3.375982
   0.484      3.380946
   0.487      3.385807
   0.489      3.390564
   0.492      3.395214
   0.495      3.399757
   0.497      3.404190
   0.500      3.408512
   0.503      3.412720
   0.506      3.416812
   0.508      3.420789
   0.511      3.424646
   0.514      3.428384
   0.517      3.432000
   0.519      3.435493
   0.522      3.438861
   0.525      3.442103
   0.528      3.445218
   0.530      3.448204
   0.533      3.451060
   0.536      3.453784
   0.538      3.456376
   0.541      3.458835
   0.544      3.461158
   0.547      3.463346
   0.549      3.465398
   0.552      3.467311
   0.555      3.469086
   0.558      3.470722
   0.560      3.472218
   0.563      3.473573
   0.566      3.474786
   0.569      3.475857
   0.571      3.476786
   0.574      3.477572
   0.577      3.478215
   0.579      3.478714
   0.582      3.479069
   0.585      3.479279
   0.588      3.479346
   0.590      3.479267
   0.593      3.479044
   0.596      3.478677
   0.599      3.478165
   0.601      3.477509
   0.604      3.476708
   0.607      3.475764
   0.610      3.474676
   0.612      3.473444
   0.615      3.472070
   0.618      3.470553
   0.620      3.468894
   0.623      3.467094
   0.626      3.465153
   0.629      3.463072
   0.631      3.460852
   0.634      3.458493
   0.637      3.455996
   0.640      3.453362
   0.642      3.450592
   0.645      3.447687
   0.648      3.444648
   0.651      3.441477
   0.653      3.438173
   0.656      3.434738
   0.659      3.431173
   0.661      3.427480
   0.664      3.423660
   0.667      3.419714
   0.670      3.415643
   0.672      3.411449
   0.675      3.407133
   0.678      3.402696
   0.681      3.398140
   0.683      3.393466
   0.686      3.388676
   0.689      3.383771
   0.692      3.378753
   0.694      3.373624
   0.697      3.368384
   0.700      3.363036
   0.702      3.357581
   0.705      3.352020
   0.708      3.346356
   0.711      3.340590
   0.713      3.334723
   0.716      3.328758
   0.719      3.322695
   0.722      3.316538
   0.724      3.310286
   0.727      3.303943
   0.730      3.297509
   0.733      3.290986
   0.735      3.284377
   0.738      3.277682
   0.741      3.270904
   0.743      3.264045
   0.746      3.257105
   0.749      3.250086
   0.752      3.242991
   0.754      3.235821
   0.757      3.228578
   0.760      3.221262
   0.763      3.213877
   0.765      3.206423
   0.768      3.198903
   0.771      3.191318
   0.774      3.183669
   0.776      3.175958
   0.779      3.168186
   0.782      3.160356
   0.784      3.152469
   0.787      3.144526
   0.790      3.136530
   0.793      3.128480
   0.795      3.120380
   0.798      3.112230
   0.801      3.104032
   0.804      3.095787
   0.806      3.087497
   0.809      3.079163
   0.812      3.070787
   0.815      3.062369
   0.817      3.053912
   0.820      3.045417
   0.823      3.036885
   0.825      3.028316
   0.828      3.019714
   0.831      3.011078
   0.834      3.002411
   0.836      2.993712
   0.839      2.984984
   0.842      2.976228
   0.845      2.967445
   0.847      2.958635
   0.850      2.949801
   0.853      2.940943
   0.856      2.932062
   0.858      2.923160
   0.861      2.914237
   0.864      2.905294
   0.866      2.896333
   0.869      2.887354
   0.872      2.878358
   0.875      2.869347
   0.877      2.860321
   0.880      2.851282
   0.883      2.842229
   0.886      2.833164
   0.888      2.824088
   0.891      2.815002
   0.894      2.805907
   0.897      2.796802
   0.899      2.787690
   0.902      2.778570
   0.905      2.769445
   0.907      2.760313
   0.910      2.751177
   0.913      2.742036
   0.916      2.732892
   0.918      2.723745
   0.921      2.714596
   0.924      2.705446
   0.927      2.696295
   0.929      2.687144
   0.932      2.677993
   0.935      2.668843
   0.938      2.659694
   0.940      2.650548
   0.943      2.641405
   0.946      2.632265
   0.948      2.623128
   0.951      2.613997
   0.954      2.604870
   0.957      2.595748
   0.959      2.586632
   0.962      2.577523
   0.965      2.568421
   0.968      2.559326
   0.970      2.550238
   0.973      2.541159
   0.976      2.532089
   0.979      2.523027
   0.981      2.513976
   0.984      2.504934
   0.987      2.495902
   0.989      2.486881
   0.992      2.477871
   0.995      2.468872
   0.998      2.459886
   1.000      2.450911
   1.003      2.441949
   1.006      2.433000
   1.009      2.424063
   1.011      2.415141
   1.014      2.406232
   1.017      2.397337
   1.020      2.388457
   1.022      2.379591
   1.025      2.370741
   1.028      2.361905
   1.030      2.353085
   1.033      2.344281
   1.036      2.335494
   1.039      2.326722
   1.041      2.317967
   1.044      2.309229
   1.047      2.300508
   1.050      2.291804
   1.052      2.283118
   1.055      2.274450
   1.058      2.265799
   1.061      2.257167
   1.063      2.248553
   1.066      2.239958
   1.069      2.231381
   1.071      2.222823
   1.074      2.214285
   1.077      2.205766
   1.080      2.197267
   1.082      2.188787
   1.085      2.180327
   1.088      2.171887
   1.091      2.163467
   1.093      2.155068
   1.096      2.146689
   1.099      2.138330
   1.102      2.129993
   1.104      2.121676
   1.107      2.113381
   1.110      2.105106
   1.112      2.096853
   1.115      2.088622
   1.118      2.080412
   1.121      2.072223
   1.123      2.064057
   1.126      2.055912
   1.129      2.047789
   1.132      2.039688
   1.134      2.031610
   1.137      2.023554
   1.140      2.015520
   1.143      2.007509
   1.145      1.999520
   1.148      1.991554
   1.151      1.983610
   1.153      1.975690
   1.156      1.967792
   1.159      1.959917
   1.162      1.952065
   1.164      1.944237
   1.167      1.936431
   1.170      1.928649
   1.173      1.920889
   1.175      1.913154
   1.178      1.905441
   1.181      1.897752
   1.184      1.890087
   1.186      1.882444
   1.189      1.874826
   1.192      1.867231
   1.194      1.859660
   1.197      1.852112
   1.200      1.844588
   1.203      1.837088
   1.205      1.829612
   1.208      1.822159
   1.211      1.814730
   1.214      1.807325
   1.216      1.799944
   1.219      1.792587
   1.222      1.785253
   1.225      1.777944
   1.227      1.770659
   1.230      1.763397
   1.233      1.756160
   1.235      1.748946
   1.238      1.741756
   1.241      1.734591
   1.244      1.727449
   1.246      1.720331
   1.249      1.713238
   1.252      1.706168
   1.255      1.699122
   1.257      1.692101
   1.260      1.685103
   1.263      1.678129
   1.266      1.671180
   1.268      1.664254
   1.271      1.657352
   1.274      1.650474
   1.276      1.643620
   1.279      1.636790
   1.282      1.629984
   1.285      1.623201
   1.287      1.616443
   1.290      1.609708
   1.293      1.602997
   1.296      1.596310
   1.298      1.589647
   1.301      1.583008
   1.304      1.576392
   1.307      1.569800
   1.309      1.563231
   1.312      1.556687
   1.315      1.550166
   1.317      1.543668
   1.320      1.537194
   1.323      1.530744
   1.326      1.524317
   1.328      1.517913
   1.331      1.511533
   1.334      1.505176
   1.337      1.498843
   1.339      1.492533
   1.342      1.486246
   1.345      1.479983
   1.348      1.473743
   1.350      1.467525
   1.353      1.461331
   1.356      1.455161
   1.358      1.449013
   1.361      1.442888
   1.364      1.436786
   1.367      1.430707
   1.369      1.424651
   1.372      1.418617
   1.375      1.412607
   1.378      1.406619
   1.380      1.400654
   1.383      1.394711
   1.386      1.388792
   1.389      1.382894
   1.391      1.377019
   1.394      1.371167
   1.397      1.365337
   1.399      1.359529
   1.402      1.353744
   1.405      1.347980
   1.408      1.342239
   1.410      1.336520
   1.413      1.330824
   1.416      1.325149
   1.419      1.319496
   1.421      1.313865
   1.424      1.308256
   1.427      1.302669
   1.430      1.297103
   1.432      1.291560
   1.435      1.286037
   1.438      1.280537
   1.440      1.275058
   1.443      1.269600
   1.446      1.264164
   1.449      1.258749
   1.451      1.253356
   1.454      1.247983
   1.457      1.242632
   1.460      1.237302
   1.462      1.231993
   1.465      1.226705
   1.468      1.221438
   1.471      1.216192
   1.473      1.210967
   1.476      1.205763
   1.479      1.200579
   1.481      1.195416
   1.484      1.190273
   1.487      1.185151
   1.490      1.180049
   1.492      1.174968
   1.495      1.169907
   1.498      1.164867
   1.501      1.159846
   1.503      1.154846
   1.506      1.149866
   1.509      1.144906
   1.512      1.139966
   1.514      1.135045
   1.517      1.130145
   1.520      1.125264
   1.522      1.120403
   1.525      1.115562
   1.528      1.110740
   1.531      1.105938
   1.533      1.101156
   1.536      1.096392
   1.539      1.091648
   1.542      1.086924
   1.544      1.082218
   1.547      1.077532
   1.550      1.072865
   1.553      1.068217
   1.555      1.063587
   1.558      1.058977
   1.561      1.054385
   1.563      1.049813
   1.566      1.045259
   1.569      1.040723
   1.572      1.036206
   1.574      1.031708
   1.577      1.027228
   1.580      1.022767
   1.583      1.018324
   1.585      1.013899
   1.588      1.009492
   1.591      1.005103
   1.594      1.000733
   1.596      0.996380
   1.599      0.992046
   1.602      0.987729
   1.604      0.983430
   1.607      0.979149
   1.610      0.974886
   1.613      0.970640
   1.615      0.966412
   1.618      0.962201
   1.621      0.958008
   1.624      0.953832
   1.626      0.949673
   1.629      0.945532
   1.632      0.941408
   1.635      0.937301
   1.637      0.933211
   1.640      0.929138
   1.643      0.925082
   1.645      0.921042
   1.648      0.917020
   1.651      0.913014
   1.654      0.909025
   1.656      0.905053
   1.659      0.901097
   1.662      0.897158
   1.665      0.893235
   1.667      0.889329
   1.670      0.885439
   1.673      0.881565
   1.676      0.877707
   1.678      0.873865
   1.681      0.870040
   1.684      0.866230
   1.686      0.862437
   1.689      0.858659
   1.692      0.854897
   1.695      0.851151
   1.697      0.847421
   1.700      0.843706
   1.703      0.840007
   1.706      0.836324
   1.708      0.832655
   1.711      0.829003
   1.714      0.825365
   1.717      0.821743
   1.719      0.818136
   1.722      0.814545
   1.725      0.810968
   1.727      0.807406
   1.730      0.803860
   1.733      0.800328
   1.736      0.796811
   1.738      0.793309
   1.741      0.789822
   1.744      0.786350
   1.747      0.782892
   1.749      0.779448
   1.752      0.776020
   1.755      0.772605
   1.758      0.769205
   1.760      0.765820
   1.763      0.762448
   1.766      0.759091
   1.768      0.755749
   1.771      0.752420
   1.774      0.749105
   1.777      0.745804
   1.779      0.742518
   1.782      0.739245
   1.785      0.735986
   1.788      0.732741
   1.790      0.729509
   1.793      0.726291
   1.796      0.723087
   1.799      0.719897
   1.801      0.716720
   1.804      0.713556
   1.807      0.710406
   1.809      0.707269
   1.812      0.704145
   1.815      0.701035
   1.818      0.697937
   1.820      0.694853
   1.823      0.691782
   1.826      0.688724
   1.829      0.685679
   1.831      0.682647
   1.834      0.679628
   1.837      0.676621
   1.840      0.673628
   1.842      0.670647
   1.845      0.667678
   1.848      0.664722
   1.850      0.661779
   1.853      0.658849
   1.856      0.655930
   1.859      0.653024
   1.861      0.650131
   1.864      0.647249
   1.867      0.644380
   1.870      0.641523
   1.872      0.638679
   1.875      0.635846
   1.878      0.633025
   1.881      0.630217
   1.883      0.627420
   1.886      0.624635
   1.889      0.621862
   1.891      0.619101
   1.894      0.616351
   1.897      0.613614
   1.900      0.610887
   1.902      0.608173
   1.905      0.605470
   1.908      0.602778
   1.911      0.600098
   1.913      0.597429
   1.916      0.594772
   1.919      0.592126
   1.922      0.589491
   1.924      0.586867
   1.927      0.584255
   1.930      0.581653
   1.932      0.579063
   1.935      0.576484
   1.938      0.573915
   1.941      0.571358
   1.943      0.568811
   1.946      0.566275
   1.949      0.563750
   1.952      0.561236
   1.954      0.558732
   1.957      0.556239
   1.960      0.553757
   1.963      0.551285
   1.965      0.548824
   1.968      0.546373
   1.971      0.543933
   1.973      0.541503
   1.976      0.539083
   1.979      0.536673
   1.982      0.534274
   1.984      0.531885
   1.987      0.529506
   1.990      0.527137
   1.993      0.524779
   1.995      0.522430
   1.998      0.520091
   2.001      0.517762
   2.004      0.515443
   2.006      0.513134
   2.009      0.510835
   2.012      0.508546
   2.014      0.506266
   2.017      0.503996
   2.020      0.501735
   2.023      0.499484
   2.025      0.497243
   2.028      0.495011
   2.031      0.492789
   2.034      0.490576
   2.036      0.488372
   2.039      0.486178
   2.042      0.483993
   2.045      0.481818
   2.047      0.479651
   2.050      0.477494
   2.053      0.475346
   2.055      0.473207
   2.058      0.471077
   2.061      0.468956
   2.064      0.466845
   2.066      0.464742
   2.069      0.462648
   2.072      0.460562
   2.075      0.458486
   2.077      0.456419
   2.080      0.454360
   2.083      0.452310
   2.086      0.450268
   2.088      0.448236
   2.091      0.446211
   2.094      0.444196
   2.096      0.442189
   2.099      0.440190
   2.102      0.438200
   2.105      0.436218
   2.107      0.434245
   2.110      0.432280
   2.113      0.430323
   2.116      0.428375
   2.118      0.426435
   2.121      0.424503
   2.124      0.422579
   2.127      0.420663
   2.129      0.418755
   2.132      0.416856
   2.135      0.414964
   2.137      0.413081
   2.140      0.411205
   2.143      0.409337
   2.146      0.407477
   2.148      0.405625
   2.151      0.403781
   2.154      0.401945
   2.157      0.400116
   2.159      0.398295
   2.162      0.396482
   2.165      0.394676
   2.168      0.392878
   2.170      0.391087
   2.173      0.389304
   2.176      0.387529
   2.178      0.385761
   2.181      0.384000
   2.184      0.382247
   2.187      0.380501
   2.189      0.378763
   2.192      0.377031
   2.195      0.375307
   2.198      0.373591
   2.200      0.371881
   2.203      0.370179
   2.206      0.368484
   2.209      0.366796
   2.211      0.365115
   2.214      0.363441
   2.217      0.361774
   2.219      0.360114
   2.222      0.358461
   2.225      0.356815
   2.228      0.355175
   2.230      0.353543
   2.233      0.351918
   2.236      0.350299
   2.239      0.348687
   2.241      0.347082
   2.244      0.345483
   2.247      0.343891
   2.250      0.342306
   2.252      0.340728
   2.255      0.339156
   2.258      0.337590
   2.260      0.336031
   2.263      0.334479
   2.266      0.332933
   2.269      0.331394
   2.271      0.329860
   2.274      0.328334
   2.277      0.326813
   2.280      0.325299
   2.282      0.323792
   2.285      0.322290
   2.288      0.320795
   2.291      0.319306
   2.293      0.317823
   2.296      0.316347
   2.299      0.314876
   2.301      0.313412
   2.304      0.311954
   2.307      0.310501
   2.310      0.309055
   2.312      0.307615
   2.315      0.306180
   2.318      0.304752
   2.321      0.303330
   2.323      0.301913
   2.326      0.300502
   2.329      0.299098
   2.332      0.297699
   2.334      0.296305
   2.337      0.294918
   2.340      0.293536
   2.342      0.292160
   2.345      0.290789
   2.348      0.289425
   2.351      0.288066
   2.353      0.286712
   2.356      0.285364
   2.359      0.284022
   2.362      0.282685
   2.364      0.281353
   2.367      0.280027
   2.370      0.278707
   2.373      0.277392
   2.375      0.276082
   2.378      0.274778
   2.381      0.273479
   2.383      0.272185
   2.386      0.270897
   2.389      0.269614
   2.392      0.268336
   2.394      0.267064
   2.397      0.265797
   2.400      0.264534
   2.403      0.263278
   2.405      0.262026
   2.408      0.260779
   2.411      0.259537
   2.414      0.258301
   2.416      0.257069
   2.419      0.255843
   2.422      0.254621
   2.424      0.253405
   2.427      0.252193
   2.430      0.250986
   2.433      0.249785
   2.435      0.248588
   2.438      0.247396
   2.441      0.246209
   2.444      0.245026
   2.446      0.243849
   2.449      0.242676
   2.452      0.241508
   2.455      0.240345
   2.457      0.239186
   2.460      0.238032
   2.463      0.236883
   2.465      0.235738
   2.468      0.234598
   2.471      0.233463
   2.474      0.232332
   2.476      0.231206
   2.479      0.230084
   2.482      0.228967
   2.485      0.227855
   2.487      0.226746
   2.490      0.225643
   2.493      0.224543
   2.496      0.223448
   2.498      0.222358
   2.501      0.221272
   2.504      0.220190
   2.506      0.219113
   2.509      0.218039
   2.512      0.216971
   2.515      0.215906
   2.517      0.214846
   2.520      0.213790
   2.523      0.212738
   2.526      0.211690
   2.528      0.210647
   2.531      0.209607
   2.534      0.208572
   2.537      0.207541
   2.539      0.206514
   2.542      0.205491
   2.545      0.204472
   2.547      0.203458
   2.550      0.202447
   2.553      0.201440
   2.556      0.200437
   2.558      0.199439
   2.561      0.198444
   2.564      0.197453
   2.567      0.196466
   2.569      0.195483
   2.572      0.194504
   2.575      0.193528
   2.578      0.192557
   2.580      0.191589
   2.583      0.190625
   2.586      0.189665
   2.588      0.188709
   2.591      0.187756
   2.594      0.186807
   2.597      0.185862
   2.599      0.184921
   2.602      0.183983
   2.605      0.183049
   2.608      0.182118
   2.610      0.181192
   2.613      0.180268
   2.616      0.179349
   2.619      0.178433
   2.621      0.177520
   2.624      0.176611
   2.627      0.175706
   2.629      0.174804
   2.632      0.173906
   2.635      0.173011
   2.638      0.172120
   2.640      0.171232
   2.643      0.170347
   2.646      0.169466
   2.649      0.168588
   2.651      0.167714
   2.654      0.166843
   2.657      0.165975
   2.660      0.165111
   2.662      0.164250
   2.665      0.163392
   2.668      0.162538
   2.670      0.161687
   2.673      0.160839
   2.676      0.159995
   2.679      0.159153
   2.681      0.158315
   2.684      0.157480
   2.687      0.156648
   2.690      0.155820
   2.692      0.154994
   2.695      0.154172
   2.698      0.153353
   2.701      0.152537
   2.703      0.151724
   2.706      0.150914
   2.709      0.150107
   2.711      0.149303
   2.714      0.148503
   2.717      0.147705
   2.720      0.146910
   2.722      0.146118
   2.725      0.145330
   2.728      0.144544
   2.731      0.143761
   2.733      0.142981
   2.736      0.142204
   2.739      0.141430
   2.742      0.140659
   2.744      0.139890
   2.747      0.139125
   2.750      0.138362
   2.752      0.137602
   2.755      0.136846
   2.758      0.136091
   2.761      0.135340
   2.763      0.134591
   2.766      0.133846
   2.769      0.133103
   2.772      0.132362
   2.774      0.131625
   2.777      0.130890
   2.780      0.130158
   2.783      0.129428
   2.785      0.128702
   2.788      0.127977
   2.791      0.127256
   2.793      0.126537
   2.796      0.125821
   2.799      0.125107
   2.802      0.124396
   2.804      0.123688
   2.807      0.122982
   2.810      0.122279
   2.813      0.121578
   2.815      0.120880
   2.818      0.120184
   2.821      0.119491
   2.824      0.118801
   2.826      0.118112
   2.829      0.117427
   2.832      0.116743
   2.834      0.116063
   2.837      0.115384
   2.840      0.114708
   2.843      0.114035
   2.845      0.113364
   2.848      0.112695
   2.851      0.112029
   2.854      0.111365
   2.856      0.110703
   2.859      0.110044
   2.862      0.109387
   2.865      0.108733
   2.867      0.108080
   2.870      0.107430
   2.873      0.106783
   2.875      0.106137
   2.878      0.105494
   2.881      0.104853
   2.884      0.104215
   2.886      0.103578
   2.889      0.102944
   2.892      0.102312
   2.895      0.101682
   2.897      0.101055
   2.900      0.100429
   2.903      0.099806
   2.906      0.099185
   2.908      0.098566
   2.911      0.097949
   2.914      0.097334
   2.916      0.096722
   2.919      0.096111
   2.922      0.095503
   2.925      0.094896
   2.927      0.094292
   2.930      0.093690
   2.933      0.093090
   2.936      0.092491
   2.938      0.091895
   2.941      0.091301
   2.944      0.090709
   2.947      0.090119
   2.949      0.089531
   2.952      0.088945
   2.955      0.088361
   2.957      0.087778
   2.960      0.087198
   2.963      0.086620
   2.966      0.086043
   2.968      0.085469
   2.971      0.084896
   2.974      0.084326
   2.977      0.083757
   2.979      0.083190
   2.982      0.082625
   2.985      0.082062
   2.988      0.081500
   2.990      0.080941
   2.993      0.080383
   2.996      0.079827
   2.998      0.079273
   3.001      0.078721
   3.004      0.078170
   3.007      0.077622
   3.009      0.077075
   3.012      0.076530
   3.015      0.075986
   3.018      0.075444
   3.020      0.074904
   3.023      0.074366
   3.026      0.073830
   3.029      0.073295
   3.031      0.072762
   3.034      0.072230
   3.037      0.071701
   3.039      0.071173
   3.042      0.070646
   3.045      0.070121
   3.048      0.069598
   3.050      0.069077
   3.053      0.068557
   3.056      0.068039
   3.059      0.067522
   3.061      0.067007
   3.064      0.066494
   3.067      0.065982
   3.070      0.065472
   3.072      0.064963
   3.075      0.064456
   3.078      0.063950
   3.080      0.063446
   3.083      0.062944
   3.086      0.062443
   3.089      0.061943
   3.091      0.061445
   3.094      0.060949
   3.097      0.060454
   3.100      0.059960
   3.102      0.059468
   3.105      0.058978
   3.108      0.058489
   3.111      0.058001
   3.113      0.057515
   3.116      0.057030
   3.119      0.056546
   3.121      0.056065
   3.124      0.055584
   3.127      0.055105
   3.130      0.054627
   3.132      0.054151
   3.135      0.053676
   3.138      0.053202
   3.141      0.052730
   3.143      0.052259
   3.146      0.051789
   3.149      0.051321
   3.152      0.050854
   3.154      0.050389
   3.157      0.049925
   3.160      0.049462
   3.162      0.049000
   3.165      0.048540
   3.168      0.048081
   3.171      0.047623
   3.173      0.047166
   3.176      0.046711
   3.179      0.046257
   3.182      0.045805
   3.184      0.045353
   3.187      0.044903
   3.190      0.044454
   3.193      0.044006
   3.195      0.043559
   3.198      0.043114
   3.201      0.042670
   3.203      0.042227
   3.206      0.041785
   3.209      0.041344
   3.212      0.040905
   3.214      0.040467
   3.217      0.040030
   3.220      0.039594
   3.223      0.039159
   3.225      0.038725
   3.228      0.038292
   3.231      0.037861
   3.234      0.037431
   3.236      0.037001
   3.239      0.036573
   3.242      0.036146
   3.244      0.035720
   3.247      0.035295
   3.250      0.034871
   3.253      0.034449
   3.255      0.034027
   3.258      0.033606
   3.261      0.033187
   3.264      0.032768
   3.266      0.032351
   3.269      0.031934
   3.272      0.031519
   3.275      0.031104
   3.277      0.030691
   3.280      0.030279
   3.283      0.029867
   3.285      0.029457
   3.288      0.029047
   3.291      0.028639
   3.294      0.028231
   3.296      0.027825
   3.299      0.027419
   3.302      0.027015
   3.305      0.026611
   3.307      0.026208
   3.310      0.025806
   3.313      0.025405
   3.316      0.025005
   3.318      0.024606
   3.321      0.024208
   3.324      0.023811
   3.326      0.023415
   3.329      0.023019
   3.332      0.022625
   3.335      0.022231
   3.337      0.021838
   3.340      0.021446
   3.343      0.021055
   3.346      0.020665
   3.348      0.020275
   3.351      0.019887
   3.354      0.019499
   3.357      0.019112
   3.359      0.018726
   3.362      0.018341
   3.365      0.017956
   3.367      0.017573
   3.370      0.017190
   3.373      0.016808
   3.376      0.016427
   3.378      0.016046
   3.381      0.015666
   3.384      0.015288
   3.387      0.014909
   3.389      0.014532
   3.392      0.014155
   3.395      0.013780
   3.398      0.013404
   3.400      0.013030
   3.403      0.012656
   3.406      0.012283
   3.408      0.011911
   3.411      0.011540
   3.414      0.011169
   3.417      0.010799
   3.419      0.010430
   3.422      0.010061
   3.425      0.009693
   3.428      0.009326
   3.430      0.008959
   3.433      0.008593
   3.436      0.008228
   3.439      0.007863
   3.441      0.007499
   3.444      0.007136
   3.447      0.006773
   3.449      0.006411
   3.452      0.006050
   3.455      0.005689
   3.458      0.005329
   3.460      0.004970
   3.463      0.004611
   3.466      0.004253
   3.469      0.003895
   3.471      0.003538
   3.474      0.003182
   3.477      0.002826
   3.480      0.002471
   3.482      0.002116
   3.485      0.001762
   3.488      0.001408
   3.490      0.001055
   3.493      0.000703
   3.496      0.000351
   3.499      0.000000
