   0.000      0.007602
   0.003      0.087242
   0.005      0.166883
   0.008      0.249209
   0.011      0.331852
   0.014      0.414529
   0.016      0.497162
   0.019      0.579714
   0.022      0.662157
   0.025      0.744469
   0.027      0.826629
   0.030      0.908616
   0.033      0.990412
   0.036      1.071998
   0.038      1.153354
   0.041      1.234461
   0.044      1.315300
   0.046      1.395851
   0.049      1.476094
   0.052      1.556009
   0.055      1.635576
   0.057      1.714775
   0.060      1.793585
   0.063      1.871986
   0.066      1.949956
   0.068      2.027474
   0.071      2.104520
   0.074      2.181072
   0.077      2.257109
   0.079      2.332608
   0.082      2.407549
   0.085      2.481910
   0.087      2.555668
   0.090      2.628801
   0.093      2.701288
   0.096      2.773107
   0.098      2.844235
   0.101      2.914649
   0.104      2.984329
   0.107      3.053252
   0.109      3.121395
   0.112      3.188736
   0.115      3.255255
   0.118      3.320928
   0.120      3.385734
   0.123      3.449652
   0.126      3.512660
   0.128      3.574737
   0.131      3.635863
   0.134      3.696017
   0.137      3.755178
   0.139      3.813328
   0.142      3.870446
   0.145      3.926515
   0.148      3.981514
   0.150      4.035427
   0.153      4.088237
   0.156      4.139926
   0.159      4.190478
   0.161      4.239879
   0.164      4.288113
   0.167      4.335167
   0.169      4.381028
   0.172      4.425684
   0.175      4.469122
   0.178      4.511334
   0.180      4.552310
   0.183      4.592041
   0.186      4.630521
   0.189      4.667742
   0.191      4.703700
   0.194      4.738391
   0.197      4.771813
   0.200      4.803963
   0.202      4.834841
   0.205      4.864449
   0.208      4.892788
   0.210      4.919862
   0.213      4.945676
   0.216      4.970235
   0.219      4.993547
   0.221      5.015620
   0.224      5.036465
   0.227      5.056092
   0.230      5.074514
   0.232      5.091745
   0.235      5.107799
   0.238      5.122694
   0.241      5.136445
   0.243      5.149072
   0.246      5.160595
   0.249      5.171033
   0.251      5.180410
   0.254      5.188746
   0.257      5.196067
   0.260      5.202397
   0.262      5.207761
   0.265      5.212185
   0.268      5.215696
   0.271      5.218321
   0.273      5.220089
   0.276      5.221028
   0.279      5.221167
   0.282      5.220535
   0.284      5.219161
   0.287      5.217076
   0.290      5.214308
   0.292      5.210888
   0.295      5.206846
   0.298      5.202210
   0.301      5.197011
   0.303      5.191277
   0.306      5.185037
   0.309      5.178320
   0.312      5.171152
   0.314      5.163562
   0.317      5.155576
   0.320      5.147219
   0.323      5.138516
   0.325      5.129493
   0.328      5.120171
   0.331      5.110574
   0.333      5.100723
   0.336      5.090639
   0.339      5.080340
   0.342      5.069846
   0.344      5.059173
   0.347      5.048338
   0.350      5.037356
   0.353      5.026242
   0.355      5.015007
   0.358      5.003663
   0.361      4.992223
   0.364      4.980694
   0.366      4.969086
   0.369      4.957407
   0.372      4.945662
   0.374      4.933858
   0.377      4.921999
   0.380      4.910089
   0.383      4.898130
   0.385      4.886125
   0.388      4.874075
   0.391      4.861981
   0.394      4.849842
   0.396      4.837658
   0.399      4.825427
   0.402      4.813147
   0.405      4.800816
   0.407      4.788432
   0.410      4.775992
   0.413      4.763491
   0.415      4.750927
   0.418      4.738295
   0.421      4.725592
   0.424      4.712814
   0.426      4.699956
   0.429      4.687014
   0.432      4.673985
   0.435      4.660863
   0.437      4.647646
   0.440      4.634330
   0.443      4.620910
   0.446      4.607383
   0.448      4.593747
   0.451      4.579997
   0.454      4.566132
   0.456      4.552148
   0.459      4.538044
   0.462      4.523818
   0.465      4.509467
   0.467      4.494991
   0.470      4.480388
   0.473      4.465658
   0.476      4.450799
   0.478      4.435812
   0.481      4.420697
   0.484      4.405454
   0.487      4.390083
   0.489      4.374586
   0.492      4.358962
   0.495      4.343214
   0.497      4.327343
   0.500      4.311349
   0.503      4.295236
   0.506      4.279004
   0.508      4.262657
   0.511      4.246195
   0.514      4.229621
   0.517      4.212938
   0.519      4.196147
   0.522      4.179252
   0.525      4.162255
   0.528      4.145158
   0.530      4.127964
   0.533      4.110675
   0.536      4.093295
   0.538      4.075825
   0.541      4.058269
   0.544      4.040629
   0.547      4.022907
   0.549      4.005106
   0.552      3.987229
   0.555      3.969277
   0.558      3.951254
   0.560      3.933162
   0.563      3.915003
   0.566      3.896779
   0.569      3.878493
   0.571      3.860146
   0.574      3.841741
   0.577      3.823280
   0.579      3.804764
   0.582      3.786197
   0.585      3.767579
   0.588      3.748912
   0.590      3.730199
   0.593      3.711440
   0.596      3.692638
   0.599      3.673795
   0.601      3.654912
   0.604      3.635990
   0.607      3.617031
   0.610      3.598036
   0.612      3.579008
   0.615      3.559946
   0.618      3.540854
   0.620      3.521731
   0.623      3.502580
   0.626      3.483402
   0.629      3.464197
   0.631      3.444968
   0.634      3.425715
   0.637      3.406440
   0.640      3.387143
   0.642      3.367826
   0.645      3.348490
   0.648      3.329137
   0.651      3.309766
   0.653      3.290380
   0.656      3.270979
   0.659      3.251565
   0.661      3.232138
   0.664      3.212699
   0.667      3.193250
   0.670      3.173791
   0.672      3.154324
   0.675      3.134849
   0.678      3.115368
   0.681      3.095881
   0.683      3.076389
   0.686      3.056893
   0.689      3.037395
   0.692      3.017894
   0.694      2.998392
   0.697      2.978890
   0.700      2.959389
   0.702      2.939889
   0.705      2.920392
   0.708      2.900898
   0.711      2.881408
   0.713      2.861923
   0.716      2.842444
   0.719      2.822971
   0.722      2.803506
   0.724      2.784049
   0.727      2.764601
   0.730      2.745162
   0.733      2.725735
   0.735      2.706318
   0.738      2.686914
   0.741      2.667523
   0.743      2.648145
   0.746      2.628782
   0.749      2.609433
   0.752      2.590101
   0.754      2.570785
   0.757      2.551487
   0.760      2.532206
   0.763      2.512944
   0.765      2.493702
   0.768      2.474479
   0.771      2.455278
   0.774      2.436098
   0.776      2.416940
   0.779      2.397805
   0.782      2.378693
   0.784      2.359605
   0.787      2.340542
   0.790      2.321505
   0.793      2.302493
   0.795      2.283509
   0.798      2.264551
   0.801      2.245621
   0.804      2.226720
   0.806      2.207848
   0.809      2.189006
   0.812      2.170194
   0.815      2.151413
   0.817      2.132663
   0.820      2.113945
   0.823      2.095260
   0.825      2.076609
   0.828      2.057991
   0.831      2.039407
   0.834      2.020858
   0.836      2.002344
   0.839      1.983867
   0.842      1.965426
   0.845      1.947022
   0.847      1.928655
   0.850      1.910326
   0.853      1.892036
   0.856      1.873785
   0.858      1.855574
   0.861      1.837403
   0.864      1.819272
   0.866      1.801182
   0.869      1.783134
   0.872      1.765127
   0.875      1.747164
   0.877      1.729243
   0.880      1.711365
   0.883      1.693532
   0.886      1.675742
   0.888      1.657998
   0.891      1.640298
   0.894      1.622644
   0.897      1.605037
   0.899      1.587475
   0.902      1.569961
   0.905      1.552494
   0.907      1.535075
   0.910      1.517704
   0.913      1.500381
   0.916      1.483108
   0.918      1.465884
   0.921      1.448709
   0.924      1.431585
   0.927      1.414511
   0.929      1.397488
   0.932      1.380517
   0.935      1.363597
   0.938      1.346729
   0.940      1.329913
   0.943      1.313151
   0.946      1.296441
   0.948      1.279784
   0.951      1.263182
   0.954      1.246633
   0.957      1.230139
   0.959      1.213700
   0.962      1.197316
   0.965      1.180987
   0.968      1.164714
   0.970      1.148497
   0.973      1.132336
   0.976      1.116232
   0.979      1.100185
   0.981      1.084195
   0.984      1.068263
   0.987      1.052388
   0.989      1.036572
   0.992      1.020814
   0.995      1.005114
   0.998      0.989474
   1.000      0.973893
   1.003      0.958371
   1.006      0.942908
   1.009      0.927506
   1.011      0.912164
   1.014      0.896882
   1.017      0.881661
   1.020      0.866501
   1.022      0.851402
   1.025      0.836365
   1.028      0.821389
   1.030      0.806474
   1.033      0.791622
   1.036      0.776832
   1.039      0.762105
   1.041      0.747440
   1.044      0.732838
   1.047      0.718299
   1.050      0.703823
   1.052      0.689411
   1.055      0.675062
   1.058      0.660777
   1.061      0.646556
   1.063      0.632399
   1.066      0.618306
   1.069      0.604278
   1.071      0.590314
   1.074      0.576415
   1.077      0.562581
   1.080      0.548812
   1.082      0.535108
   1.085      0.521469
   1.088      0.507896
   1.091      0.494389
   1.093      0.480947
   1.096      0.467571
   1.099      0.454261
   1.102      0.441017
   1.104      0.427840
   1.107      0.414728
   1.110      0.401683
   1.112      0.388705
   1.115      0.375793
   1.118      0.362947
   1.121      0.350169
   1.123      0.337457
   1.126      0.324813
   1.129      0.312235
   1.132      0.299724
   1.134      0.287281
   1.137      0.274905
   1.140      0.262596
   1.143      0.250354
   1.145      0.238180
   1.148      0.226073
   1.151      0.214034
   1.153      0.202062
   1.156      0.190158
   1.159      0.178322
   1.162      0.166553
   1.164      0.154852
   1.167      0.143219
   1.170      0.131653
   1.173      0.120155
   1.175      0.108725
   1.178      0.097363
   1.181      0.086068
   1.184      0.074842
   1.186      0.063683
   1.189      0.052592
   1.192      0.041568
   1.194      0.030613
   1.197      0.019725
   1.200      0.008906
   1.203     -0.001847
   1.205     -0.012531
   1.208     -0.023147
   1.211     -0.033696
   1.214     -0.044178
   1.216     -0.054591
   1.219     -0.064937
   1.222     -0.075215
   1.225     -0.085426
   1.227     -0.095570
   1.230     -0.105646
   1.233     -0.115654
   1.235     -0.125596
   1.238     -0.135470
   1.241     -0.145276
   1.244     -0.155016
   1.246     -0.164689
   1.249     -0.174294
   1.252     -0.183833
   1.255     -0.193304
   1.257     -0.202709
   1.260     -0.212047
   1.263     -0.221319
   1.266     -0.230524
   1.268     -0.239663
   1.271     -0.248735
   1.274     -0.257741
   1.276     -0.266681
   1.279     -0.275554
   1.282     -0.284362
   1.285     -0.293104
   1.287     -0.301780
   1.290     -0.310390
   1.293     -0.318935
   1.296     -0.327415
   1.298     -0.335829
   1.301     -0.344178
   1.304     -0.352461
   1.307     -0.360680
   1.309     -0.368834
   1.312     -0.376924
   1.315     -0.384949
   1.317     -0.392909
   1.320     -0.400805
   1.323     -0.408637
   1.326     -0.416405
   1.328     -0.424109
   1.331     -0.431750
   1.334     -0.439326
   1.337     -0.446840
   1.339     -0.454290
   1.342     -0.461677
   1.345     -0.469001
   1.348     -0.476262
   1.350     -0.483461
   1.353     -0.490597
   1.356     -0.497670
   1.358     -0.504682
   1.361     -0.511632
   1.364     -0.518520
   1.367     -0.525346
   1.369     -0.532110
   1.372     -0.538814
   1.375     -0.545456
   1.378     -0.552037
   1.380     -0.558558
   1.383     -0.565018
   1.386     -0.571418
   1.389     -0.577757
   1.391     -0.584037
   1.394     -0.590256
   1.397     -0.596416
   1.399     -0.602517
   1.402     -0.608558
   1.405     -0.614540
   1.408     -0.620464
   1.410     -0.626329
   1.413     -0.632135
   1.416     -0.637883
   1.419     -0.643573
   1.421     -0.649205
   1.424     -0.654780
   1.427     -0.660297
   1.430     -0.665757
   1.432     -0.671160
   1.435     -0.676506
   1.438     -0.681796
   1.440     -0.687029
   1.443     -0.692206
   1.446     -0.697327
   1.449     -0.702393
   1.451     -0.707403
   1.454     -0.712357
   1.457     -0.717257
   1.460     -0.722102
   1.462     -0.726892
   1.465     -0.731628
   1.468     -0.736310
   1.471     -0.740938
   1.473     -0.745512
   1.476     -0.750032
   1.479     -0.754500
   1.481     -0.758914
   1.484     -0.763276
   1.487     -0.767585
   1.490     -0.771842
   1.492     -0.776047
   1.495     -0.780200
   1.498     -0.784301
   1.501     -0.788351
   1.503     -0.792350
   1.506     -0.796298
   1.509     -0.800195
   1.512     -0.804042
   1.514     -0.807839
   1.517     -0.811586
   1.520     -0.815284
   1.522     -0.818931
   1.525     -0.822530
   1.528     -0.826080
   1.531     -0.829581
   1.533     -0.833033
   1.536     -0.836438
   1.539     -0.839794
   1.542     -0.843103
   1.544     -0.846364
   1.547     -0.849578
   1.550     -0.852745
   1.553     -0.855865
   1.555     -0.858939
   1.558     -0.861967
   1.561     -0.864949
   1.563     -0.867885
   1.566     -0.870775
   1.569     -0.873620
   1.572     -0.876421
   1.574     -0.879176
   1.577     -0.881887
   1.580     -0.884554
   1.583     -0.887177
   1.585     -0.889756
   1.588     -0.892292
   1.591     -0.894784
   1.594     -0.897234
   1.596     -0.899641
   1.599     -0.902005
   1.602     -0.904327
   1.604     -0.906608
   1.607     -0.908846
   1.610     -0.911043
   1.613     -0.913199
   1.615     -0.915314
   1.618     -0.917388
   1.621     -0.919422
   1.624     -0.921416
   1.626     -0.923370
   1.629     -0.925284
   1.632     -0.927158
   1.635     -0.928994
   1.637     -0.930790
   1.640     -0.932548
   1.643     -0.934268
   1.645     -0.935949
   1.648     -0.937592
   1.651     -0.939198
   1.654     -0.940766
   1.656     -0.942297
   1.659     -0.943791
   1.662     -0.945249
   1.665     -0.946670
   1.667     -0.948055
   1.670     -0.949404
   1.673     -0.950717
   1.676     -0.951995
   1.678     -0.953238
   1.681     -0.954446
   1.684     -0.955619
   1.686     -0.956758
   1.689     -0.957862
   1.692     -0.958933
   1.695     -0.959970
   1.697     -0.960973
   1.700     -0.961944
   1.703     -0.962881
   1.706     -0.963785
   1.708     -0.964658
   1.711     -0.965497
   1.714     -0.966305
   1.717     -0.967081
   1.719     -0.967826
   1.722     -0.968539
   1.725     -0.969222
   1.727     -0.969873
   1.730     -0.970494
   1.733     -0.971085
   1.736     -0.971645
   1.738     -0.972176
   1.741     -0.972677
   1.744     -0.973149
   1.747     -0.973592
   1.749     -0.974005
   1.752     -0.974390
   1.755     -0.974747
   1.758     -0.975076
   1.760     -0.975376
   1.763     -0.975649
   1.766     -0.975894
   1.768     -0.976112
   1.771     -0.976303
   1.774     -0.976467
   1.777     -0.976604
   1.779     -0.976715
   1.782     -0.976800
   1.785     -0.976859
   1.788     -0.976892
   1.790     -0.976900
   1.793     -0.976883
   1.796     -0.976840
   1.799     -0.976773
   1.801     -0.976681
   1.804     -0.976565
   1.807     -0.976424
   1.809     -0.976260
   1.812     -0.976072
   1.815     -0.975860
   1.818     -0.975625
   1.820     -0.975367
   1.823     -0.975086
   1.826     -0.974782
   1.829     -0.974456
   1.831     -0.974108
   1.834     -0.973738
   1.837     -0.973346
   1.840     -0.972932
   1.842     -0.972497
   1.845     -0.972040
   1.848     -0.971563
   1.850     -0.971065
   1.853     -0.970546
   1.856     -0.970007
   1.859     -0.969447
   1.861     -0.968868
   1.864     -0.968269
   1.867     -0.967650
   1.870     -0.967012
   1.872     -0.966354
   1.875     -0.965678
   1.878     -0.964982
   1.881     -0.964268
   1.883     -0.963536
   1.886     -0.962786
   1.889     -0.962017
   1.891     -0.961230
   1.894     -0.960426
   1.897     -0.959604
   1.900     -0.958765
   1.902     -0.957909
   1.905     -0.957036
   1.908     -0.956146
   1.911     -0.955239
   1.913     -0.954316
   1.916     -0.953377
   1.919     -0.952422
   1.922     -0.951451
   1.924     -0.950464
   1.927     -0.949462
   1.930     -0.948444
   1.932     -0.947411
   1.935     -0.946363
   1.938     -0.945301
   1.941     -0.944223
   1.943     -0.943132
   1.946     -0.942025
   1.949     -0.940905
   1.952     -0.939771
   1.954     -0.938622
   1.957     -0.937461
   1.960     -0.936285
   1.963     -0.935096
   1.965     -0.933895
   1.968     -0.932680
   1.971     -0.931452
   1.973     -0.930211
   1.976     -0.928958
   1.979     -0.927693
   1.982     -0.926415
   1.984     -0.925125
   1.987     -0.923823
   1.990     -0.922510
   1.993     -0.921184
   1.995     -0.919848
   1.998     -0.918499
   2.001     -0.917140
   2.004     -0.915770
   2.006     -0.914388
   2.009     -0.912996
   2.012     -0.911594
   2.014     -0.910181
   2.017     -0.908757
   2.020     -0.907323
   2.023     -0.905880
   2.025     -0.904426
   2.028     -0.902962
   2.031     -0.901489
   2.034     -0.900006
   2.036     -0.898514
   2.039     -0.897013
   2.042     -0.895503
   2.045     -0.893983
   2.047     -0.892455
   2.050     -0.890918
   2.053     -0.889372
   2.055     -0.887818
   2.058     -0.886255
   2.061     -0.884684
   2.064     -0.883106
   2.066     -0.881519
   2.069     -0.879924
   2.072     -0.878321
   2.075     -0.876711
   2.077     -0.875094
   2.080     -0.873469
   2.083     -0.871837
   2.086     -0.870197
   2.088     -0.868551
   2.091     -0.866897
   2.094     -0.865237
   2.096     -0.863570
   2.099     -0.861897
   2.102     -0.860217
   2.105     -0.858531
   2.107     -0.856838
   2.110     -0.855139
   2.113     -0.853435
   2.116     -0.851724
   2.118     -0.850008
   2.121     -0.848285
   2.124     -0.846558
   2.127     -0.844824
   2.129     -0.843086
   2.132     -0.841342
   2.135     -0.839592
   2.137     -0.837838
   2.140     -0.836079
   2.143     -0.834315
   2.146     -0.832546
   2.148     -0.830772
   2.151     -0.828993
   2.154     -0.827211
   2.157     -0.825423
   2.159     -0.823632
   2.162     -0.821836
   2.165     -0.820036
   2.168     -0.818232
   2.170     -0.816424
   2.173     -0.814612
   2.176     -0.812796
   2.178     -0.810977
   2.181     -0.809154
   2.184     -0.807328
   2.187     -0.805498
   2.189     -0.803665
   2.192     -0.801828
   2.195     -0.799989
   2.198     -0.798146
   2.200     -0.796300
   2.203     -0.794452
   2.206     -0.792600
   2.209     -0.790746
   2.211     -0.788889
   2.214     -0.787030
   2.217     -0.785168
   2.219     -0.783304
   2.222     -0.781437
   2.225     -0.779568
   2.228     -0.777697
   2.230     -0.775823
   2.233     -0.773948
   2.236     -0.772071
   2.239     -0.770191
   2.241     -0.768310
   2.244     -0.766428
   2.247     -0.764543
   2.250     -0.762657
   2.252     -0.760769
   2.255     -0.758880
   2.258     -0.756990
   2.260     -0.755098
   2.263     -0.753205
   2.266     -0.751311
   2.269     -0.749415
   2.271     -0.747519
   2.274     -0.745622
   2.277     -0.743723
   2.280     -0.741824
   2.282     -0.739924
   2.285     -0.738023
   2.288     -0.736122
   2.291     -0.734220
   2.293     -0.732318
   2.296     -0.730415
   2.299     -0.728511
   2.301     -0.726608
   2.304     -0.724704
   2.307     -0.722799
   2.310     -0.720895
   2.312     -0.718990
   2.315     -0.717086
   2.318     -0.715181
   2.321     -0.713277
   2.323     -0.711372
   2.326     -0.709468
   2.329     -0.707564
   2.332     -0.705660
   2.334     -0.703757
   2.337     -0.701854
   2.340     -0.699951
   2.342     -0.698049
   2.345     -0.696148
   2.348     -0.694247
   2.351     -0.692346
   2.353     -0.690447
   2.356     -0.688548
   2.359     -0.686650
   2.362     -0.684752
   2.364     -0.682856
   2.367     -0.680960
   2.370     -0.679066
   2.373     -0.677172
   2.375     -0.675280
   2.378     -0.673389
   2.381     -0.671499
   2.383     -0.669610
   2.386     -0.667722
   2.389     -0.665836
   2.392     -0.663951
   2.394     -0.662067
   2.397     -0.660185
   2.400     -0.658304
   2.403     -0.656424
   2.405     -0.654547
   2.408     -0.652670
   2.411     -0.650796
   2.414     -0.648923
   2.416     -0.647052
   2.419     -0.645182
   2.422     -0.643314
   2.424     -0.641448
   2.427     -0.639584
   2.430     -0.637722
   2.433     -0.635861
   2.435     -0.634003
   2.438     -0.632147
   2.441     -0.630292
   2.444     -0.628440
   2.446     -0.626589
   2.449     -0.624741
   2.452     -0.622895
   2.455     -0.621051
   2.457     -0.619209
   2.460     -0.617370
   2.463     -0.615532
   2.465     -0.613697
   2.468     -0.611865
   2.471     -0.610034
   2.474     -0.608206
   2.476     -0.606381
   2.479     -0.604558
   2.482     -0.602737
   2.485     -0.600919
   2.487     -0.599103
   2.490     -0.597290
   2.493     -0.595479
   2.496     -0.593671
   2.498     -0.591866
   2.501     -0.590063
   2.504     -0.588262
   2.506     -0.586465
   2.509     -0.584670
   2.512     -0.582878
   2.515     -0.581089
   2.517     -0.579302
   2.520     -0.577518
   2.523     -0.575737
   2.526     -0.573959
   2.528     -0.572183
   2.531     -0.570411
   2.534     -0.568641
   2.537     -0.566874
   2.539     -0.565111
   2.542     -0.563350
   2.545     -0.561592
   2.547     -0.559837
   2.550     -0.558085
   2.553     -0.556336
   2.556     -0.554590
   2.558     -0.552847
   2.561     -0.551107
   2.564     -0.549370
   2.567     -0.547636
   2.569     -0.545905
   2.572     -0.544178
   2.575     -0.542453
   2.578     -0.540732
   2.580     -0.539014
   2.583     -0.537299
   2.586     -0.535587
   2.588     -0.533879
   2.591     -0.532173
   2.594     -0.530471
   2.597     -0.528772
   2.599     -0.527076
   2.602     -0.525384
   2.605     -0.523694
   2.608     -0.522008
   2.610     -0.520326
   2.613     -0.518646
   2.616     -0.516970
   2.619     -0.515297
   2.621     -0.513628
   2.624     -0.511962
   2.627     -0.510299
   2.629     -0.508639
   2.632     -0.506983
   2.635     -0.505331
   2.638     -0.503681
   2.640     -0.502035
   2.643     -0.500392
   2.646     -0.498753
   2.649     -0.497117
   2.651     -0.495485
   2.654     -0.493856
   2.657     -0.492230
   2.660     -0.490608
   2.662     -0.488989
   2.665     -0.487374
   2.668     -0.485762
   2.670     -0.484153
   2.673     -0.482548
   2.676     -0.480947
   2.679     -0.479349
   2.681     -0.477754
   2.684     -0.476163
   2.687     -0.474575
   2.690     -0.472991
   2.692     -0.471410
   2.695     -0.469833
   2.698     -0.468259
   2.701     -0.466688
   2.703     -0.465122
   2.706     -0.463558
   2.709     -0.461998
   2.711     -0.460442
   2.714     -0.458889
   2.717     -0.457339
   2.720     -0.455794
   2.722     -0.454251
   2.725     -0.452712
   2.728     -0.451177
   2.731     -0.449645
   2.733     -0.448116
   2.736     -0.446591
   2.739     -0.445070
   2.742     -0.443552
   2.744     -0.442038
   2.747     -0.440527
   2.750     -0.439019
   2.752     -0.437515
   2.755     -0.436015
   2.758     -0.434518
   2.761     -0.433024
   2.763     -0.431534
   2.766     -0.430048
   2.769     -0.428565
   2.772     -0.427085
   2.774     -0.425609
   2.777     -0.424137
   2.780     -0.422668
   2.783     -0.421202
   2.785     -0.419740
   2.788     -0.418281
   2.791     -0.416826
   2.793     -0.415374
   2.796     -0.413926
   2.799     -0.412481
   2.802     -0.411040
   2.804     -0.409602
   2.807     -0.408168
   2.810     -0.406737
   2.813     -0.405310
   2.815     -0.403886
   2.818     -0.402465
   2.821     -0.401048
   2.824     -0.399634
   2.826     -0.398224
   2.829     -0.396817
   2.832     -0.395414
   2.834     -0.394014
   2.837     -0.392617
   2.840     -0.391224
   2.843     -0.389834
   2.845     -0.388448
   2.848     -0.387065
   2.851     -0.385685
   2.854     -0.384309
   2.856     -0.382936
   2.859     -0.381567
   2.862     -0.380201
   2.865     -0.378838
   2.867     -0.377479
   2.870     -0.376123
   2.873     -0.374770
   2.875     -0.373421
   2.878     -0.372075
   2.881     -0.370733
   2.884     -0.369394
   2.886     -0.368058
   2.889     -0.366725
   2.892     -0.365396
   2.895     -0.364070
   2.897     -0.362748
   2.900     -0.361428
   2.903     -0.360112
   2.906     -0.358800
   2.908     -0.357490
   2.911     -0.356184
   2.914     -0.354881
   2.916     -0.353582
   2.919     -0.352285
   2.922     -0.350992
   2.925     -0.349703
   2.927     -0.348416
   2.930     -0.347133
   2.933     -0.345853
   2.936     -0.344576
   2.938     -0.343302
   2.941     -0.342032
   2.944     -0.340764
   2.947     -0.339500
   2.949     -0.338239
   2.952     -0.336982
   2.955     -0.335727
   2.957     -0.334476
   2.960     -0.333228
   2.963     -0.331983
   2.966     -0.330741
   2.968     -0.329502
   2.971     -0.328266
   2.974     -0.327034
   2.977     -0.325805
   2.979     -0.324578
   2.982     -0.323355
   2.985     -0.322135
   2.988     -0.320918
   2.990     -0.319705
   2.993     -0.318494
   2.996     -0.317286
   2.998     -0.316081
   3.001     -0.314880
   3.004     -0.313681
   3.007     -0.312486
   3.009     -0.311293
   3.012     -0.310104
   3.015     -0.308917
   3.018     -0.307734
   3.020     -0.306554
   3.023     -0.305376
   3.026     -0.304202
   3.029     -0.303030
   3.031     -0.301862
   3.034     -0.300696
   3.037     -0.299534
   3.039     -0.298374
   3.042     -0.297217
   3.045     -0.296064
   3.048     -0.294913
   3.050     -0.293765
   3.053     -0.292620
   3.056     -0.291478
   3.059     -0.290339
   3.061     -0.289202
   3.064     -0.288069
   3.067     -0.286938
   3.070     -0.285810
   3.072     -0.284686
   3.075     -0.283563
   3.078     -0.282444
   3.080     -0.281328
   3.083     -0.280214
   3.086     -0.279104
   3.089     -0.277996
   3.091     -0.276890
   3.094     -0.275788
   3.097     -0.274689
   3.100     -0.273592
   3.102     -0.272498
   3.105     -0.271406
   3.108     -0.270318
   3.111     -0.269232
   3.113     -0.268149
   3.116     -0.267069
   3.119     -0.265991
   3.121     -0.264916
   3.124     -0.263844
   3.127     -0.262774
   3.130     -0.261707
   3.132     -0.260643
   3.135     -0.259581
   3.138     -0.258523
   3.141     -0.257466
   3.143     -0.256413
   3.146     -0.255362
   3.149     -0.254313
   3.152     -0.253268
   3.154     -0.252225
   3.157     -0.251184
   3.160     -0.250146
   3.162     -0.249111
   3.165     -0.248078
   3.168     -0.247048
   3.171     -0.246020
   3.173     -0.244995
   3.176     -0.243973
   3.179     -0.242952
   3.182     -0.241935
   3.184     -0.240920
   3.187     -0.239908
   3.190     -0.238898
   3.193     -0.237890
   3.195     -0.236885
   3.198     -0.235883
   3.201     -0.234883
   3.203     -0.233885
   3.206     -0.232890
   3.209     -0.231897
   3.212     -0.230907
   3.214     -0.229919
   3.217     -0.228934
   3.220     -0.227951
   3.223     -0.226970
   3.225     -0.225992
   3.228     -0.225016
   3.231     -0.224043
   3.234     -0.223072
   3.236     -0.222103
   3.239     -0.221137
   3.242     -0.220173
   3.244     -0.219211
   3.247     -0.218252
   3.250     -0.217295
   3.253     -0.216340
   3.255     -0.215388
   3.258     -0.214438
   3.261     -0.213490
   3.264     -0.212545
   3.266     -0.211602
   3.269     -0.210661
   3.272     -0.209722
   3.275     -0.208786
   3.277     -0.207851
   3.280     -0.206920
   3.283     -0.205990
   3.285     -0.205062
   3.288     -0.204137
   3.291     -0.203214
   3.294     -0.202293
   3.296     -0.201375
   3.299     -0.200458
   3.302     -0.199544
   3.305     -0.198632
   3.307     -0.197722
   3.310     -0.196814
   3.313     -0.195908
   3.316     -0.195005
   3.318     -0.194104
   3.321     -0.193204
   3.324     -0.192307
   3.326     -0.191412
   3.329     -0.190519
   3.332     -0.189628
   3.335     -0.188740
   3.337     -0.187853
   3.340     -0.186968
   3.343     -0.186086
   3.346     -0.185205
   3.348     -0.184327
   3.351     -0.183451
   3.354     -0.182576
   3.357     -0.181704
   3.359     -0.180834
   3.362     -0.179965
   3.365     -0.179099
   3.367     -0.178235
   3.370     -0.177372
   3.373     -0.176512
   3.376     -0.175654
   3.378     -0.174797
   3.381     -0.173943
   3.384     -0.173091
   3.387     -0.172240
   3.389     -0.171392
   3.392     -0.170545
   3.395     -0.169700
   3.398     -0.168857
   3.400     -0.168016
   3.403     -0.167178
   3.406     -0.166340
   3.408     -0.165505
   3.411     -0.164672
   3.414     -0.163841
   3.417     -0.163011
   3.419     -0.162183
   3.422     -0.161357
   3.425     -0.160533
   3.428     -0.159711
   3.430     -0.158891
   3.433     -0.158072
   3.436     -0.157256
   3.439     -0.156441
   3.441     -0.155628
   3.444     -0.154817
   3.447     -0.154007
   3.449     -0.153200
   3.452     -0.152394
   3.455     -0.151590
   3.458     -0.150787
   3.460     -0.149987
   3.463     -0.149188
   3.466     -0.148391
   3.469     -0.147595
   3.471     -0.146802
   3.474     -0.146010
   3.477     -0.145220
   3.480     -0.144431
   3.482     -0.143645
   3.485     -0.142859
   3.488     -0.142076
   3.490     -0.141295
   3.493     -0.140515
   3.496     -0.139736
   3.499     -0.138960
   3.501     -0.138185
   3.504     -0.137411
   3.507     -0.136640
   3.510     -0.135870
   3.512     -0.135102
   3.515     -0.134335
   3.518     -0.133570
   3.521     -0.132807
   3.523     -0.132046
   3.526     -0.131286
   3.529     -0.130527
   3.531     -0.129771
   3.534     -0.129016
   3.537     -0.128262
   3.540     -0.127511
   3.542     -0.126760
   3.545     -0.126012
   3.548     -0.125265
   3.551     -0.124519
   3.553     -0.123776
   3.556     -0.123033
   3.559     -0.122293
   3.562     -0.121553
   3.564     -0.120816
   3.567     -0.120080
   3.570     -0.119345
   3.572     -0.118613
   3.575     -0.117881
   3.578     -0.117151
   3.581     -0.116423
   3.583     -0.115696
   3.586     -0.114971
   3.589     -0.114247
   3.592     -0.113525
   3.594     -0.112804
   3.597     -0.112085
   3.600     -0.111367
   3.603     -0.110650
   3.605     -0.109936
   3.608     -0.109222
   3.611     -0.108510
   3.613     -0.107800
   3.616     -0.107091
   3.619     -0.106383
   3.622     -0.105677
   3.624     -0.104972
   3.627     -0.104269
   3.630     -0.103567
   3.633     -0.102867
   3.635     -0.102168
   3.638     -0.101470
   3.641     -0.100774
   3.644     -0.100079
   3.646     -0.099385
   3.649     -0.098693
   3.652     -0.098003
   3.654     -0.097313
   3.657     -0.096625
   3.660     -0.095939
   3.663     -0.095254
   3.665     -0.094570
   3.668     -0.093887
   3.671     -0.093206
   3.674     -0.092526
   3.676     -0.091848
   3.679     -0.091171
   3.682     -0.090495
   3.685     -0.089820
   3.687     -0.089147
   3.690     -0.088475
   3.693     -0.087804
   3.695     -0.087135
   3.698     -0.086467
   3.701     -0.085800
   3.704     -0.085135
   3.706     -0.084471
   3.709     -0.083808
   3.712     -0.083146
   3.715     -0.082486
   3.717     -0.081827
   3.720     -0.081169
   3.723     -0.080512
   3.726     -0.079857
   3.728     -0.079203
   3.731     -0.078550
   3.734     -0.077898
   3.736     -0.077248
   3.739     -0.076599
   3.742     -0.075951
   3.745     -0.075304
   3.747     -0.074659
   3.750     -0.074014
   3.753     -0.073371
   3.756     -0.072729
   3.758     -0.072088
   3.761     -0.071449
   3.764     -0.070810
   3.767     -0.070173
   3.769     -0.069537
   3.772     -0.068902
   3.775     -0.068268
   3.777     -0.067636
   3.780     -0.067005
   3.783     -0.066374
   3.786     -0.065745
   3.788     -0.065117
   3.791     -0.064490
   3.794     -0.063865
   3.797     -0.063240
   3.799     -0.062617
   3.802     -0.061994
   3.805     -0.061373
   3.808     -0.060753
   3.810     -0.060134
   3.813     -0.059516
   3.816     -0.058899
   3.818     -0.058284
   3.821     -0.057669
   3.824     -0.057056
   3.827     -0.056443
   3.829     -0.055832
   3.832     -0.055222
   3.835     -0.054612
   3.838     -0.054004
   3.840     -0.053397
   3.843     -0.052791
   3.846     -0.052186
   3.849     -0.051582
   3.851     -0.050979
   3.854     -0.050378
   3.857     -0.049777
   3.859     -0.049177
   3.862     -0.048578
   3.865     -0.047981
   3.868     -0.047384
   3.870     -0.046788
   3.873     -0.046194
   3.876     -0.045600
   3.879     -0.045008
   3.881     -0.044416
   3.884     -0.043825
   3.887     -0.043236
   3.890     -0.042647
   3.892     -0.042060
   3.895     -0.041473
   3.898     -0.040887
   3.900     -0.040303
   3.903     -0.039719
   3.906     -0.039136
   3.909     -0.038554
   3.911     -0.037974
   3.914     -0.037394
   3.917     -0.036815
   3.920     -0.036237
   3.922     -0.035660
   3.925     -0.035084
   3.928     -0.034509
   3.931     -0.033935
   3.933     -0.033361
   3.936     -0.032789
   3.939     -0.032218
   3.941     -0.031647
   3.944     -0.031078
   3.947     -0.030509
   3.950     -0.029941
   3.952     -0.029374
   3.955     -0.028809
   3.958     -0.028244
   3.961     -0.027679
   3.963     -0.027116
   3.966     -0.026554
   3.969     -0.025992
   3.972     -0.025432
   3.974     -0.024872
   3.977     -0.024313
   3.980     -0.023755
   3.982     -0.023198
   3.985     -0.022642
   3.988     -0.022086
   3.991     -0.021532
   3.993     -0.020978
   3.996     -0.020425
   3.999     -0.019873
   4.002     -0.019322
   4.004     -0.018772
   4.007     -0.018222
   4.010     -0.017673
   4.013     -0.017125
   4.015     -0.016578
   4.018     -0.016032
   4.021     -0.015487
   4.023     -0.014942
   4.026     -0.014398
   4.029     -0.013855
   4.032     -0.013313
   4.034     -0.012771
   4.037     -0.012230
   4.040     -0.011690
   4.043     -0.011151
   4.045     -0.010613
   4.048     -0.010075
   4.051     -0.009538
   4.054     -0.009002
   4.056     -0.008467
   4.059     -0.007932
   4.062     -0.007398
   4.064     -0.006865
   4.067     -0.006333
   4.070     -0.005801
   4.073     -0.005270
   4.075     -0.004740
   4.078     -0.004211
   4.081     -0.003682
   4.084     -0.003154
   4.086     -0.002626
   4.089     -0.002100
   4.092     -0.001574
   4.095     -0.001048
   4.097     -0.000524
   4.100      0.000000
