   0.000      2.111667
   0.003      2.111666
   0.005      2.111666
   0.008      2.111666
   0.011      2.111666
   0.014      2.111664
   0.016      2.111661
   0.019      2.111656
   0.022      2.111649
   0.024      2.111639
   0.027      2.111625
   0.030      2.111606
   0.033      2.111581
   0.035      2.111548
   0.038      2.111508
   0.041      2.111458
   0.043      2.111398
   0.046      2.111325
   0.049      2.111238
   0.052      2.111137
   0.054      2.111018
   0.057      2.110882
   0.060      2.110725
   0.062      2.110547
   0.065      2.110345
   0.068      2.110117
   0.071      2.109863
   0.073      2.109580
   0.076      2.109266
   0.079      2.108919
   0.081      2.108538
   0.084      2.108120
   0.087      2.107665
   0.089      2.107170
   0.092      2.106633
   0.095      2.106052
   0.098      2.105427
   0.100      2.104755
   0.103      2.104034
   0.106      2.103264
   0.108      2.102443
   0.111      2.101569
   0.114      2.100641
   0.117      2.099657
   0.119      2.098618
   0.122      2.097521
   0.125      2.096365
   0.127      2.095151
   0.130      2.093876
   0.133      2.092541
   0.136      2.091144
   0.138      2.089685
   0.141      2.088165
   0.144      2.086581
   0.146      2.084935
   0.149      2.083227
   0.152      2.081455
   0.155      2.079621
   0.157      2.077724
   0.160      2.075765
   0.163      2.073744
   0.165      2.071662
   0.168      2.069518
   0.171      2.067314
   0.174      2.065050
   0.176      2.062727
   0.179      2.060345
   0.182      2.057906
   0.184      2.055409
   0.187      2.052857
   0.190      2.050249
   0.193      2.047587
   0.195      2.044872
   0.198      2.042105
   0.201      2.039286
   0.203      2.036416
   0.206      2.033498
   0.209      2.030530
   0.212      2.027516
   0.214      2.024454
   0.217      2.021348
   0.220      2.018197
   0.222      2.015002
   0.225      2.011765
   0.228      2.008486
   0.231      2.005166
   0.233      2.001807
   0.236      1.998408
   0.239      1.994972
   0.241      1.991499
   0.244      1.987989
   0.247      1.984444
   0.250      1.980865
   0.252      1.977251
   0.255      1.973605
   0.258      1.969927
   0.260      1.966217
   0.263      1.962476
   0.266      1.958706
   0.268      1.954907
   0.271      1.951079
   0.274      1.947223
   0.277      1.943341
   0.279      1.939432
   0.282      1.935498
   0.285      1.931539
   0.287      1.927555
   0.290      1.923549
   0.293      1.919519
   0.296      1.915467
   0.298      1.911393
   0.301      1.907298
   0.304      1.903184
   0.306      1.899049
   0.309      1.894895
   0.312      1.890723
   0.315      1.886533
   0.317      1.882326
   0.320      1.878102
   0.323      1.873862
   0.325      1.869606
   0.328      1.865335
   0.331      1.861050
   0.334      1.856752
   0.336      1.852439
   0.339      1.848115
   0.342      1.843777
   0.344      1.839429
   0.347      1.835069
   0.350      1.830698
   0.353      1.826318
   0.355      1.821927
   0.358      1.817528
   0.361      1.813120
   0.363      1.808703
   0.366      1.804279
   0.369      1.799848
   0.372      1.795410
   0.374      1.790965
   0.377      1.786515
   0.380      1.782060
   0.382      1.777599
   0.385      1.773133
   0.388      1.768664
   0.391      1.764191
   0.393      1.759714
   0.396      1.755235
   0.399      1.750753
   0.401      1.746268
   0.404      1.741782
   0.407      1.737295
   0.410      1.732806
   0.412      1.728317
   0.415      1.723827
   0.418      1.719337
   0.420      1.714848
   0.423      1.710359
   0.426      1.705871
   0.429      1.701385
   0.431      1.696900
   0.434      1.692417
   0.437      1.687936
   0.439      1.683458
   0.442      1.678982
   0.445      1.674510
   0.447      1.670041
   0.450      1.665576
   0.453      1.661114
   0.456      1.656657
   0.458      1.652204
   0.461      1.647755
   0.464      1.643312
   0.466      1.638874
   0.469      1.634441
   0.472      1.630014
   0.475      1.625592
   0.477      1.621177
   0.480      1.616768
   0.483      1.612365
   0.485      1.607969
   0.488      1.603580
   0.491      1.599198
   0.494      1.594823
   0.496      1.590455
   0.499      1.586096
   0.502      1.581744
   0.504      1.577400
   0.507      1.573064
   0.510      1.568736
   0.513      1.564417
   0.515      1.560106
   0.518      1.555805
   0.521      1.551512
   0.523      1.547228
   0.526      1.542953
   0.529      1.538688
   0.532      1.534432
   0.534      1.530185
   0.537      1.525949
   0.540      1.521722
   0.542      1.517505
   0.545      1.513298
   0.548      1.509102
   0.551      1.504915
   0.553      1.500739
   0.556      1.496574
   0.559      1.492419
   0.561      1.488274
   0.564      1.484141
   0.567      1.480018
   0.570      1.475906
   0.572      1.471806
   0.575      1.467716
   0.578      1.463637
   0.580      1.459570
   0.583      1.455514
   0.586      1.451469
   0.589      1.447436
   0.591      1.443415
   0.594      1.439405
   0.597      1.435406
   0.599      1.431419
   0.602      1.427444
   0.605      1.423481
   0.607      1.419530
   0.610      1.415590
   0.613      1.411663
   0.616      1.407747
   0.618      1.403843
   0.621      1.399952
   0.624      1.396072
   0.626      1.392205
   0.629      1.388350
   0.632      1.384507
   0.635      1.380676
   0.637      1.376858
   0.640      1.373052
   0.643      1.369258
   0.645      1.365476
   0.648      1.361707
   0.651      1.357950
   0.654      1.354206
   0.656      1.350474
   0.659      1.346754
   0.662      1.343047
   0.664      1.339352
   0.667      1.335669
   0.670      1.331999
   0.673      1.328342
   0.675      1.324697
   0.678      1.321064
   0.681      1.317444
   0.683      1.313837
   0.686      1.310242
   0.689      1.306659
   0.692      1.303089
   0.694      1.299531
   0.697      1.295986
   0.700      1.292453
   0.702      1.288933
   0.705      1.285425
   0.708      1.281930
   0.711      1.278447
   0.713      1.274976
   0.716      1.271518
   0.719      1.268072
   0.721      1.264639
   0.724      1.261218
   0.727      1.257810
   0.730      1.254413
   0.732      1.251030
   0.735      1.247658
   0.738      1.244299
   0.740      1.240952
   0.743      1.237617
   0.746      1.234295
   0.749      1.230984
   0.751      1.227686
   0.754      1.224401
   0.757      1.221127
   0.759      1.217865
   0.762      1.214616
   0.765      1.211379
   0.768      1.208153
   0.770      1.204940
   0.773      1.201739
   0.776      1.198550
   0.778      1.195372
   0.781      1.192207
   0.784      1.189054
   0.786      1.185912
   0.789      1.182782
   0.792      1.179664
   0.795      1.176558
   0.797      1.173464
   0.800      1.170382
   0.803      1.167311
   0.805      1.164251
   0.808      1.161204
   0.811      1.158168
   0.814      1.155144
   0.816      1.152131
   0.819      1.149129
   0.822      1.146140
   0.824      1.143161
   0.827      1.140194
   0.830      1.137239
   0.833      1.134294
   0.835      1.131361
   0.838      1.128440
   0.841      1.125529
   0.843      1.122630
   0.846      1.119742
   0.849      1.116865
   0.852      1.113999
   0.854      1.111145
   0.857      1.108301
   0.860      1.105468
   0.862      1.102646
   0.865      1.099835
   0.868      1.097035
   0.871      1.094246
   0.873      1.091468
   0.876      1.088700
   0.879      1.085944
   0.881      1.083197
   0.884      1.080462
   0.887      1.077737
   0.890      1.075023
   0.892      1.072319
   0.895      1.069626
   0.898      1.066943
   0.900      1.064271
   0.903      1.061609
   0.906      1.058957
   0.909      1.056316
   0.911      1.053685
   0.914      1.051064
   0.917      1.048454
   0.919      1.045854
   0.922      1.043263
   0.925      1.040683
   0.928      1.038113
   0.930      1.035553
   0.933      1.033003
   0.936      1.030463
   0.938      1.027932
   0.941      1.025412
   0.944      1.022901
   0.946      1.020400
   0.949      1.017909
   0.952      1.015428
   0.955      1.012956
   0.957      1.010494
   0.960      1.008042
   0.963      1.005599
   0.965      1.003165
   0.968      1.000741
   0.971      0.998327
   0.974      0.995921
   0.976      0.993526
   0.979      0.991139
   0.982      0.988762
   0.984      0.986394
   0.987      0.984035
   0.990      0.981685
   0.993      0.979345
   0.995      0.977014
   0.998      0.974691
   1.001      0.972378
   1.003      0.970074
   1.006      0.967778
   1.009      0.965492
   1.012      0.963214
   1.014      0.960945
   1.017      0.958685
   1.020      0.956434
   1.022      0.954191
   1.025      0.951957
   1.028      0.949732
   1.031      0.947515
   1.033      0.945307
   1.036      0.943108
   1.039      0.940917
   1.041      0.938734
   1.044      0.936560
   1.047      0.934394
   1.050      0.932237
   1.052      0.930088
   1.055      0.927947
   1.058      0.925814
   1.060      0.923690
   1.063      0.921574
   1.066      0.919465
   1.069      0.917365
   1.071      0.915273
   1.074      0.913190
   1.077      0.911114
   1.079      0.909046
   1.082      0.906986
   1.085      0.904933
   1.088      0.902889
   1.090      0.900853
   1.093      0.898824
   1.096      0.896803
   1.098      0.894790
   1.101      0.892784
   1.104      0.890786
   1.107      0.888796
   1.109      0.886813
   1.112      0.884838
   1.115      0.882870
   1.117      0.880910
   1.120      0.878957
   1.123      0.877012
   1.125      0.875074
   1.128      0.873143
   1.131      0.871220
   1.134      0.869304
   1.136      0.867395
   1.139      0.865494
   1.142      0.863599
   1.144      0.861712
   1.147      0.859832
   1.150      0.857959
   1.153      0.856093
   1.155      0.854234
   1.158      0.852382
   1.161      0.850537
   1.163      0.848699
   1.166      0.846867
   1.169      0.845043
   1.172      0.843226
   1.174      0.841415
   1.177      0.839611
   1.180      0.837814
   1.182      0.836023
   1.185      0.834239
   1.188      0.832462
   1.191      0.830692
   1.193      0.828928
   1.196      0.827170
   1.199      0.825420
   1.201      0.823675
   1.204      0.821937
   1.207      0.820206
   1.210      0.818481
   1.212      0.816762
   1.215      0.815050
   1.218      0.813344
   1.220      0.811644
   1.223      0.809951
   1.226      0.808264
   1.229      0.806583
   1.231      0.804908
   1.234      0.803239
   1.237      0.801577
   1.239      0.799921
   1.242      0.798270
   1.245      0.796626
   1.248      0.794988
   1.250      0.793356
   1.253      0.791729
   1.256      0.790109
   1.258      0.788495
   1.261      0.786886
   1.264      0.785283
   1.267      0.783686
   1.269      0.782095
   1.272      0.780510
   1.275      0.778930
   1.277      0.777357
   1.280      0.775788
   1.283      0.774226
   1.286      0.772669
   1.288      0.771118
   1.291      0.769572
   1.294      0.768032
   1.296      0.766498
   1.299      0.764969
   1.302      0.763445
   1.304      0.761927
   1.307      0.760415
   1.310      0.758908
   1.313      0.757406
   1.315      0.755909
   1.318      0.754418
   1.321      0.752933
   1.323      0.751452
   1.326      0.749977
   1.329      0.748507
   1.332      0.747042
   1.334      0.745583
   1.337      0.744129
   1.340      0.742680
   1.342      0.741236
   1.345      0.739797
   1.348      0.738363
   1.351      0.736934
   1.353      0.735510
   1.356      0.734092
   1.359      0.732678
   1.361      0.731269
   1.364      0.729865
   1.367      0.728466
   1.370      0.727072
   1.372      0.725683
   1.375      0.724299
   1.378      0.722920
   1.380      0.721545
   1.383      0.720175
   1.386      0.718810
   1.389      0.717450
   1.391      0.716095
   1.394      0.714744
   1.397      0.713398
   1.399      0.712056
   1.402      0.710719
   1.405      0.709387
   1.408      0.708059
   1.410      0.706736
   1.413      0.705418
   1.416      0.704104
   1.418      0.702795
   1.421      0.701490
   1.424      0.700189
   1.427      0.698893
   1.429      0.697602
   1.432      0.696315
   1.435      0.695032
   1.437      0.693754
   1.440      0.692480
   1.443      0.691210
   1.446      0.689945
   1.448      0.688684
   1.451      0.687427
   1.454      0.686175
   1.456      0.684927
   1.459      0.683683
   1.462      0.682443
   1.464      0.681207
   1.467      0.679976
   1.470      0.678749
   1.473      0.677526
   1.475      0.676307
   1.478      0.675092
   1.481      0.673881
   1.483      0.672674
   1.486      0.671472
   1.489      0.670273
   1.492      0.669078
   1.494      0.667888
   1.497      0.666701
   1.500      0.665518
   1.502      0.664339
   1.505      0.663164
   1.508      0.661994
   1.511      0.660826
   1.513      0.659663
   1.516      0.658504
   1.519      0.657348
   1.521      0.656197
   1.524      0.655049
   1.527      0.653904
   1.530      0.652764
   1.532      0.651627
   1.535      0.650495
   1.538      0.649365
   1.540      0.648240
   1.543      0.647118
   1.546      0.646000
   1.549      0.644885
   1.551      0.643775
   1.554      0.642667
   1.557      0.641564
   1.559      0.640464
   1.562      0.639367
   1.565      0.638275
   1.568      0.637185
   1.570      0.636099
   1.573      0.635017
   1.576      0.633938
   1.578      0.632863
   1.581      0.631791
   1.584      0.630723
   1.587      0.629658
   1.589      0.628596
   1.592      0.627538
   1.595      0.626483
   1.597      0.625432
   1.600      0.624384
   1.603      0.623339
   1.606      0.622298
   1.608      0.621260
   1.611      0.620225
   1.614      0.619194
   1.616      0.618166
   1.619      0.617141
   1.622      0.616119
   1.625      0.615101
   1.627      0.614086
   1.630      0.613074
   1.633      0.612065
   1.635      0.611060
   1.638      0.610057
   1.641      0.609058
   1.643      0.608062
   1.646      0.607069
   1.649      0.606079
   1.652      0.605092
   1.654      0.604108
   1.657      0.603128
   1.660      0.602150
   1.662      0.601176
   1.665      0.600204
   1.668      0.599236
   1.671      0.598270
   1.673      0.597308
   1.676      0.596349
   1.679      0.595392
   1.681      0.594439
   1.684      0.593488
   1.687      0.592540
   1.690      0.591596
   1.692      0.590654
   1.695      0.589715
   1.698      0.588779
   1.700      0.587846
   1.703      0.586915
   1.706      0.585988
   1.709      0.585063
   1.711      0.584141
   1.714      0.583222
   1.717      0.582306
   1.719      0.581393
   1.722      0.580482
   1.725      0.579574
   1.728      0.578669
   1.730      0.577767
   1.733      0.576867
   1.736      0.575970
   1.738      0.575076
   1.741      0.574185
   1.744      0.573296
   1.747      0.572410
   1.749      0.571526
   1.752      0.570645
   1.755      0.569767
   1.757      0.568891
   1.760      0.568018
   1.763      0.567148
   1.766      0.566280
   1.768      0.565415
   1.771      0.564553
   1.774      0.563693
   1.776      0.562835
   1.779      0.561980
   1.782      0.561128
   1.785      0.560278
   1.787      0.559431
   1.790      0.558586
   1.793      0.557743
   1.795      0.556904
   1.798      0.556066
   1.801      0.555231
   1.804      0.554399
   1.806      0.553569
   1.809      0.552741
   1.812      0.551916
   1.814      0.551093
   1.817      0.550273
   1.820      0.549455
   1.822      0.548639
   1.825      0.547826
   1.828      0.547015
   1.831      0.546207
   1.833      0.545400
   1.836      0.544597
   1.839      0.543795
   1.841      0.542996
   1.844      0.542199
   1.847      0.541404
   1.850      0.540612
   1.852      0.539822
   1.855      0.539034
   1.858      0.538249
   1.860      0.537466
   1.863      0.536685
   1.866      0.535906
   1.869      0.535129
   1.871      0.534355
   1.874      0.533583
   1.877      0.532813
   1.879      0.532045
   1.882      0.531280
   1.885      0.530516
   1.888      0.529755
   1.890      0.528996
   1.893      0.528239
   1.896      0.527484
   1.898      0.526732
   1.901      0.525981
   1.904      0.525233
   1.907      0.524486
   1.909      0.523742
   1.912      0.523000
   1.915      0.522260
   1.917      0.521522
   1.920      0.520786
   1.923      0.520052
   1.926      0.519320
   1.928      0.518591
   1.931      0.517863
   1.934      0.517137
   1.936      0.516413
   1.939      0.515692
   1.942      0.514972
   1.945      0.514254
   1.947      0.513538
   1.950      0.512825
   1.953      0.512113
   1.955      0.511403
   1.958      0.510695
   1.961      0.509989
   1.964      0.509285
   1.966      0.508583
   1.969      0.507883
   1.972      0.507184
   1.974      0.506488
   1.977      0.505794
   1.980      0.505101
   1.982      0.504410
   1.985      0.503721
   1.988      0.503035
   1.991      0.502349
   1.993      0.501666
   1.996      0.500985
   1.999      0.500305
   2.001      0.499627
   2.004      0.498952
   2.007      0.498277
   2.010      0.497605
   2.012      0.496935
   2.015      0.496266
   2.018      0.495599
   2.020      0.494934
   2.023      0.494271
   2.026      0.493609
   2.029      0.492949
   2.031      0.492291
   2.034      0.491635
   2.037      0.490981
   2.039      0.490328
   2.042      0.489677
   2.045      0.489027
   2.048      0.488380
   2.050      0.487734
   2.053      0.487089
   2.056      0.486447
   2.058      0.485806
   2.061      0.485167
   2.064      0.484529
   2.067      0.483894
   2.069      0.483259
   2.072      0.482627
   2.075      0.481996
   2.077      0.481367
   2.080      0.480739
   2.083      0.480113
   2.086      0.479489
   2.088      0.478866
   2.091      0.478245
   2.094      0.477626
   2.096      0.477008
   2.099      0.476392
   2.102      0.475777
   2.105      0.475164
   2.107      0.474552
   2.110      0.473942
   2.113      0.473334
   2.115      0.472727
   2.118      0.472122
   2.121      0.471518
   2.124      0.470916
   2.126      0.470315
   2.129      0.469716
   2.132      0.469119
   2.134      0.468522
   2.137      0.467928
   2.140      0.467335
   2.143      0.466743
   2.145      0.466153
   2.148      0.465565
   2.151      0.464978
   2.153      0.464392
   2.156      0.463808
   2.159      0.463225
   2.161      0.462644
   2.164      0.462064
   2.167      0.461486
   2.170      0.460909
