   0.000      1.757388
   0.003      1.757380
   0.005      1.757359
   0.008      1.757321
   0.011      1.757270
   0.014      1.757203
   0.016      1.757121
   0.019      1.757025
   0.022      1.756913
   0.024      1.756786
   0.027      1.756644
   0.030      1.756487
   0.033      1.756314
   0.035      1.756126
   0.038      1.755922
   0.041      1.755702
   0.043      1.755466
   0.046      1.755214
   0.049      1.754945
   0.052      1.754660
   0.054      1.754359
   0.057      1.754040
   0.060      1.753704
   0.062      1.753351
   0.065      1.752980
   0.068      1.752592
   0.071      1.752185
   0.073      1.751760
   0.076      1.751316
   0.079      1.750853
   0.081      1.750371
   0.084      1.749870
   0.087      1.749348
   0.089      1.748807
   0.092      1.748244
   0.095      1.747661
   0.098      1.747057
   0.100      1.746430
   0.103      1.745782
   0.106      1.745112
   0.108      1.744418
   0.111      1.743701
   0.114      1.742961
   0.117      1.742196
   0.119      1.741407
   0.122      1.740592
   0.125      1.739753
   0.127      1.738887
   0.130      1.737994
   0.133      1.737075
   0.136      1.736128
   0.138      1.735153
   0.141      1.734149
   0.144      1.733117
   0.146      1.732055
   0.149      1.730962
   0.152      1.729839
   0.155      1.728685
   0.157      1.727499
   0.160      1.726280
   0.163      1.725029
   0.165      1.723744
   0.168      1.722425
   0.171      1.721071
   0.174      1.719682
   0.176      1.718257
   0.179      1.716796
   0.182      1.715298
   0.184      1.713762
   0.187      1.712188
   0.190      1.710576
   0.193      1.708925
   0.195      1.707234
   0.198      1.705502
   0.201      1.703731
   0.203      1.701918
   0.206      1.700063
   0.209      1.698166
   0.212      1.696227
   0.214      1.694245
   0.217      1.692220
   0.220      1.690151
   0.222      1.688038
   0.225      1.685880
   0.228      1.683679
   0.231      1.681432
   0.233      1.679140
   0.236      1.676803
   0.239      1.674420
   0.241      1.671992
   0.244      1.669518
   0.247      1.666998
   0.250      1.664432
   0.252      1.661821
   0.255      1.659164
   0.258      1.656461
   0.260      1.653713
   0.263      1.650920
   0.266      1.648081
   0.268      1.645197
   0.271      1.642269
   0.274      1.639297
   0.277      1.636280
   0.279      1.633221
   0.282      1.630118
   0.285      1.626972
   0.287      1.623785
   0.290      1.620556
   0.293      1.617287
   0.296      1.613977
   0.298      1.610628
   0.301      1.607240
   0.304      1.603814
   0.306      1.600351
   0.309      1.596852
   0.312      1.593317
   0.315      1.589748
   0.317      1.586145
   0.320      1.582509
   0.323      1.578841
   0.325      1.575143
   0.328      1.571415
   0.331      1.567658
   0.334      1.563874
   0.336      1.560063
   0.339      1.556226
   0.342      1.552366
   0.344      1.548482
   0.347      1.544576
   0.350      1.540649
   0.353      1.536702
   0.355      1.532736
   0.358      1.528753
   0.361      1.524754
   0.363      1.520739
   0.366      1.516710
   0.369      1.512669
   0.372      1.508615
   0.374      1.504551
   0.377      1.500478
   0.380      1.496396
   0.382      1.492307
   0.385      1.488212
   0.388      1.484112
   0.391      1.480008
   0.393      1.475901
   0.396      1.471793
   0.399      1.467684
   0.401      1.463575
   0.404      1.459467
   0.407      1.455362
   0.410      1.451260
   0.412      1.447163
   0.415      1.443070
   0.418      1.438984
   0.420      1.434905
   0.423      1.430834
   0.426      1.426771
   0.429      1.422719
   0.431      1.418676
   0.434      1.414646
   0.437      1.410627
   0.439      1.406621
   0.442      1.402629
   0.445      1.398650
   0.447      1.394687
   0.450      1.390740
   0.453      1.386809
   0.456      1.382895
   0.458      1.378998
   0.461      1.375120
   0.464      1.371260
   0.466      1.367420
   0.469      1.363599
   0.472      1.359799
   0.475      1.356019
   0.477      1.352261
   0.480      1.348524
   0.483      1.344809
   0.485      1.341117
   0.488      1.337448
   0.491      1.333801
   0.494      1.330179
   0.496      1.326580
   0.499      1.323005
   0.502      1.319454
   0.504      1.315928
   0.507      1.312427
   0.510      1.308952
   0.513      1.305501
   0.515      1.302076
   0.518      1.298676
   0.521      1.295302
   0.523      1.291954
   0.526      1.288632
   0.529      1.285336
   0.532      1.282066
   0.534      1.278822
   0.537      1.275605
   0.540      1.272414
   0.542      1.269249
   0.545      1.266110
   0.548      1.262998
   0.551      1.259912
   0.553      1.256852
   0.556      1.253818
   0.559      1.250810
   0.561      1.247828
   0.564      1.244872
   0.567      1.241942
   0.570      1.239037
   0.572      1.236158
   0.575      1.233304
   0.578      1.230475
   0.580      1.227672
   0.583      1.224893
   0.586      1.222139
   0.589      1.219409
   0.591      1.216704
   0.594      1.214023
   0.597      1.211366
   0.599      1.208732
   0.602      1.206122
   0.605      1.203535
   0.607      1.200970
   0.610      1.198429
   0.613      1.195910
   0.616      1.193413
   0.618      1.190938
   0.621      1.188484
   0.624      1.186052
   0.626      1.183641
   0.629      1.181251
   0.632      1.178881
   0.635      1.176531
   0.637      1.174202
   0.640      1.171892
   0.643      1.169601
   0.645      1.167329
   0.648      1.165075
   0.651      1.162841
   0.654      1.160624
   0.656      1.158425
   0.659      1.156243
   0.662      1.154078
   0.664      1.151930
   0.667      1.149799
   0.670      1.147684
   0.673      1.145584
   0.675      1.143500
   0.678      1.141432
   0.681      1.139378
   0.683      1.137339
   0.686      1.135314
   0.689      1.133303
   0.692      1.131305
   0.694      1.129321
   0.697      1.127350
   0.700      1.125392
   0.702      1.123446
   0.705      1.121512
   0.708      1.119589
   0.711      1.117679
   0.713      1.115779
   0.716      1.113891
   0.719      1.112013
   0.721      1.110145
   0.724      1.108288
   0.727      1.106440
   0.730      1.104602
   0.732      1.102772
   0.735      1.100952
   0.738      1.099141
   0.740      1.097338
   0.743      1.095543
   0.746      1.093755
   0.749      1.091976
   0.751      1.090204
   0.754      1.088439
   0.757      1.086680
   0.759      1.084929
   0.762      1.083184
   0.765      1.081445
   0.768      1.079712
   0.770      1.077984
   0.773      1.076262
   0.776      1.074546
   0.778      1.072834
   0.781      1.071128
   0.784      1.069426
   0.786      1.067728
   0.789      1.066035
   0.792      1.064346
   0.795      1.062661
   0.797      1.060979
   0.800      1.059301
   0.803      1.057626
   0.805      1.055955
   0.808      1.054287
   0.811      1.052621
   0.814      1.050958
   0.816      1.049298
   0.819      1.047640
   0.822      1.045984
   0.824      1.044331
   0.827      1.042679
   0.830      1.041030
   0.833      1.039382
   0.835      1.037735
   0.838      1.036091
   0.841      1.034447
   0.843      1.032805
   0.846      1.031164
   0.849      1.029524
   0.852      1.027885
   0.854      1.026247
   0.857      1.024609
   0.860      1.022973
   0.862      1.021337
   0.865      1.019701
   0.868      1.018066
   0.871      1.016431
   0.873      1.014796
   0.876      1.013162
   0.879      1.011528
   0.881      1.009893
   0.884      1.008259
   0.887      1.006625
   0.890      1.004991
   0.892      1.003357
   0.895      1.001722
   0.898      1.000087
   0.900      0.998452
   0.903      0.996817
   0.906      0.995181
   0.909      0.993545
   0.911      0.991909
   0.914      0.990272
   0.917      0.988634
   0.919      0.986997
   0.922      0.985358
   0.925      0.983720
   0.928      0.982080
   0.930      0.980440
   0.933      0.978800
   0.936      0.977159
   0.938      0.975518
   0.941      0.973876
   0.944      0.972233
   0.946      0.970590
   0.949      0.968946
   0.952      0.967302
   0.955      0.965657
   0.957      0.964011
   0.960      0.962365
   0.963      0.960719
   0.965      0.959072
   0.968      0.957424
   0.971      0.955777
   0.974      0.954128
   0.976      0.952479
   0.979      0.950830
   0.982      0.949180
   0.984      0.947530
   0.987      0.945880
   0.990      0.944229
   0.993      0.942578
   0.995      0.940926
   0.998      0.939275
   1.001      0.937623
   1.003      0.935971
   1.006      0.934319
   1.009      0.932666
   1.012      0.931014
   1.014      0.929361
   1.017      0.927709
   1.020      0.926056
   1.022      0.924404
   1.025      0.922751
   1.028      0.921099
   1.031      0.919447
   1.033      0.917795
   1.036      0.916143
   1.039      0.914491
   1.041      0.912840
   1.044      0.911189
   1.047      0.909539
   1.050      0.907889
   1.052      0.906239
   1.055      0.904590
   1.058      0.902942
   1.060      0.901294
   1.063      0.899646
   1.066      0.898000
   1.069      0.896354
   1.071      0.894709
   1.074      0.893064
   1.077      0.891421
   1.079      0.889778
   1.082      0.888136
   1.085      0.886496
   1.088      0.884856
   1.090      0.883217
   1.093      0.881580
   1.096      0.879943
   1.098      0.878308
   1.101      0.876674
   1.104      0.875041
   1.107      0.873410
   1.109      0.871780
   1.112      0.870151
   1.115      0.868524
   1.117      0.866898
   1.120      0.865274
   1.123      0.863651
   1.125      0.862030
   1.128      0.860410
   1.131      0.858793
   1.134      0.857177
   1.136      0.855562
   1.139      0.853950
   1.142      0.852339
   1.144      0.850731
   1.147      0.849124
   1.150      0.847519
   1.153      0.845916
   1.155      0.844315
   1.158      0.842717
   1.161      0.841120
   1.163      0.839526
   1.166      0.837933
   1.169      0.836343
   1.172      0.834755
   1.174      0.833170
   1.177      0.831587
   1.180      0.830006
   1.182      0.828427
   1.185      0.826851
   1.188      0.825278
   1.191      0.823707
   1.193      0.822138
   1.196      0.820572
   1.199      0.819009
   1.201      0.817448
   1.204      0.815890
   1.207      0.814335
   1.210      0.812782
   1.212      0.811232
   1.215      0.809685
   1.218      0.808140
   1.220      0.806599
   1.223      0.805060
   1.226      0.803524
   1.229      0.801991
   1.231      0.800461
   1.234      0.798934
   1.237      0.797410
   1.239      0.795889
   1.242      0.794371
   1.245      0.792856
   1.248      0.791344
   1.250      0.789835
   1.253      0.788329
   1.256      0.786827
   1.258      0.785327
   1.261      0.783831
   1.264      0.782338
   1.267      0.780848
   1.269      0.779362
   1.272      0.777879
   1.275      0.776399
   1.277      0.774922
   1.280      0.773448
   1.283      0.771978
   1.286      0.770512
   1.288      0.769048
   1.291      0.767588
   1.294      0.766132
   1.296      0.764679
   1.299      0.763229
   1.302      0.761783
   1.304      0.760340
   1.307      0.758901
   1.310      0.757465
   1.313      0.756032
   1.315      0.754603
   1.318      0.753178
   1.321      0.751756
   1.323      0.750338
   1.326      0.748923
   1.329      0.747512
   1.332      0.746105
   1.334      0.744701
   1.337      0.743300
   1.340      0.741903
   1.342      0.740510
   1.345      0.739121
   1.348      0.737735
   1.351      0.736352
   1.353      0.734973
   1.356      0.733598
   1.359      0.732227
   1.361      0.730859
   1.364      0.729495
   1.367      0.728135
   1.370      0.726778
   1.372      0.725425
   1.375      0.724075
   1.378      0.722730
   1.380      0.721388
   1.383      0.720049
   1.386      0.718715
   1.389      0.717384
   1.391      0.716056
   1.394      0.714733
   1.397      0.713413
   1.399      0.712097
   1.402      0.710784
   1.405      0.709476
   1.408      0.708170
   1.410      0.706869
   1.413      0.705571
   1.416      0.704278
   1.418      0.702987
   1.421      0.701701
   1.424      0.700418
   1.427      0.699139
   1.429      0.697863
   1.432      0.696592
   1.435      0.695324
   1.437      0.694059
   1.440      0.692799
   1.443      0.691542
   1.446      0.690289
   1.448      0.689039
   1.451      0.687793
   1.454      0.686551
   1.456      0.685312
   1.459      0.684078
   1.462      0.682846
   1.464      0.681619
   1.467      0.680395
   1.470      0.679175
   1.473      0.677958
   1.475      0.676745
   1.478      0.675536
   1.481      0.674331
   1.483      0.673129
   1.486      0.671930
   1.489      0.670735
   1.492      0.669544
   1.494      0.668357
   1.497      0.667173
   1.500      0.665993
   1.502      0.664816
   1.505      0.663643
   1.508      0.662473
   1.511      0.661307
   1.513      0.660145
   1.516      0.658986
   1.519      0.657831
   1.521      0.656679
   1.524      0.655531
   1.527      0.654386
   1.530      0.653245
   1.532      0.652107
   1.535      0.650973
   1.538      0.649842
   1.540      0.648715
   1.543      0.647591
   1.546      0.646471
   1.549      0.645354
   1.551      0.644241
   1.554      0.643131
   1.557      0.642025
   1.559      0.640922
   1.562      0.639822
   1.565      0.638726
   1.568      0.637633
   1.570      0.636544
   1.573      0.635458
   1.576      0.634375
   1.578      0.633296
   1.581      0.632220
   1.584      0.631148
   1.587      0.630079
   1.589      0.629013
   1.592      0.627950
   1.595      0.626891
   1.597      0.625835
   1.600      0.624783
   1.603      0.623733
   1.606      0.622687
   1.608      0.621645
   1.611      0.620605
   1.614      0.619569
   1.616      0.618536
   1.619      0.617506
   1.622      0.616479
   1.625      0.615456
   1.627      0.614436
   1.630      0.613419
   1.633      0.612405
   1.635      0.611394
   1.638      0.610387
   1.641      0.609382
   1.643      0.608381
   1.646      0.607383
   1.649      0.606388
   1.652      0.605396
   1.654      0.604407
   1.657      0.603422
   1.660      0.602439
   1.662      0.601459
   1.665      0.600483
   1.668      0.599509
   1.671      0.598539
   1.673      0.597572
   1.676      0.596607
   1.679      0.595646
   1.681      0.594687
   1.684      0.593732
   1.687      0.592779
   1.690      0.591830
   1.692      0.590883
   1.695      0.589939
   1.698      0.588999
   1.700      0.588061
   1.703      0.587126
   1.706      0.586194
   1.709      0.585265
   1.711      0.584338
   1.714      0.583415
   1.717      0.582494
   1.719      0.581577
   1.722      0.580662
   1.725      0.579750
   1.728      0.578840
   1.730      0.577934
   1.733      0.577030
   1.736      0.576129
   1.738      0.575231
   1.741      0.574336
   1.744      0.573443
   1.747      0.572553
   1.749      0.571666
   1.752      0.570781
   1.755      0.569899
   1.757      0.569020
   1.760      0.568144
   1.763      0.567270
   1.766      0.566399
   1.768      0.565531
   1.771      0.564665
   1.774      0.563802
   1.776      0.562941
   1.779      0.562083
   1.782      0.561228
   1.785      0.560375
   1.787      0.559525
   1.790      0.558677
   1.793      0.557832
   1.795      0.556989
   1.798      0.556149
   1.801      0.555312
   1.804      0.554477
   1.806      0.553644
   1.809      0.552814
   1.812      0.551987
   1.814      0.551162
   1.817      0.550339
   1.820      0.549519
   1.822      0.548701
   1.825      0.547886
   1.828      0.547073
   1.831      0.546262
   1.833      0.545454
   1.836      0.544649
   1.839      0.543845
   1.841      0.543044
   1.844      0.542246
   1.847      0.541450
   1.850      0.540656
   1.852      0.539864
   1.855      0.539075
   1.858      0.538288
   1.860      0.537503
   1.863      0.536721
   1.866      0.535941
   1.869      0.535163
   1.871      0.534387
   1.874      0.533614
   1.877      0.532843
   1.879      0.532074
   1.882      0.531307
   1.885      0.530543
   1.888      0.529780
   1.890      0.529020
   1.893      0.528262
   1.896      0.527507
   1.898      0.526753
   1.901      0.526002
   1.904      0.525252
   1.907      0.524505
   1.909      0.523760
   1.912      0.523017
   1.915      0.522276
   1.917      0.521538
   1.920      0.520801
   1.923      0.520066
   1.926      0.519334
   1.928      0.518604
   1.931      0.517875
   1.934      0.517149
   1.936      0.516425
   1.939      0.515702
   1.942      0.514982
   1.945      0.514264
   1.947      0.513548
   1.950      0.512833
   1.953      0.512121
   1.955      0.511411
   1.958      0.510702
   1.961      0.509996
   1.964      0.509292
   1.966      0.508589
   1.969      0.507889
   1.972      0.507190
   1.974      0.506493
   1.977      0.505799
   1.980      0.505106
   1.982      0.504415
   1.985      0.503726
   1.988      0.503038
   1.991      0.502353
   1.993      0.501670
   1.996      0.500988
   1.999      0.500308
   2.001      0.499630
   2.004      0.498954
   2.007      0.498280
   2.010      0.497607
   2.012      0.496937
   2.015      0.496268
   2.018      0.495601
   2.020      0.494936
   2.023      0.494272
   2.026      0.493611
   2.029      0.492951
   2.031      0.492293
   2.034      0.491636
   2.037      0.490982
   2.039      0.490329
   2.042      0.489677
   2.045      0.489028
   2.048      0.488380
   2.050      0.487734
   2.053      0.487090
   2.056      0.486447
   2.058      0.485806
   2.061      0.485167
   2.064      0.484530
   2.067      0.483894
   2.069      0.483260
   2.072      0.482627
   2.075      0.481996
   2.077      0.481367
   2.080      0.480739
   2.083      0.480113
   2.086      0.479489
   2.088      0.478866
   2.091      0.478245
   2.094      0.477626
   2.096      0.477008
   2.099      0.476392
   2.102      0.475777
   2.105      0.475164
   2.107      0.474552
   2.110      0.473942
   2.113      0.473334
   2.115      0.472727
   2.118      0.472122
   2.121      0.471518
   2.124      0.470916
   2.126      0.470315
   2.129      0.469716
   2.132      0.469118
   2.134      0.468522
   2.137      0.467928
   2.140      0.467335
   2.143      0.466743
   2.145      0.466153
   2.148      0.465565
   2.151      0.464977
   2.153      0.464392
   2.156      0.463808
   2.159      0.463225
   2.161      0.462644
   2.164      0.462064
   2.167      0.461486
   2.170      0.460909
