   0.000      1.165176
   0.003      1.165176
   0.005      1.165176
   0.008      1.165176
   0.011      1.165176
   0.014      1.165176
   0.016      1.165176
   0.019      1.165176
   0.022      1.165176
   0.024      1.165176
   0.027      1.165176
   0.030      1.165176
   0.033      1.165176
   0.035      1.165176
   0.038      1.165176
   0.041      1.165176
   0.043      1.165176
   0.046      1.165176
   0.049      1.165176
   0.052      1.165176
   0.054      1.165176
   0.057      1.165176
   0.060      1.165176
   0.062      1.165176
   0.065      1.165176
   0.068      1.165175
   0.071      1.165175
   0.073      1.165175
   0.076      1.165175
   0.079      1.165175
   0.081      1.165174
   0.084      1.165174
   0.087      1.165174
   0.089      1.165173
   0.092      1.165173
   0.095      1.165172
   0.098      1.165171
   0.100      1.165170
   0.103      1.165169
   0.106      1.165168
   0.108      1.165167
   0.111      1.165166
   0.114      1.165164
   0.117      1.165163
   0.119      1.165161
   0.122      1.165159
   0.125      1.165156
   0.127      1.165153
   0.130      1.165151
   0.133      1.165147
   0.136      1.165144
   0.138      1.165140
   0.141      1.165136
   0.144      1.165131
   0.146      1.165126
   0.149      1.165120
   0.152      1.165114
   0.155      1.165107
   0.157      1.165100
   0.160      1.165092
   0.163      1.165084
   0.165      1.165075
   0.168      1.165065
   0.171      1.165055
   0.174      1.165043
   0.176      1.165031
   0.179      1.165018
   0.182      1.165004
   0.184      1.164989
   0.187      1.164973
   0.190      1.164956
   0.193      1.164938
   0.195      1.164919
   0.198      1.164899
   0.201      1.164877
   0.203      1.164854
   0.206      1.164829
   0.209      1.164803
   0.212      1.164776
   0.214      1.164747
   0.217      1.164717
   0.220      1.164685
   0.222      1.164651
   0.225      1.164615
   0.228      1.164578
   0.231      1.164539
   0.233      1.164497
   0.236      1.164454
   0.239      1.164408
   0.241      1.164361
   0.244      1.164311
   0.247      1.164259
   0.250      1.164205
   0.252      1.164148
   0.255      1.164089
   0.258      1.164027
   0.260      1.163963
   0.263      1.163896
   0.266      1.163826
   0.268      1.163753
   0.271      1.163678
   0.274      1.163600
   0.277      1.163518
   0.279      1.163434
   0.282      1.163346
   0.285      1.163256
   0.287      1.163162
   0.290      1.163064
   0.293      1.162964
   0.296      1.162860
   0.298      1.162752
   0.301      1.162641
   0.304      1.162526
   0.306      1.162408
   0.309      1.162286
   0.312      1.162160
   0.315      1.162030
   0.317      1.161896
   0.320      1.161758
   0.323      1.161616
   0.325      1.161470
   0.328      1.161319
   0.331      1.161165
   0.334      1.161006
   0.336      1.160843
   0.339      1.160675
   0.342      1.160503
   0.344      1.160327
   0.347      1.160145
   0.350      1.159959
   0.353      1.159769
   0.355      1.159573
   0.358      1.159373
   0.361      1.159168
   0.363      1.158958
   0.366      1.158743
   0.369      1.158523
   0.372      1.158297
   0.374      1.158067
   0.377      1.157831
   0.380      1.157590
   0.382      1.157344
   0.385      1.157093
   0.388      1.156836
   0.391      1.156573
   0.393      1.156305
   0.396      1.156031
   0.399      1.155752
   0.401      1.155467
   0.404      1.155176
   0.407      1.154880
   0.410      1.154578
   0.412      1.154269
   0.415      1.153955
   0.418      1.153635
   0.420      1.153309
   0.423      1.152977
   0.426      1.152638
   0.429      1.152294
   0.431      1.151943
   0.434      1.151586
   0.437      1.151223
   0.439      1.150853
   0.442      1.150477
   0.445      1.150095
   0.447      1.149706
   0.450      1.149310
   0.453      1.148908
   0.456      1.148500
   0.458      1.148084
   0.461      1.147662
   0.464      1.147234
   0.466      1.146798
   0.469      1.146356
   0.472      1.145907
   0.475      1.145451
   0.477      1.144989
   0.480      1.144519
   0.483      1.144042
   0.485      1.143559
   0.488      1.143068
   0.491      1.142570
   0.494      1.142065
   0.496      1.141553
   0.499      1.141034
   0.502      1.140508
   0.504      1.139974
   0.507      1.139434
   0.510      1.138886
   0.513      1.138330
   0.515      1.137768
   0.518      1.137198
   0.521      1.136621
   0.523      1.136036
   0.526      1.135444
   0.529      1.134845
   0.532      1.134238
   0.534      1.133623
   0.537      1.133002
   0.540      1.132372
   0.542      1.131736
   0.545      1.131091
   0.548      1.130439
   0.551      1.129780
   0.553      1.129113
   0.556      1.128438
   0.559      1.127756
   0.561      1.127066
   0.564      1.126369
   0.567      1.125664
   0.570      1.124951
   0.572      1.124231
   0.575      1.123503
   0.578      1.122768
   0.580      1.122025
   0.583      1.121274
   0.586      1.120515
   0.589      1.119749
   0.591      1.118975
   0.594      1.118194
   0.597      1.117405
   0.599      1.116608
   0.602      1.115803
   0.605      1.114991
   0.607      1.114172
   0.610      1.113344
   0.613      1.112509
   0.616      1.111666
   0.618      1.110816
   0.621      1.109958
   0.624      1.109093
   0.626      1.108220
   0.629      1.107339
   0.632      1.106450
   0.635      1.105555
   0.637      1.104651
   0.640      1.103740
   0.643      1.102822
   0.645      1.101896
   0.648      1.100962
   0.651      1.100021
   0.654      1.099072
   0.656      1.098117
   0.659      1.097153
   0.662      1.096182
   0.664      1.095204
   0.667      1.094219
   0.670      1.093226
   0.673      1.092225
   0.675      1.091218
   0.678      1.090203
   0.681      1.089181
   0.683      1.088152
   0.686      1.087115
   0.689      1.086072
   0.692      1.085021
   0.694      1.083963
   0.697      1.082898
   0.700      1.081826
   0.702      1.080747
   0.705      1.079660
   0.708      1.078567
   0.711      1.077467
   0.713      1.076360
   0.716      1.075247
   0.719      1.074126
   0.721      1.072999
   0.724      1.071864
   0.727      1.070723
   0.730      1.069576
   0.732      1.068422
   0.735      1.067261
   0.738      1.066093
   0.740      1.064919
   0.743      1.063739
   0.746      1.062552
   0.749      1.061358
   0.751      1.060159
   0.754      1.058953
   0.757      1.057740
   0.759      1.056522
   0.762      1.055297
   0.765      1.054066
   0.768      1.052829
   0.770      1.051586
   0.773      1.050336
   0.776      1.049081
   0.778      1.047820
   0.781      1.046553
   0.784      1.045280
   0.786      1.044002
   0.789      1.042717
   0.792      1.041427
   0.795      1.040132
   0.797      1.038830
   0.800      1.037524
   0.803      1.036211
   0.805      1.034894
   0.808      1.033570
   0.811      1.032242
   0.814      1.030908
   0.816      1.029569
   0.819      1.028225
   0.822      1.026876
   0.824      1.025522
   0.827      1.024162
   0.830      1.022798
   0.833      1.021429
   0.835      1.020055
   0.838      1.018676
   0.841      1.017292
   0.843      1.015904
   0.846      1.014511
   0.849      1.013113
   0.852      1.011711
   0.854      1.010305
   0.857      1.008894
   0.860      1.007479
   0.862      1.006059
   0.865      1.004635
   0.868      1.003208
   0.871      1.001775
   0.873      1.000339
   0.876      0.998899
   0.879      0.997455
   0.881      0.996007
   0.884      0.994556
   0.887      0.993100
   0.890      0.991641
   0.892      0.990178
   0.895      0.988712
   0.898      0.987242
   0.900      0.985768
   0.903      0.984291
   0.906      0.982811
   0.909      0.981328
   0.911      0.979841
   0.914      0.978351
   0.917      0.976858
   0.919      0.975362
   0.922      0.973863
   0.925      0.972361
   0.928      0.970856
   0.930      0.969349
   0.933      0.967838
   0.936      0.966325
   0.938      0.964810
   0.941      0.963291
   0.944      0.961771
   0.946      0.960247
   0.949      0.958722
   0.952      0.957194
   0.955      0.955664
   0.957      0.954131
   0.960      0.952597
   0.963      0.951060
   0.965      0.949522
   0.968      0.947981
   0.971      0.946438
   0.974      0.944894
   0.976      0.943348
   0.979      0.941800
   0.982      0.940250
   0.984      0.938699
   0.987      0.937146
   0.990      0.935592
   0.993      0.934037
   0.995      0.932479
   0.998      0.930921
   1.001      0.929361
   1.003      0.927800
   1.006      0.926238
   1.009      0.924675
   1.012      0.923111
   1.014      0.921546
   1.017      0.919980
   1.020      0.918413
   1.022      0.916845
   1.025      0.915277
   1.028      0.913707
   1.031      0.912137
   1.033      0.910567
   1.036      0.908996
   1.039      0.907424
   1.041      0.905852
   1.044      0.904280
   1.047      0.902707
   1.050      0.901135
   1.052      0.899561
   1.055      0.897988
   1.058      0.896415
   1.060      0.894841
   1.063      0.893268
   1.066      0.891694
   1.069      0.890121
   1.071      0.888548
   1.074      0.886975
   1.077      0.885402
   1.079      0.883829
   1.082      0.882257
   1.085      0.880686
   1.088      0.879114
   1.090      0.877544
   1.093      0.875973
   1.096      0.874404
   1.098      0.872835
   1.101      0.871266
   1.104      0.869699
   1.107      0.868132
   1.109      0.866566
   1.112      0.865000
   1.115      0.863436
   1.117      0.861873
   1.120      0.860311
   1.123      0.858749
   1.125      0.857189
   1.128      0.855630
   1.131      0.854072
   1.134      0.852515
   1.136      0.850960
   1.139      0.849406
   1.142      0.847853
   1.144      0.846302
   1.147      0.844752
   1.150      0.843203
   1.153      0.841656
   1.155      0.840111
   1.158      0.838567
   1.161      0.837025
   1.163      0.835484
   1.166      0.833945
   1.169      0.832408
   1.172      0.830872
   1.174      0.829339
   1.177      0.827807
   1.180      0.826277
   1.182      0.824749
   1.185      0.823223
   1.188      0.821699
   1.191      0.820177
   1.193      0.818657
   1.196      0.817139
   1.199      0.815623
   1.201      0.814109
   1.204      0.812598
   1.207      0.811089
   1.210      0.809581
   1.212      0.808077
   1.215      0.806574
   1.218      0.805074
   1.220      0.803576
   1.223      0.802081
   1.226      0.800588
   1.229      0.799097
   1.231      0.797609
   1.234      0.796123
   1.237      0.794640
   1.239      0.793160
   1.242      0.791682
   1.245      0.790206
   1.248      0.788734
   1.250      0.787264
   1.253      0.785796
   1.256      0.784331
   1.258      0.782869
   1.261      0.781410
   1.264      0.779954
   1.267      0.778500
   1.269      0.777049
   1.272      0.775601
   1.275      0.774156
   1.277      0.772714
   1.280      0.771274
   1.283      0.769838
   1.286      0.768404
   1.288      0.766973
   1.291      0.765546
   1.294      0.764121
   1.296      0.762699
   1.299      0.761281
   1.302      0.759865
   1.304      0.758453
   1.307      0.757043
   1.310      0.755637
   1.313      0.754234
   1.315      0.752833
   1.318      0.751436
   1.321      0.750043
   1.323      0.748652
   1.326      0.747264
   1.329      0.745880
   1.332      0.744499
   1.334      0.743121
   1.337      0.741746
   1.340      0.740375
   1.342      0.739007
   1.345      0.737642
   1.348      0.736280
   1.351      0.734922
   1.353      0.733567
   1.356      0.732215
   1.359      0.730867
   1.361      0.729522
   1.364      0.728180
   1.367      0.726841
   1.370      0.725506
   1.372      0.724175
   1.375      0.722846
   1.378      0.721521
   1.380      0.720200
   1.383      0.718882
   1.386      0.717567
   1.389      0.716255
   1.391      0.714947
   1.394      0.713643
   1.397      0.712342
   1.399      0.711044
   1.402      0.709750
   1.405      0.708459
   1.408      0.707171
   1.410      0.705887
   1.413      0.704607
   1.416      0.703330
   1.418      0.702056
   1.421      0.700786
   1.424      0.699519
   1.427      0.698256
   1.429      0.696996
   1.432      0.695739
   1.435      0.694487
   1.437      0.693237
   1.440      0.691991
   1.443      0.690749
   1.446      0.689510
   1.448      0.688274
   1.451      0.687042
   1.454      0.685813
   1.456      0.684588
   1.459      0.683366
   1.462      0.682148
   1.464      0.680933
   1.467      0.679722
   1.470      0.678514
   1.473      0.677310
   1.475      0.676109
   1.478      0.674911
   1.481      0.673717
   1.483      0.672527
   1.486      0.671339
   1.489      0.670156
   1.492      0.668975
   1.494      0.667799
   1.497      0.666625
   1.500      0.665455
   1.502      0.664289
   1.505      0.663126
   1.508      0.661966
   1.511      0.660810
   1.513      0.659657
   1.516      0.658507
   1.519      0.657361
   1.521      0.656219
   1.524      0.655079
   1.527      0.653944
   1.530      0.652811
   1.532      0.651682
   1.535      0.650556
   1.538      0.649434
   1.540      0.648315
   1.543      0.647199
   1.546      0.646087
   1.549      0.644978
   1.551      0.643872
   1.554      0.642770
   1.557      0.641671
   1.559      0.640575
   1.562      0.639483
   1.565      0.638394
   1.568      0.637308
   1.570      0.636225
   1.573      0.635146
   1.576      0.634070
   1.578      0.632997
   1.581      0.631928
   1.584      0.630862
   1.587      0.629799
   1.589      0.628739
   1.592      0.627683
   1.595      0.626629
   1.597      0.625579
   1.600      0.624532
   1.603      0.623489
   1.606      0.622448
   1.608      0.621411
   1.611      0.620377
   1.614      0.619346
   1.616      0.618318
   1.619      0.617293
   1.622      0.616271
   1.625      0.615253
   1.627      0.614238
   1.630      0.613225
   1.633      0.612216
   1.635      0.611210
   1.638      0.610207
   1.641      0.609207
   1.643      0.608210
   1.646      0.607216
   1.649      0.606226
   1.652      0.605238
   1.654      0.604253
   1.657      0.603271
   1.660      0.602293
   1.662      0.601317
   1.665      0.600344
   1.668      0.599374
   1.671      0.598408
   1.673      0.597444
   1.676      0.596483
   1.679      0.595525
   1.681      0.594570
   1.684      0.593617
   1.687      0.592668
   1.690      0.591722
   1.692      0.590778
   1.695      0.589838
   1.698      0.588900
   1.700      0.587965
   1.703      0.587033
   1.706      0.586104
   1.709      0.585177
   1.711      0.584254
   1.714      0.583333
   1.717      0.582415
   1.719      0.581500
   1.722      0.580587
   1.725      0.579678
   1.728      0.578771
   1.730      0.577866
   1.733      0.576965
   1.736      0.576066
   1.738      0.575170
   1.741      0.574277
   1.744      0.573386
   1.747      0.572498
   1.749      0.571613
   1.752      0.570730
   1.755      0.569851
   1.757      0.568973
   1.760      0.568099
   1.763      0.567226
   1.766      0.566357
   1.768      0.565490
   1.771      0.564626
   1.774      0.563764
   1.776      0.562905
   1.779      0.562049
   1.782      0.561195
   1.785      0.560343
   1.787      0.559494
   1.790      0.558648
   1.793      0.557804
   1.795      0.556963
   1.798      0.556124
   1.801      0.555287
   1.804      0.554453
   1.806      0.553622
   1.809      0.552793
   1.812      0.551966
   1.814      0.551142
   1.817      0.550320
   1.820      0.549501
   1.822      0.548684
   1.825      0.547870
   1.828      0.547058
   1.831      0.546248
   1.833      0.545440
   1.836      0.544635
   1.839      0.543833
   1.841      0.543032
   1.844      0.542234
   1.847      0.541439
   1.850      0.540645
   1.852      0.539854
   1.855      0.539066
   1.858      0.538279
   1.860      0.537495
   1.863      0.536713
   1.866      0.535933
   1.869      0.535156
   1.871      0.534380
   1.874      0.533607
   1.877      0.532837
   1.879      0.532068
   1.882      0.531302
   1.885      0.530538
   1.888      0.529776
   1.890      0.529016
   1.893      0.528258
   1.896      0.527503
   1.898      0.526749
   1.901      0.525998
   1.904      0.525249
   1.907      0.524502
   1.909      0.523757
   1.912      0.523014
   1.915      0.522274
   1.917      0.521535
   1.920      0.520799
   1.923      0.520064
   1.926      0.519332
   1.928      0.518602
   1.931      0.517873
   1.934      0.517147
   1.936      0.516423
   1.939      0.515701
   1.942      0.514981
   1.945      0.514263
   1.947      0.513546
   1.950      0.512832
   1.953      0.512120
   1.955      0.511410
   1.958      0.510702
   1.961      0.509995
   1.964      0.509291
   1.966      0.508588
   1.969      0.507888
   1.972      0.507189
   1.974      0.506493
   1.977      0.505798
   1.980      0.505105
   1.982      0.504414
   1.985      0.503725
   1.988      0.503038
   1.991      0.502353
   1.993      0.501669
   1.996      0.500988
   1.999      0.500308
   2.001      0.499630
   2.004      0.498954
   2.007      0.498280
   2.010      0.497607
   2.012      0.496937
   2.015      0.496268
   2.018      0.495601
   2.020      0.494936
   2.023      0.494272
   2.026      0.493611
   2.029      0.492951
   2.031      0.492293
   2.034      0.491636
   2.037      0.490982
   2.039      0.490329
   2.042      0.489677
   2.045      0.489028
   2.048      0.488380
   2.050      0.487734
   2.053      0.487090
   2.056      0.486447
   2.058      0.485807
   2.061      0.485167
   2.064      0.484530
   2.067      0.483894
   2.069      0.483260
   2.072      0.482627
   2.075      0.481996
   2.077      0.481367
   2.080      0.480739
   2.083      0.480114
   2.086      0.479489
   2.088      0.478866
   2.091      0.478245
   2.094      0.477626
   2.096      0.477008
   2.099      0.476392
   2.102      0.475777
   2.105      0.475164
   2.107      0.474552
   2.110      0.473942
   2.113      0.473334
   2.115      0.472727
   2.118      0.472122
   2.121      0.471518
   2.124      0.470916
   2.126      0.470315
   2.129      0.469716
   2.132      0.469119
   2.134      0.468522
   2.137      0.467928
   2.140      0.467335
   2.143      0.466743
   2.145      0.466153
   2.148      0.465565
   2.151      0.464978
   2.153      0.464392
   2.156      0.463808
   2.159      0.463225
   2.161      0.462644
   2.164      0.462064
   2.167      0.461486
   2.170      0.460909
