   0.000     -0.000093
   0.003      0.000046
   0.007      0.000186
   0.010      0.000418
   0.013      0.000743
   0.016      0.001160
   0.020      0.001671
   0.023      0.002274
   0.026      0.002969
   0.029      0.003758
   0.033      0.004639
   0.036      0.005612
   0.039      0.006677
   0.042      0.007835
   0.046      0.009085
   0.049      0.010427
   0.052      0.011861
   0.056      0.013387
   0.059      0.015004
   0.062      0.016713
   0.065      0.018514
   0.069      0.020405
   0.072      0.022388
   0.075      0.024462
   0.078      0.026626
   0.082      0.028880
   0.085      0.031225
   0.088      0.033660
   0.091      0.036185
   0.095      0.038800
   0.098      0.041504
   0.101      0.044297
   0.105      0.047179
   0.108      0.050150
   0.111      0.053209
   0.114      0.056357
   0.118      0.059592
   0.121      0.062914
   0.124      0.066324
   0.127      0.069821
   0.131      0.073404
   0.134      0.077074
   0.137      0.080829
   0.140      0.084670
   0.144      0.088597
   0.147      0.092608
   0.150      0.096704
   0.154      0.100883
   0.157      0.105147
   0.160      0.109494
   0.163      0.113923
   0.167      0.118436
   0.170      0.123030
   0.173      0.127706
   0.176      0.132463
   0.180      0.137300
   0.183      0.142218
   0.186      0.147216
   0.189      0.152293
   0.193      0.157448
   0.196      0.162682
   0.199      0.167994
   0.203      0.173383
   0.206      0.178849
   0.209      0.184391
   0.212      0.190009
   0.216      0.195701
   0.219      0.201468
   0.222      0.207309
   0.225      0.213224
   0.229      0.219211
   0.232      0.225270
   0.235      0.231401
   0.238      0.237603
   0.242      0.243875
   0.245      0.250217
   0.248      0.256627
   0.252      0.263106
   0.255      0.269653
   0.258      0.276266
   0.261      0.282946
   0.265      0.289692
   0.268      0.296502
   0.271      0.303377
   0.274      0.310315
   0.278      0.317315
   0.281      0.324378
   0.284      0.331502
   0.287      0.338686
   0.291      0.345930
   0.294      0.353233
   0.297      0.360594
   0.301      0.368012
   0.304      0.375487
   0.307      0.383017
   0.310      0.390602
   0.314      0.398242
   0.317      0.405934
   0.320      0.413679
   0.323      0.421476
   0.327      0.429323
   0.330      0.437219
   0.333      0.445165
   0.336      0.453159
   0.340      0.461199
   0.343      0.469286
   0.346      0.477418
   0.350      0.485595
   0.353      0.493815
   0.356      0.502077
   0.359      0.510381
   0.363      0.518725
   0.366      0.527110
   0.369      0.535532
   0.372      0.543993
   0.376      0.552490
   0.379      0.561023
   0.382      0.569590
   0.385      0.578191
   0.389      0.586825
   0.392      0.595491
   0.395      0.604187
   0.399      0.612913
   0.402      0.621668
   0.405      0.630450
   0.408      0.639259
   0.412      0.648093
   0.415      0.656952
   0.418      0.665833
   0.421      0.674738
   0.425      0.683663
   0.428      0.692609
   0.431      0.701574
   0.434      0.710556
   0.438      0.719556
   0.441      0.728571
   0.444      0.737601
   0.448      0.746645
   0.451      0.755701
   0.454      0.764769
   0.457      0.773847
   0.461      0.782934
   0.464      0.792029
   0.467      0.801131
   0.470      0.810239
   0.474      0.819352
   0.477      0.828468
   0.480      0.837587
   0.483      0.846706
   0.487      0.855827
   0.490      0.864946
   0.493      0.874063
   0.497      0.883177
   0.500      0.892286
   0.503      0.901390
   0.506      0.910488
   0.510      0.919578
   0.513      0.928658
   0.516      0.937729
   0.519      0.946789
   0.523      0.955836
   0.526      0.964870
   0.529      0.973890
   0.532      0.982894
   0.536      0.991881
   0.539      1.000850
   0.542      1.009800
   0.546      1.018730
   0.549      1.027639
   0.552      1.036526
   0.555      1.045389
   0.559      1.054227
   0.562      1.063040
   0.565      1.071826
   0.568      1.080584
   0.572      1.089314
   0.575      1.098013
   0.578      1.106681
   0.581      1.115318
   0.585      1.123921
   0.588      1.132490
   0.591      1.141023
   0.595      1.149520
   0.598      1.157980
   0.601      1.166402
   0.604      1.174784
   0.608      1.183126
   0.611      1.191426
   0.614      1.199684
   0.617      1.207899
   0.621      1.216070
   0.624      1.224195
   0.627      1.232273
   0.630      1.240305
   0.634      1.248288
   0.637      1.256223
   0.640      1.264107
   0.644      1.271941
   0.647      1.279723
   0.650      1.287452
   0.653      1.295127
   0.657      1.302749
   0.660      1.310315
   0.663      1.317825
   0.666      1.325278
   0.670      1.332673
   0.673      1.340010
   0.676      1.347288
   0.679      1.354505
   0.683      1.361662
   0.686      1.368757
   0.689      1.375790
   0.693      1.382760
   0.696      1.389666
   0.699      1.396508
   0.702      1.403285
   0.706      1.409997
   0.709      1.416642
   0.712      1.423219
   0.715      1.429730
   0.719      1.436172
   0.722      1.442546
   0.725      1.448850
   0.728      1.455084
   0.732      1.461248
   0.735      1.467341
   0.738      1.473363
   0.742      1.479312
   0.745      1.485190
   0.748      1.490994
   0.751      1.496726
   0.755      1.502384
   0.758      1.507967
   0.761      1.513476
   0.764      1.518911
   0.768      1.524270
   0.771      1.529554
   0.774      1.534762
   0.777      1.539894
   0.781      1.544950
   0.784      1.549929
   0.787      1.554831
   0.791      1.559656
   0.794      1.564404
   0.797      1.569075
   0.800      1.573667
   0.804      1.578182
   0.807      1.582619
   0.810      1.586978
   0.813      1.591259
   0.817      1.595461
   0.820      1.599585
   0.823      1.603631
   0.826      1.607598
   0.830      1.611487
   0.833      1.615298
   0.836      1.619030
   0.840      1.622683
   0.843      1.626259
   0.846      1.629756
   0.849      1.633175
   0.853      1.636516
   0.856      1.639778
   0.859      1.642963
   0.862      1.646071
   0.866      1.649101
   0.869      1.652053
   0.872      1.654929
   0.875      1.657727
   0.879      1.660449
   0.882      1.663094
   0.885      1.665663
   0.889      1.668156
   0.892      1.670574
   0.895      1.672916
   0.898      1.675183
   0.902      1.677376
   0.905      1.679494
   0.908      1.681538
   0.911      1.683509
   0.915      1.685406
   0.918      1.687230
   0.921      1.688982
   0.924      1.690662
   0.928      1.692271
   0.931      1.693808
   0.934      1.695275
   0.938      1.696672
   0.941      1.697998
   0.944      1.699256
   0.947      1.700445
   0.951      1.701565
   0.954      1.702618
   0.957      1.703604
   0.960      1.704524
   0.964      1.705377
   0.967      1.706164
   0.970      1.706887
   0.973      1.707546
   0.977      1.708140
   0.980      1.708672
   0.983      1.709141
   0.987      1.709548
   0.990      1.709894
   0.993      1.710179
   0.996      1.710404
   1.000      1.710569
   1.003      1.710676
   1.006      1.710725
   1.009      1.710716
   1.013      1.710650
   1.016      1.710528
   1.019      1.710350
   1.022      1.710118
   1.026      1.709832
   1.029      1.709492
   1.032      1.709099
   1.036      1.708654
   1.039      1.708158
   1.042      1.707611
   1.045      1.707014
   1.049      1.706367
   1.052      1.705672
   1.055      1.704929
   1.058      1.704139
   1.062      1.703301
   1.065      1.702419
   1.068      1.701490
   1.071      1.700518
   1.075      1.699501
   1.078      1.698442
   1.081      1.697340
   1.085      1.696196
   1.088      1.695011
   1.091      1.693786
   1.094      1.692521
   1.098      1.691217
   1.101      1.689875
   1.104      1.688495
   1.107      1.687078
   1.111      1.685625
   1.114      1.684136
   1.117      1.682612
   1.120      1.681054
   1.124      1.679462
   1.127      1.677837
   1.130      1.676179
   1.134      1.674490
   1.137      1.672770
   1.140      1.671019
   1.143      1.669239
   1.147      1.667429
   1.150      1.665590
   1.153      1.663723
   1.156      1.661829
   1.160      1.659908
   1.163      1.657961
   1.166      1.655988
   1.169      1.653990
   1.173      1.651968
   1.176      1.649921
   1.179      1.647851
   1.183      1.645758
   1.186      1.643642
   1.189      1.641505
   1.192      1.639346
   1.196      1.637167
   1.199      1.634967
   1.202      1.632748
   1.205      1.630509
   1.209      1.628251
   1.212      1.625975
   1.215      1.623680
   1.218      1.621369
   1.222      1.619040
   1.225      1.616695
   1.228      1.614334
   1.232      1.611957
   1.235      1.609564
   1.238      1.607157
   1.241      1.604735
   1.245      1.602299
   1.248      1.599850
   1.251      1.597387
   1.254      1.594911
   1.258      1.592422
   1.261      1.589922
   1.264      1.587409
   1.267      1.584885
   1.271      1.582349
   1.274      1.579802
   1.277      1.577245
   1.281      1.574678
   1.284      1.572100
   1.287      1.569513
   1.290      1.566916
   1.294      1.564310
   1.297      1.561696
   1.300      1.559072
   1.303      1.556440
   1.307      1.553800
   1.310      1.551152
   1.313      1.548496
   1.316      1.545833
   1.320      1.543163
   1.323      1.540485
   1.326      1.537801
   1.330      1.535110
   1.333      1.532413
   1.336      1.529709
   1.339      1.526999
   1.343      1.524283
   1.346      1.521562
   1.349      1.518835
   1.352      1.516102
   1.356      1.513364
   1.359      1.510621
   1.362      1.507873
   1.365      1.505120
   1.369      1.502363
   1.372      1.499601
   1.375      1.496834
   1.379      1.494063
   1.382      1.491287
   1.385      1.488508
   1.388      1.485724
   1.392      1.482936
   1.395      1.480145
   1.398      1.477349
   1.401      1.474550
   1.405      1.471748
   1.408      1.468942
   1.411      1.466132
   1.414      1.463319
   1.418      1.460502
   1.421      1.457683
   1.424      1.454860
   1.428      1.452034
   1.431      1.449205
   1.434      1.446372
   1.437      1.443537
   1.441      1.440699
   1.444      1.437858
   1.447      1.435014
   1.450      1.432168
   1.454      1.429318
   1.457      1.426466
   1.460      1.423612
   1.463      1.420754
   1.467      1.417894
   1.470      1.415031
   1.473      1.412166
   1.477      1.409299
   1.480      1.406428
   1.483      1.403556
   1.486      1.400681
   1.490      1.397803
   1.493      1.394923
   1.496      1.392041
   1.499      1.389156
   1.503      1.386269
   1.506      1.383380
   1.509      1.380488
   1.512      1.377594
   1.516      1.374698
   1.519      1.371800
   1.522      1.368900
   1.526      1.365997
   1.529      1.363092
   1.532      1.360185
   1.535      1.357276
   1.539      1.354365
   1.542      1.351451
   1.545      1.348536
   1.548      1.345618
   1.552      1.342699
   1.555      1.339777
   1.558      1.336854
   1.561      1.333928
   1.565      1.331001
   1.568      1.328071
   1.571      1.325140
   1.575      1.322206
   1.578      1.319271
   1.581      1.316334
   1.584      1.313395
   1.588      1.310454
   1.591      1.307512
   1.594      1.304568
   1.597      1.301621
   1.601      1.298674
   1.604      1.295724
   1.607      1.292773
   1.610      1.289820
   1.614      1.286865
   1.617      1.283909
   1.620      1.280951
   1.624      1.277992
   1.627      1.275031
   1.630      1.272068
   1.633      1.269104
   1.637      1.266139
   1.640      1.263172
   1.643      1.260204
   1.646      1.257234
   1.650      1.254263
   1.653      1.251291
   1.656      1.248317
   1.659      1.245343
   1.663      1.242367
   1.666      1.239389
   1.669      1.236411
   1.673      1.233431
   1.676      1.230451
   1.679      1.227469
   1.682      1.224486
   1.686      1.221503
   1.689      1.218518
   1.692      1.215532
   1.695      1.212546
   1.699      1.209558
   1.702      1.206570
   1.705      1.203581
   1.708      1.200591
   1.712      1.197601
   1.715      1.194610
   1.718      1.191618
   1.722      1.188626
   1.725      1.185633
   1.728      1.182640
   1.731      1.179646
   1.735      1.176651
   1.738      1.173657
   1.741      1.170662
   1.744      1.167666
   1.748      1.164670
   1.751      1.161674
   1.754      1.158678
   1.757      1.155682
   1.761      1.152686
   1.764      1.149689
   1.767      1.146692
   1.771      1.143696
   1.774      1.140699
   1.777      1.137703
   1.780      1.134706
   1.784      1.131710
   1.787      1.128714
   1.790      1.125718
   1.793      1.122723
   1.797      1.119728
   1.800      1.116733
   1.803      1.113738
   1.806      1.110744
   1.810      1.107751
   1.813      1.104758
   1.816      1.101765
   1.820      1.098773
   1.823      1.095782
   1.826      1.092792
   1.829      1.089802
   1.833      1.086813
   1.836      1.083825
   1.839      1.080837
   1.842      1.077851
   1.846      1.074865
   1.849      1.071881
   1.852      1.068897
   1.855      1.065914
   1.859      1.062933
   1.862      1.059953
   1.865      1.056973
   1.869      1.053995
   1.872      1.051018
   1.875      1.048043
   1.878      1.045069
   1.882      1.042096
   1.885      1.039124
   1.888      1.036154
   1.891      1.033186
   1.895      1.030219
   1.898      1.027253
   1.901      1.024289
   1.904      1.021327
   1.908      1.018366
   1.911      1.015407
   1.914      1.012450
   1.918      1.009495
   1.921      1.006541
   1.924      1.003589
   1.927      1.000639
   1.931      0.997691
   1.934      0.994745
   1.937      0.991801
   1.940      0.988859
   1.944      0.985919
   1.947      0.982981
   1.950      0.980045
   1.953      0.977111
   1.957      0.974180
   1.960      0.971250
   1.963      0.968323
   1.967      0.965399
   1.970      0.962476
   1.973      0.959556
   1.976      0.956638
   1.980      0.953723
   1.983      0.950810
   1.986      0.947900
   1.989      0.944992
   1.993      0.942087
   1.996      0.939184
   1.999      0.936284
   2.002      0.933386
   2.006      0.930492
   2.009      0.927600
   2.012      0.924710
   2.016      0.921824
   2.019      0.918940
   2.022      0.916059
   2.025      0.913181
   2.029      0.910306
   2.032      0.907434
   2.035      0.904564
   2.038      0.901698
   2.042      0.898835
   2.045      0.895974
   2.048      0.893117
   2.051      0.890263
   2.055      0.887412
   2.058      0.884564
   2.061      0.881719
   2.065      0.878878
   2.068      0.876039
   2.071      0.873204
   2.074      0.870372
   2.078      0.867544
   2.081      0.864719
   2.084      0.861897
   2.087      0.859079
   2.091      0.856264
   2.094      0.853452
   2.097      0.850644
   2.100      0.847840
   2.104      0.845038
   2.107      0.842241
   2.110      0.839447
   2.114      0.836657
   2.117      0.833870
   2.120      0.831087
   2.123      0.828307
   2.127      0.825532
   2.130      0.822759
   2.133      0.819991
   2.136      0.817227
   2.140      0.814466
   2.143      0.811709
   2.146      0.808956
   2.149      0.806206
   2.153      0.803461
   2.156      0.800719
   2.159      0.797982
   2.163      0.795248
   2.166      0.792518
   2.169      0.789792
   2.172      0.787070
   2.176      0.784353
   2.179      0.781639
   2.182      0.778929
   2.185      0.776224
   2.189      0.773522
   2.192      0.770825
   2.195      0.768132
   2.198      0.765443
   2.202      0.762758
   2.205      0.760077
   2.208      0.757401
   2.212      0.754728
   2.215      0.752060
   2.218      0.749397
   2.221      0.746737
   2.225      0.744082
   2.228      0.741432
   2.231      0.738785
   2.234      0.736143
   2.238      0.733506
   2.241      0.730872
   2.244      0.728244
   2.247      0.725619
   2.251      0.722999
   2.254      0.720384
   2.257      0.717773
   2.261      0.715167
   2.264      0.712565
   2.267      0.709967
   2.270      0.707375
   2.274      0.704786
   2.277      0.702203
   2.280      0.699624
   2.283      0.697049
   2.287      0.694480
   2.290      0.691915
   2.293      0.689354
   2.296      0.686798
   2.300      0.684247
   2.303      0.681701
   2.306      0.679159
   2.310      0.676623
   2.313      0.674090
   2.316      0.671563
   2.319      0.669041
   2.323      0.666523
   2.326      0.664010
   2.329      0.661502
   2.332      0.658998
   2.336      0.656500
   2.339      0.654006
   2.342      0.651518
   2.345      0.649034
   2.349      0.646555
   2.352      0.644081
   2.355      0.641612
   2.359      0.639148
   2.362      0.636689
   2.365      0.634235
   2.368      0.631785
   2.372      0.629341
   2.375      0.626902
   2.378      0.624468
   2.381      0.622039
   2.385      0.619615
   2.388      0.617195
   2.391      0.614781
   2.394      0.612372
   2.398      0.609969
   2.401      0.607570
   2.404      0.605176
   2.408      0.602788
   2.411      0.600404
   2.414      0.598026
   2.417      0.595653
   2.421      0.593284
   2.424      0.590922
   2.427      0.588564
   2.430      0.586211
   2.434      0.583864
   2.437      0.581522
   2.440      0.579185
   2.443      0.576853
   2.447      0.574527
   2.450      0.572205
   2.453      0.569889
   2.457      0.567578
   2.460      0.565273
   2.463      0.562973
   2.466      0.560678
   2.470      0.558388
   2.473      0.556103
   2.476      0.553824
   2.479      0.551550
   2.483      0.549282
   2.486      0.547019
   2.489      0.544761
   2.492      0.542508
   2.496      0.540261
   2.499      0.538019
   2.502      0.535783
   2.506      0.533551
   2.509      0.531326
   2.512      0.529105
   2.515      0.526890
   2.519      0.524680
   2.522      0.522476
   2.525      0.520277
   2.528      0.518084
   2.532      0.515896
   2.535      0.513713
   2.538      0.511536
   2.541      0.509364
   2.545      0.507197
   2.548      0.505036
   2.551      0.502881
   2.555      0.500731
   2.558      0.498586
   2.561      0.496447
   2.564      0.494313
   2.568      0.492185
   2.571      0.490062
   2.574      0.487945
   2.577      0.485833
   2.581      0.483726
   2.584      0.481625
   2.587      0.479530
   2.590      0.477440
   2.594      0.475355
   2.597      0.473276
   2.600      0.471203
   2.604      0.469135
   2.607      0.467072
   2.610      0.465015
   2.613      0.462964
   2.617      0.460918
   2.620      0.458877
   2.623      0.456842
   2.626      0.454813
   2.630      0.452789
   2.633      0.450771
   2.636      0.448758
   2.639      0.446750
   2.643      0.444749
   2.646      0.442752
   2.649      0.440762
   2.653      0.438776
   2.656      0.436797
   2.659      0.434823
   2.662      0.432854
   2.666      0.430891
   2.669      0.428933
   2.672      0.426981
   2.675      0.425035
   2.679      0.423094
   2.682      0.421159
   2.685      0.419229
   2.688      0.417305
   2.692      0.415386
   2.695      0.413473
   2.698      0.411565
   2.702      0.409663
   2.705      0.407766
   2.708      0.405875
   2.711      0.403990
   2.715      0.402110
   2.718      0.400236
   2.721      0.398367
   2.724      0.396503
   2.728      0.394646
   2.731      0.392794
   2.734      0.390947
   2.737      0.389106
   2.741      0.387270
   2.744      0.385440
   2.747      0.383616
   2.751      0.381797
   2.754      0.379983
   2.757      0.378175
   2.760      0.376373
   2.764      0.374576
   2.767      0.372785
   2.770      0.370999
   2.773      0.369219
   2.777      0.367444
   2.780      0.365675
   2.783      0.363911
   2.786      0.362153
   2.790      0.360400
   2.793      0.358653
   2.796      0.356912
   2.800      0.355176
   2.803      0.353445
   2.806      0.351720
   2.809      0.350000
   2.813      0.348286
   2.816      0.346578
   2.819      0.344874
   2.822      0.343177
   2.826      0.341485
   2.829      0.339798
   2.832      0.338117
   2.835      0.336441
   2.839      0.334771
   2.842      0.333106
   2.845      0.331447
   2.849      0.329793
   2.852      0.328145
   2.855      0.326502
   2.858      0.324864
   2.862      0.323232
   2.865      0.321606
   2.868      0.319984
   2.871      0.318369
   2.875      0.316758
   2.878      0.315154
   2.881      0.313554
   2.884      0.311960
   2.888      0.310372
   2.891      0.308788
   2.894      0.307211
   2.898      0.305638
   2.901      0.304071
   2.904      0.302510
   2.907      0.300953
   2.911      0.299402
   2.914      0.297857
   2.917      0.296317
   2.920      0.294782
   2.924      0.293253
   2.927      0.291729
   2.930      0.290210
   2.933      0.288697
   2.937      0.287189
   2.940      0.285686
   2.943      0.284189
   2.947      0.282697
   2.950      0.281210
   2.953      0.279729
   2.956      0.278252
   2.960      0.276782
   2.963      0.275316
   2.966      0.273856
   2.969      0.272401
   2.973      0.270951
   2.976      0.269507
   2.979      0.268068
   2.982      0.266634
   2.986      0.265205
   2.989      0.263782
   2.992      0.262364
   2.996      0.260951
   2.999      0.259543
   3.002      0.258140
   3.005      0.256743
   3.009      0.255351
   3.012      0.253964
   3.015      0.252582
   3.018      0.251206
   3.022      0.249834
   3.025      0.248468
   3.028      0.247107
   3.031      0.245751
   3.035      0.244400
   3.038      0.243055
   3.041      0.241714
   3.045      0.240379
   3.048      0.239049
   3.051      0.237723
   3.054      0.236403
   3.058      0.235088
   3.061      0.233778
   3.064      0.232474
   3.067      0.231174
   3.071      0.229879
   3.074      0.228590
   3.077      0.227305
   3.080      0.226025
   3.084      0.224751
   3.087      0.223481
   3.090      0.222217
   3.094      0.220957
   3.097      0.219703
   3.100      0.218453
   3.103      0.217209
   3.107      0.215969
   3.110      0.214735
   3.113      0.213505
   3.116      0.212280
   3.120      0.211060
   3.123      0.209846
   3.126      0.208636
   3.129      0.207431
   3.133      0.206230
   3.136      0.205035
   3.139      0.203845
   3.143      0.202659
   3.146      0.201479
   3.149      0.200303
   3.152      0.199132
   3.156      0.197966
   3.159      0.196805
   3.162      0.195648
   3.165      0.194497
   3.169      0.193350
   3.172      0.192208
   3.175      0.191071
   3.178      0.189938
   3.182      0.188811
   3.185      0.187688
   3.188      0.186570
   3.192      0.185456
   3.195      0.184347
   3.198      0.183243
   3.201      0.182144
   3.205      0.181049
   3.208      0.179960
   3.211      0.178874
   3.214      0.177794
   3.218      0.176718
   3.221      0.175647
   3.224      0.174580
   3.227      0.173518
   3.231      0.172461
   3.234      0.171408
   3.237      0.170360
   3.241      0.169316
   3.244      0.168277
   3.247      0.167243
   3.250      0.166213
   3.254      0.165188
   3.257      0.164167
   3.260      0.163151
   3.263      0.162139
   3.267      0.161132
   3.270      0.160129
   3.273      0.159131
   3.276      0.158137
   3.280      0.157148
   3.283      0.156163
   3.286      0.155183
   3.290      0.154207
   3.293      0.153235
   3.296      0.152268
   3.299      0.151306
   3.303      0.150347
   3.306      0.149394
   3.309      0.148444
   3.312      0.147499
   3.316      0.146558
   3.319      0.145622
   3.322      0.144690
   3.325      0.143762
   3.329      0.142838
   3.332      0.141919
   3.335      0.141004
   3.339      0.140094
   3.342      0.139187
   3.345      0.138285
   3.348      0.137388
   3.352      0.136494
   3.355      0.135605
   3.358      0.134719
   3.361      0.133838
   3.365      0.132962
   3.368      0.132089
   3.371      0.131221
   3.374      0.130356
   3.378      0.129496
   3.381      0.128640
   3.384      0.127789
   3.388      0.126941
   3.391      0.126097
   3.394      0.125258
   3.397      0.124422
   3.401      0.123591
   3.404      0.122764
   3.407      0.121940
   3.410      0.121121
   3.414      0.120306
   3.417      0.119495
   3.420      0.118688
   3.423      0.117884
   3.427      0.117085
   3.430      0.116290
   3.433      0.115499
   3.437      0.114711
   3.440      0.113928
   3.443      0.113149
   3.446      0.112373
   3.450      0.111601
   3.453      0.110834
   3.456      0.110070
   3.459      0.109310
   3.463      0.108554
   3.466      0.107801
   3.469      0.107053
   3.472      0.106308
   3.476      0.105567
   3.479      0.104830
   3.482      0.104097
   3.486      0.103368
   3.489      0.102642
   3.492      0.101920
   3.495      0.101202
   3.499      0.100487
   3.502      0.099777
   3.505      0.099070
   3.508      0.098366
   3.512      0.097667
   3.515      0.096971
   3.518      0.096278
   3.521      0.095590
   3.525      0.094905
   3.528      0.094223
   3.531      0.093546
   3.535      0.092871
   3.538      0.092201
   3.541      0.091534
   3.544      0.090870
   3.548      0.090211
   3.551      0.089554
   3.554      0.088902
   3.557      0.088252
   3.561      0.087607
   3.564      0.086964
   3.567      0.086326
   3.570      0.085690
   3.574      0.085059
   3.577      0.084430
   3.580      0.083805
   3.584      0.083184
   3.587      0.082566
   3.590      0.081951
   3.593      0.081340
   3.597      0.080732
   3.600      0.080128
   3.603      0.079527
   3.606      0.078929
   3.610      0.078334
   3.613      0.077743
   3.616      0.077155
   3.619      0.076571
   3.623      0.075990
   3.626      0.075412
   3.629      0.074837
   3.633      0.074266
   3.636      0.073698
   3.639      0.073133
   3.642      0.072571
   3.646      0.072013
   3.649      0.071458
   3.652      0.070906
   3.655      0.070357
   3.659      0.069811
   3.662      0.069269
   3.665      0.068729
   3.668      0.068193
   3.672      0.067660
   3.675      0.067130
   3.678      0.066603
   3.682      0.066079
   3.685      0.065558
   3.688      0.065040
   3.691      0.064526
   3.695      0.064014
   3.698      0.063506
   3.701      0.063000
   3.704      0.062497
   3.708      0.061998
   3.711      0.061501
   3.714      0.061008
   3.717      0.060517
   3.721      0.060029
   3.724      0.059545
   3.727      0.059063
   3.731      0.058584
   3.734      0.058108
   3.737      0.057635
   3.740      0.057164
   3.744      0.056697
   3.747      0.056233
   3.750      0.055771
   3.753      0.055312
   3.757      0.054856
   3.760      0.054403
   3.763      0.053953
   3.766      0.053505
   3.770      0.053060
   3.773      0.052618
   3.776      0.052179
   3.780      0.051742
   3.783      0.051308
   3.786      0.050877
   3.789      0.050449
   3.793      0.050023
   3.796      0.049600
   3.799      0.049180
   3.802      0.048762
   3.806      0.048347
   3.809      0.047935
   3.812      0.047525
   3.815      0.047118
   3.819      0.046714
   3.822      0.046312
   3.825      0.045913
   3.829      0.045516
   3.832      0.045122
   3.835      0.044731
   3.838      0.044342
   3.842      0.043955
   3.845      0.043571
   3.848      0.043190
   3.851      0.042811
   3.855      0.042434
   3.858      0.042060
   3.861      0.041689
   3.864      0.041320
   3.868      0.040953
   3.871      0.040589
   3.874      0.040228
   3.878      0.039868
   3.881      0.039511
   3.884      0.039157
   3.887      0.038805
   3.891      0.038455
   3.894      0.038108
   3.897      0.037763
   3.900      0.037420
   3.904      0.037080
   3.907      0.036742
   3.910      0.036406
   3.913      0.036073
   3.917      0.035742
   3.920      0.035413
   3.923      0.035086
   3.927      0.034762
   3.930      0.034440
   3.933      0.034120
   3.936      0.033802
   3.940      0.033487
   3.943      0.033174
   3.946      0.032863
   3.949      0.032554
   3.953      0.032248
   3.956      0.031943
   3.959      0.031641
   3.962      0.031341
   3.966      0.031043
   3.969      0.030747
   3.972      0.030453
   3.976      0.030161
   3.979      0.029872
   3.982      0.029584
   3.985      0.029299
   3.989      0.029015
   3.992      0.028734
   3.995      0.028455
   3.998      0.028178
   4.002      0.027902
   4.005      0.027629
   4.008      0.027358
   4.011      0.027089
   4.015      0.026822
   4.018      0.026556
   4.021      0.026293
   4.025      0.026032
   4.028      0.025772
   4.031      0.025515
   4.034      0.025259
   4.038      0.025006
   4.041      0.024754
   4.044      0.024504
   4.047      0.024256
   4.051      0.024010
   4.054      0.023766
   4.057      0.023524
   4.060      0.023283
   4.064      0.023044
   4.067      0.022808
   4.070      0.022573
   4.074      0.022339
   4.077      0.022108
   4.080      0.021878
   4.083      0.021650
   4.087      0.021424
   4.090      0.021200
   4.093      0.020977
   4.096      0.020757
   4.100      0.020538
   4.103      0.020320
   4.106      0.020105
   4.109      0.019891
   4.113      0.019678
   4.116      0.019468
   4.119      0.019259
   4.123      0.019052
   4.126      0.018846
   4.129      0.018642
   4.132      0.018440
   4.136      0.018239
   4.139      0.018040
   4.142      0.017843
   4.145      0.017647
   4.149      0.017453
   4.152      0.017260
   4.155      0.017069
   4.158      0.016880
   4.162      0.016692
   4.165      0.016505
   4.168      0.016321
   4.172      0.016137
   4.175      0.015955
   4.178      0.015775
   4.181      0.015596
   4.185      0.015419
   4.188      0.015243
   4.191      0.015069
   4.194      0.014896
   4.198      0.014725
   4.201      0.014555
   4.204      0.014387
   4.207      0.014220
   4.211      0.014054
   4.214      0.013890
   4.217      0.013727
   4.221      0.013566
   4.224      0.013406
   4.227      0.013248
   4.230      0.013090
   4.234      0.012935
   4.237      0.012780
   4.240      0.012627
   4.243      0.012475
   4.247      0.012325
   4.250      0.012176
   4.253      0.012028
   4.256      0.011882
   4.260      0.011737
   4.263      0.011593
   4.266      0.011451
   4.270      0.011309
   4.273      0.011169
   4.276      0.011031
   4.279      0.010893
   4.283      0.010757
   4.286      0.010622
   4.289      0.010488
   4.292      0.010356
   4.296      0.010225
   4.299      0.010095
   4.302      0.009966
   4.305      0.009838
   4.309      0.009712
   4.312      0.009587
   4.315      0.009462
   4.319      0.009340
   4.322      0.009218
   4.325      0.009097
   4.328      0.008978
   4.332      0.008859
   4.335      0.008742
   4.338      0.008626
   4.341      0.008511
   4.345      0.008397
   4.348      0.008284
   4.351      0.008173
   4.354      0.008062
   4.358      0.007953
   4.361      0.007844
   4.364      0.007737
   4.368      0.007631
   4.371      0.007525
   4.374      0.007421
   4.377      0.007318
   4.381      0.007216
   4.384      0.007115
   4.387      0.007015
   4.390      0.006915
   4.394      0.006817
   4.397      0.006720
   4.400      0.006624
   4.403      0.006529
   4.407      0.006435
   4.410      0.006342
   4.413      0.006249
   4.417      0.006158
   4.420      0.006068
   4.423      0.005978
   4.426      0.005890
   4.430      0.005802
   4.433      0.005716
   4.436      0.005630
   4.439      0.005545
   4.443      0.005461
   4.446      0.005378
   4.449      0.005296
   4.452      0.005215
   4.456      0.005134
   4.459      0.005055
   4.462      0.004976
   4.466      0.004898
   4.469      0.004821
   4.472      0.004745
   4.475      0.004670
   4.479      0.004596
   4.482      0.004522
   4.485      0.004449
   4.488      0.004377
   4.492      0.004306
   4.495      0.004236
   4.498      0.004166
   4.501      0.004097
   4.505      0.004029
   4.508      0.003962
   4.511      0.003896
   4.515      0.003830
   4.518      0.003765
   4.521      0.003701
   4.524      0.003637
   4.528      0.003574
   4.531      0.003513
   4.534      0.003451
   4.537      0.003391
   4.541      0.003331
   4.544      0.003272
   4.547      0.003213
   4.550      0.003156
   4.554      0.003099
   4.557      0.003042
   4.560      0.002987
   4.564      0.002932
   4.567      0.002878
   4.570      0.002824
   4.573      0.002771
   4.577      0.002719
   4.580      0.002667
   4.583      0.002616
   4.586      0.002566
   4.590      0.002516
   4.593      0.002467
   4.596      0.002418
   4.599      0.002371
   4.603      0.002323
   4.606      0.002277
   4.609      0.002231
   4.613      0.002185
   4.616      0.002141
   4.619      0.002096
   4.622      0.002053
   4.626      0.002010
   4.629      0.001967
   4.632      0.001925
   4.635      0.001884
   4.639      0.001843
   4.642      0.001803
   4.645      0.001763
   4.648      0.001724
   4.652      0.001685
   4.655      0.001647
   4.658      0.001610
   4.662      0.001573
   4.665      0.001536
   4.668      0.001500
   4.671      0.001465
   4.675      0.001430
   4.678      0.001395
   4.681      0.001361
   4.684      0.001328
   4.688      0.001295
   4.691      0.001262
   4.694      0.001230
   4.697      0.001199
   4.701      0.001168
   4.704      0.001137
   4.707      0.001107
   4.711      0.001077
   4.714      0.001048
   4.717      0.001019
   4.720      0.000991
   4.724      0.000963
   4.727      0.000935
   4.730      0.000908
   4.733      0.000882
   4.737      0.000855
   4.740      0.000830
   4.743      0.000804
   4.746      0.000779
   4.750      0.000755
   4.753      0.000731
   4.756      0.000707
   4.760      0.000684
   4.763      0.000661
   4.766      0.000638
   4.769      0.000616
   4.773      0.000594
   4.776      0.000573
   4.779      0.000552
   4.782      0.000531
   4.786      0.000511
   4.789      0.000491
   4.792      0.000471
   4.795      0.000452
   4.799      0.000433
   4.802      0.000414
   4.805      0.000396
   4.809      0.000378
   4.812      0.000361
   4.815      0.000343
   4.818      0.000327
   4.822      0.000310
   4.825      0.000294
   4.828      0.000278
   4.831      0.000262
   4.835      0.000247
   4.838      0.000232
   4.841      0.000217
   4.844      0.000203
   4.848      0.000189
   4.851      0.000175
   4.854      0.000161
   4.858      0.000148
   4.861      0.000135
   4.864      0.000122
   4.867      0.000110
   4.871      0.000098
   4.874      0.000086
   4.877      0.000074
   4.880      0.000063
   4.884      0.000052
   4.887      0.000041
   4.890      0.000030
   4.893      0.000020
   4.897      0.000010
   4.900      0.000000
