   0.000      0.000058
   0.003     -0.000029
   0.007     -0.000117
   0.010     -0.000262
   0.013     -0.000466
   0.016     -0.000728
   0.020     -0.001048
   0.023     -0.001427
   0.026     -0.001864
   0.029     -0.002358
   0.033     -0.002911
   0.036     -0.003522
   0.039     -0.004190
   0.042     -0.004917
   0.046     -0.005701
   0.049     -0.006544
   0.052     -0.007443
   0.056     -0.008401
   0.059     -0.009416
   0.062     -0.010488
   0.065     -0.011618
   0.069     -0.012805
   0.072     -0.014049
   0.075     -0.015350
   0.078     -0.016707
   0.082     -0.018122
   0.085     -0.019593
   0.088     -0.021121
   0.091     -0.022705
   0.095     -0.024346
   0.098     -0.026042
   0.101     -0.027794
   0.105     -0.029603
   0.108     -0.031466
   0.111     -0.033385
   0.114     -0.035360
   0.118     -0.037389
   0.121     -0.039474
   0.124     -0.041613
   0.127     -0.043806
   0.131     -0.046054
   0.134     -0.048356
   0.137     -0.050712
   0.140     -0.053122
   0.144     -0.055585
   0.147     -0.058102
   0.150     -0.060671
   0.154     -0.063293
   0.157     -0.065968
   0.160     -0.068695
   0.163     -0.071474
   0.167     -0.074305
   0.170     -0.077187
   0.173     -0.080121
   0.176     -0.083106
   0.180     -0.086142
   0.183     -0.089228
   0.186     -0.092364
   0.189     -0.095550
   0.193     -0.098786
   0.196     -0.102071
   0.199     -0.105405
   0.203     -0.108788
   0.206     -0.112219
   0.209     -0.115698
   0.212     -0.119225
   0.216     -0.122800
   0.219     -0.126422
   0.222     -0.130090
   0.225     -0.133805
   0.229     -0.137566
   0.232     -0.141373
   0.235     -0.145225
   0.238     -0.149122
   0.242     -0.153064
   0.245     -0.157050
   0.248     -0.161081
   0.252     -0.165154
   0.255     -0.169271
   0.258     -0.173431
   0.261     -0.177633
   0.265     -0.181878
   0.268     -0.186164
   0.271     -0.190491
   0.274     -0.194859
   0.278     -0.199267
   0.281     -0.203716
   0.284     -0.208204
   0.287     -0.212731
   0.291     -0.217297
   0.294     -0.221901
   0.297     -0.226544
   0.301     -0.231223
   0.304     -0.235940
   0.307     -0.240693
   0.310     -0.245482
   0.314     -0.250307
   0.317     -0.255168
   0.320     -0.260062
   0.323     -0.264991
   0.327     -0.269954
   0.330     -0.274950
   0.333     -0.279979
   0.336     -0.285041
   0.340     -0.290134
   0.343     -0.295258
   0.346     -0.300414
   0.350     -0.305600
   0.353     -0.310815
   0.356     -0.316060
   0.359     -0.321334
   0.363     -0.326636
   0.366     -0.331966
   0.369     -0.337323
   0.372     -0.342707
   0.376     -0.348117
   0.379     -0.353553
   0.382     -0.359013
   0.385     -0.364499
   0.389     -0.370008
   0.392     -0.375541
   0.395     -0.381097
   0.399     -0.386676
   0.402     -0.392276
   0.405     -0.397897
   0.408     -0.403539
   0.412     -0.409201
   0.415     -0.414883
   0.418     -0.420584
   0.421     -0.426303
   0.425     -0.432040
   0.428     -0.437794
   0.431     -0.443564
   0.434     -0.449351
   0.438     -0.455153
   0.441     -0.460970
   0.444     -0.466801
   0.448     -0.472645
   0.451     -0.478503
   0.454     -0.484373
   0.457     -0.490255
   0.461     -0.496147
   0.464     -0.502051
   0.467     -0.507964
   0.470     -0.513886
   0.474     -0.519817
   0.477     -0.525756
   0.480     -0.531702
   0.483     -0.537655
   0.487     -0.543614
   0.490     -0.549578
   0.493     -0.555547
   0.497     -0.561520
   0.500     -0.567497
   0.503     -0.573476
   0.506     -0.579457
   0.510     -0.585440
   0.513     -0.591423
   0.516     -0.597407
   0.519     -0.603390
   0.523     -0.609371
   0.526     -0.615351
   0.529     -0.621328
   0.532     -0.627302
   0.536     -0.633272
   0.539     -0.639237
   0.542     -0.645196
   0.546     -0.651150
   0.549     -0.657097
   0.552     -0.663036
   0.555     -0.668967
   0.559     -0.674890
   0.562     -0.680803
   0.565     -0.686705
   0.568     -0.692597
   0.572     -0.698477
   0.575     -0.704345
   0.578     -0.710199
   0.581     -0.716040
   0.585     -0.721866
   0.588     -0.727678
   0.591     -0.733473
   0.595     -0.739252
   0.598     -0.745013
   0.601     -0.750756
   0.604     -0.756481
   0.608     -0.762186
   0.611     -0.767871
   0.614     -0.773535
   0.617     -0.779177
   0.621     -0.784797
   0.624     -0.790394
   0.627     -0.795968
   0.630     -0.801517
   0.634     -0.807040
   0.637     -0.812538
   0.640     -0.818009
   0.644     -0.823453
   0.647     -0.828869
   0.650     -0.834256
   0.653     -0.839614
   0.657     -0.844942
   0.660     -0.850238
   0.663     -0.855504
   0.666     -0.860737
   0.670     -0.865937
   0.673     -0.871103
   0.676     -0.876235
   0.679     -0.881332
   0.683     -0.886394
   0.686     -0.891419
   0.689     -0.896406
   0.693     -0.901356
   0.696     -0.906268
   0.699     -0.911141
   0.702     -0.915973
   0.706     -0.920765
   0.709     -0.925516
   0.712     -0.930226
   0.715     -0.934893
   0.719     -0.939516
   0.722     -0.944096
   0.725     -0.948632
   0.728     -0.953122
   0.732     -0.957567
   0.735     -0.961966
   0.738     -0.966318
   0.742     -0.970622
   0.745     -0.974878
   0.748     -0.979085
   0.751     -0.983243
   0.755     -0.987351
   0.758     -0.991408
   0.761     -0.995415
   0.764     -0.999369
   0.768     -1.003272
   0.771     -1.007121
   0.774     -1.010917
   0.777     -1.014660
   0.781     -1.018347
   0.784     -1.021980
   0.787     -1.025558
   0.791     -1.029079
   0.794     -1.032544
   0.797     -1.035951
   0.800     -1.039302
   0.804     -1.042594
   0.807     -1.045828
   0.810     -1.049002
   0.813     -1.052118
   0.817     -1.055173
   0.820     -1.058169
   0.823     -1.061103
   0.826     -1.063977
   0.830     -1.066789
   0.833     -1.069539
   0.836     -1.072227
   0.840     -1.074853
   0.843     -1.077415
   0.846     -1.079914
   0.849     -1.082349
   0.853     -1.084721
   0.856     -1.087028
   0.859     -1.089270
   0.862     -1.091448
   0.866     -1.093560
   0.869     -1.095607
   0.872     -1.097588
   0.875     -1.099503
   0.879     -1.101352
   0.882     -1.103134
   0.885     -1.104850
   0.889     -1.106500
   0.892     -1.108082
   0.895     -1.109597
   0.898     -1.111045
   0.902     -1.112425
   0.905     -1.113738
   0.908     -1.114983
   0.911     -1.116160
   0.915     -1.117270
   0.918     -1.118312
   0.921     -1.119285
   0.924     -1.120191
   0.928     -1.121028
   0.931     -1.121798
   0.934     -1.122500
   0.938     -1.123133
   0.941     -1.123698
   0.944     -1.124196
   0.947     -1.124625
   0.951     -1.124987
   0.954     -1.125281
   0.957     -1.125507
   0.960     -1.125666
   0.964     -1.125757
   0.967     -1.125781
   0.970     -1.125737
   0.973     -1.125627
   0.977     -1.125450
   0.980     -1.125207
   0.983     -1.124896
   0.987     -1.124520
   0.990     -1.124078
   0.993     -1.123570
   0.996     -1.122997
   1.000     -1.122359
   1.003     -1.121655
   1.006     -1.120888
   1.009     -1.120055
   1.013     -1.119159
   1.016     -1.118200
   1.019     -1.117177
   1.022     -1.116092
   1.026     -1.114943
   1.029     -1.113733
   1.032     -1.112461
   1.036     -1.111128
   1.039     -1.109734
   1.042     -1.108280
   1.045     -1.106766
   1.049     -1.105192
   1.052     -1.103559
   1.055     -1.101868
   1.058     -1.100119
   1.062     -1.098312
   1.065     -1.096448
   1.068     -1.094527
   1.071     -1.092551
   1.075     -1.090519
   1.078     -1.088433
   1.081     -1.086292
   1.085     -1.084097
   1.088     -1.081849
   1.091     -1.079548
   1.094     -1.077196
   1.098     -1.074792
   1.101     -1.072337
   1.104     -1.069832
   1.107     -1.067278
   1.111     -1.064674
   1.114     -1.062023
   1.117     -1.059323
   1.120     -1.056577
   1.124     -1.053784
   1.127     -1.050945
   1.130     -1.048062
   1.134     -1.045134
   1.137     -1.042162
   1.140     -1.039147
   1.143     -1.036090
   1.147     -1.032991
   1.150     -1.029851
   1.153     -1.026671
   1.156     -1.023451
   1.160     -1.020191
   1.163     -1.016894
   1.166     -1.013559
   1.169     -1.010187
   1.173     -1.006778
   1.176     -1.003335
   1.179     -0.999856
   1.183     -0.996343
   1.186     -0.992796
   1.189     -0.989217
   1.192     -0.985605
   1.196     -0.981962
   1.199     -0.978288
   1.202     -0.974584
   1.205     -0.970850
   1.209     -0.967088
   1.212     -0.963298
   1.215     -0.959480
   1.218     -0.955635
   1.222     -0.951764
   1.225     -0.947868
   1.228     -0.943946
   1.232     -0.940001
   1.235     -0.936032
   1.238     -0.932040
   1.241     -0.928026
   1.245     -0.923990
   1.248     -0.919933
   1.251     -0.915855
   1.254     -0.911758
   1.258     -0.907641
   1.261     -0.903506
   1.264     -0.899353
   1.267     -0.895182
   1.271     -0.890994
   1.274     -0.886790
   1.277     -0.882570
   1.281     -0.878335
   1.284     -0.874085
   1.287     -0.869820
   1.290     -0.865543
   1.294     -0.861252
   1.297     -0.856948
   1.300     -0.852632
   1.303     -0.848305
   1.307     -0.843967
   1.310     -0.839618
   1.313     -0.835258
   1.316     -0.830889
   1.320     -0.826511
   1.323     -0.822123
   1.326     -0.817728
   1.330     -0.813324
   1.333     -0.808913
   1.336     -0.804495
   1.339     -0.800070
   1.343     -0.795638
   1.346     -0.791201
   1.349     -0.786758
   1.352     -0.782310
   1.356     -0.777856
   1.359     -0.773399
   1.362     -0.768937
   1.365     -0.764471
   1.369     -0.760002
   1.372     -0.755530
   1.375     -0.751055
   1.379     -0.746577
   1.382     -0.742097
   1.385     -0.737614
   1.388     -0.733131
   1.392     -0.728645
   1.395     -0.724159
   1.398     -0.719671
   1.401     -0.715183
   1.405     -0.710694
   1.408     -0.706205
   1.411     -0.701716
   1.414     -0.697227
   1.418     -0.692739
   1.421     -0.688251
   1.424     -0.683765
   1.428     -0.679279
   1.431     -0.674794
   1.434     -0.670311
   1.437     -0.665829
   1.441     -0.661349
   1.444     -0.656871
   1.447     -0.652395
   1.450     -0.647921
   1.454     -0.643449
   1.457     -0.638980
   1.460     -0.634514
   1.463     -0.630050
   1.467     -0.625589
   1.470     -0.621131
   1.473     -0.616676
   1.477     -0.612224
   1.480     -0.607776
   1.483     -0.603331
   1.486     -0.598889
   1.490     -0.594451
   1.493     -0.590017
   1.496     -0.585586
   1.499     -0.581160
   1.503     -0.576737
   1.506     -0.572318
   1.509     -0.567903
   1.512     -0.563493
   1.516     -0.559086
   1.519     -0.554684
   1.522     -0.550287
   1.526     -0.545893
   1.529     -0.541504
   1.532     -0.537120
   1.535     -0.532740
   1.539     -0.528365
   1.542     -0.523994
   1.545     -0.519628
   1.548     -0.515267
   1.552     -0.510910
   1.555     -0.506559
   1.558     -0.502212
   1.561     -0.497870
   1.565     -0.493533
   1.568     -0.489201
   1.571     -0.484874
   1.575     -0.480552
   1.578     -0.476235
   1.581     -0.471924
   1.584     -0.467617
   1.588     -0.463316
   1.591     -0.459019
   1.594     -0.454728
   1.597     -0.450443
   1.601     -0.446162
   1.604     -0.441887
   1.607     -0.437617
   1.610     -0.433353
   1.614     -0.429094
   1.617     -0.424840
   1.620     -0.420592
   1.624     -0.416349
   1.627     -0.412112
   1.630     -0.407880
   1.633     -0.403654
   1.637     -0.399433
   1.640     -0.395218
   1.643     -0.391009
   1.646     -0.386805
   1.650     -0.382607
   1.653     -0.378415
   1.656     -0.374228
   1.659     -0.370047
   1.663     -0.365872
   1.666     -0.361703
   1.669     -0.357539
   1.673     -0.353382
   1.676     -0.349230
   1.679     -0.345084
   1.682     -0.340945
   1.686     -0.336811
   1.689     -0.332683
   1.692     -0.328561
   1.695     -0.324446
   1.699     -0.320336
   1.702     -0.316233
   1.705     -0.312135
   1.708     -0.308044
   1.712     -0.303959
   1.715     -0.299881
   1.718     -0.295809
   1.722     -0.291743
   1.725     -0.287683
   1.728     -0.283630
   1.731     -0.279583
   1.735     -0.275542
   1.738     -0.271508
   1.741     -0.267481
   1.744     -0.263460
   1.748     -0.259446
   1.751     -0.255438
   1.754     -0.251437
   1.757     -0.247443
   1.761     -0.243455
   1.764     -0.239474
   1.767     -0.235500
   1.771     -0.231533
   1.774     -0.227573
   1.777     -0.223619
   1.780     -0.219673
   1.784     -0.215733
   1.787     -0.211800
   1.790     -0.207875
   1.793     -0.203956
   1.797     -0.200045
   1.800     -0.196140
   1.803     -0.192243
   1.806     -0.188353
   1.810     -0.184471
   1.813     -0.180595
   1.816     -0.176727
   1.820     -0.172866
   1.823     -0.169013
   1.826     -0.165167
   1.829     -0.161329
   1.833     -0.157498
   1.836     -0.153674
   1.839     -0.149858
   1.842     -0.146050
   1.846     -0.142249
   1.849     -0.138456
   1.852     -0.134671
   1.855     -0.130893
   1.859     -0.127123
   1.862     -0.123361
   1.865     -0.119607
   1.869     -0.115861
   1.872     -0.112122
   1.875     -0.108392
   1.878     -0.104669
   1.882     -0.100954
   1.885     -0.097248
   1.888     -0.093549
   1.891     -0.089859
   1.895     -0.086177
   1.898     -0.082502
   1.901     -0.078836
   1.904     -0.075179
   1.908     -0.071529
   1.911     -0.067888
   1.914     -0.064255
   1.918     -0.060631
   1.921     -0.057014
   1.924     -0.053407
   1.927     -0.049807
   1.931     -0.046216
   1.934     -0.042634
   1.937     -0.039060
   1.940     -0.035495
   1.944     -0.031938
   1.947     -0.028390
   1.950     -0.024850
   1.953     -0.021319
   1.957     -0.017797
   1.960     -0.014283
   1.963     -0.010779
   1.967     -0.007283
   1.970     -0.003795
   1.973     -0.000317
   1.976      0.003153
   1.980      0.006613
   1.983      0.010065
   1.986      0.013508
   1.989      0.016942
   1.993      0.020367
   1.996      0.023783
   1.999      0.027190
   2.002      0.030588
   2.006      0.033977
   2.009      0.037357
   2.012      0.040727
   2.016      0.044089
   2.019      0.047441
   2.022      0.050785
   2.025      0.054119
   2.029      0.057443
   2.032      0.060759
   2.035      0.064065
   2.038      0.067362
   2.042      0.070650
   2.045      0.073929
   2.048      0.077198
   2.051      0.080457
   2.055      0.083708
   2.058      0.086949
   2.061      0.090180
   2.065      0.093402
   2.068      0.096615
   2.071      0.099818
   2.074      0.103012
   2.078      0.106196
   2.081      0.109371
   2.084      0.112536
   2.087      0.115691
   2.091      0.118837
   2.094      0.121974
   2.097      0.125100
   2.100      0.128217
   2.104      0.131325
   2.107      0.134423
   2.110      0.137511
   2.114      0.140589
   2.117      0.143658
   2.120      0.146717
   2.123      0.149766
   2.127      0.152805
   2.130      0.155835
   2.133      0.158855
   2.136      0.161865
   2.140      0.164866
   2.143      0.167856
   2.146      0.170837
   2.149      0.173808
   2.153      0.176769
   2.156      0.179720
   2.159      0.182661
   2.163      0.185592
   2.166      0.188513
   2.169      0.191425
   2.172      0.194326
   2.176      0.197218
   2.179      0.200100
   2.182      0.202971
   2.185      0.205833
   2.189      0.208684
   2.192      0.211526
   2.195      0.214358
   2.198      0.217179
   2.202      0.219991
   2.205      0.222792
   2.208      0.225584
   2.212      0.228365
   2.215      0.231136
   2.218      0.233897
   2.221      0.236649
   2.225      0.239390
   2.228      0.242120
   2.231      0.244841
   2.234      0.247552
   2.238      0.250252
   2.241      0.252943
   2.244      0.255623
   2.247      0.258293
   2.251      0.260953
   2.254      0.263602
   2.257      0.266242
   2.261      0.268871
   2.264      0.271490
   2.267      0.274099
   2.270      0.276698
   2.274      0.279286
   2.277      0.281864
   2.280      0.284432
   2.283      0.286990
   2.287      0.289537
   2.290      0.292074
   2.293      0.294601
   2.296      0.297118
   2.300      0.299625
   2.303      0.302121
   2.306      0.304606
   2.310      0.307082
   2.313      0.309547
   2.316      0.312002
   2.319      0.314447
   2.323      0.316881
   2.326      0.319305
   2.329      0.321719
   2.332      0.324122
   2.336      0.326515
   2.339      0.328898
   2.342      0.331271
   2.345      0.333633
   2.349      0.335984
   2.352      0.338326
   2.355      0.340657
   2.359      0.342978
   2.362      0.345288
   2.365      0.347588
   2.368      0.349877
   2.372      0.352157
   2.375      0.354426
   2.378      0.356684
   2.381      0.358932
   2.385      0.361170
   2.388      0.363398
   2.391      0.365615
   2.394      0.367821
   2.398      0.370018
   2.401      0.372204
   2.404      0.374379
   2.408      0.376544
   2.411      0.378699
   2.414      0.380844
   2.417      0.382978
   2.421      0.385101
   2.424      0.387215
   2.427      0.389317
   2.430      0.391410
   2.434      0.393492
   2.437      0.395564
   2.440      0.397625
   2.443      0.399676
   2.447      0.401717
   2.450      0.403747
   2.453      0.405767
   2.457      0.407776
   2.460      0.409775
   2.463      0.411764
   2.466      0.413742
   2.470      0.415710
   2.473      0.417667
   2.476      0.419615
   2.479      0.421551
   2.483      0.423478
   2.486      0.425394
   2.489      0.427299
   2.492      0.429195
   2.496      0.431080
   2.499      0.432954
   2.502      0.434818
   2.506      0.436672
   2.509      0.438516
   2.512      0.440349
   2.515      0.442172
   2.519      0.443984
   2.522      0.445786
   2.525      0.447578
   2.528      0.449359
   2.532      0.451131
   2.535      0.452891
   2.538      0.454642
   2.541      0.456382
   2.545      0.458112
   2.548      0.459831
   2.551      0.461540
   2.555      0.463239
   2.558      0.464928
   2.561      0.466606
   2.564      0.468274
   2.568      0.469931
   2.571      0.471579
   2.574      0.473216
   2.577      0.474843
   2.581      0.476459
   2.584      0.478066
   2.587      0.479662
   2.590      0.481247
   2.594      0.482823
   2.597      0.484388
   2.600      0.485943
   2.604      0.487488
   2.607      0.489022
   2.610      0.490547
   2.613      0.492061
   2.617      0.493565
   2.620      0.495059
   2.623      0.496542
   2.626      0.498015
   2.630      0.499479
   2.633      0.500932
   2.636      0.502374
   2.639      0.503807
   2.643      0.505229
   2.646      0.506642
   2.649      0.508044
   2.653      0.509436
   2.656      0.510818
   2.659      0.512190
   2.662      0.513551
   2.666      0.514903
   2.669      0.516244
   2.672      0.517576
   2.675      0.518897
   2.679      0.520208
   2.682      0.521510
   2.685      0.522801
   2.688      0.524082
   2.692      0.525353
   2.695      0.526614
   2.698      0.527865
   2.702      0.529106
   2.705      0.530337
   2.708      0.531558
   2.711      0.532769
   2.715      0.533970
   2.718      0.535161
   2.721      0.536342
   2.724      0.537513
   2.728      0.538674
   2.731      0.539826
   2.734      0.540967
   2.737      0.542098
   2.741      0.543220
   2.744      0.544332
   2.747      0.545434
   2.751      0.546525
   2.754      0.547608
   2.757      0.548680
   2.760      0.549742
   2.764      0.550795
   2.767      0.551837
   2.770      0.552870
   2.773      0.553894
   2.777      0.554907
   2.780      0.555911
   2.783      0.556904
   2.786      0.557889
   2.790      0.558863
   2.793      0.559828
   2.796      0.560782
   2.800      0.561728
   2.803      0.562663
   2.806      0.563589
   2.809      0.564505
   2.813      0.565412
   2.816      0.566309
   2.819      0.567196
   2.822      0.568074
   2.826      0.568942
   2.829      0.569800
   2.832      0.570649
   2.835      0.571488
   2.839      0.572318
   2.842      0.573138
   2.845      0.573949
   2.849      0.574750
   2.852      0.575542
   2.855      0.576324
   2.858      0.577097
   2.862      0.577860
   2.865      0.578614
   2.868      0.579359
   2.871      0.580094
   2.875      0.580819
   2.878      0.581535
   2.881      0.582242
   2.884      0.582940
   2.888      0.583628
   2.891      0.584307
   2.894      0.584976
   2.898      0.585636
   2.901      0.586287
   2.904      0.586929
   2.907      0.587561
   2.911      0.588184
   2.914      0.588798
   2.917      0.589403
   2.920      0.589998
   2.924      0.590584
   2.927      0.591162
   2.930      0.591729
   2.933      0.592288
   2.937      0.592838
   2.940      0.593379
   2.943      0.593910
   2.947      0.594432
   2.950      0.594946
   2.953      0.595450
   2.956      0.595945
   2.960      0.596432
   2.963      0.596909
   2.966      0.597377
   2.969      0.597837
   2.973      0.598287
   2.976      0.598728
   2.979      0.599161
   2.982      0.599585
   2.986      0.599999
   2.989      0.600405
   2.992      0.600802
   2.996      0.601190
   2.999      0.601570
   3.002      0.601940
   3.005      0.602302
   3.009      0.602655
   3.012      0.602999
   3.015      0.603335
   3.018      0.603662
   3.022      0.603980
   3.025      0.604289
   3.028      0.604589
   3.031      0.604881
   3.035      0.605164
   3.038      0.605438
   3.041      0.605704
   3.045      0.605961
   3.048      0.606210
   3.051      0.606449
   3.054      0.606680
   3.058      0.606903
   3.061      0.607117
   3.064      0.607322
   3.067      0.607519
   3.071      0.607707
   3.074      0.607887
   3.077      0.608058
   3.080      0.608220
   3.084      0.608374
   3.087      0.608520
   3.090      0.608657
   3.094      0.608786
   3.097      0.608906
   3.100      0.609017
   3.103      0.609121
   3.107      0.609216
   3.110      0.609302
   3.113      0.609380
   3.116      0.609450
   3.120      0.609511
   3.123      0.609564
   3.126      0.609609
   3.129      0.609646
   3.133      0.609674
   3.136      0.609694
   3.139      0.609705
   3.143      0.609709
   3.146      0.609704
   3.149      0.609691
   3.152      0.609670
   3.156      0.609641
   3.159      0.609603
   3.162      0.609558
   3.165      0.609504
   3.169      0.609442
   3.172      0.609372
   3.175      0.609294
   3.178      0.609208
   3.182      0.609114
   3.185      0.609012
   3.188      0.608902
   3.192      0.608784
   3.195      0.608658
   3.198      0.608524
   3.201      0.608382
   3.205      0.608232
   3.208      0.608075
   3.211      0.607909
   3.214      0.607736
   3.218      0.607555
   3.221      0.607366
   3.224      0.607169
   3.227      0.606965
   3.231      0.606753
   3.234      0.606533
   3.237      0.606305
   3.241      0.606070
   3.244      0.605826
   3.247      0.605576
   3.250      0.605318
   3.254      0.605052
   3.257      0.604778
   3.260      0.604497
   3.263      0.604208
   3.267      0.603912
   3.270      0.603609
   3.273      0.603297
   3.276      0.602979
   3.280      0.602653
   3.283      0.602319
   3.286      0.601978
   3.290      0.601630
   3.293      0.601275
   3.296      0.600912
   3.299      0.600541
   3.303      0.600164
   3.306      0.599779
   3.309      0.599387
   3.312      0.598987
   3.316      0.598581
   3.319      0.598167
   3.322      0.597746
   3.325      0.597318
   3.329      0.596883
   3.332      0.596441
   3.335      0.595991
   3.339      0.595535
   3.342      0.595071
   3.345      0.594601
   3.348      0.594123
   3.352      0.593639
   3.355      0.593147
   3.358      0.592649
   3.361      0.592144
   3.365      0.591632
   3.368      0.591113
   3.371      0.590587
   3.374      0.590054
   3.378      0.589515
   3.381      0.588969
   3.384      0.588416
   3.388      0.587856
   3.391      0.587290
   3.394      0.586717
   3.397      0.586137
   3.401      0.585551
   3.404      0.584958
   3.407      0.584359
   3.410      0.583753
   3.414      0.583140
   3.417      0.582521
   3.420      0.581895
   3.423      0.581263
   3.427      0.580625
   3.430      0.579980
   3.433      0.579329
   3.437      0.578671
   3.440      0.578007
   3.443      0.577337
   3.446      0.576660
   3.450      0.575977
   3.453      0.575288
   3.456      0.574593
   3.459      0.573891
   3.463      0.573183
   3.466      0.572469
   3.469      0.571749
   3.472      0.571023
   3.476      0.570291
   3.479      0.569553
   3.482      0.568808
   3.486      0.568058
   3.489      0.567302
   3.492      0.566539
   3.495      0.565771
   3.499      0.564997
   3.502      0.564217
   3.505      0.563431
   3.508      0.562639
   3.512      0.561842
   3.515      0.561038
   3.518      0.560229
   3.521      0.559414
   3.525      0.558593
   3.528      0.557767
   3.531      0.556935
   3.535      0.556098
   3.538      0.555254
   3.541      0.554405
   3.544      0.553551
   3.548      0.552691
   3.551      0.551826
   3.554      0.550955
   3.557      0.550078
   3.561      0.549196
   3.564      0.548309
   3.567      0.547416
   3.570      0.546518
   3.574      0.545614
   3.577      0.544706
   3.580      0.543792
   3.584      0.542872
   3.587      0.541948
   3.590      0.541018
   3.593      0.540083
   3.597      0.539142
   3.600      0.538197
   3.603      0.537246
   3.606      0.536291
   3.610      0.535330
   3.613      0.534364
   3.616      0.533393
   3.619      0.532418
   3.623      0.531437
   3.626      0.530451
   3.629      0.529460
   3.633      0.528465
   3.636      0.527465
   3.639      0.526460
   3.642      0.525452
   3.646      0.524439
   3.649      0.523421
   3.652      0.522399
   3.655      0.521374
   3.659      0.520343
   3.662      0.519309
   3.665      0.518270
   3.668      0.517227
   3.672      0.516180
   3.675      0.515129
   3.678      0.514074
   3.682      0.513015
   3.685      0.511951
   3.688      0.510884
   3.691      0.509812
   3.695      0.508737
   3.698      0.507657
   3.701      0.506574
   3.704      0.505486
   3.708      0.504395
   3.711      0.503300
   3.714      0.502201
   3.717      0.501098
   3.721      0.499991
   3.724      0.498881
   3.727      0.497766
   3.731      0.496648
   3.734      0.495526
   3.737      0.494401
   3.740      0.493272
   3.744      0.492139
   3.747      0.491002
   3.750      0.489862
   3.753      0.488718
   3.757      0.487571
   3.760      0.486420
   3.763      0.485265
   3.766      0.484107
   3.770      0.482946
   3.773      0.481781
   3.776      0.480613
   3.780      0.479441
   3.783      0.478265
   3.786      0.477087
   3.789      0.475905
   3.793      0.474719
   3.796      0.473531
   3.799      0.472339
   3.802      0.471144
   3.806      0.469945
   3.809      0.468743
   3.812      0.467538
   3.815      0.466330
   3.819      0.465119
   3.822      0.463905
   3.825      0.462687
   3.829      0.461466
   3.832      0.460243
   3.835      0.459016
   3.838      0.457786
   3.842      0.456553
   3.845      0.455317
   3.848      0.454078
   3.851      0.452837
   3.855      0.451592
   3.858      0.450344
   3.861      0.449094
   3.864      0.447841
   3.868      0.446584
   3.871      0.445325
   3.874      0.444063
   3.878      0.442799
   3.881      0.441531
   3.884      0.440261
   3.887      0.438988
   3.891      0.437713
   3.894      0.436435
   3.897      0.435154
   3.900      0.433870
   3.904      0.432584
   3.907      0.431295
   3.910      0.430004
   3.913      0.428710
   3.917      0.427414
   3.920      0.426115
   3.923      0.424814
   3.927      0.423510
   3.930      0.422204
   3.933      0.420895
   3.936      0.419584
   3.940      0.418270
   3.943      0.416954
   3.946      0.415636
   3.949      0.414316
   3.953      0.412993
   3.956      0.411668
   3.959      0.410340
   3.962      0.409011
   3.966      0.407679
   3.969      0.406345
   3.972      0.405008
   3.976      0.403670
   3.979      0.402330
   3.982      0.400987
   3.985      0.399642
   3.989      0.398295
   3.992      0.396946
   3.995      0.395595
   3.998      0.394242
   4.002      0.392887
   4.005      0.391530
   4.008      0.390171
   4.011      0.388810
   4.015      0.387448
   4.018      0.386083
   4.021      0.384716
   4.025      0.383348
   4.028      0.381977
   4.031      0.380605
   4.034      0.379231
   4.038      0.377856
   4.041      0.376478
   4.044      0.375099
   4.047      0.373718
   4.051      0.372335
   4.054      0.370950
   4.057      0.369564
   4.060      0.368177
   4.064      0.366787
   4.067      0.365396
   4.070      0.364003
   4.074      0.362609
   4.077      0.361213
   4.080      0.359816
   4.083      0.358417
   4.087      0.357017
   4.090      0.355615
   4.093      0.354212
   4.096      0.352807
   4.100      0.351401
   4.103      0.349993
   4.106      0.348584
   4.109      0.347174
   4.113      0.345762
   4.116      0.344349
   4.119      0.342934
   4.123      0.341518
   4.126      0.340101
   4.129      0.338683
   4.132      0.337263
   4.136      0.335843
   4.139      0.334420
   4.142      0.332997
   4.145      0.331573
   4.149      0.330147
   4.152      0.328720
   4.155      0.327292
   4.158      0.325863
   4.162      0.324433
   4.165      0.323002
   4.168      0.321570
   4.172      0.320137
   4.175      0.318702
   4.178      0.317267
   4.181      0.315830
   4.185      0.314393
   4.188      0.312955
   4.191      0.311516
   4.194      0.310075
   4.198      0.308634
   4.201      0.307192
   4.204      0.305749
   4.207      0.304306
   4.211      0.302861
   4.214      0.301416
   4.217      0.299969
   4.221      0.298522
   4.224      0.297074
   4.227      0.295626
   4.230      0.294176
   4.234      0.292726
   4.237      0.291276
   4.240      0.289824
   4.243      0.288372
   4.247      0.286919
   4.250      0.285465
   4.253      0.284011
   4.256      0.282557
   4.260      0.281101
   4.263      0.279645
   4.266      0.278189
   4.270      0.276731
   4.273      0.275274
   4.276      0.273815
   4.279      0.272357
   4.283      0.270897
   4.286      0.269438
   4.289      0.267978
   4.292      0.266517
   4.296      0.265056
   4.299      0.263594
   4.302      0.262132
   4.305      0.260670
   4.309      0.259207
   4.312      0.257744
   4.315      0.256281
   4.319      0.254817
   4.322      0.253353
   4.325      0.251888
   4.328      0.250423
   4.332      0.248958
   4.335      0.247493
   4.338      0.246028
   4.341      0.244562
   4.345      0.243096
   4.348      0.241630
   4.351      0.240163
   4.354      0.238696
   4.358      0.237230
   4.361      0.235763
   4.364      0.234296
   4.368      0.232828
   4.371      0.231361
   4.374      0.229893
   4.377      0.228426
   4.381      0.226958
   4.384      0.225491
   4.387      0.224023
   4.390      0.222555
   4.394      0.221087
   4.397      0.219619
   4.400      0.218152
   4.403      0.216684
   4.407      0.215216
   4.410      0.213748
   4.413      0.212280
   4.417      0.210813
   4.420      0.209345
   4.423      0.207878
   4.426      0.206410
   4.430      0.204943
   4.433      0.203476
   4.436      0.202009
   4.439      0.200542
   4.443      0.199075
   4.446      0.197609
   4.449      0.196142
   4.452      0.194676
   4.456      0.193210
   4.459      0.191745
   4.462      0.190279
   4.466      0.188814
   4.469      0.187349
   4.472      0.185884
   4.475      0.184420
   4.479      0.182956
   4.482      0.181492
   4.485      0.180028
   4.488      0.178565
   4.492      0.177102
   4.495      0.175640
   4.498      0.174177
   4.501      0.172716
   4.505      0.171254
   4.508      0.169793
   4.511      0.168333
   4.515      0.166872
   4.518      0.165413
   4.521      0.163953
   4.524      0.162494
   4.528      0.161036
   4.531      0.159578
   4.534      0.158120
   4.537      0.156663
   4.541      0.155207
   4.544      0.153751
   4.547      0.152295
   4.550      0.150840
   4.554      0.149386
   4.557      0.147932
   4.560      0.146479
   4.564      0.145026
   4.567      0.143574
   4.570      0.142122
   4.573      0.140671
   4.577      0.139221
   4.580      0.137771
   4.583      0.136322
   4.586      0.134873
   4.590      0.133425
   4.593      0.131978
   4.596      0.130532
   4.599      0.129086
   4.603      0.127640
   4.606      0.126196
   4.609      0.124752
   4.613      0.123309
   4.616      0.121867
   4.619      0.120425
   4.622      0.118984
   4.626      0.117544
   4.629      0.116104
   4.632      0.114666
   4.635      0.113228
   4.639      0.111791
   4.642      0.110354
   4.645      0.108919
   4.648      0.107484
   4.652      0.106050
   4.655      0.104617
   4.658      0.103185
   4.662      0.101753
   4.665      0.100322
   4.668      0.098893
   4.671      0.097464
   4.675      0.096036
   4.678      0.094609
   4.681      0.093182
   4.684      0.091757
   4.688      0.090333
   4.691      0.088909
   4.694      0.087486
   4.697      0.086065
   4.701      0.084644
   4.704      0.083224
   4.707      0.081805
   4.711      0.080387
   4.714      0.078970
   4.717      0.077554
   4.720      0.076139
   4.724      0.074725
   4.727      0.073312
   4.730      0.071900
   4.733      0.070489
   4.737      0.069079
   4.740      0.067670
   4.743      0.066261
   4.746      0.064854
   4.750      0.063448
   4.753      0.062044
   4.756      0.060640
   4.760      0.059237
   4.763      0.057835
   4.766      0.056434
   4.769      0.055035
   4.773      0.053636
   4.776      0.052239
   4.779      0.050842
   4.782      0.049447
   4.786      0.048053
   4.789      0.046660
   4.792      0.045268
   4.795      0.043877
   4.799      0.042487
   4.802      0.041099
   4.805      0.039712
   4.809      0.038325
   4.812      0.036940
   4.815      0.035556
   4.818      0.034174
   4.822      0.032792
   4.825      0.031412
   4.828      0.030032
   4.831      0.028654
   4.835      0.027277
   4.838      0.025902
   4.841      0.024527
   4.844      0.023154
   4.848      0.021782
   4.851      0.020411
   4.854      0.019042
   4.858      0.017673
   4.861      0.016306
   4.864      0.014940
   4.867      0.013576
   4.871      0.012212
   4.874      0.010850
   4.877      0.009489
   4.880      0.008130
   4.884      0.006772
   4.887      0.005415
   4.890      0.004059
   4.893      0.002705
   4.897      0.001352
   4.900      0.000000
