   0.000      0.747666
   0.003      0.747666
   0.006      0.747666
   0.010      0.747666
   0.013      0.747666
   0.016      0.747666
   0.019      0.747666
   0.023      0.747666
   0.026      0.747666
   0.029      0.747666
   0.032      0.747666
   0.036      0.747666
   0.039      0.747666
   0.042      0.747666
   0.045      0.747666
   0.049      0.747666
   0.052      0.747666
   0.055      0.747666
   0.058      0.747666
   0.062      0.747665
   0.065      0.747665
   0.068      0.747665
   0.071      0.747665
   0.075      0.747665
   0.078      0.747665
   0.081      0.747665
   0.084      0.747665
   0.088      0.747665
   0.091      0.747664
   0.094      0.747664
   0.097      0.747664
   0.100      0.747663
   0.104      0.747663
   0.107      0.747662
   0.110      0.747662
   0.113      0.747661
   0.117      0.747660
   0.120      0.747659
   0.123      0.747658
   0.126      0.747657
   0.130      0.747655
   0.133      0.747654
   0.136      0.747652
   0.139      0.747650
   0.143      0.747648
   0.146      0.747645
   0.149      0.747642
   0.152      0.747639
   0.156      0.747636
   0.159      0.747632
   0.162      0.747628
   0.165      0.747623
   0.169      0.747618
   0.172      0.747612
   0.175      0.747606
   0.178      0.747599
   0.182      0.747592
   0.185      0.747584
   0.188      0.747576
   0.191      0.747566
   0.194      0.747556
   0.198      0.747545
   0.201      0.747533
   0.204      0.747521
   0.207      0.747507
   0.211      0.747492
   0.214      0.747476
   0.217      0.747459
   0.220      0.747441
   0.224      0.747421
   0.227      0.747400
   0.230      0.747378
   0.233      0.747354
   0.237      0.747329
   0.240      0.747302
   0.243      0.747274
   0.246      0.747243
   0.250      0.747211
   0.253      0.747177
   0.256      0.747140
   0.259      0.747102
   0.263      0.747062
   0.266      0.747019
   0.269      0.746974
   0.272      0.746926
   0.276      0.746876
   0.279      0.746823
   0.282      0.746768
   0.285      0.746709
   0.288      0.746648
   0.292      0.746584
   0.295      0.746516
   0.298      0.746445
   0.301      0.746371
   0.305      0.746294
   0.308      0.746213
   0.311      0.746128
   0.314      0.746040
   0.318      0.745947
   0.321      0.745851
   0.324      0.745751
   0.327      0.745646
   0.331      0.745537
   0.334      0.745424
   0.337      0.745306
   0.340      0.745184
   0.344      0.745057
   0.347      0.744925
   0.350      0.744788
   0.353      0.744646
   0.357      0.744499
   0.360      0.744346
   0.363      0.744188
   0.366      0.744025
   0.369      0.743856
   0.373      0.743682
   0.376      0.743501
   0.379      0.743315
   0.382      0.743123
   0.386      0.742925
   0.389      0.742720
   0.392      0.742509
   0.395      0.742292
   0.399      0.742069
   0.402      0.741839
   0.405      0.741602
   0.408      0.741359
   0.412      0.741109
   0.415      0.740852
   0.418      0.740588
   0.421      0.740317
   0.425      0.740039
   0.428      0.739754
   0.431      0.739462
   0.434      0.739163
   0.438      0.738856
   0.441      0.738543
   0.444      0.738221
   0.447      0.737893
   0.451      0.737557
   0.454      0.737213
   0.457      0.736862
   0.460      0.736504
   0.463      0.736138
   0.467      0.735764
   0.470      0.735383
   0.473      0.734995
   0.476      0.734599
   0.480      0.734195
   0.483      0.733784
   0.486      0.733365
   0.489      0.732939
   0.493      0.732505
   0.496      0.732064
   0.499      0.731615
   0.502      0.731159
   0.506      0.730696
   0.509      0.730225
   0.512      0.729747
   0.515      0.729262
   0.519      0.728769
   0.522      0.728270
   0.525      0.727763
   0.528      0.727250
   0.532      0.726730
   0.535      0.726202
   0.538      0.725668
   0.541      0.725128
   0.545      0.724581
   0.548      0.724027
   0.551      0.723467
   0.554      0.722901
   0.557      0.722328
   0.561      0.721750
   0.564      0.721165
   0.567      0.720575
   0.570      0.719978
   0.574      0.719377
   0.577      0.718769
   0.580      0.718157
   0.583      0.717539
   0.587      0.716915
   0.590      0.716287
   0.593      0.715654
   0.596      0.715016
   0.600      0.714374
   0.603      0.713727
   0.606      0.713075
   0.609      0.712420
   0.613      0.711760
   0.616      0.711096
   0.619      0.710428
   0.622      0.709757
   0.626      0.709082
   0.629      0.708404
   0.632      0.707722
   0.635      0.707038
   0.639      0.706350
   0.642      0.705659
   0.645      0.704966
   0.648      0.704270
   0.651      0.703572
   0.655      0.702871
   0.658      0.702168
   0.661      0.701463
   0.664      0.700756
   0.668      0.700047
   0.671      0.699337
   0.674      0.698625
   0.677      0.697912
   0.681      0.697197
   0.684      0.696481
   0.687      0.695764
   0.690      0.695047
   0.694      0.694328
   0.697      0.693609
   0.700      0.692889
   0.703      0.692169
   0.707      0.691449
   0.710      0.690728
   0.713      0.690007
   0.716      0.689286
   0.720      0.688566
   0.723      0.687845
   0.726      0.687125
   0.729      0.686406
   0.733      0.685686
   0.736      0.684968
   0.739      0.684250
   0.742      0.683533
   0.745      0.682817
   0.749      0.682102
   0.752      0.681388
   0.755      0.680675
   0.758      0.679964
   0.762      0.679253
   0.765      0.678545
   0.768      0.677837
   0.771      0.677132
   0.775      0.676428
   0.778      0.675725
   0.781      0.675025
   0.784      0.674326
   0.788      0.673629
   0.791      0.672935
   0.794      0.672242
   0.797      0.671551
   0.801      0.670863
   0.804      0.670177
   0.807      0.669493
   0.810      0.668811
   0.814      0.668132
   0.817      0.667455
   0.820      0.666781
   0.823      0.666110
   0.827      0.665441
   0.830      0.664774
   0.833      0.664110
   0.836      0.663449
   0.839      0.662791
   0.843      0.662136
   0.846      0.661483
   0.849      0.660833
   0.852      0.660187
   0.856      0.659543
   0.859      0.658902
   0.862      0.658264
   0.865      0.657629
   0.869      0.656997
   0.872      0.656368
   0.875      0.655743
   0.878      0.655120
   0.882      0.654501
   0.885      0.653885
   0.888      0.653272
   0.891      0.652662
   0.895      0.652055
   0.898      0.651452
   0.901      0.650852
   0.904      0.650255
   0.908      0.649661
   0.911      0.649071
   0.914      0.648484
   0.917      0.647900
   0.921      0.647320
   0.924      0.646743
   0.927      0.646169
   0.930      0.645599
   0.933      0.645032
   0.937      0.644468
   0.940      0.643907
   0.943      0.643350
   0.946      0.642796
   0.950      0.642246
   0.953      0.641699
   0.956      0.641155
   0.959      0.640614
   0.963      0.640077
   0.966      0.639543
   0.969      0.639012
   0.972      0.638485
   0.976      0.637961
   0.979      0.637440
   0.982      0.636922
   0.985      0.636408
   0.989      0.635897
   0.992      0.635389
   0.995      0.634884
   0.998      0.634382
   1.002      0.633883
   1.005      0.633388
   1.008      0.632896
   1.011      0.632407
   1.014      0.631921
   1.018      0.631438
   1.021      0.630958
   1.024      0.630481
   1.027      0.630007
   1.031      0.629535
   1.034      0.629067
   1.037      0.628602
   1.040      0.628140
   1.044      0.627681
   1.047      0.627224
   1.050      0.626770
   1.053      0.626319
   1.057      0.625871
   1.060      0.625426
   1.063      0.624983
   1.066      0.624543
   1.070      0.624106
   1.073      0.623671
   1.076      0.623238
   1.079      0.622809
   1.083      0.622382
   1.086      0.621957
   1.089      0.621535
   1.092      0.621115
   1.096      0.620698
   1.099      0.620283
   1.102      0.619870
   1.105      0.619460
   1.108      0.619052
   1.112      0.618646
   1.115      0.618242
   1.118      0.617840
   1.121      0.617441
   1.125      0.617044
   1.128      0.616648
   1.131      0.616255
   1.134      0.615863
   1.138      0.615474
   1.141      0.615087
   1.144      0.614701
   1.147      0.614317
   1.151      0.613935
   1.154      0.613555
   1.157      0.613176
   1.160      0.612799
   1.164      0.612424
   1.167      0.612050
   1.170      0.611678
   1.173      0.611307
   1.177      0.610938
   1.180      0.610570
   1.183      0.610204
   1.186      0.609839
   1.190      0.609475
   1.193      0.609113
   1.196      0.608751
   1.199      0.608391
   1.202      0.608032
   1.206      0.607675
   1.209      0.607318
   1.212      0.606963
   1.215      0.606608
   1.219      0.606254
   1.222      0.605902
   1.225      0.605550
   1.228      0.605199
   1.232      0.604848
   1.235      0.604499
   1.238      0.604150
   1.241      0.603802
   1.245      0.603455
   1.248      0.603108
   1.251      0.602762
   1.254      0.602416
   1.258      0.602071
   1.261      0.601726
   1.264      0.601382
   1.267      0.601038
   1.271      0.600694
   1.274      0.600351
   1.277      0.600008
   1.280      0.599665
   1.284      0.599322
   1.287      0.598980
   1.290      0.598637
   1.293      0.598295
   1.296      0.597953
   1.300      0.597610
   1.303      0.597268
   1.306      0.596926
   1.309      0.596583
   1.313      0.596240
   1.316      0.595897
   1.319      0.595554
   1.322      0.595211
   1.326      0.594867
   1.329      0.594524
   1.332      0.594179
   1.335      0.593835
   1.339      0.593489
   1.342      0.593144
   1.345      0.592798
   1.348      0.592451
   1.352      0.592104
   1.355      0.591757
   1.358      0.591408
   1.361      0.591059
   1.365      0.590710
   1.368      0.590359
   1.371      0.590008
   1.374      0.589656
   1.378      0.589304
   1.381      0.588950
   1.384      0.588596
   1.387      0.588240
   1.390      0.587884
   1.394      0.587527
   1.397      0.587169
   1.400      0.586810
   1.403      0.586450
   1.407      0.586088
   1.410      0.585726
   1.413      0.585363
   1.416      0.584998
   1.420      0.584633
   1.423      0.584266
   1.426      0.583898
   1.429      0.583528
   1.433      0.583158
   1.436      0.582786
   1.439      0.582412
   1.442      0.582038
   1.446      0.581662
   1.449      0.581285
   1.452      0.580906
   1.455      0.580526
   1.459      0.580145
   1.462      0.579762
   1.465      0.579377
   1.468      0.578991
   1.472      0.578604
   1.475      0.578215
   1.478      0.577824
   1.481      0.577432
   1.484      0.577038
   1.488      0.576643
   1.491      0.576246
   1.494      0.575847
   1.497      0.575447
   1.501      0.575045
   1.504      0.574641
   1.507      0.574236
   1.510      0.573829
   1.514      0.573420
   1.517      0.573009
   1.520      0.572597
   1.523      0.572183
   1.527      0.571767
   1.530      0.571349
   1.533      0.570930
   1.536      0.570509
   1.540      0.570085
   1.543      0.569660
   1.546      0.569233
   1.549      0.568805
   1.553      0.568374
   1.556      0.567942
   1.559      0.567507
   1.562      0.567071
   1.566      0.566633
   1.569      0.566193
   1.572      0.565751
   1.575      0.565307
   1.578      0.564861
   1.582      0.564413
   1.585      0.563963
   1.588      0.563511
   1.591      0.563058
   1.595      0.562602
   1.598      0.562144
   1.601      0.561685
   1.604      0.561223
   1.608      0.560759
   1.611      0.560294
   1.614      0.559826
   1.617      0.559357
   1.621      0.558885
   1.624      0.558412
   1.627      0.557937
   1.630      0.557459
   1.634      0.556980
   1.637      0.556498
   1.640      0.556015
   1.643      0.555530
   1.647      0.555042
   1.650      0.554553
   1.653      0.554062
   1.656      0.553568
   1.659      0.553073
   1.663      0.552576
   1.666      0.552077
   1.669      0.551576
   1.672      0.551072
   1.676      0.550567
   1.679      0.550060
   1.682      0.549552
   1.685      0.549041
   1.689      0.548528
   1.692      0.548013
   1.695      0.547497
   1.698      0.546978
   1.702      0.546458
   1.705      0.545935
   1.708      0.545411
   1.711      0.544885
   1.715      0.544357
   1.718      0.543827
   1.721      0.543296
   1.724      0.542762
   1.728      0.542227
   1.731      0.541690
   1.734      0.541151
   1.737      0.540610
   1.741      0.540067
   1.744      0.539523
   1.747      0.538977
   1.750      0.538429
   1.753      0.537879
   1.757      0.537328
   1.760      0.536775
   1.763      0.536220
   1.766      0.535664
   1.770      0.535106
   1.773      0.534546
   1.776      0.533984
   1.779      0.533421
   1.783      0.532857
   1.786      0.532290
   1.789      0.531722
   1.792      0.531153
   1.796      0.530582
   1.799      0.530009
   1.802      0.529435
   1.805      0.528859
   1.809      0.528282
   1.812      0.527703
   1.815      0.527123
   1.818      0.526541
   1.822      0.525958
   1.825      0.525374
   1.828      0.524788
   1.831      0.524201
   1.835      0.523612
   1.838      0.523022
   1.841      0.522431
   1.844      0.521838
   1.847      0.521244
   1.851      0.520649
   1.854      0.520052
   1.857      0.519454
   1.860      0.518855
   1.864      0.518255
   1.867      0.517653
   1.870      0.517051
   1.873      0.516447
   1.877      0.515842
   1.880      0.515236
   1.883      0.514629
   1.886      0.514021
   1.890      0.513411
   1.893      0.512801
   1.896      0.512189
   1.899      0.511577
   1.903      0.510964
   1.906      0.510349
   1.909      0.509734
   1.912      0.509118
   1.916      0.508501
   1.919      0.507883
   1.922      0.507264
   1.925      0.506644
   1.929      0.506024
   1.932      0.505402
   1.935      0.504780
   1.938      0.504157
   1.941      0.503534
   1.945      0.502909
   1.948      0.502284
   1.951      0.501658
   1.954      0.501032
   1.958      0.500405
   1.961      0.499777
   1.964      0.499149
   1.967      0.498520
   1.971      0.497890
   1.974      0.497260
   1.977      0.496630
   1.980      0.495999
   1.984      0.495367
   1.987      0.494735
   1.990      0.494103
   1.993      0.493470
   1.997      0.492837
   2.000      0.492203
   2.003      0.491569
   2.006      0.490935
   2.010      0.490300
   2.013      0.489666
   2.016      0.489030
   2.019      0.488395
   2.023      0.487759
   2.026      0.487123
   2.029      0.486487
   2.032      0.485851
   2.035      0.485214
   2.039      0.484578
   2.042      0.483941
   2.045      0.483304
   2.048      0.482667
   2.052      0.482030
   2.055      0.481393
   2.058      0.480756
   2.061      0.480119
   2.065      0.479481
   2.068      0.478844
   2.071      0.478207
   2.074      0.477570
   2.078      0.476933
   2.081      0.476297
   2.084      0.475660
   2.087      0.475023
   2.091      0.474387
   2.094      0.473751
   2.097      0.473115
   2.100      0.472479
   2.104      0.471844
   2.107      0.471208
   2.110      0.470573
   2.113      0.469938
   2.117      0.469304
   2.120      0.468670
   2.123      0.468036
   2.126      0.467402
   2.129      0.466769
   2.133      0.466136
   2.136      0.465504
   2.139      0.464872
   2.142      0.464241
   2.146      0.463610
   2.149      0.462979
   2.152      0.462349
   2.155      0.461719
   2.159      0.461090
   2.162      0.460462
   2.165      0.459834
   2.168      0.459206
   2.172      0.458579
   2.175      0.457953
   2.178      0.457327
   2.181      0.456702
   2.185      0.456077
   2.188      0.455454
   2.191      0.454830
   2.194      0.454208
   2.198      0.453586
   2.201      0.452965
   2.204      0.452345
   2.207      0.451725
   2.211      0.451106
   2.214      0.450488
   2.217      0.449870
   2.220      0.449254
   2.223      0.448638
   2.227      0.448023
   2.230      0.447409
   2.233      0.446795
   2.236      0.446183
   2.240      0.445571
   2.243      0.444960
   2.246      0.444350
   2.249      0.443741
   2.253      0.443133
   2.256      0.442526
   2.259      0.441919
   2.262      0.441314
   2.266      0.440710
   2.269      0.440106
   2.272      0.439504
   2.275      0.438902
   2.279      0.438301
   2.282      0.437702
   2.285      0.437103
   2.288      0.436506
   2.292      0.435909
   2.295      0.435314
   2.298      0.434719
   2.301      0.434126
   2.304      0.433533
   2.308      0.432942
   2.311      0.432352
   2.314      0.431763
   2.317      0.431175
   2.321      0.430588
   2.324      0.430002
   2.327      0.429417
   2.330      0.428834
   2.334      0.428251
   2.337      0.427670
   2.340      0.427090
   2.343      0.426511
   2.347      0.425933
   2.350      0.425356
   2.353      0.424780
   2.356      0.424206
   2.360      0.423633
   2.363      0.423061
   2.366      0.422490
   2.369      0.421920
   2.373      0.421352
   2.376      0.420785
   2.379      0.420219
   2.382      0.419654
   2.386      0.419090
   2.389      0.418528
   2.392      0.417967
   2.395      0.417407
   2.398      0.416849
   2.402      0.416291
   2.405      0.415735
   2.408      0.415180
   2.411      0.414626
   2.415      0.414074
   2.418      0.413523
   2.421      0.412973
   2.424      0.412425
   2.428      0.411877
   2.431      0.411331
   2.434      0.410786
   2.437      0.410243
   2.441      0.409701
   2.444      0.409160
   2.447      0.408620
   2.450      0.408082
   2.454      0.407545
   2.457      0.407009
   2.460      0.406474
   2.463      0.405941
   2.467      0.405409
   2.470      0.404878
   2.473      0.404349
   2.476      0.403821
   2.480      0.403294
   2.483      0.402769
   2.486      0.402244
   2.489      0.401721
   2.492      0.401200
   2.496      0.400679
   2.499      0.400160
   2.502      0.399643
   2.505      0.399126
   2.509      0.398611
   2.512      0.398097
   2.515      0.397584
   2.518      0.397073
   2.522      0.396563
   2.525      0.396054
   2.528      0.395546
   2.531      0.395040
   2.535      0.394535
   2.538      0.394031
   2.541      0.393529
   2.544      0.393027
   2.548      0.392528
   2.551      0.392029
   2.554      0.391531
   2.557      0.391035
   2.561      0.390540
   2.564      0.390046
   2.567      0.389554
   2.570      0.389063
   2.574      0.388573
   2.577      0.388084
   2.580      0.387596
   2.583      0.387110
   2.586      0.386625
   2.590      0.386141
   2.593      0.385659
